3 0.533293 0.503736 0.321319 0.227895
3 0.454490 0.708593 0.284667 0.191781
3 0.760538 0.674346 0.329872 0.232877
3 0.850336 0.867372 0.288332 0.185554
3 0.542456 0.897260 0.305437 0.193026
3 0.234575 0.840598 0.318876 0.194271
3 0.233659 0.574097 0.295052 0.206725
3 0.245877 0.364882 0.277947 0.196762
3 0.182346 0.103985 0.274282 0.185554
3 0.469151 0.245330 0.317654 0.231631
3 0.736408 0.324408 0.298717 0.222914
3 0.890348 0.496887 0.213195 0.211706
3 0.934942 0.245953 0.127673 0.215442
3 0.762065 0.090909 0.315822 0.174346
3 0.445327 0.075342 0.279780 0.148194
3 0.080635 0.263387 0.158827 0.217933
3 0.065058 0.464508 0.125229 0.194271
3 0.062615 0.690535 0.125229 0.220423
