0 0.215027 0.797011 0.054979 0.097136
0 0.200977 0.626401 0.047648 0.087173
0 0.252596 0.325031 0.060476 0.122042
0 0.215944 0.475093 0.062920 0.100872
0 0.320403 0.460772 0.049481 0.084682
0 0.270312 0.389166 0.059255 0.090909
0 0.479230 0.095268 0.071472 0.093400
0 0.498778 0.458281 0.045816 0.094645
0 0.505803 0.534247 0.045205 0.069738
0 0.586439 0.528020 0.039096 0.074720
0 0.654246 0.586550 0.041539 0.079701
0 0.742822 0.489415 0.040318 0.084682
0 0.814294 0.486924 0.036652 0.074720
0 0.889126 0.805106 0.044594 0.073474
0 0.953574 0.757161 0.048870 0.089664
0 0.909591 0.509963 0.040318 0.078456
0 0.854001 0.430262 0.045205 0.078456
0 0.866524 0.383562 0.038485 0.072229
0 0.955712 0.326899 0.029933 0.048568
0 0.770006 0.600249 0.049481 0.064757
0 0.676237 0.214819 0.045205 0.083437
0 0.716555 0.245953 0.037874 0.063512
0 0.917227 0.233499 0.037263 0.075965
0 0.860110 0.035492 0.042761 0.070984
0 0.713500 0.026152 0.045205 0.052304
