0 0.634894 0.921971 0.094760 0.131417
0 0.730212 0.873717 0.084727 0.117043
0 0.673913 0.791581 0.068004 0.104723
0 0.770346 0.742300 0.080268 0.121150
0 0.828317 0.678645 0.078038 0.117043
0 0.880713 0.731006 0.071349 0.127310
0 0.838350 0.787474 0.073579 0.104723
0 0.785953 0.839836 0.064660 0.094456
0 0.801003 0.939425 0.076923 0.108830
0 0.903567 0.893224 0.103679 0.127310
0 0.943701 0.808008 0.096990 0.112936
0 0.946488 0.355236 0.060201 0.086242
0 0.886845 0.321355 0.063545 0.096509
0 0.867893 0.235113 0.059086 0.088296
0 0.925864 0.442505 0.070234 0.112936
0 0.965998 0.220739 0.061315 0.100616
0 0.924749 0.189938 0.047938 0.067762
0 0.868450 0.138604 0.069119 0.092402
0 0.940914 0.075975 0.049052 0.078029
0 0.969900 0.034908 0.046823 0.061602
0 0.981048 0.106776 0.033445 0.094456
0 0.662207 0.206366 0.066890 0.084189
0 0.610925 0.142710 0.044593 0.071869
0 0.610925 0.225873 0.046823 0.069815
0 0.561873 0.143737 0.055741 0.086242
0 0.515608 0.171458 0.032330 0.084189
0 0.556856 0.226899 0.047938 0.067762
0 0.469900 0.183778 0.061315 0.088296
0 0.497213 0.104723 0.044593 0.073922
0 0.669454 0.088296 0.061315 0.086242
0 0.700111 0.157084 0.037904 0.067762
0 0.743032 0.169405 0.054627 0.067762
0 0.737458 0.039014 0.052397 0.065708
0 0.631550 0.063655 0.047938 0.057495
0 0.579153 0.027721 0.059086 0.051335
0 0.459866 0.044148 0.056856 0.075975
0 0.422520 0.093429 0.040134 0.063655
0 0.565974 0.079701 0.056811 0.049813
0 0.510996 0.039851 0.051924 0.072229
0 0.386988 0.478207 0.071472 0.132005
0 0.291998 0.698007 0.091631 0.120797
0 0.145999 0.823786 0.094075 0.103362
0 0.231521 0.780199 0.076970 0.113325
0 0.268784 0.565380 0.102627 0.156912
0 0.308491 0.447696 0.096518 0.130760
0 0.336897 0.562267 0.061698 0.108344
0 0.326817 0.371731 0.086744 0.123288
0 0.346060 0.282067 0.067807 0.123288
0 0.290470 0.235367 0.081246 0.117061
0 0.211362 0.224159 0.084301 0.107098
0 0.167990 0.262765 0.083079 0.117061
0 0.140501 0.189913 0.078192 0.088418
0 0.147221 0.705479 0.100183 0.130760
0 0.072083 0.799502 0.079414 0.124533
0 0.064753 0.667497 0.089188 0.132005
0 0.176237 0.601494 0.076359 0.117061
0 0.225107 0.674346 0.058033 0.105853
0 0.216555 0.348070 0.087355 0.130760
0 0.143861 0.498132 0.076359 0.112080
0 0.106597 0.584060 0.067807 0.089664
0 0.058644 0.491283 0.094075 0.123288
0 0.147831 0.387920 0.073305 0.095890
0 0.071472 0.366127 0.084301 0.117061
0 0.072999 0.268991 0.072694 0.084682
0 0.073305 0.197385 0.069640 0.070984
0 0.020770 0.346202 0.040318 0.146949
