0 0.627090 0.683778 0.101449 0.151951
0 0.584727 0.516427 0.076923 0.092402
0 0.611483 0.314168 0.108138 0.188912
0 0.525084 0.338809 0.100334 0.139630
0 0.569119 0.091376 0.092531 0.141684
0 0.654961 0.135524 0.072464 0.106776
0 0.292085 0.151951 0.113712 0.160164
0 0.192865 0.158111 0.102564 0.176591
0 0.093645 0.150924 0.118172 0.170431
0 0.326087 0.415811 0.130435 0.182752
0 0.190635 0.656057 0.095875 0.133470
0 0.176700 0.911704 0.096990 0.160164
0 0.108138 0.839836 0.091416 0.139630
0 0.449275 0.541068 0.078038 0.133470
0 0.508361 0.597536 0.053512 0.098563
0 0.317726 0.536961 0.095875 0.104723
0 0.270903 0.713552 0.062430 0.100616
0 0.088629 0.387064 0.039019 0.055441
0 0.064103 0.431211 0.045708 0.049281
0 0.035674 0.466119 0.042363 0.069815
