1 0.9304812828125 0.340125 0.942638146875 0.32840625 0.954795009375 0.308171875 0.94748663125 0.266625 0.9292691625 0.25596874999999997 0.91103386875 0.25703125 0.9098217468750001 0.26768749999999997 0.9280570406249999 0.285796875 0.9219786093750001 0.331609375 0.9231907312500001 0.3390625 0.9304812828125 0.340125
1 0.3364527625 0.280796875 0.33789661249999997 0.286328125 0.34178253125 0.294 0.3655971484375 0.33018749999999997 0.38306595312499997 0.33784375 0.4068805703125 0.3459375 0.4068805703125 0.344234375 0.3947237078125 0.323796875 0.370926915625 0.291015625 0.3447058828125 0.265046875 0.3413012484375 0.26675 0.3359536546875 0.2756875 0.3364527625 0.280796875
1 0.3459536546875 0.261140625 0.3533155078125 0.266953125 0.392335115625 0.28371875 0.42326203281249997 0.30953125 0.4372549015625 0.306953125 0.43356506250000004 0.28759375 0.4122103390625 0.257265625 0.35700534687499996 0.244359375 0.35110516875000003 0.242421875 0.345222815625 0.244359375 0.3459536546875 0.261140625
1 0.4071123 0.25090625 0.41741532968749995 0.26187499999999997 0.4314082 0.281875 0.43361853906250003 0.26703125 0.4166844921875 0.238 0.39532976875000003 0.219921875 0.365882353125 0.20960937500000001 0.34600712968749997 0.20831249999999998 0.33422459843749996 0.21412499999999998 0.337165775 0.22057812499999999 0.3563101609375 0.22379687499999998 0.376934046875 0.2321875 0.39459893125 0.23928124999999997 0.4071123 0.25090625
1 0.31559714843750003 0.286375 0.329429590625 0.278296875 0.345169340625 0.262109375 0.347344028125 0.2461875 0.33811051718749996 0.24737499999999998 0.3288770046875 0.249515625 0.315864528125 0.25903125 0.295508021875 0.272578125 0.2984848484375 0.276390625 0.3082709453125 0.28565625 0.31559714843750003 0.286375
1 0.2063279859375 0.6175312500000001 0.23096256718750002 0.631921875 0.2751158640625 0.62471875 0.28538324375 0.61121875 0.2874331546875 0.57521875 0.3038680921875 0.595015625 0.3285204984375 0.610328125 0.35110516875000003 0.618421875 0.3531550796875 0.609421875 0.3531550796875 0.577921875 0.3541889484375 0.569828125 0.346987521875 0.549125 0.3449376109375 0.532015625 0.31105169374999997 0.5338125 0.30181818125 0.523015625 0.2874331546875 0.52121875 0.26176470625000003 0.504109375 0.2504812828125 0.513109375 0.2206951875 0.49690625 0.18372549062500002 0.500515625 0.1436898390625 0.550921875 0.1436898390625 0.5563125 0.15497326250000001 0.577015625 0.2063279859375 0.6175312500000001
1 0.25825311875 0.28246875 0.2370588234375 0.28246875 0.22147950156250001 0.284109375 0.20962566875 0.287921875 0.2102495546875 0.29667187500000003 0.2065062390625 0.30485937500000004 0.2189839578125 0.30978125 0.22957219218749997 0.31196875 0.24454545468750002 0.31634375000000003 0.264491978125 0.31415625 0.27944741562500003 0.3086875 0.29317290625000003 0.2983125 0.285686275 0.2895625 0.27819964375 0.2835625 0.25825311875 0.28246875
1 0.6914795015624999 0.260890625 0.6721212125 0.25346875 0.6479144390625 0.24710937500000002 0.6358288765625 0.25453125 0.6358288765625 0.266203125 0.6539750453125001 0.282109375 0.6999465234375 0.28528125000000004 0.7108377890625001 0.282109375 0.708413546875 0.27149999999999996 0.6914795015624999 0.260890625
1 0.406987521875 0.450265625 0.4141711234375 0.44154687499999995 0.417130125 0.43376562500000004 0.4131194296875 0.436921875 0.4099465234375 0.43859375 0.40550802187499996 0.43784375000000003 0.4014795015625 0.43451562499999996 0.39894830625 0.431734375 0.397682709375 0.439515625 0.39916221093750004 0.4458125 0.4014795015625 0.44859375 0.406987521875 0.450265625
1 0.32017825312500003 0.3135625 0.3450980390625 0.325578125 0.356951871875 0.326671875 0.356951871875 0.320671875 0.35071301250000003 0.311921875 0.3263992875 0.296078125 0.3133155078125 0.28896875 0.29586452812499997 0.27804687499999997 0.290873440625 0.26437499999999997 0.2777896609375 0.26110937500000003 0.27279857343749997 0.26984375 0.27841354687500003 0.28296875 0.293368984375 0.29771875 0.32017825312500003 0.3135625
1 0.443725490625 0.27275 0.43267379687499996 0.266296875 0.43782531249999995 0.2708125 0.43782531249999995 0.28178125 0.4356149734375 0.297265625 0.43267379687499996 0.308890625 0.4245811046875 0.308234375 0.41648841406250003 0.30953125 0.41868092656250006 0.325015625 0.42752228125 0.34373437500000004 0.43782531249999995 0.34567187499999996 0.44666666718750003 0.34695312500000003 0.45108734375 0.356 0.4709625671875 0.367609375 0.479786096875 0.376 0.49450980468749994 0.3779375 0.5077718359375 0.3740625 0.5261675578125 0.376640625 0.527647059375 0.25984375000000004 0.5195543671875 0.255328125 0.505561496875 0.250796875 0.4959893046875 0.240484375 0.47759358281250003 0.24240625 0.4540285203125 0.251453125 0.46212121249999993 0.25984375000000004 0.46212121249999993 0.26242187499999997 0.456969696875 0.2708125 0.443725490625 0.27275
1 0.333368984375 0.7060625 0.378787878125 0.702625 0.3748663109375 0.677234375 0.3427629234375 0.69028125 0.3349376109375 0.68684375 0.3208377890625 0.705375 0.333368984375 0.7060625
1 0.5773796796874999 0.218671875 0.573743315625 0.22678125 0.594278075 0.2401875 0.6127985734375 0.23984375 0.63855615 0.2341875 0.647005346875 0.22890625 0.6490196078125 0.22325 0.648609625 0.21760937500000002 0.5918538328125 0.21160937500000002 0.5890374328125 0.21478125 0.5777718359375 0.216546875 0.5773796796874999 0.218671875
1 0.0017825312499999998 0.0875 0.0017825312499999998 0.1859375 0.00534759375 0.1921875 0.0017825312499999998 0.215625 0.0017825312499999998 0.41875 0.00534759375 0.41875 0.0017825312499999998 0.446875 0.0035650624999999997 0.5203125 0.014260249999999999 0.5234375 0.08377896562500001 0.521875 0.089126559375 0.5296875 0.115864528125 0.5421875 0.1461675578125 0.5484375 0.19607843125 0.6109375 0.1907308375 0.615625 0.19429590000000002 0.64375 0.201426025 0.6640625 0.21925133749999998 0.69375 0.2531194296875 0.7265625 0.286987521875 0.746875 0.3351158640625 0.7609375 0.3921568625 0.7625 0.41889483125 0.7578125 0.4349376109375 0.753125 0.4652406421875 0.7390625 0.495543671875 0.7328125 0.520499109375 0.721875 0.5383244203124999 0.7109375 0.5632798578125 0.690625 0.5775401062500001 0.675 0.59714795 0.6421875 0.60962566875 0.59375 0.6274509796875 0.5671875 0.742777384375 0.5150648578125 0.7468805703125 0.5078125 0.7504456328125 0.5078125 0.7507483265625 0.5113502359375001 0.7540106953125 0.5078125 0.79679144375 0.509375 0.8021390374999999 0.5140625 0.8449197859375 0.5328125 0.8467023171875001 0.5390625 0.8520499109375 0.54375 0.8609625671875 0.54375 0.8734402859375001 0.5375 0.8823529406249999 0.5234375 0.893048128125 0.521875 0.903743315625 0.50625 0.9162210343750001 0.496875 0.923351159375 0.496875 0.9304812828125 0.490625 0.9322638140624999 0.48125 0.9286987515625 0.4734375 0.9322638140624999 0.465625 0.9518716578124999 0.465625 0.9572192515625 0.4625 0.9590017828124999 0.45 0.9483065953125 0.4359375 0.9411764703125 0.43125 0.9411764703125 0.390625 0.9340463453125001 0.38125 0.9304812828125 0.34375 0.9286987515625 0.340625 0.923351159375 0.340625 0.923351159375 0.28125 0.9108734406250001 0.26875 0.9108734406250001 0.259375 0.9286987515625 0.25625 0.9304812828125 0.25 0.9304812828125 0.221875 0.9251336890624999 0.19375 0.907308378125 0.15625 0.8894830656250001 0.134375 0.877005346875 0.1234375 0.875222815625 0.1078125 0.8716577546875 0.103125 0.8698752234375 0.1046875 0.8663101609374999 0.09375 0.8627450984375 0.0921875 0.8449197859375 0.05625 0.8270944734375 0.034375 0.7950089124999999 0.0078125 0.7611408203125001 0.003125 0.7254901953124999 0.0015625 0.709447415625 0.0015625 0.700534759375 0.003125 0.696969696875 0.00625 0.6880570406250001 0.0015625 0.5294117640625 0.0015625 0.520499109375 0.003125 0.518716578125 0.00625 0.508021390625 0.0046875 0.5044563281250001 0.0015625 0.23707664843749998 0.0015625 0.22638146093749997 0.0046875 0.215686275 0.0015625 0.20855615 0.0015625 0.20677361875 0.0046875 0.1836007125 0.0046875 0.18003565 0.0015625 0.112299465625 0.0015625 0.098039215625 0.0078125 0.087344028125 0.0078125 0.085561496875 0.0046875 0.00534759375 0.0046875 0.0035650624999999997 0.009375 0.0383244203125 0.0557291671875 0.0017825312499999998 0.0734375 0.0094439875 0.07743389375000001 0.0017825312499999998 0.0875