1 0.251109375 0.8361032859374999 0.257484375 0.8116666671875 0.254640625 0.780821596875 0.24828125 0.7510798125 0.23907812499999997 0.7542488265625 0.23907812499999997 0.7616901406250001 0.24120312500000002 0.7776525828125 0.22421875 0.827605634375 0.2249375 0.8329107984374999 0.242625 0.8360798125000001 0.251109375 0.8361032859374999
1 0.319078125 0.6996948359374999 0.320171875 0.708826290625 0.325140625 0.712957746875 0.33175 0.7137793421875 0.3471875 0.717934271875 0.35215625 0.7195774640625 0.357109375 0.7336619718749999 0.35876562500000003 0.7477464781250001 0.359875 0.7477464781250001 0.371453125 0.75518779375 0.37640625 0.73448356875 0.385234375 0.7286854453125 0.391296875 0.7228873234375001 0.391296875 0.71213615 0.39184375 0.7021830984374999 0.3901875 0.6955633796875 0.38578125 0.6864553984375 0.372 0.676502346875 0.364828125 0.6731924874999999 0.362078125 0.6723708921875 0.360421875 0.6707277 0.34387500000000004 0.6731924874999999 0.3350625 0.6533333328125 0.32623437499999997 0.6905868546875 0.319078125 0.6996948359374999
1 0.379984375 0.8096948359375 0.410734375 0.8281924875 0.42995312500000005 0.88016431875 0.443796875 0.8639906109375 0.45225 0.8166431921875 0.44148437500000004 0.7923708921875 0.446875 0.7750469484375 0.4645625 0.8120187796874999 0.463015625 0.799295775 0.45840625 0.7600234734375 0.43842187499999996 0.7288497656249999 0.409203125 0.7219014078125 0.3984375 0.7138262906249999 0.375359375 0.7588732390625 0.379984375 0.8096948359375
1 0.8350312499999999 0.7646478875 0.83653125 0.7826525828124999 0.8530156249999999 0.7894131453125001 0.863515625 0.7894131453125001 0.8650156250000001 0.8096948359375 0.8875 0.81194835625 0.903984375 0.8006807515625001 0.9174843750000001 0.7713849765624999 0.9354687500000001 0.7398591546875 0.911484375 0.715093896875 0.8935000000000001 0.6903051640625 0.8725156249999999 0.6903051640625 0.82603125 0.7263615031249999 0.82753125 0.7398591546875 0.8350312499999999 0.75338028125 0.8350312499999999 0.7646478875
1 0.7928437500000001 0.6519248828124999 0.784671875 0.657746478125 0.77265625 0.6661267609375 0.764921875 0.67516431875 0.763625 0.69194835625 0.7705 0.6938732390625 0.78209375 0.6938732390625 0.78596875 0.695821596875 0.7894062500000001 0.7048591546874999 0.79240625 0.7138967140625 0.79240625 0.7242018781249999 0.812171875 0.7648591546875 0.8276249999999999 0.7545305171875001 0.8272031249999999 0.737769953125 0.8272031249999999 0.7313145546875 0.8310625 0.7222769953125 0.8349375 0.719037559375 0.8418125 0.7151643187500001 0.8430937500000001 0.706150234375 0.84009375 0.695821596875 0.83278125 0.680962440625 0.8272031249999999 0.6687089203125 0.823328125 0.6622535218750001 0.8276249999999999 0.6388497656250001 0.841375 0.5981924875 0.8383749999999999 0.588497653125 0.835359375 0.588497653125 0.8276249999999999 0.593849765625 0.8147500000000001 0.6312910796875 0.8061562500000001 0.6428873234375 0.800140625 0.6487089203124999 0.7928437500000001 0.6519248828124999
1 0.651109375 0.62481220625 0.6350781249999999 0.6284272296875 0.6126406249999999 0.654906103125 0.630265625 0.692230046875 0.644703125 0.7030751171875 0.669546875 0.701877934375 0.679171875 0.6862206578125 0.6911875000000001 0.719929578125 0.7 0.7163145546874999 0.70321875 0.6958450703125 0.710421875 0.6850234734375 0.72965625 0.674178403125 0.731265625 0.6609389671875 0.7128281249999999 0.64767605625 0.692796875 0.6440610328124999 0.6871875000000001 0.6272065734375001 0.683171875 0.62481220625 0.663140625 0.62481220625 0.651109375 0.62481220625
1 0.45946875 0.9251877937499999 0.454171875 0.9351408453125 0.39065625000000004 0.9550234734374999 0.38668749999999996 0.9689436625000001 0.44490625 0.9768779343749999 0.44359374999999995 0.9927934265625 0.47403125 0.990798121875 0.49784375000000003 0.988826290625 0.50446875 0.9570187796875 0.507109375 0.9351408453125 0.5176875 0.9271830984375 0.567984375 0.9013380281250001 0.5666562500000001 0.8894131453125 0.5666562500000001 0.8715258218749999 0.5428437500000001 0.8993427234375 0.515046875 0.9073004687499999 0.49254687500000005 0.89338028125 0.47270312499999995 0.887417840625 0.47403125 0.8993427234375 0.46740624999999997 0.917253521875 0.45946875 0.9251877937499999
1 0.24295312500000002 0.6107511734375 0.228921875 0.6345774640624999 0.21612499999999998 0.6144131453125 0.21125 0.6249530515624999 0.20484375 0.6167136156249999 0.165515625 0.62359155 0.15332812499999998 0.6345774640624999 0.17771874999999998 0.7023474171874999 0.205609375 0.7023474171874999 0.21125 0.6959389671875 0.21490625 0.7023474171874999 0.2208920453125 0.6934378984375 0.2255703125 0.6895305171875 0.22770312499999998 0.705093896875 0.23259375000000002 0.71518779375 0.2484375 0.7289201875 0.25696875 0.748145540625 0.26734375 0.75730046875 0.293546875 0.7426525828125 0.312453125 0.7206807515625 0.3228125 0.675798121875 0.3179375 0.6446478875 0.293546875 0.613497653125 0.28075 0.6043427234375 0.27476420468749996 0.6132522421875 0.2734375 0.5961032859375 0.266125 0.58786385 0.256359375 0.53016431875 0.260015625 0.46786384999999997 0.2734375 0.434906103125 0.26734375 0.4266666671875 0.2484375 0.43856807499999995 0.23196875 0.46053990625 0.234421875 0.5612910796875 0.24478125 0.5805399062500001 0.24478125 0.59518779375 0.24295312500000002 0.6107511734375
1 0.493609375 0.597746478125 0.49659375 0.548309859375 0.47267187499999996 0.51910798125 0.481640625 0.4494366203125 0.47565625 0.4471830984375 0.474171875 0.4494366203125 0.45471874999999995 0.52359155 0.41881250000000003 0.5797652578125 0.462203125 0.6202347421875001 0.493609375 0.597746478125
1 0.673546875 0.9318309859375 0.68084375 0.9434507046875 0.679984375 0.911173709375 0.672265625 0.8782629109375 0.660234375 0.8866666671875001 0.6619531249999999 0.9131220656249999 0.673546875 0.9318309859375
1 0.15796875 0.718826290625 0.19065625 0.8593427234375 0.1879375 0.8661502343749999 0.176125 0.8688967140624999 0.166140625 0.8784272296875001 0.1570625 0.8975352109375001 0.147984375 0.9125352109374999 0.136171875 0.9289201874999999 0.12073437499999999 0.9466431921874999 0.10893749999999999 0.9616666671875 0.119828125 0.9725586859375 0.14434375 0.9711971828125 0.150703125 0.9821126765624999 0.15887500000000002 0.9957511734375 0.184296875 0.9998591546875 0.20246875000000003 1 0.26784375 0.9930281687500001 0.27965625 0.9889436625 0.2978125 0.9821126765624999 0.317796875 0.979389671875 0.336859375 0.9753051640624999 0.34957812499999996 0.9589201875000001 0.34140625 0.949366196875 0.32778125 0.953474178125 0.29871875000000003 0.953474178125 0.274203125 0.949366196875 0.2496875 0.930281690625 0.22970312499999998 0.90981220625 0.220625 0.8879812203125 0.21609375000000003 0.8579812203125 0.20790625000000001 0.8306807515625 0.197921875 0.7897652578125001 0.164328125 0.6642488265625001 0.13890625 0.6437793421875 0.1434375 0.6683333328125001 0.15796875 0.718826290625
1 0.6398125 0.832746478125 0.64359375 0.8197652578125 0.6457499999999999 0.8213849765625 0.646296875 0.8311267609374999 0.6506093749999999 0.835985915625 0.657078125 0.835985915625 0.657078125 0.8278873234375 0.65925 0.813286384375 0.66140625 0.8173474171875 0.6640937499999999 0.82624413125 0.668421875 0.832746478125 0.6716562500000001 0.8278873234375 0.670578125 0.8124647890625001 0.67003125 0.8068075125 0.668421875 0.7946478875 0.66734375 0.7857277 0.668953125 0.775985915625 0.6695 0.7695070421875 0.667875 0.7638497656250001 0.663015625 0.76140845 0.65978125 0.76140845 0.6516875 0.7638497656250001 0.6506093749999999 0.7622065734375 0.6457499999999999 0.7638497656250001 0.6414375 0.7703286390625 0.6398125 0.774366196875 0.63496875 0.775985915625 0.6295625 0.7800469484375 0.6252500000000001 0.8011267609375 0.6295625 0.8278873234375 0.63171875 0.8367840375 0.638203125 0.8392253515625001 0.6398125 0.832746478125
1 0.003125 0.652582159375 0.025 0.7230046953125 0.0234375 0.7347417843749999 0.01875 0.7441314546875 0.0046875 0.7370892015625 0.009375 0.7441314546875 0.0140625 0.7441314546875 0.025 0.7605633796875 0.0203125 0.8450704218749999 0.0140625 0.8615023468749999 0.0140625 0.9014084499999999 0.0203125 0.9154929578125 0.025 0.9154929578125 0.021875 0.9483568078125 0.0265625 0.9553990609375 0.0625 0.9553990609375 0.0703125 0.943661971875 0.08125 0.9413145546875 0.096875 0.927230046875 0.1109375 0.90375586875 0.1140625 0.8920187796875 0.1421875 0.87089201875 0.1546875 0.8685446015625 0.165625 0.8474178406249999 0.1828125 0.8309859156250001 0.16875 0.7652582156250001 0.1890625 0.7582159625 0.196875 0.7769953046875 0.2 0.8004694828125001 0.215625 0.8568075125 0.2203125 0.8826291078124999 0.2234375 0.8849765265625 0.225 0.8990610328124999 0.2296875 0.910798121875 0.246875 0.9295774640625 0.2734375 0.950704225 0.2921875 0.95305164375 0.30625 0.9460093890625 0.309375 0.9553990609375 0.328125 0.9553990609375 0.334375 0.95305164375 0.3359375 0.9483568078125 0.3421875 0.950704225 0.3515625 0.9718309859375 0.384375 0.974178403125 0.390625 0.9553990609375 0.434375 0.9413145546875 0.44375 0.9248826296875 0.44375 0.896713615625 0.440625 0.8896713609375 0.446331521875 0.8813023078125 0.471875 0.877934271875 0.48125 0.8920187796875 0.5 0.896713615625 0.50625 0.90375586875 0.5203125 0.9014084499999999 0.528125 0.9225352109375 0.5078125 0.9366197187499999 0.50625 0.950704225 0.509375 0.957746478125 0.5046875 0.9647887328125 0.5046875 0.9788732390625 0.509375 0.9859154921875 0.51875 0.9859154921875 0.5375 0.976525821875 0.5453125 0.976525821875 0.559375 0.9647887328125 0.565625 0.9553990609375 0.5703125 0.9553990609375 0.584375 0.9342722999999999 0.584375 0.9225352109375 0.578125 0.910798121875 0.578125 0.90375586875 0.5953125 0.9014084499999999 0.603125 0.894366196875 0.6125 0.9061032859375 0.609375 0.9178403749999999 0.609375 0.9389671359375 0.6109375 0.95305164375 0.615625 0.960093896875 0.63125 0.96948356875 0.6546875 0.974178403125 0.65625 0.9859154921875 0.6609375 0.992957746875 0.6671875 0.992957746875 0.6703125 0.9976525828125 0.7015625 1 0.7109375 0.96948356875 0.71875 0.96948356875 0.740625 0.9295774640625 0.740625 0.910798121875 0.7328125 0.880281690625 0.7484375 0.8638497656249999 0.753125 0.8403755875 0.753125 0.8286384968749999 0.746875 0.8122065734374999 0.7296875 0.8145539906250001 0.7296875 0.798122065625 0.725 0.7887323937499999 0.725 0.7816901406250001 0.7390625 0.7816901406250001 0.75 0.7723004687499999 0.759375 0.7582159625 0.7640625 0.7394366203125 0.7640625 0.715962440625 0.7609375 0.7042253515625 0.765625 0.6760563375 0.7703125 0.669014084375 0.7921875 0.652582159375 0.8 0.6502347421875 0.809375 0.6408450703125 0.8203125 0.6173708921875 0.8265625 0.59859155 0.826116071875 0.5932260234375 0.8296875 0.5938967140625 0.8321428578125 0.60228035 0.8390625 0.605633803125 0.828125 0.6384976531250001 0.8265625 0.654929578125 0.8328125 0.6572769953125001 0.834375 0.671361503125 0.8390625 0.67840375625 0.8421875 0.67840375625 0.84375 0.6948356812500001 0.8484375 0.701877934375 0.8578125 0.701877934375 0.8625 0.6948356812500001 0.8703125 0.6924882625000001 0.89375 0.6924882625000001 0.909375 0.7136150234375 0.928125 0.7112676062500001 0.9328125 0.701877934375 0.9328125 0.6901408453125 0.921875 0.6478873234375 0.915625 0.6384976531250001 0.896875 0.6384976531250001 0.890625 0.6173708921875 0.887132353125 0.6148853890625 0.8875 0.6079812203125 0.8828125 0.59624413125 0.8849264703124999 0.5905827109375 0.878125 0.509389671875 0.896875 0.5023474171875 0.9 0.4976525828125 0.903125 0.4647887328125 0.89375 0.45070422499999996 0.8875 0.45070422499999996 0.8796875 0.43192488281249997 0.871875 0.43192488281249997 0.871875 0.3920187796875 0.8671875 0.38262910781250004 0.85625 0.38262910781250004 0.8484375 0.396713615625 0.828125 0.396713615625 0.821875 0.40140845 0.815625 0.3920187796875 0.8 0.3920187796875 0.7921875 0.380281690625 0.7515625 0.380281690625 0.74375 0.3920187796875 0.7359375 0.3920187796875 0.7265625 0.40375586874999997 0.7171875 0.40375586874999997 0.70625 0.3920187796875 0.69375 0.3920187796875 0.678125 0.37089201875 0.6671875 0.37089201875 0.6625 0.377934271875 0.6625 0.396713615625 0.665625 0.40610328593749995 0.675 0.41784037500000004 0.6609375 0.43427230000000006 0.659375 0.443661971875 0.6453125 0.443661971875 0.634375 0.45305164375 0.6234375 0.45305164375 0.6109375 0.4718309859375 0.5953125 0.4718309859375 0.590625 0.476525821875 0.584375 0.476525821875 0.5796875 0.46713614999999997 0.565625 0.46713614999999997 0.55625 0.474178403125 0.5515625 0.460093896875 0.5453125 0.45305164375 0.54375 0.43192488281249997 0.5390625 0.42253521093749996 0.5203125 0.42253521093749996 0.5015625 0.443661971875 0.496875 0.443661971875 0.490625 0.43427230000000006 0.4796875 0.43427230000000006 0.475 0.44131455468749997 0.471875 0.44131455468749997 0.4671875 0.43192488281249997 0.4578125 0.43192488281249997 0.453125 0.4389671359375 0.45 0.45774647812499997 0.4421875 0.45774647812499997 0.43125 0.43427230000000006 0.421875 0.43192488281249997 0.425 0.42253521093749996 0.425 0.410798121875 0.4203125 0.40140845 0.4171875 0.40140845 0.409375 0.380281690625 0.390625 0.35915492968749996 0.3765625 0.35915492968749996 0.36875 0.37323943593750003 0.3640625 0.396713615625 0.3625 0.4460093890625 0.365625 0.45070422499999996 0.359659090625 0.46649594531250005 0.3144886359375 0.4908237296875 0.309375 0.490610328125 0.2984375 0.4624413140625 0.2859375 0.4624413140625 0.2796875 0.46713614999999997 0.2625 0.4976525828125 0.23515625 0.46948356875 0.2265625 0.46713614999999997 0.2328125 0.45070422499999996 0.2328125 0.42957746406249997 0.2359375 0.42018779375 0.2359375 0.410798121875 0.23125 0.40140845 0.2296875 0.37323943593750003 0.2265625 0.3685446015625 0.215625 0.3685446015625 0.2125 0.35915492968749996 0.203125 0.3497652578125 0.1828125 0.3497652578125 0.1734375 0.3568075125 0.159375 0.37558685468749997 0.1453125 0.3849765265625 0.1390625 0.39436619687499996 0.1296875 0.38732394375 0.11875 0.38732394375 0.115625 0.38262910781250004 0.1015625 0.38262910781250004 0.0875 0.3849765265625 0.08125 0.396713615625 0.065625 0.3990610328125 0.0484375 0.4248826296875 0.0484375 0.4483568078125 0.0578125 0.4624413140625 0.05729166718749999 0.4796557109375 0.0295138890625 0.5088680234375 0.0296875 0.5117370890624999 0.0203125 0.5117370890624999 0.0140625 0.5211267609375 0.0046875 0.5211267609375 0.0015625 0.5281690140624999 0 0.5915492953125 0.00578125 0.605633803125 0.0015625 0.6408450703125 0.003125 0.652582159375