2 0.573296875 0.7074707265625 0.58109375 0.7276580796875 0.5903125 0.7616861828125 0.605921875 0.69578454375 0.61371875 0.65325526875 0.6208125 0.6160421546875 0.6250625000000001 0.578852459375 0.60946875 0.568220140625 0.600953125 0.5799063234374999 0.5917343749999999 0.5735363 0.5881875 0.5671428578125 0.585359375 0.5745901640625 0.5796875 0.596908665625 0.5803906249999999 0.6298594843750001 0.5761406250000001 0.67770491875 0.573296875 0.7074707265625
2 0.5740937500000001 0.5726229515625 0.563296875 0.591779859375 0.5641406250000001 0.606252928125 0.5621562499999999 0.62030445 0.5530625 0.631803278125 0.54965625 0.6420140515625 0.5584687500000001 0.63093676875 0.563859375 0.6245667453125 0.566140625 0.615620609375 0.5655625 0.6032786890625 0.56528125 0.6019906328125 0.568125 0.5875175640625 0.576359375 0.574332553125 0.578921875 0.56325526875 0.576640625 0.53259953125 0.5740937500000001 0.5142857140625 0.5726718749999999 0.5232318499999999 0.5641406250000001 0.5343091328125 0.56471875 0.537283371875 0.5686875 0.550468384375 0.5740937500000001 0.5726229515625
2 0.536671875 0.62512880625 0.5392187500000001 0.6259016390625 0.561078125 0.5329039812499999 0.55496875 0.52451990625 0.5539531249999999 0.5207259953125 0.548359375 0.533676815625 0.536671875 0.62512880625
2 0.6883125 0.6027400468749999 0.6883125 0.6377517562499999 0.685984375 0.711311475 0.674296875 0.748079625 0.695328125 0.721803278125 0.702328125 0.6745433249999999 0.7046718750000001 0.6027400468749999 0.701171875 0.5957377046875 0.695328125 0.5922482437500001 0.6883125 0.6027400468749999
2 0.6912812500000001 0.5808899296875001 0.68703125 0.5755737703125 0.683484375 0.5755737703125 0.67921875 0.5777049187500001 0.672140625 0.5968384078125 0.655109375 0.6521077281250001 0.645890625 0.6914285718750001 0.648015625 0.6903747078125 0.6501406249999999 0.68932084375 0.66859375 0.6510304453125 0.68915625 0.6095784546874999 0.692703125 0.5883372359375 0.6912812500000001 0.5808899296875001
2 0.5361875 0.6203512875 0.542265625 0.56487119375 0.554421875 0.502740046875 0.547796875 0.49611241250000004 0.5361875 0.5400234187499999 0.529015625 0.5292505859375 0.518515625 0.527587821875 0.5019375 0.5366978921875 0.49143749999999997 0.5607259953125 0.490328125 0.5855737703125 0.47871874999999997 0.6021311468749999 0.464359375 0.60709601875 0.42623437500000005 0.5996487125 0.44281249999999994 0.6112412171875 0.416828125 0.6145667453125 0.41628125000000005 0.631124121875 0.39473437499999997 0.63194379375 0.431203125 0.6410538640625 0.383671875 0.6394145203125 0.41296875 0.6584543328125 0.431203125 0.668384075 0.4113125 0.6708665109374999 0.384234375 0.6708665109374999 0.39915625 0.6841217796875 0.4113125 0.69323185 0.368765625 0.704004684375 0.398046875 0.7247072593749999 0.393078125 0.746252928125 0.41075 0.7578454328124999 0.4074375 0.771920375 0.422359375 0.778548009375 0.4179375 0.78932084375 0.44059375 0.78932084375 0.4350625 0.80421545625 0.451640625 0.8116861828124999 0.463796875 0.809203746875 0.48948437499999997 0.7566510531249999 0.49965624999999997 0.743676815625 0.5098281250000001 0.7307259953125 0.52559375 0.7375878218749999 0.539078125 0.7345667453125 0.546875 0.7154332546875 0.56603125 0.6984309140625 0.5251406249999999 0.6774941453125 0.528453125 0.6584543328125 0.5361875 0.6203512875
2 0.8070937499999999 0.6073067921875 0.8016249999999999 0.6268618265625 0.79353125 0.668688525 0.7888437500000001 0.70583138125 0.789109375 0.723419203125 0.7911875 0.712459015625 0.804484375 0.6765105390625 0.8188281249999999 0.6100468390625 0.81753125 0.603395784375 0.815703125 0.60067915625 0.8149218749999999 0.601451990625 0.8128437500000001 0.6018501171875 0.8070937499999999 0.6073067921875
2 0.8129843749999999 0.7363934421875 0.817296875 0.7196018734375 0.82246875 0.6989461359375 0.82634375 0.6770023421875 0.8272031249999999 0.6440983609375001 0.8216093750000001 0.6350585484375 0.8147187499999999 0.6402341921875 0.8125625 0.6499063234375 0.807390625 0.6673302109375 0.804375 0.6931381734375 0.80309375 0.7099297421874999 0.801796875 0.7299297421875 0.8039531249999999 0.7499297421875 0.799640625 0.7647775171875 0.801359375 0.7705854796875 0.8065312499999999 0.7596252921875 0.8129843749999999 0.7363934421875
2 0.7244375 0.6480093671875 0.7244375 0.6484309140625 0.72728125 0.6599297421875 0.7304062499999999 0.6680327875 0.7321093750000001 0.672716628125 0.73465625 0.680796253125 0.7360781249999999 0.6918735359375 0.7360781249999999 0.703372365625 0.738359375 0.70805620625 0.742609375 0.6931381734375 0.740625 0.6761124125 0.7375 0.665035128125 0.73409375 0.647587821875 0.733234375 0.6322716625 0.7306874999999999 0.6207728343750001 0.7275625 0.608852459375 0.72471875 0.599484778125 0.72103125 0.5892505859375 0.717328125 0.58159250625 0.713640625 0.5794613578125001 0.707953125 0.5773302109375 0.7014218750000001 0.578196721875 0.7014218750000001 0.5866978921875 0.7048281249999999 0.6067213109375 0.710234375 0.6233255265625 0.7144999999999999 0.6335363 0.7244375 0.6480093671875
2 0.6134375000000001 0.6598829046875 0.6115625 0.667868853125 0.6072968750000001 0.691451990625 0.610765625 0.6858782203125 0.622234375 0.6710772828125 0.6254375 0.6554800937499999 0.6214375000000001 0.6498829046875 0.613703125 0.6598829046875 0.6134375000000001 0.6598829046875
2 0.63465625 0.5770023421875 0.630265625 0.5881967218749999 0.624125 0.61517564375 0.6227968749999999 0.652060890625 0.627640625 0.653372365625 0.644328125 0.6191334890625 0.6460781250000001 0.59674473125 0.6482812499999999 0.591475409375 0.6438906249999999 0.572388759375 0.63465625 0.5770023421875
2 0.654859375 0.615152225 0.651234375 0.6206089 0.645484375 0.6377985953125 0.633703125 0.687611240625 0.63309375 0.690796253125 0.621921875 0.7342622953125 0.63128125 0.7247540984375 0.6421718750000001 0.702107728125 0.6467031249999999 0.6844496484375 0.66603125 0.6183372359375 0.665125 0.6137939109375 0.66240625 0.61290398125 0.654859375 0.615152225
2 0.54153125 0.6373536296875 0.551953125 0.6135363 0.5529531249999999 0.6276814984375 0.551453125 0.646276346875 0.5455 0.66487119375 0.54253125 0.6775175640625 0.546984375 0.6760421546875001 0.552453125 0.66487119375 0.556921875 0.65 0.5623750000000001 0.6336299765625 0.5708125 0.6008899296875 0.57578125 0.5740983609375 0.573796875 0.5659250578125 0.56684375 0.54063231875 0.55840625 0.532435596875 0.540046875 0.6239578453125 0.53309375 0.6254332546875 0.528625 0.6574238875 0.526140625 0.663395784375 0.53359375 0.661147540625 0.54153125 0.6373536296875
2 0.4625 0.843091334375 0.4671875 0.8548009375 0.4796875 0.8805620609375 0.496875 0.8805620609375 0.50625 0.8735362999999999 0.521875 0.8735362999999999 0.525 0.8852459015624999 0.51875 0.8969555031249999 0.51875 0.9250585484375 0.5234375 0.932084309375 0.5328125 0.932084309375 0.540625 0.9180327875 0.55 0.9180327875 0.5546875 0.9086651046875 0.565625 0.922716628125 0.6015625 0.9250585484375 0.6140625 0.911007025 0.61875 0.911007025 0.625 0.8992974234375 0.6453125 0.90163934375 0.6578125 0.9180327875 0.675 0.9203747078125 0.678125 0.9250585484375 0.6921875 0.9250585484375 0.709375 0.913348946875 0.7328125 0.9086651046875 0.7421875 0.8992974234375 0.75 0.8969555031249999 0.7671875 0.8735362999999999 0.771875 0.8594847781249999 0.78125 0.8454332546875 0.8015625 0.8290398124999999 0.80625 0.8196721312499999 0.80625 0.8079625296874999 0.803125 0.80093676875 0.80625 0.77517564375 0.8015625 0.770491803125 0.80625 0.7634660421875 0.8015625 0.7587822015625 0.803125 0.7096018734375 0.79375 0.707259953125 0.7984375 0.69320843125 0.8046875 0.6908665109375 0.8046875 0.6814988296875 0.8015625 0.6861826703125 0.7921875 0.6814988296875 0.803125 0.6135831375 0.7984375 0.6042154562500001 0.7875 0.6042154562500001 0.78125 0.6135831375 0.76875 0.6510538640625 0.7578125 0.6346604218749999 0.7546875 0.6042154562500001 0.7515625 0.599531615625 0.7421875 0.599531615625 0.7375 0.6065573765625001 0.734375 0.6276346609375001 0.734375 0.6510538640625 0.7390625 0.672131146875 0.7328125 0.6768149890624999 0.725 0.6510538640625 0.7140625 0.6346604218749999 0.70625 0.6135831375 0.6875 0.6135831375 0.653125 0.68384075 0.6484375 0.679156909375 0.6359375 0.679156909375 0.6408482140625 0.6674473062499999 0.6390625 0.6651053859375 0.6484375 0.6252927406250001 0.64375 0.6206089 0.634375 0.6416861828125 0.6234375 0.6135831375 0.6359375 0.5784543328125 0.634375 0.562060890625 0.63125 0.5573770484375 0.621875 0.5573770484375 0.6125 0.56674473125 0.596875 0.5597189703125001 0.5921875 0.5503512875000001 0.5828125 0.5503512875000001 0.5796875 0.555035128125 0.5625 0.6346604218749999 0.5515625 0.6252927406250001 0.546875 0.6323185015624999 0.54375 0.6323185015624999 0.534375 0.6604215453125 0.5296875 0.662763465625 0.5265625 0.6697892265625 0.5265625 0.679156909375 0.546875 0.6908665109375 0.5484375 0.70608899375 0.5515625 0.7119437937499999 0.546875 0.716627634375 0.5375 0.7400468390625 0.5265625 0.7400468390625 0.5140625 0.7330210765625 0.50625 0.7353629984375 0.4875 0.761124121875 0.46875 0.80093676875 0.475 0.8196721312499999 0.4671875 0.8196721312499999 0.4625 0.8266978921874999 0.4625 0.843091334375