2 0.581234375 0.5945416671875 0.662671875 0.6534583328125 0.680875 0.5899166671875 0.665265625 0.5783750000000001 0.605484375 0.5344791671875 0.60203125 0.5321666671874999 0.577765625 0.5818333328125 0.581234375 0.5945416671875
2 0.97296875 0.6767916671875 0.9695937499999999 0.5957291671875 0.9138437500000001 0.5889583328125 0.9054062500000001 0.6092291671875001 0.91046875 0.6205 0.922296875 0.6497708328125 0.922296875 0.6700416671875 0.9375 0.6767916671875 0.9408749999999999 0.6903125 0.96621875 0.7015833328125 0.97296875 0.6767916671875
2 0.48520312499999996 0.23672916718749998 0.48998437499999997 0.2335416671875 0.506734375 0.22716666718749998 0.524265625 0.23885416718750002 0.54340625 0.2431041671875 0.54978125 0.22716666718749998 0.5609375 0.1963333328125 0.578484375 0.18995833281250002 0.555359375 0.163375 0.51390625 0.1410625 0.49396874999999996 0.1793125 0.478828125 0.18995833281250002 0.47962499999999997 0.1995208328125 0.47803125 0.23672916718749998 0.48520312499999996 0.23672916718749998
2 0.40840624999999997 0.8223541671874999 0.43081250000000004 0.7721041671875 0.4104375 0.7435833328125 0.38089062500000004 0.7272708328124999 0.37784375 0.7232083328125001 0.352375 0.7272708328124999 0.35135937500000003 0.7639375 0.352375 0.7612291671875 0.387015625 0.7965416671875001 0.393125 0.8169166671875001 0.39515625 0.8237083328124999 0.40840624999999997 0.8223541671874999
2 0.37515624999999997 0.3917916671875 0.380296875 0.3917916671875 0.38771875 0.3795833328125 0.388296875 0.350625 0.36257812500000003 0.327 0.33228125 0.3239583328125 0.301984375 0.3712083328125 0.307703125 0.3673958328125 0.313421875 0.3719583328125 0.37515624999999997 0.3917916671875
2 0.79928125 0.5236041671875 0.8044062500000001 0.5099583328125 0.8207812499999999 0.5045 0.826921875 0.4935833328125 0.83203125 0.4703958328125 0.8217968750000001 0.4581041671875 0.803375 0.4485625 0.7675625 0.44037499999999996 0.759390625 0.4963125 0.7614375 0.5167708328125 0.798265625 0.5317916671875 0.79928125 0.5236041671875
2 0.908203125 0.5625833328125001 0.907328125 0.5736458328125 0.908203125 0.5911458328125 0.913 0.5923125 0.92175 0.5911458328125 0.930046875 0.5858958328125 0.9348593749999999 0.5800625 0.9326718749999999 0.5631666671875 0.9243593750000001 0.5521041671875 0.902953125 0.5398541671875 0.8998906249999999 0.5445208328125 0.907328125 0.5521041671875 0.908203125 0.5625833328125001
2 0.3196875 0.15225 0.3176875 0.1455833328125 0.266609375 0.1295625 0.24357812499999998 0.1696041671875 0.23957812500000003 0.1923125 0.2385625 0.1949791671875 0.287640625 0.21233333281250003 0.30065624999999996 0.2163541671875 0.313671875 0.21233333281250003 0.3196875 0.15225
2 0.398125 0.1198333328125 0.377296875 0.15812500000000002 0.37370312499999997 0.1820625 0.408890625 0.20024999999999998 0.4175 0.1964166671875 0.428265625 0.1791875 0.43832812499999996 0.14950000000000002 0.44334375000000004 0.1399375 0.42970312499999996 0.1236666671875 0.398125 0.1198333328125
2 1 0.3577916671875 0.993953125 0.3279791671875 0.966015625 0.3019166671875 0.9688125 0.251625 0.9143437499999999 0.272125 0.9422656249999999 0.3298541671875 0.938078125 0.3559166671875 0.9785937499999999 0.3950208328125 1 0.3577916671875
2 0.2009375 0.8626250000000001 0.19896549531250002 0.8741137140624999 0.20226562499999998 0.8731354171874999 0.20231249999999998 0.8836458328125 0.20959114531249998 0.8765034734375 0.21259375 0.8956458328125001 0.2254375 0.907625 0.248578125 0.9110625000000001 0.261421875 0.9042083328125001 0.267859375 0.8802083328125001 0.23957812500000003 0.8407916671875 0.21558854218749998 0.8693611109375 0.19828125000000002 0.8416041671875 0.16375 0.5683333328125 0.1716744796875 0.5706180562500001 0.17699592343749998 0.5744347828125 0.1795989578125 0.5729027765625 0.18425951093749998 0.5783396734374999 0.1875234375 0.5751875 0.19152309843749998 0.5822445640625 0.19544791718750001 0.5774722234375 0.198786684375 0.58614945625 0.2033723953125 0.57975694375 0.206050271875 0.5900543484375 0.2205774453125 0.5978641312499999 0.29557589218749997 0.64911011875 0.328624484375 0.6772625921875 0.315953125 0.6982708328125 0.321046875 0.7152291671875 0.32359375 0.7378541671875001 0.33546875 0.7525416671875 0.35071875 0.7649791671874999 0.35412499999999997 0.7265416671875 0.36994791718750003 0.7220138890625 0.3748925140625 0.7166760515624999 0.5565419421875 0.8709883734374999 0.388890625 0.7073125 0.357515625 0.6779166671875 0.332078125 0.6564375 0.32953125 0.6564375 0.326984375 0.6643541671875 0.3222676625 0.6525326078125 0.29321331562499997 0.63691304375 0.288966175 0.643479625 0.28235645625 0.6378491296875 0.28594972812499997 0.6330081515625 0.27868614062499997 0.6291032609375 0.2757467375 0.6322186359375 0.2714225546875 0.62519836875 0.26913701875 0.6265881421875 0.2559175828125 0.6153271515625 0.24963179375000003 0.6134836953125 0.2493078640625 0.6096966578125 0.24236820625000002 0.6095788046874999 0.24269814531249997 0.6040661625 0.2351046203125 0.6056739125 0.2360884265625 0.59843566875 0.2278410328125 0.6017690203125 0.229478709375 0.592805175 0.216259271875 0.5815441859375 0.211296875 0.5820416671875 0.209649553125 0.5759136890625001 0.2117265625 0.5711875 0.21387499999999998 0.5169166671875 0.166328125 0.5135 0.164784375 0.5347500000000001 0.163381525 0.5365002296875 0.097284340625 0.48019528281249996 0.0930625 0.4637916671875 0.090674621875 0.47456478906250005 0.0892083328125 0.4757916671875 0.084064903125 0.4689342953125 0.08571875 0.45840773749999997 0.078375 0.45302381093750005 0.0774551859375 0.4633038 0.0708454671875 0.45767330624999997 0.07103125 0.44763988125000004 0.06423574843749999 0.4520428109375 0.0636875 0.4422559515625 0.057626029687500004 0.4464123171875 0.056343750000000005 0.4368720234375 0.05101631250000001 0.4407818234375 0.049 0.4314880953125 0.0450032546875 0.43563628593750003 0.04165625 0.4261041671875 0.037796875 0.4295208328125 0.031375 0.4997916671875 0.0751263015625 0.5214253484375 0.192271484375 0.8550494796875 0.199609375 0.8521145828125001 0.19561848906249998 0.8645815984375 0.2009375 0.8626250000000001
2 0.322578125 0.3207291671875 0.352609375 0.2713333328125 0.324578125 0.2339375 0.29753124999999997 0.2286041671875 0.278515625 0.2099166671875 0.23845312500000002 0.2633125 0.24846875000000002 0.2980416671875 0.240453125 0.32475 0.25046875 0.3340833328125 0.281515625 0.3153958328125 0.322578125 0.3207291671875
2 0.8124218750000001 0.1838541671875 0.8598437499999999 0.1490833328125 0.836125 0.0968958328125 0.783953125 0.13327083281250002 0.77803125 0.14275 0.7910781250000001 0.1838541671875 0.8124218750000001 0.1838541671875
2 0.4970703125 0 0.49583333281249997 0.0058641984375 0.4890625 0 0.48676658125000005 0.03125 0.490625 0.0354166671875 0.486001275 0.0416666671875 0.49140625 0.0458333328125 0.4921875 0.05625 0.48523596874999997 0.05208333281250001 0.4515625 0.5104166671875 0.459375 0.5125 0.4609375 0.5208333328125 0.45125000000000004 0.5225 0.44475446406249997 0.5168154765625 0.41071428593750003 0.5488095234375 0.4109375 0.55625 0.40625 0.5625 0.40390625 0.5552083328124999 0.390290178125 0.5680059515625 0.3890625 0.5604166671875 0.3834821421875 0.5744047625 0.3766741078125 0.5808035703125001 0.371484375 0.575 0.3765625 0.5666666671875 0.2046875 0.3125 0.2015625 0.29375 0.1921875 0.2833333328125 0.1671875 0.28125 0.1684257078125 0.29158805 0.165625 0.2916666671875 0.1703125 0.29375 0.171875 0.3 0.169663915625 0.30192610000000003 0.178125 0.3083333328125 0.170902121875 0.31226414999999996 0.2315742921875 0.8188286171874999 0.23738425937500002 0.8206790125 0.2390625 0.8291666671875 0.2328125 0.8291666671875 0.2296875 0.8333333328125001 0.2296875 0.8416666671874999 0.24375 0.84375 0.2453125 0.85 0.265625 0.8791666671874999 0.271875 0.8770833328125001 0.275 0.8708333328125001 0.278125 0.85 0.284375 0.8479166671874999 0.284375 0.8354166671875 0.28125 0.8291666671875 0.2765625 0.825 0.2671875 0.825 0.2640625 0.81875 0.2578125 0.8145833328125001 0.246875 0.8145833328125001 0.24195601875 0.8121913578125 0.35167824062499997 0.6084876546875 0.35546875 0.6104166671875 0.3546875 0.6208333328125 0.359375 0.6270833328125 0.36875 0.6270833328125 0.4 0.6416666671875 0.4109375 0.6416666671875 0.4234375 0.6125 0.4296875 0.6125 0.4328125 0.6083333328125 0.4375 0.5708333328124999 0.45 0.5708333328124999 0.4578125 0.5729166671875 0.475 0.5625 0.4765625 0.5479166671875 0.6754679953125 0.5495068437499999 0.6646125828125 0.9602339359375 0.67421875 0.95868055625 0.671484375 0.9689236109375001 0.6643342390625 0.9707653984375 0.666947115625 0.9793269234374999 0.6640625 0.98125 0.6640625 0.9895833328125001 0.66875 1 0.6875 1 0.7052083328125 0.9972222234375 0.696875 0.9807291671874999 0.70625 0.98125 0.7125 0.9875 0.7140625 0.9958333328125001 0.715625 0.9979166671874999 0.690625 0.8972222234375 0.7015625 0.85625 0.7203125 0.8583333328125 0.7375 0.86875 0.753125 0.8666666671875 0.753125 0.8583333328125 0.7484375 0.8458333328125001 0.74375 0.8416666671874999 0.7390625 0.825 0.728125 0.825 0.715625 0.8375 0.703125 0.8375 0.7030330874999999 0.8332107828125 0.7515625 0.49791666718750005 0.759375 0.49791666718750005 0.7671875 0.44375 0.765625 0.43333333281249997 0.775971284375 0.4342905390625 0.8010979734375001 0.5009009 0.796875 0.53125 0.7984375 0.5354166671875 0.8046875 0.5354166671875 0.80078125 0.5208333328125 0.8046875 0.5104166671875 0.8057291671875 0.49993055625 0.8140625 0.5083333328124999 0.8140625 0.5229166671875001 0.8890625 0.4875 0.89375 0.49583333281249997 0.900318878125 0.49676870781250004 0.9212691328125 0.5882227890625 0.923828125 0.6432291671875 0.921875 0.6541666671875 0.915625 0.65625 0.915625 0.6645833328124999 0.921875 0.6666666671875 0.9328125 0.6875 0.9296875 0.675 0.9422193875 0.6796768703125 0.9445471937500001 0.6898384359375 0.95 0.6958333328124999 0.95 0.70625 0.95625 0.7083333328125 0.9578125 0.6989583328125 0.965625 0.7020833328125 0.965625 0.7208333328125 0.9703125 0.7208333328125 0.978125 0.7270833328124999 0.990625 0.7270833328124999 0.99375 0.7 0.99375 0.68125 0.990625 0.675 0.9828125 0.675 0.9796875 0.68125 0.971875 0.68125 0.96875 0.6916666671875 0.93989158125 0.66951530625 0.9307736765625 0.6333944515625001 0.92578125 0.6322916671875001 0.927734375 0.6213541671875 0.925852996875 0.6204187921875 0.9259247453125001 0.60854591875 0.9310546875 0.6065104171875 0.931640625 0.5994791671875 0.928125 0.5916666671875 0.9640625 0.5958333328125 0.9671875 0.5916666671875 0.9671875 0.5833333328125 0.9541666671875 0.5944444437499999 0.9442708328125 0.5930555562500001 0.9546875 0.5791666671875 0.95 0.5645833328125 0.9390625 0.5645833328125 0.90953125 0.4960416671875 0.909375 0.4875 0.9375 0.48541666718750004 0.9453125 0.4916666671875 0.9546875 0.4916666671875 0.95625 0.47291666718750003 0.9453125 0.47083333281249995 0.9421875 0.46666666718750005 0.8984375 0.46458333281249997 0.8963541671874999 0.4513888890625 0.8910076531250001 0.45612244999999996 0.8886798468749999 0.4459608828125 0.8942708328125001 0.43819444374999994 0.8863520406250001 0.43579931875 0.8840242343750001 0.4256377546875 0.8921875 0.425 0.89375 0.42291666718750004 0.89375 0.409375 0.8916015625 0.40989583281249997 0.890234375 0.39895833281250004 0.89375 0.3958333328125 0.8875 0.3875 0.8875 0.36875 0.9178571421875 0.3532738109375 0.91875 0.35 0.9265625 0.35208333281250004 0.9296875 0.35625 0.9375 0.35625 0.940625 0.3270833328125 0.9375 0.3229166671875 0.9328125 0.3229166671875 0.92421875 0.2916666671875 0.91875 0.2875 0.91875 0.28125 0.9213541671875 0.28125 0.9671875 0.2541666671875 0.9671875 0.25 0.9584374999999999 0.2570833328125 0.9546875 0.2479166671875 0.9496874999999999 0.26 0.94375 0.253125 0.9409375000000001 0.2629166671875 0.9321875000000001 0.2658333328125 0.9328125 0.25833333281250004 0.9171875 0.25833333281250004 0.9234375 0.26875 0.915625 0.2708333328125 0.915625 0.275 0.903125 0.2791666671875 0.85390625 0.236875 0.853125 0.22916666718749998 0.8640625 0.21875 0.871875 0.21875 0.8859375 0.1979166671875 0.8875 0.18125 0.8796875 0.16875 0.865625 0.16875 0.8578125 0.17916666718750002 0.8515625 0.18125 0.8359375 0.19583333281249998 0.8328125 0.20208333281250002 0.8348958328125 0.20631944375 0.8351403062499999 0.2122448984375 0.8328125 0.21875 0.8328125 0.2272916671875 0.8119791671875 0.43701388906250005 0.7723817562499999 0.42477477500000005 0.7364864859375 0.32961711718750003 0.731657609375 0.3355072453125 0.7304347828125 0.32481883906250003 0.732896959375 0.3201013515625 0.72921195625 0.3141304359375 0.7279891296875001 0.3034420296875 0.7257179046875 0.3010698203125 0.7267663046874999 0.2927536234375 0.7221283781250001 0.2915540546875 0.7185388515625 0.2820382875 0.725543478125 0.2820652171875 0.721875 0.25 0.73125 0.24375 0.73125 0.2270833328125 0.7240624999999999 0.22458333281249998 0.725 0.1895833328125 0.7359375 0.1895833328125 0.7390625 0.1833333328125 0.7375 0.16458333281249998 0.734375 0.15625 0.7265625 0.1541666671875 0.721875 0.14791666718750002 0.7234375 0.0479166671875 0.7328125 0.0479166671875 0.7375 0.0416666671875 0.7515625 0.0416666671875 0.7546875 0.0375 0.75625 0.025 0.753125 0.0083333328125 0.7484375 0 0.71875 0 0.690625 0.0208333328125 0.6890625 0.0166666671875 0.6858016296875 0.14248188281250002 0.6921875 0.14791666718750002 0.6890625 0.1520833328125 0.6796875 0.1520833328125 0.671875 0.1583333328125 0.55 0.0527777765625 0.54375 0.05 0.5432291671875 0.04691358125 0.54921875 0.0416666671875 0.5546875 0.0333333328125 0.55625 0.00625 0.553125 0 0.4970703125 0