1 0.438390625 0.8286288421875 0.4293125 0.8307801421875001 0.41237500000000005 0.8350354609374999 0.40590624999999997 0.8478723406249999 0.40812499999999996 0.8643498812500001 0.41135937499999997 0.8747281328125001 0.42709374999999994 0.8774704484375 0.439609375 0.8707565015625001 0.4496875 0.8524349875 0.46079687500000005 0.8426713953125 0.46059374999999997 0.8326004734374999 0.45373437499999997 0.8326004734374999 0.438390625 0.8286288421875
1 0.594140625 0.855815603125 0.594140625 0.8371867609375 0.573046875 0.8318676125 0.515046875 0.823900709375 0.502734375 0.8345390078125 0.50625 0.8531442078125 0.51328125 0.8611347515625001 0.5203125 0.8611347515625001 0.5185625 0.8664539 0.56778125 0.8611347515625001 0.594140625 0.855815603125
1 0.678765625 0.9617966906250001 0.7233125 0.9438297875 0.7233125 0.9640425531249999 0.741140625 0.9797635937500001 0.807984375 0.9707801421875001 0.85253125 0.9685342796875 0.861453125 0.94607565 0.84065625 0.9191016546874999 0.8109531249999999 0.912364065625 0.769359375 0.912364065625 0.741140625 0.894373521875 0.7129218749999999 0.8966193859375 0.659453125 0.8966193859375 0.6445937500000001 0.912364065625 0.63865625 0.941583925 0.640140625 0.9438297875 0.6490625 0.959550828125 0.678765625 0.9617966906250001
1 0.48965625 0.5802836874999999 0.491515625 0.62817966875 0.510125 0.653522459375 0.56040625 0.661962175 0.543640625 0.6366193859375 0.510125 0.5915602843750001 0.48965625 0.5802836874999999
1 0.33773437500000003 0.8013947984374999 0.34181249999999996 0.8013947984374999 0.347140625 0.8020094562500001 0.35164062500000004 0.8051063828125 0.356140625 0.8051063828125 0.360234375 0.805721040625 0.37821875 0.78406619375 0.40317187499999996 0.7865484640625 0.41381249999999997 0.7908747046875 0.42403124999999997 0.799550828125 0.42976562500000004 0.8007801421874999 0.443265625 0.800165484375 0.444078125 0.7902600468750001 0.44039062500000004 0.7785106390625 0.42485937500000004 0.7710874703124999 0.41381249999999997 0.7729314421875 0.397453125 0.7747990546875 0.3626875 0.7785106390625 0.347140625 0.7877777781249999 0.34385937499999997 0.7877777781249999 0.33404687499999997 0.7927423171875 0.33773437500000003 0.8013947984374999
1 0.27865625 0.77163120625 0.30034375 0.77163120625 0.338171875 0.767872340625 0.34249999999999997 0.7613002359375 0.344375 0.7509929078125 0.321421875 0.75004728125 0.2898125 0.75004728125 0.273078125 0.7509929078125 0.263765625 0.7509929078125 0.2581875 0.755673759375 0.268734375 0.766004728125 0.27865625 0.77163120625
1 0.49990625 0.87172576875 0.50490625 0.8553427890625 0.503234375 0.837683215625 0.501578125 0.8250591015625 0.484078125 0.8225531921875 0.45906250000000004 0.8250591015625 0.46490625 0.8288416078124999 0.45490624999999996 0.8553427890625 0.4640625 0.875508275 0.48240625000000004 0.884326240625 0.49990625 0.87172576875
1 0.5801406250000001 0.7109929078125 0.58440625 0.7109929078125 0.58865625 0.7061702125 0.59078125 0.6836170218750001 0.579078125 0.6481560281250001 0.56309375 0.6304491718749999 0.555640625 0.6400945625000001 0.579078125 0.6965011828125001 0.555640625 0.6674940890625 0.5684218750000001 0.7061702125 0.5801406250000001 0.7109929078125
1 0.454078125 0.5010165484375 0.456234375 0.5085106390624999 0.46548437500000006 0.5107565015625 0.47874999999999995 0.5089361703125 0.490703125 0.49959810937500004 0.49275 0.4933806140625 0.4851875 0.493522459375 0.482203125 0.490401890625 0.481265625 0.48574468125000003 0.48107812499999997 0.48503546093749994 0.48117187499999997 0.484326240625 0.47435937499999997 0.487730496875 0.46175 0.490401890625 0.455109375 0.4953664296875 0.454078125 0.5010165484375
1 0.418359375 0.8169030734374999 0.42024999999999996 0.8054137109375 0.418359375 0.7948936171875001 0.40634375 0.7891489359375 0.38609375 0.78434988125 0.377234375 0.78434988125 0.37090625 0.79392435 0.36267187500000003 0.8111583921875001 0.362046875 0.8149881796875 0.369640625 0.8159574468749999 0.389890625 0.8159574468749999 0.41014062500000004 0.8207328609375001 0.418359375 0.8169030734374999
1 0.215484375 0.7537588656249999 0.23478125 0.7585579203124999 0.256171875 0.7529550828125 0.269390625 0.742174940625 0.26753125 0.734184396875 0.2564375 0.7433806140625 0.24084374999999997 0.7433806140625 0.22025 0.7373758859375 0.21046874999999998 0.719787234375 0.20465624999999998 0.71817966875 0.20465624999999998 0.7317730499999999 0.215484375 0.7537588656249999
1 0.30978125 0.4808037828125 0.305140625 0.47730496406249995 0.30359375 0.4749645390625 0.302390625 0.47529550781249996 0.30293749999999997 0.47730496406249995 0.303703125 0.48047281249999996 0.303703125 0.4833096921875 0.303703125 0.48799054374999995 0.307671875 0.49784870000000003 0.308890625 0.49950354687500004 0.315625 0.48631205624999996 0.30978125 0.4808037828125