1 0.104671875 0.6391041671875 0.101765625 0.6487916671875 0.096453125 0.6229791671875 0.091609375 0.6216875 0.084828125 0.632 0.078046875 0.6203958328125 0.07225000000000001 0.6229791671875 0.06934375000000001 0.632 0.06546874999999999 0.6326458328125 0.060140625 0.6455625 0.062078125 0.6500833328125 0.059171875 0.6545833328125 0.0625625 0.6668541671875 0.06740625 0.6758958328125 0.07660937500000001 0.6907291671875 0.084828125 0.7010625 0.098375 0.6997708328125001 0.1119375 0.6958958328125 0.113390625 0.6875 0.10903125 0.6784791671875 0.10903125 0.6720208328124999 0.11629687500000001 0.6533125 0.11870312499999999 0.635875 0.115328125 0.6313541671875 0.104671875 0.6391041671875
1 0.1861875 0.6544166671875 0.1749375 0.6437083328125001 0.16875 0.6403541671874999 0.163703125 0.6415625 0.16003125 0.641875 0.153828125 0.6427916671875 0.148328125 0.6486041671875 0.14603125 0.6608333328125 0.13868750000000002 0.6675833328125 0.134328125 0.6733958328125 0.152453125 0.685625 0.167828125 0.6929583328125 0.17540625 0.6963333328125 0.18021875 0.6923541671875 0.18067187499999998 0.6914374999999999 0.184125 0.6850208328125 0.18365625000000002 0.6837916671875 0.19078124999999999 0.680125 0.196515625 0.67125 0.195140625 0.6626875 0.1861875 0.6544166671875
1 0.18309375 0.6040625000000001 0.186546875 0.6068125 0.198984375 0.6128125 0.20625 0.6197083328125 0.21418750000000003 0.6247916671875 0.22593749999999999 0.6238541671875 0.228359375 0.6132708328125 0.234921875 0.6128125 0.23560937499999998 0.6054375000000001 0.23284375000000002 0.5966875 0.22939062500000001 0.5883958328125 0.22282812500000002 0.5833333328125 0.21453125 0.5833333328125 0.20175 0.5819375 0.198984375 0.5888541671875 0.19207812500000002 0.5966875 0.18309375 0.6040625000000001
1 0.25725 0.5890833328125 0.263 0.5946041671875 0.263953125 0.5941875 0.272890625 0.5869375 0.280234375 0.5771458328125 0.283109375 0.5695 0.28246875 0.560125 0.27545312499999997 0.5511874999999999 0.25853125 0.548625 0.24734375000000003 0.5494791671875 0.242875 0.5516041671874999 0.24096875 0.5596875 0.242234375 0.5707708328125001 0.2518125 0.5754583328125 0.255328125 0.5822708328124999 0.25725 0.5890833328125
1 0.3316875 0.4919583328125 0.325015625 0.48352083281249997 0.31603125 0.4808541671875 0.313046875 0.48129166718749994 0.309703125 0.48306250000000006 0.309375 0.49506249999999996 0.311046875 0.4995 0.325359375 0.5026041671875 0.32601562500000003 0.504375 0.33234375 0.51725 0.33834375 0.5199166671875 0.33934375 0.5119166671875 0.3316875 0.4919583328125
1 0.735578125 0.4481458328125 0.7318125 0.42054166718749997 0.712984375 0.42054166718749997 0.697921875 0.43433333281250003 0.705453125 0.46320833281249996 0.73275 0.4682291671875 0.7261562500000001 0.4657291671875 0.7318125 0.4657291671875 0.735578125 0.4481458328125
1 0.8245156250000001 0.5716041671875 0.8376875 0.5575625 0.8403124999999999 0.5475416671875 0.833546875 0.5475416671875 0.835046875 0.5355000000000001 0.832046875 0.5349999999999999 0.82715625 0.5385 0.8241406250000001 0.5324791671875 0.821125 0.5385 0.81775 0.5304791671875 0.8136093750000001 0.5435208328125001 0.807953125 0.5344791671875 0.8045781249999999 0.5470208328124999 0.7989375 0.538 0.798546875 0.5490416671875 0.7929062499999999 0.5435208328125001 0.7932812499999999 0.5470208328124999 0.795546875 0.5630833328125 0.8019375 0.5701041671875 0.80984375 0.5781458328125 0.8139843750000001 0.5786458328124999 0.8185 0.572125 0.8245156250000001 0.5716041671875
1 0.8499531250000001 0.5449583328125 0.8400624999999999 0.5432291671875 0.8377343749999999 0.5598541671875 0.8364218749999999 0.5765 0.8496874999999999 0.5789375 0.861640625 0.5789375 0.86371875 0.5577916671875001 0.858 0.5563958328124999 0.8499531250000001 0.5449583328125
1 0.092703125 0.6310833328125 0.10785937500000001 0.6310833328125 0.12134375 0.6333333328124999 0.12471874999999999 0.6153541671875 0.136515625 0.6018749999999999 0.13314062499999998 0.5636666671875 0.11629687500000001 0.5636666671875 0.094375 0.5636666671875 0.07078124999999999 0.5681666671875 0.07921875 0.5726666671875 0.050562499999999996 0.5838958328125 0.05225 0.6355833328125 0.058984375 0.6513125 0.092703125 0.6310833328125
1 0.23440625 0.4652291671875 0.23321874999999997 0.4627083328125 0.22953125000000002 0.4616458328125 0.2210625 0.4618958328125 0.21767187500000001 0.4623125 0.214484375 0.46204166718749995 0.210890625 0.46310416718749997 0.21109375 0.4649583328125 0.215375 0.4655 0.21696875000000002 0.4674791671875 0.21667187499999999 0.4674791671875 0.22354687499999998 0.4684166671875 0.22962500000000002 0.4682916671875 0.232421875 0.46775 0.23440625 0.4652291671875
1 0.2481875 0.43131250000000004 0.24651562500000002 0.43485416718750003 0.24918749999999998 0.4370833328125 0.252515625 0.4370833328125 0.25284375 0.43885416718750003 0.25584375000000004 0.43975 0.258171875 0.4423958328125 0.261171875 0.4423958328125 0.26382812499999997 0.44683333281250004 0.267484375 0.44506249999999997 0.270484375 0.4455 0.27315625 0.4423958328125 0.27714062500000003 0.4437291671875 0.27714062500000003 0.43975 0.27946875000000004 0.43929166718749996 0.2778125 0.43264583281249996 0.2728125 0.42731250000000004 0.2645 0.4259791671875 0.2565 0.42554166718750003 0.253515625 0.42420833281250003 0.2511875 0.4259791671875 0.2481875 0.43131250000000004
1 0.750921875 0.5276458328125 0.753609375 0.52525 0.75653125 0.5198750000000001 0.7578750000000001 0.5121041671875 0.75696875 0.5088125 0.7551875 0.5073333328125 0.75271875 0.507625 0.75046875 0.5103125000000001 0.7475625 0.5142083328125 0.74778125 0.5052291671875 0.744421875 0.5043333328124999 0.743078125 0.5064375 0.7419687500000001 0.5115208328125 0.739046875 0.5168958328125 0.7341249999999999 0.5025416671875 0.732328125 0.5037499999999999 0.730765625 0.5088125 0.729640625 0.5147916671874999 0.72784375 0.5186875 0.7267187500000001 0.5261458328125 0.7282968750000001 0.5288333328125 0.7343437500000001 0.5324166671875 0.7341249999999999 0.5351041671875 0.738375 0.5381041671875 0.73971875 0.5387083328125 0.741296875 0.5405 0.74465625 0.5407916671875 0.7502500000000001 0.5387083328125 0.74778125 0.5330208328125 0.7480156250000001 0.5291458328124999 0.750921875 0.5276458328125
1 0.8368125 0.5773541671875 0.8385624999999999 0.5605416671875 0.8250781249999999 0.5703958328125001 0.8176875000000001 0.5721458328125 0.8137812500000001 0.58025 0.8098593749999999 0.588375 0.805078125 0.5982291671875 0.80290625 0.6040208328125 0.8059531249999999 0.6121458328125 0.805515625 0.6196666671875 0.8037812499999999 0.6272083328125 0.806390625 0.63475 0.8098593749999999 0.6306875 0.83159375 0.5982291671875 0.8511562500000001 0.5814166671875001 0.8576874999999999 0.5808333328125 0.8368125 0.5773541671875