2 0.496484375 0.3105868546875 0.496484375 0.3294131453125 0.501171875 0.3482394359375 0.554421875 0.378826290625 0.65153125 0.40706572812499997 0.71575 0.421173709375 0.75646875 0.421173709375 0.75646875 0.36941314531249997 0.750203125 0.3482394359375 0.6969531250000001 0.34117370937499997 0.588875 0.3364788734375 0.512140625 0.312934271875 0.51996875 0.31530516406250003 0.512140625 0.298826290625 0.496484375 0.3105868546875
2 0.401171875 0.553286384375 0.406875 0.5804225359374999 0.41828125 0.6061267609375001 0.43729687500000003 0.6361267609375 0.441109375 0.6675586859375 0.46678125000000004 0.7004225359375 0.49340624999999994 0.7246948359375 0.49245312500000005 0.7161267609374999 0.49625 0.6889906109374999 0.5114687499999999 0.6846948359375 0.523828125 0.691854459375 0.522875 0.681854459375 0.5143125000000001 0.6589906109375 0.481984375 0.6204225359375 0.4563125 0.5875586859374999 0.44585937500000006 0.564718309375 0.42114062499999994 0.5375586859375 0.42303125 0.5318544593750001 0.41067187499999996 0.541854459375 0.401171875 0.553286384375
2 0.7173125 0.701173709375 0.726703125 0.6964788734375 0.6938125 0.6682394359375 0.635875 0.6094131453125 0.563828125 0.578826290625 0.524671875 0.578826290625 0.549734375 0.62589201875 0.593578125 0.6705868546875 0.6828593749999999 0.7505868546875 0.701640625 0.7482394359375 0.70321875 0.7246948359375 0.7173125 0.701173709375
2 0.485515625 0.792934271875 0.452625 0.7246948359375 0.452625 0.6705868546875 0.435390625 0.6564788734375 0.43853125000000004 0.6282394359375 0.399375 0.57410798125 0.375875 0.5976525828125 0.41034375 0.7223474171875 0.46515625 0.8188262906249999 0.485515625 0.792934271875
2 0.526625 0.8273474171874999 0.5293593750000001 0.8386150234375 0.554578125 0.8580751171875001 0.5722968749999999 0.8683098593749999 0.57775 0.8693427234375 0.59275 0.876502346875 0.5995781250000001 0.87446009375 0.606390625 0.8560328640625 0.61525 0.8447652578125 0.613890625 0.8191549296874999 0.60775 0.806854459375 0.5975312500000001 0.8038028171875 0.58253125 0.8007277 0.557984375 0.8017370890625 0.547078125 0.7996948359375 0.5423125 0.8140375593750001 0.534125 0.8109624406249999 0.511625 0.7618075125 0.510265625 0.7628169015624999 0.5061718749999999 0.7638497656250001 0.509578125 0.77 0.5123125 0.7843427234375 0.517765625 0.8017370890625 0.526625 0.8273474171874999
2 0.60790625 0.9162676062499999 0.6232031250000001 0.9041079812499999 0.6245625 0.8932863843750001 0.6200625 0.87910798125 0.6151093750000001 0.8709859156249999 0.604765625 0.8689671359375 0.594421875 0.8716666671875 0.5822812500000001 0.8703051640625 0.570140625 0.8642253515625 0.5494375 0.8595070421875001 0.556640625 0.8939671359375 0.570140625 0.9189671359375 0.59171875 0.9318075125 0.593078125 0.933826290625 0.598015625 0.9250469484374999 0.60790625 0.9162676062499999
2 0.7760625 0.6772769953125 0.771984375 0.6772769953125 0.7624375 0.6731690140625 0.75084375 0.6711267609375 0.74265625 0.667042253125 0.734484375 0.6516666671875 0.71403125 0.6342723 0.69903125 0.62197183125 0.69290625 0.610704225 0.68403125 0.6086619718749999 0.67653125 0.60661971875 0.664265625 0.61481220625 0.660859375 0.6281220656250001 0.66221875 0.6363145546875 0.668359375 0.6383568078125 0.675171875 0.6516666671875 0.6888124999999999 0.6639671359375 0.701765625 0.6701173703125 0.7085781250000001 0.6854694828125 0.7147187500000001 0.6803521124999999 0.726984375 0.6926291078125 0.735171875 0.6998122062500001 0.749484375 0.7161971828125 0.7617499999999999 0.7254225359375 0.77334375 0.7489671359375001 0.78425 0.7428169015625 0.782203125 0.7325821593749999 0.793109375 0.7213145546875 0.79584375 0.7192723 0.786296875 0.7141549296874999 0.7774375 0.7038967140625 0.763109375 0.6905868546875 0.7760625 0.6905868546875 0.789015625 0.686502346875 0.78696875 0.6793192484375 0.7760625 0.6772769953125
2 0.819109375 0.781173709375 0.820671875 0.7482394359375 0.806578125 0.7223474171875 0.754890625 0.69410798125 0.726703125 0.6964788734375 0.701640625 0.73410798125 0.714171875 0.77410798125 0.79875 0.81410798125 0.8034531250000001 0.807065728125 0.8034531250000001 0.8 0.819109375 0.781173709375
2 0.7339687500000001 0.655258215625 0.7545625 0.678145540625 0.7875156249999999 0.681854459375 0.7887500000000001 0.6868075124999999 0.7644375 0.6892957749999999 0.7730937499999999 0.699201878125 0.78421875 0.7128169015625 0.7945156250000001 0.7288967140625 0.799875 0.7375586859375 0.80728125 0.7313849765625 0.814703125 0.7363145546875 0.8196406250000001 0.73694835625 0.825 0.7307511734375 0.820875 0.7078638500000001 0.8085156250000001 0.6985680750000001 0.785453125 0.6744366203125 0.7772187500000001 0.6676291078125 0.74384375 0.6478169015625 0.7294375 0.6391549296875 0.726953125 0.6416431921875 0.7339687500000001 0.655258215625
2 0.8383593749999999 0.6408215968750001 0.835609375 0.6408215968750001 0.831609375 0.6359389671875 0.827359375 0.6242723 0.8148593749999999 0.619014084375 0.8068593749999999 0.6276525828125 0.79984375 0.6246478875 0.78609375 0.6242723 0.77134375 0.629929578125 0.7560781249999999 0.638568075 0.746078125 0.64269953125 0.753078125 0.6524647890625 0.7798437500000001 0.6689906109375 0.79584375 0.68626760625 0.8218593750000001 0.7061971828125 0.825109375 0.7347417843749999 0.833109375 0.7257277 0.835609375 0.7148356812500001 0.841359375 0.7009389671874999 0.8571249999999999 0.6907746484375 0.8453593749999999 0.6674882625 0.833859375 0.654718309375 0.831859375 0.6539671359375 0.836109375 0.6487089203124999 0.8383593749999999 0.6408215968750001
2 0.6896718749999999 0.43497652656249997 0.704234375 0.43497652656249997 0.7224375000000001 0.4308685453125 0.73790625 0.43497652656249997 0.7160624999999999 0.4732394359375 0.75246875 0.50197183125 0.7815937500000001 0.49786385 0.815265625 0.496502346875 0.8189062500000001 0.47598591562500003 0.8207187499999999 0.4650469484375 0.8261875 0.4472769953125 0.8088906250000001 0.43497652656249997 0.807984375 0.43497652656249997 0.7670312499999999 0.41446009375 0.75246875 0.41446009375 0.66509375 0.4076291078125 0.661453125 0.41582159687500003 0.67875 0.42129107968749996 0.6896718749999999 0.43497652656249997
2 0.362921875 0.935704225 0.383265625 0.8982159624999999 0.37771875 0.8579577468749999 0.386953125 0.8301877937500001 0.41559375000000004 0.821877934375 0.43039062499999997 0.8551877937500001 0.44701562499999997 0.9121126765625001 0.462734375 0.9176525828125 0.477515625 0.9079342718750001 0.4655 0.88018779375 0.45440625 0.8232629109375 0.45534375000000005 0.8052112671874999 0.45903124999999995 0.7982629109375 0.42946875 0.759389671875 0.40728125000000004 0.7094131453125 0.393421875 0.692746478125 0.37679687500000003 0.710798121875 0.37309375 0.763568075 0.362921875 0.7802112671875 0.35368750000000004 0.8079812203125 0.346296875 0.8482394359375001 0.337984375 0.8871126765625 0.32873437499999997 0.9246009390625 0.33428125 1 0.350921875 0.9676525828125 0.362921875 0.935704225
2 0.503125 0.6478873234375 0.4868489578125 0.707159625 0.4859375 0.7183098593749999 0.47890625 0.7124413140625 0.453125 0.6830985921875 0.459375 0.6909233171875 0.45703125 0.6948356812500001 0.465625 0.6987480453125 0.4609375 0.7065727703125 0.4640625 0.7230046953125 0.453125 0.7276995312500001 0.4703125 0.7629107984375 0.48602594374999997 0.7823987953125 0.421285378125 0.8270440265625 0.409375 0.8239436625 0.3859375 0.8333333328125001 0.378125 0.8568075125 0.3828125 0.896713615625 0.38125 0.927230046875 0.3859375 0.943661971875 0.39375 0.9553990609375 0.4046875 0.9624413140625 0.4203125 0.9624413140625 0.434375 0.950704225 0.4546875 0.9906103281249999 0.465625 0.9976525828125 0.48125 0.9976525828125 0.4890625 0.992957746875 0.5 0.976525821875 0.5046875 0.950704225 0.4765625 0.910798121875 0.47734375 0.894366196875 0.51875 0.8403755875 0.5296875 0.8450704218749999 0.546875 0.8732394359375 0.5515625 0.8732394359375 0.5515625 0.8615023468749999 0.60625 0.8615023468749999 0.60625 0.87089201875 0.6140625 0.87089201875 0.621875 0.8849765265625 0.621875 0.9084507046875 0.625 0.913145540625 0.628125 0.95305164375 0.634375 0.9624413140625 0.64375 0.9624413140625 0.65 0.9483568078125 0.64375 0.910798121875 0.64375 0.90375586875 0.646875 0.8990610328124999 0.6515625 0.9061032859375 0.6875 0.8990610328124999 0.6984375 0.88732394375 0.7078125 0.8591549296875 0.7171875 0.8568075125 0.7234375 0.8497652578125001 0.734375 0.8661971828125001 0.7453125 0.8732394359375 0.765625 0.87089201875 0.7796875 0.8521126765625 0.784375 0.8309859156250001 0.7828125 0.8098591546874999 0.7796875 0.8051643187499999 0.7390625 0.7863849765625 0.73125 0.7863849765625 0.7296875 0.7816901406250001 0.715625 0.7769953046875 0.7072916671875 0.7535211265624999 0.7015625 0.7488262906250001 0.703125 0.7417840375 0.696875 0.7511737093749999 0.68125 0.7511737093749999 0.6203125 0.6948356812500001 0.622700471875 0.688147753125 0.6730542453125 0.6534236875 0.6772177421875 0.644404059375 0.6802476421875 0.64846310625 0.6874410375 0.6435025234375 0.7167842734375001 0.6489474484375 0.71875 0.6384976531250001 0.7234375 0.6431924875 0.72469758125 0.6498561265625 0.7265625 0.64553990625 0.7328125 0.6431924875 0.7326108875 0.650764803125 0.740625 0.6478873234375 0.74052419375 0.65167348125 0.75625 0.6572769953125001 0.753125 0.652582159375 0.7571875 0.6450704218750001 0.7546875 0.6408450703125 0.7578125 0.62910798125 0.7609375 0.636150234375 0.759375 0.61267605625 0.7609375 0.59624413125 0.7671875 0.59624413125 0.7703125 0.589201878125 0.7828125 0.586854459375 0.7875 0.5915492953125 0.7936848953125 0.5903266828125 0.79375 0.5915492953125 0.796875 0.5845070421874999 0.8015625 0.5915492953125 0.8 0.6103286390625 0.8046875 0.6173708921875 0.83125 0.6173708921875 0.8375 0.6314553984375 0.834375 0.6384976531250001 0.8375 0.6408450703125 0.834375 0.6572769953125001 0.8484375 0.6737089203125 0.8546875 0.6877934265625 0.8546875 0.6948356812500001 0.8703125 0.6971830984375 0.88125 0.7136150234375 0.896875 0.7112676062500001 0.9046875 0.6924882625000001 0.9140625 0.6901408453125 0.921875 0.6760563375 0.940625 0.6760563375 0.9515625 0.6901408453125 0.9625 0.6901408453125 0.971875 0.6807511734375 0.975 0.669014084375 0.9734375 0.6502347421875 0.9671875 0.6408450703125 0.959375 0.636150234375 0.9484375 0.6384976531250001 0.9390625 0.6267605640625 0.9234375 0.622065728125 0.9234375 0.61267605625 0.93125 0.59859155 0.94375 0.59624413125 0.95 0.603286384375 0.9609375 0.603286384375 0.9703125 0.5938967140625 0.9734375 0.582159625 0.971875 0.56338028125 0.965625 0.5539906109375 0.9578125 0.549295775 0.9453125 0.5539906109375 0.9390625 0.5469483562499999 0.93125 0.5446009390625 0.91875 0.5539906109375 0.909375 0.549295775 0.9 0.5516431921875 0.89375 0.5586854453125001 0.8859375 0.5774647890625 0.8765625 0.5680751171875 0.853125 0.5751173703125 0.84375 0.5657277 0.8359375 0.5704225359375 0.83125 0.57981220625 0.8265625 0.5774647890625 0.81875 0.582159625 0.815625 0.5915492953125 0.796875 0.5774647890625 0.79375 0.572769953125 0.784375 0.5657277 0.7765625 0.5704225359375 0.7671875 0.5657277 0.7625 0.5680751171875 0.7621744796875001 0.5854362281250001 0.7578125 0.5915492953125 0.754296875 0.584213615625 0.6755208328125 0.57198748125 0.66875 0.572769953125 0.6609375 0.5657277 0.659765625 0.5695422531250001 0.65 0.5680751171875 0.6453125 0.5586854453125001 0.6440104171875001 0.5670970265624999 0.6361328125 0.5658744125 0.6359375 0.5539906109375 0.6296875 0.5305164312499999 0.61875 0.516431925 0.6015625 0.5117370890624999 0.5953125 0.5046948359375001 0.5828125 0.5 0.559375 0.5070422531250001 0.553125 0.5023474171875 0.546875 0.4882629109375 0.5359375 0.474178403125 0.5203125 0.46948356875 0.50625 0.476525821875 0.4875 0.4788732390625 0.4828125 0.474178403125 0.4796875 0.4647887328125 0.471875 0.460093896875 0.465625 0.4624413140625 0.4609375 0.4718309859375 0.4609375 0.48591549218749996 0.4703125 0.5 0.46875 0.5375586859375 0.4640625 0.5446009390625 0.46282552031249996 0.5389769171875 0.4546875 0.5446009390625 0.45494791718750005 0.537754303125 0.45 0.5352112671875 0.4470703125 0.5365316906250001 0.43919270781249997 0.535309078125 0.4375 0.525821596875 0.4328125 0.5234741781250001 0.4313151046875 0.5340864625 0.425 0.5281690140624999 0.4234375 0.53286385 0.4234375 0.542253521875 0.4421875 0.5610328640625 0.4578125 0.5915492953125 0.503125 0.6478873234375