2 0.5070416671875 0 0.5132916671875 0.03896875 0.46947916718749994 0.168078125 0.4256666671875 0.28075 0.4287916671875 0.3394375 0.47887500000000005 0.351171875 0.5195624999999999 0.229109375 0.5508541671875 0.149296875 0.5696458328125 0.05304687500000001 0.5821666671875 0.008453125 0.557125 0 0.5070416671875 0
2 0.42039583281250004 0.477375 0.49533333281249997 0.485546875 0.5048541671875 0.47328125 0.5035000000000001 0.45999999999999996 0.48579166718750005 0.435484375 0.3890625 0.42934374999999997 0.3727083328125 0.44671874999999994 0.3672708328125 0.45999999999999996 0.42039583281250004 0.477375
2 0.2415 0.16896875 0.2902916671875 0.16990624999999998 0.3140625 0.16240625 0.3128125 0.144578125 0.2953125 0.1295625 0.28279166718750004 0.117359375 0.2652708328125 0.10610937499999999 0.24402083281250003 0.077015625 0.23900000000000002 0.060125 0.2027291671875 0.0610625 0.1977291671875 0.09296875 0.18895833281250002 0.09859375000000001 0.1914583328125 0.120171875 0.2415 0.16896875
2 0.6905416671875 0.16453125 0.6319583328125 0.187140625 0.6219166671874999 0.2285625 0.6604166671875 0.242375 0.6905416671875 0.19090625 0.6905416671875 0.16453125
2 0.40737500000000004 0.053734375 0.4228333328125 0.055390625000000006 0.42393749999999997 0.10590625000000001 0.4416041671875 0.11667187500000001 0.5067708328125 0.02225 0.4449166671875 0.0056875 0.44712500000000005 0.0073437500000000005 0.43166666718749996 0.0255625 0.40737500000000004 0.053734375
2 0.39075000000000004 0.09640625 0.3161875 0.112078125 0.31916666718750003 0.14115625 0.4056666671875 0.138921875 0.3967291671875 0.09865625 0.39075000000000004 0.09640625
2 0 0.41760937499999995 0.0084166671875 0.43246874999999996 0.08562499999999999 0.380046875 0.1555416671875 0.317453125 0.1409166671875 0.2931875 0.1137916671875 0.29553124999999997 0.0845833328125 0.305703125 0.031375 0.320578125 0.0052916671875 0.33465625 0 0.3651875 0 0.41760937499999995
2 0 0.47940625 0.0170208328125 0.475484375 0.1682916671875 0.415234375 0.2162916671875 0.3808125 0.19960416718750001 0.36046875 0.1662083328125 0.34090625 0.13908333281250002 0.32525 0.1213541671875 0.32446875 0.10152083281249999 0.34246875 0.08170833281249999 0.3628125 0.034749999999999996 0.397234375 0 0.42384374999999996 0 0.44106249999999997 0 0.45592187500000003 0 0.47940625
2 0.1695625 0.530875 0.00043750000000000006 0.51753125 0.00043750000000000006 0.57628125 0.0502708328125 0.568265625 0.1695625 0.530875
2 0.0125833328125 0.594859375 0.0195625 0.63065625 0.1627708328125 0.645578125 0.2463125 0.6261875 0.4024583328125 0.588890625 0.5864375 0.5202656250000001 0.5804791671875 0.47328125 0.49095833281249995 0.47253125 0.4491875 0.48221875000000003 0.1985625 0.52921875 0.1150208328125 0.55309375 0.018562500000000003 0.5791875 0.0125833328125 0.594859375
2 0.34729166718750004 0.46535937499999996 0.30797916718749996 0.5034375 0.25064583281249997 0.48378125 0.1916666671875 0.47273437500000004 0.108125 0.4751875 0.11139583281250001 0.50221875 0.17364583281249998 0.512046875 0.27029166718750003 0.528015625 0.42756249999999996 0.49115624999999996 0.4242916671875 0.4751875 0.34729166718750004 0.46535937499999996
2 0.599125 0.389609375 0.5506458328125 0.42078125 0.5090833328125 0.451953125 0.5125625 0.47273437500000004 0.5783541671875 0.475328125 0.6441458328125 0.42596875 0.7065 0.44934375 0.6683958328124999 0.36103125 0.658 0.35584375 0.6441458328125 0.387015625 0.599125 0.389609375