3 0.5926470593750001 0.7477450984375 0.6046732031250001 0.7532026140625 0.6270751640625 0.7592156859375 0.653856209375 0.75702614375 0.662042484375 0.7537581703125 0.654934640625 0.7144117640625 0.659852940625 0.6909150328125 0.666960784375 0.67944444375 0.6822712421875 0.658120915625 0.6997549015625 0.6455555562499999 0.7013888890625 0.64392156875 0.6888235296875 0.6291666671875 0.6664215687499999 0.617696078125 0.6456535953125 0.61331699375 0.6254411765625 0.61331699375 0.599199346875 0.61986928125 0.5751633984375 0.637908496875 0.5604084968749999 0.6646895421875 0.5609477125 0.673431371875 0.5609477125 0.67616013125 0.5642320265625 0.7062091500000001 0.5697058828125 0.7215196078125 0.5757026140625 0.7335294125 0.5926470593750001 0.7477450984375
3 0.7567973859375 0.8015522875000001 0.7832026140624999 0.793725490625 0.796895425 0.7819934640625 0.8203758171875 0.7467810453125 0.82133986875 0.7272058828125 0.8193954250000001 0.694934640625 0.8047222218750001 0.67633986875 0.7880882359375 0.6548202609375 0.7753758171875 0.6470098046875 0.7509150328125 0.63918300625 0.741143790625 0.6401633984374999 0.7284150328125001 0.6401633984374999 0.712777778125 0.6401633984374999 0.7000490203124999 0.6450490203125 0.683431371875 0.6567810453125 0.6579901953125 0.6880882359375 0.6540849671875 0.7144934640625 0.6628921562500001 0.7487254906249999 0.6697385625 0.7673202609375 0.683431371875 0.7849183 0.7020098046875 0.7917647062500001 0.71668300625 0.7907843140625 0.7342973859375 0.7927450984375 0.7567973859375 0.8015522875000001
3 0.460669934375 0.660669934375 0.4741503265625 0.6629248359375 0.48764705937499997 0.6561764703125 0.505620915625 0.6382026140625 0.4988725484375 0.5865196078125 0.49437908437500006 0.5617973859375 0.4561764703125 0.5438235296875 0.426960784375 0.539330065625 0.391013071875 0.539330065625 0.3685457515625 0.5685457515625 0.35504902031249996 0.591013071875 0.3617973859375 0.606748365625 0.3528104578125 0.6449509796874999 0.37527777812499996 0.678643790625 0.38426470625000003 0.6831535953125 0.4134803921875 0.6561764703125 0.460669934375 0.660669934375
3 0.775277778125 0.8359477125 0.7528104578125 0.806748365625 0.7280882359375 0.7977450984375001 0.6921405234375 0.7910130718749999 0.6741503265625 0.7910130718749999 0.6314542484375 0.8179738562500001 0.608986928125 0.8719117640625 0.61573529375 0.8988725484375 0.6539379078125 0.9640522875 0.78202614375 0.9101143796875 0.7865196078125 0.8808986921875 0.775277778125 0.8359477125
3 0.4160620921875 0.8424673203124999 0.40637254843750004 0.8547222218750001 0.3902450984375 0.8773039218750001 0.38120915 0.897957515625 0.3747549015625 0.9302287578125 0.37733660156250004 0.9541013078124999 0.38379085 0.9721732031249999 0.38895424843750004 0.9715196078125 0.5819117640625 0.9721732031249999 0.5857843140625 0.9702287578125001 0.5896568624999999 0.9341013078125 0.580620915625 0.903774509375 0.56771241875 0.8682679734375001 0.5425326796875 0.845686275 0.532222221875 0.8392320265625001 0.507042484375 0.8263235296874999 0.49220588281250005 0.823104575 0.47284313750000007 0.8224509796874999 0.44380718906250005 0.8263235296874999 0.4431535953125 0.8282679734375 0.4334803921875 0.8340686281249999 0.4160620921875 0.8424673203124999
3 0.38379085 0.9715686281249999 0.37150326875 0.9592973859375 0.3742320265625 0.9210947718750001 0.397434640625 0.850147059375 0.389248365625 0.8460620921875 0.385147059375 0.8460620921875 0.34285947656250004 0.8542483656250001 0.318300653125 0.8733496734375 0.30192810468750003 0.8938071890625 0.29374182968749996 0.9279248359375 0.29374182968749996 0.9470098046875 0.34285947656250004 0.9715686281249999 0.38379085 0.9715686281249999
3 0.24982026093749998 0.8627941171875 0.27999999999999997 0.8956372546875 0.2999673203125 0.8965196078125001 0.32125817031250004 0.8765522875 0.3585294125 0.8494934640625 0.3589705875 0.8410620921874999 0.3589705875 0.8268627453124999 0.3372385625 0.782483659375 0.329248365625 0.7487581703124999 0.3372385625 0.7336764703124999 0.310604575 0.7367810453125 0.2835457515625 0.747434640625 0.26047385625 0.7669607843749999 0.2444934640625 0.7931372546875 0.2467156859375 0.8383986921875 0.24982026093749998 0.8627941171875
3 0.5384477125 0.8396568625 0.571568628125 0.8702941171875 0.5881372546875 0.8719607843749999 0.6071895421875 0.8752614375000001 0.6104901953125 0.868643790625 0.6212581703125 0.8396568625 0.6411437906249999 0.8090032687500001 0.6692973859375 0.794934640625 0.6684803921875 0.787483659375 0.6138071890625 0.756830065625 0.5955882359375 0.7584803921875001 0.587303921875 0.76263071875 0.5740522875 0.7742156859375 0.5624673203125 0.775882353125 0.5558333328125 0.780016340625 0.540931371875 0.7924509796875 0.5359477125 0.8057026140625 0.529330065625 0.807352940625 0.52849673125 0.8264052281250001 0.5384477125 0.8396568625
3 0.5800163406250001 0.9744607843749999 0.6299019609375 0.9676143796875 0.632826796875 0.9216503265625 0.6171895421875 0.8913235296875 0.60055555625 0.8717647062499999 0.5614379078125 0.8668627453125 0.5721895421875 0.9059967312499999 0.5809967312500001 0.9353431375 0.5800163406250001 0.9744607843749999
3 0.32986928125000003 0.7642810453125 0.3378594765625 0.8113235296875001 0.3551633984375 0.828186275 0.3857679734375 0.848594771875 0.4124019609375 0.8534640515625 0.4336928109375 0.83305555625 0.4523366015625 0.825065359375 0.4949183 0.818856209375 0.506013071875 0.8082189546875 0.522434640625 0.773594771875 0.5304248359375 0.735 0.5166666671875 0.6928431374999999 0.49004902031249997 0.67331699375 0.4665359484375 0.6608986921875 0.44034313750000004 0.6524673203125 0.41550653593750003 0.6524673203125 0.385326796875 0.6653431375000001 0.34983660156249996 0.6959477125 0.3294281046875 0.7469771234375 0.32986928125000003 0.7642810453125
3 0.5038071890625 0.6840849671875 0.523169934375 0.712303921875 0.5255882359374999 0.749395425 0.5142973859375 0.7921405234375001 0.5175163406250001 0.7937581703125 0.531225490625 0.79133986875 0.5521895421874999 0.776813725 0.5634803921875 0.7639215687500001 0.5667156859375 0.7324673203125001 0.5642973859375 0.6921405234375 0.5465522875 0.6711764703124999 0.5247712421874999 0.662303921875 0.498169934375 0.6558496734375 0.467516340625 0.665539215625 0.4763888890625 0.6687581703125 0.481225490625 0.6711764703124999 0.5038071890625 0.6840849671875