2 0.4887418296875 0.8209477125 0.425669934375 0.766895425 0.3288235296875 0.6948202609374999 0.3040522875 0.6610294125 0.2792810453125 0.6745424843750001 0.3063071890625 0.7488725484375001 0.34459150312500003 0.7758986921875 0.40990196093750003 0.8096895421875001 0.4482026140625 0.8322058828125 0.4346895421875 0.8232026140625001 0.477483659375 0.8457189546875 0.4887418296875 0.8209477125
2 0.36405228749999996 0.88539215625 0.35504902031249996 0.8719117640625 0.32359477187499996 0.8561764703125 0.31460784375 0.85168300625 0.2674183 0.8449509796875001 0.26066993437499997 0.8157352937500001 0.2022549015625 0.7662908500000001 0.18202614374999998 0.7528104578125 0.15055555625 0.7550490203125 0.1438235296875 0.773039215625 0.23370915 0.8494444437500001 0.25393790781250003 0.8808986921875 0.305620915625 0.8943790843749999 0.36405228749999996 0.88539215625
2 0.24800653593750002 0.6572875812500001 0.258774509375 0.6621732031249999 0.2685457515625 0.6641339875 0.299852940625 0.602516340625 0.2851797390625 0.5526307187499999 0.256813725 0.52620915 0.21866013125 0.496879084375 0.2069281046875 0.4890522875 0.20398692812500002 0.4890522875 0.20398692812500002 0.492957515625 0.18150326875 0.5467647062500001 0.1863888890625 0.5927287578125 0.2030065359375 0.6416339875 0.24800653593750002 0.6572875812500001
2 0.194591503125 0.465147059375 0.2036111109375 0.4707843140625 0.2036111109375 0.48433006562500003 0.2317973859375 0.50349673125 0.24419934687499997 0.491094771875 0.25547385624999996 0.4809477125 0.27351307187499996 0.4707843140625 0.299460784375 0.47869281093750005 0.3175 0.43808823593749996 0.3005882359375 0.43696078437499997 0.280277778125 0.426813725 0.26449346406249996 0.386225490625 0.2611111109375 0.382826796875 0.1968464046875 0.41553921562499996 0.1652614375 0.4493627453125 0.167516340625 0.45049019531249995 0.17879085 0.45499999999999996 0.194591503125 0.465147059375
2 0.2029411765625 0.8820261437499999 0.2469771234375 0.8973366015625001 0.2354901953125 0.8772385625 0.2383660125 0.875326796875 0.239330065625 0.8609640515624999 0.18857843125 0.82650326875 0.14168300625000002 0.7671405234375 0.08423202656249999 0.762352940625 0.05073529375 0.7719281046875001 0.0488235296875 0.79107843125 0.061258170312500006 0.8044771234375 0.1005065359375 0.8284150328125 0.2029411765625 0.8820261437499999
2 0.3750817 0.35633986875 0.38400326875 0.35771241875 0.4238235296875 0.378986928125 0.4224509796875 0.3597712421875 0.4025490203125 0.3453594765625 0.3750817 0.33506535937500004 0.351748365625 0.343986928125 0.3380228765625 0.3556535953125 0.3366503265625 0.3844771234375 0.351748365625 0.40643790781250005 0.36478758125 0.41879085 0.40049019531249996 0.418104575 0.399117646875 0.41398692812500004 0.374395425 0.37006535937499996 0.3750817 0.35633986875
2 0.6959477125 0.37991830000000004 0.684460784375 0.37418300625 0.67297385625 0.331094771875 0.6222385625 0.34449346406250003 0.609803921875 0.391405228125 0.62702614375 0.404803921875 0.61650326875 0.4536274515625 0.6509640515624999 0.49287581718749995 0.6748856203125 0.44980392187499996 0.6959477125 0.44883986875000004 0.7036111109375 0.40289215624999997 0.6959477125 0.37991830000000004
2 0.36024509843749997 0.8723039218749999 0.40331699375 0.8464542484375001 0.42150326875 0.82444444375 0.41671568593749997 0.8139052281250001 0.32864379062500004 0.76892156875 0.2989705875 0.7842320265625 0.31524509843750004 0.8560294125000001 0.36024509843749997 0.8723039218749999
2 0.6899019609375 0.5158986921875 0.67728758125 0.5474346406249999 0.6883333328125001 0.5600490203125 0.7041013078125 0.5868627453124999 0.7119771234375001 0.5947385625 0.756143790625 0.5947385625 0.7640196078125 0.556895425 0.737222221875 0.5269444437499999 0.6899019609375 0.5158986921875
2 0.45839869218749996 0.88099673125 0.43578431406249996 0.8764705875000001 0.41431372499999997 0.8798692812500001 0.362303921875 0.884379084375 0.3227287578125 0.8945588234375 0.2842973859375 0.9069934640625 0.39057189531250003 0.92960784375 0.47310457499999997 0.913774509375 0.46405228750000005 0.91039215625 0.4663071890625 0.8855228765625001 0.45839869218749996 0.88099673125
2 0.6043464046875 0.3570751640625 0.6213725484375 0.3465359484375 0.6254248359375 0.330326796875 0.6051633984375 0.31573529375 0.5897549015625 0.3125 0.5030228765625 0.3408660125 0.5030228765625 0.3400490203125 0.498169934375 0.34168300625 0.497352940625 0.3465359484375 0.48357843125000005 0.36843137187499997 0.497352940625 0.3757189546875 0.5411274515625 0.3757189546875 0.6043464046875 0.3570751640625