1 0.5549375000000001 0.2715208328125 0.5852031249999999 0.14595833281249998 0.5683906249999999 0.1100833328125 0.522984375 0.1078541671875 0.519625 0.1280208328125 0.48262499999999997 0.2670416671875 0.41871875000000003 0.41950000000000004 0.423765625 0.43520833281250004 0.48262499999999997 0.4486458328125 0.5549375000000001 0.2715208328125
1 0.407640625 0.2447083328125 0.3529375 0.3694166671875 0.31059375 0.4752916671875 0.354703125 0.49412500000000004 0.377640625 0.48706250000000006 0.40412499999999996 0.4564791671875 0.41470312500000006 0.43764583281249997 0.43764062499999995 0.3835208328125 0.46764062500000003 0.30822916718750004 0.49940625 0.2023541671875 0.495875 0.1764791671875 0.46587500000000004 0.1764791671875 0.407640625 0.2447083328125
1 0.499125 0.47904166718749996 0.520890625 0.4875 0.520890625 0.5334583328125 0.524515625 0.5334583328125 0.527234375 0.5201666671875 0.53721875 0.5080625000000001 0.552640625 0.4778333328125 0.56896875 0.4487916671875 0.578046875 0.42702083281250003 0.59821875 0.3760625 0.6109218750000001 0.34581249999999997 0.623625 0.3119375 0.62996875 0.28654166718749996 0.632703125 0.2659791671875 0.635421875 0.24420833281249998 0.632703125 0.2188125 0.62634375 0.1897916671875 0.62 0.1728541671875 0.6072968750000001 0.1559166671875 0.5846250000000001 0.1426041671875 0.5719218749999999 0.2030833328125 0.5655625 0.2248541671875 0.5655625 0.2417916671875 0.5565 0.2792916671875 0.540171875 0.3095208328125 0.518390625 0.3808958328125 0.486640625 0.44379166718749996 0.489140625 0.453625 0.492765625 0.45727083281249997 0.499125 0.47904166718749996
1 0.63325 0.35612499999999997 0.5961093749999999 0.4528333328125 0.5978749999999999 0.4882083328125 0.63325 0.481125 0.6969375 0.3844375 0.704015625 0.2712291671875 0.65978125 0.17689583281250001 0.617328125 0.1698125 0.6226406250000001 0.17925 0.636796875 0.26887500000000003 0.63325 0.35612499999999997
0 0.36275 0.567375 0.368140625 0.6001458328125 0.384265625 0.6277916671875 0.39809375 0.6421458328125 0.42957812500000003 0.6564791671875 0.467984375 0.6441874999999999 0.49487500000000006 0.6144791671875 0.515609375 0.5694166671875001 0.521765625 0.5386875 0.52021875 0.4997708328125 0.512546875 0.47416666718749995 0.490265625 0.4455 0.46107812499999995 0.43116666718749996 0.43265624999999996 0.4332083328125 0.40346875000000004 0.44343750000000004 0.391171875 0.45677083281249997 0.378125 0.4751875 0.37275 0.5007916671875 0.364296875 0.5263958328125 0.36275 0.567375
3 0.376765625 0.7772291671875 0.389078125 0.690375 0.3644375 0.61525 0.315140625 0.58475 0.251765625 0.5730000000000001 0.20950000000000002 0.6058749999999999 0.1760625 0.6293333328124999 0.16725 0.6786458328125 0.17253125 0.7490625 0.22007812499999999 0.828875 0.283453125 0.8453125 0.33803125 0.8218333328125 0.376765625 0.7772291671875
3 0.296109375 0.8404999999999999 0.297265625 0.8683125 0.3076875 0.8961041671875 0.338984375 0.93475 0.385328125 0.9517291671875 0.395765625 0.9501875 0.41778125 0.9362916671875 0.438640625 0.9192916671875 0.4571875 0.8945624999999999 0.467609375 0.8435833328125 0.4618125 0.7972291671875 0.43284374999999997 0.7400625 0.393453125 0.7153333328125 0.3760625 0.7895 0.3459375 0.8157708328125001 0.296109375 0.8404999999999999
3 0.10721875 0.7953541671875 0.10034375 0.8450625 0.112125 0.8973958328125 0.13174999999999998 0.9301041671875 0.165109375 0.9523333328125 0.1935625 0.9615 0.22398437499999999 0.9615 0.265203125 0.9340208328124999 0.28678125 0.8790833328125001 0.294640625 0.84375 0.219078125 0.8319791671875001 0.176890625 0.745625 0.15825 0.728625 0.1288125 0.7534791671875001 0.10721875 0.7953541671875
3 0.282359375 0.5647083328125 0.321171875 0.5811666671875 0.35646875 0.6117708328125 0.36 0.5788333328124999 0.36 0.5717708328125 0.37059375 0.5576458328125 0.377640625 0.5294166671875 0.374125 0.5129374999999999 0.361765625 0.5011666671875 0.344125 0.48941666718750004 0.3229375 0.48235416718749996 0.30529687499999997 0.4847083328125 0.282359375 0.49412500000000004 0.27353125 0.5035208328125 0.25940625 0.5105833328125 0.24176562499999998 0.5270625 0.22940624999999998 0.545875 0.225875 0.5552916671875 0.22059375 0.5670625 0.22059375 0.5835208328125 0.2170625 0.5929375 0.2170625 0.5952916671875 0.24706250000000002 0.5764791671875 0.282359375 0.5647083328125
2 0.44365625 0 0.3644375 0.0046875 0.36267187500000003 0.0352083328125 0.39084375 0.0516458328125 0.455984375 0.0516458328125 0.521125 0.07277083281249999 0.575703125 0.09625 0.637328125 0.10093749999999999 0.649640625 0.0774583328125 0.623234375 0.0492916671875 0.595078125 0.0187708328125 0.53696875 0 0.44365625 0
2 0.3917291671875 0.04450694375 0.394078125 0.0414166671875 0.399644096875 0.04648148125 0.402013671875 0.0428151046875 0.407559028125 0.04845601875 0.40994921875 0.044213542187499996 0.41547395781249996 0.05043055625 0.41788476562500004 0.0456119796875 0.4233888890625 0.0524050921875 0.42582031249999996 0.0470104171875 0.43130381875 0.0543796296875 0.4356919640625 0.0443660703125 0.44169140625000003 0.049807292187500005 0.43921875000000005 0.056354167187500005 0.4469765625 0.057999999999999996 0.4512087046875 0.049337798437500004 0.44345033437500003 0.0468519359375 0.3686875 0.0000416671875 0.36728125 0.01225 0.35846093749999997 0.0009791671874999999 0.348234375 0.0019166671874999998 0.343296875 0.0085 0.340484375 0.029187499999999998 0.35246875 0.030125000000000002 0.367984375 0.038583332812499996 0.38381423593749997 0.0425324078125 0.3872604171875 0.0357708328125 0.3917291671875 0.04450694375
2 0.512571428125 0.0716130953125 0.582390625 0.1465416671875 0.5847447921875 0.13620138906249998 0.5919140625 0.1474895828125 0.6014375000000001 0.1484375 0.616953125 0.1653541671875 0.62825 0.16160416718749998 0.6381249999999999 0.1437291671875 0.63459375 0.1146666671875 0.616953125 0.0986875 0.590859375 0.0940833328125 0.583453125 0.09027083281250001 0.580515625 0.0961458328125 0.5760468750000001 0.08645833281250001 0.575342634375 0.08911160625 0.5287924109375 0.0741964296875 0.5210357140624999 0.0733482140625 0.52103125 0.0694375 0.5132756703125 0.0692247015625 0.513415625 0.0662583328125 0.5055172984375 0.0667388390625 0.5058 0.0630791671875 0.497758928125 0.0642529765625 0.498184375 0.059899999999999995 0.49000055781249996 0.0617671125 0.49056875 0.0567208328125 0.4822421875 0.059281249999999994 0.482953125 0.053541667187499996 0.4744838171875 0.0567953875 0.47448958281250003 0.0532291671875 0.45896707656249996 0.0518236609375 0.4512087046875 0.049337798437500004 0.4575625 0.052604167187499995 0.45473437499999997 0.0596458328125 0.4624921875 0.061291667187499996 0.46672544687500006 0.05430952343749999 0.47024999999999995 0.06293750000000001 0.512571428125 0.0716130953125
3 0.6292187499999999 0.7818125 0.6642812499999999 0.7662291671875 0.683765625 0.7142916671874999 0.7032499999999999 0.670125 0.6876562500000001 0.6051875 0.660390625 0.5584374999999999 0.613640625 0.5376666671875 0.5551875 0.55325 0.5318125 0.5922083328125 0.522078125 0.6311666671875 0.52403125 0.6883125 0.52403125 0.6961041671875 0.529875 0.7194791671874999 0.56103125 0.7662291671875 0.58246875 0.776625 0.6292187499999999 0.7818125
3 0.561296875 0.9455833328125 0.576546875 0.9535 0.5858749999999999 0.9591458328125 0.605390625 0.9625416671875 0.6231875 0.9625416671875 0.67321875 0.930875 0.702046875 0.852875 0.691875 0.7918125 0.6681250000000001 0.7658125 0.648625 0.7737291671875 0.639296875 0.7805208328125001 0.6231875 0.7805208328125001 0.601984375 0.7805208328125001 0.576546875 0.7714583328125 0.563828125 0.7737291671875 0.55196875 0.7861666671875 0.54009375 0.8099166671875 0.5290625 0.8539999999999999 0.5324687499999999 0.906 0.542640625 0.9263541671875 0.5485781249999999 0.9331458328125001 0.561296875 0.9455833328125
3 0.55571875 0.78575 0.570140625 0.7721875 0.55571875 0.7540833328125001 0.5396093750000001 0.7416458328125 0.520953125 0.6885208328125 0.52265625 0.6478125 0.53028125 0.5946875 0.50315625 0.5958125 0.501453125 0.5992083328125 0.49976562500000005 0.6071041671875 0.49128125 0.6161666671875 0.476859375 0.6297291671874999 0.461609375 0.6410416671875 0.44209375 0.6534583328125 0.43276562500000004 0.6681666671875 0.42853125 0.68625 0.429375 0.71 0.443796875 0.7586041671875 0.45396875000000003 0.786875 0.47601562499999994 0.8151458328125001 0.507390625 0.8230625 0.5353749999999999 0.8162708328124999 0.533671875 0.8140208328125 0.537921875 0.8015833328124999 0.55571875 0.78575
1 0.52165625 0.5844583328125 0.531765625 0.5905833328125001 0.542796875 0.5783333328125 0.573125 0.5501458328125 0.6016250000000001 0.5354375 0.616328125 0.5231874999999999 0.6264375 0.4913125 0.6393125000000001 0.4815208328125 0.66228125 0.4753958328125 0.69996875 0.4496458328125 0.7110000000000001 0.43616666718749997 0.7027187500000001 0.40064583281250005 0.700890625 0.3712291671875 0.7183437500000001 0.3307916671875 0.730296875 0.313625 0.72203125 0.2866666671875 0.708234375 0.2731875 0.703640625 0.3185416671875 0.700890625 0.363875 0.6705625000000001 0.43616666718749997 0.6420625 0.4729375 0.6080625000000001 0.488875 0.597953125 0.47170833281249996 0.605296875 0.4214791671875 0.6328750000000001 0.35775 0.63746875 0.3050416671875 0.6328750000000001 0.27931249999999996 0.62828125 0.3075 0.56578125 0.47170833281249996 0.52809375 0.5293125 0.519828125 0.5648541671875 0.52165625 0.5844583328125
2 0.516234375 0.1550625 0.527921875 0.12389583281250001 0.551296875 0.1135 0.5649375 0.1265 0.584421875 0.1524583328125 0.586359375 0.1187083328125 0.568828125 0.0979166671875 0.4948125 0.0719583328125 0.379875 0.048562499999999995 0.292203125 0.0173958328125 0.274671875 0.0381875 0.28246875 0.0537708328125 0.284421875 0.0719583328125 0.35259375 0.09272916718749999 0.379875 0.10052083281249999 0.446109375 0.1290833328125 0.516234375 0.1550625