0 0.756875 0.7893541671875 0.748640625 0.79775 0.7418750000000001 0.8151666671875001 0.7418750000000001 0.8429166671875 0.749125 0.8564791671875 0.75590625 0.8603333328125 0.76509375 0.8603333328125 0.768484375 0.8590416671875 0.779625 0.8590416671875 0.783 0.8603333328125 0.786390625 0.85775 0.7912343749999999 0.8513125 0.7985 0.8467916671875001 0.80575 0.8448541671875001 0.8067187499999999 0.8409791671875 0.803328125 0.8003333328125001 0.79753125 0.7925833328125 0.786875 0.7880625 0.77575 0.7880625 0.771875 0.7803125 0.7660625 0.7732291671875 0.762203125 0.7693541671874999 0.757359375 0.7745208328125 0.7660625 0.78225 0.76315625 0.7854791671875 0.756875 0.7893541671875
0 0.6154843750000001 0.1311041671875 0.616625 0.11047916718749999 0.608703125 0.0964166671875 0.592859375 0.0953958328125 0.582296875 0.10093749999999999 0.5781562499999999 0.1160208328125 0.5875781250000001 0.13814583281249998 0.6022968750000001 0.1416666671875 0.607953125 0.14116666718749998 0.6154843750000001 0.1311041671875
0 0.9414843749999999 0.14691666718750002 0.93615625 0.1398125 0.93421875 0.13658333281249999 0.940515625 0.1301458328125 0.94196875 0.12110416718749999 0.9317968750000001 0.1262708328125 0.928890625 0.13658333281249999 0.9197031250000001 0.1295 0.9163125000000001 0.1307916671875 0.902765625 0.1436875 0.900828125 0.1559583328125 0.90228125 0.1662708328125 0.90228125 0.165625 0.9414843749999999 0.165625 0.9414843749999999 0.14691666718750002
0 0.8268125 0.1718333328125 0.8350312499999999 0.16852083281250002 0.837015625 0.16254166718750002 0.8355312500000001 0.15725 0.8300468750000001 0.1506041671875 0.822828125 0.14495833281249998 0.8153750000000001 0.144625 0.80815625 0.1512708328125 0.8021874999999999 0.1575625 0.8004374999999999 0.1681875 0.8011874999999999 0.17614583281250001 0.8268125 0.1718333328125
0 0.765671875 0.7873333328125 0.76834375 0.78675 0.7665625 0.782 0.760328125 0.779625 0.76078125 0.7766458328125 0.76078125 0.7725 0.76478125 0.7695208328125 0.76790625 0.7713125 0.77325 0.7802083328125 0.77815625 0.7849583328125 0.786609375 0.7873333328125 0.79996875 0.79625 0.800421875 0.7956458328125 0.8106562500000001 0.7831875 0.8084374999999999 0.7742708328125001 0.807984375 0.7635833328125 0.803984375 0.7493333328125 0.789734375 0.7255833328125 0.776375 0.7137083328125 0.75053125 0.7131041671875 0.73584375 0.7243958328125 0.727828125 0.7439791671875 0.72159375 0.7671458328125 0.7238125 0.78675 0.72871875 0.7926875 0.7309375 0.7932708328125 0.731390625 0.7920833328125 0.73228125 0.7908958328125 0.73228125 0.7837708328125 0.733609375 0.7766458328125 0.737171875 0.7790208328125 0.74475 0.8027708328125 0.7554375 0.7891250000000001 0.75721875 0.7891250000000001 0.765671875 0.7873333328125
0 0.7828593749999999 0.7024583328125 0.784078125 0.6879583328125001 0.780453125 0.6637916671874999 0.75628125 0.6573333328125 0.736953125 0.6589583328125 0.7284843750000001 0.6734583328125 0.7284843750000001 0.6943958328125001 0.7321093750000001 0.7056875 0.7442031250000001 0.712125 0.753859375 0.7088958328125 0.77440625 0.6911666671875001 0.77078125 0.7072916671875 0.764734375 0.7153541671875 0.7828593749999999 0.7024583328125
0 0.38096874999999997 0.6739791671875001 0.386765625 0.6849375 0.3891875 0.6836458328125 0.394015625 0.6649791671874999 0.394015625 0.6514583328125 0.383390625 0.6385625 0.3785625 0.636 0.37324999999999997 0.636 0.365515625 0.636 0.355859375 0.6430833328125 0.3500625 0.6527291671875 0.351515625 0.6707708328125 0.35828125 0.6823541671875 0.364078125 0.6759166671875 0.37179687499999997 0.6714166671874999 0.38096874999999997 0.6739791671875001
3 0.13639062500000002 0.392875 0.13543750000000002 0.39895833281250004 0.13528125 0.40379166718750004 0.137015625 0.40818750000000004 0.143 0.4100833328125 0.154171875 0.40883333281249995 0.152765625 0.37585416718750003 0.1433125 0.37712500000000004 0.13890625 0.3790208328125 0.137015625 0.3838333328125 0.13639062500000002 0.392875
0 0.56434375 0.6047291671874999 0.56434375 0.59875 0.56434375 0.5927916671875 0.568265625 0.5853333328125 0.5710625 0.5793541671875 0.573859375 0.577125 0.5777812499999999 0.5756249999999999 0.583375 0.576375 0.585609375 0.576375 0.590640625 0.5778749999999999 0.592328125 0.5793541671875 0.597921875 0.5793541671875 0.59846875 0.577125 0.59846875 0.5726458328125 0.59846875 0.5666875 0.597359375 0.5584791671875 0.596796875 0.5547500000000001 0.5945625 0.5525 0.58784375 0.5480208328125 0.584484375 0.5457916671875 0.579453125 0.5457916671875 0.574421875 0.5457916671875 0.567703125 0.5457916671875 0.562109375 0.5480208328125 0.55371875 0.554 0.5475625 0.5666875 0.5475625 0.5830833328125 0.548125 0.5950208328125 0.55540625 0.6084583328125001 0.56659375 0.6173958328125 0.56546875 0.6159166671875 0.56490625 0.6099375 0.56434375 0.6047291671874999
0 0.9699843749999999 0.6365208328125 0.975125 0.645875 0.9772187499999999 0.643375 0.986328125 0.6356041671875 0.9928750000000001 0.6321666671874999 0.9998906249999999 0.6318541671875 0.9998906249999999 0.5935416671875 0.997078125 0.5910624999999999 0.98890625 0.59075 0.98003125 0.592625 0.9709218749999999 0.5976041671875 0.964140625 0.606 0.955265625 0.6237708328125 0.95503125 0.6246875000000001 0.961109375 0.626875 0.9699843749999999 0.6365208328125
0 0.161984375 0.5538125 0.16998437500000002 0.55281944375 0.17090624999999998 0.546375 0.178171875 0.5486041671875 0.177984375 0.5518263890624999 0.185984375 0.5508333328125 0.18765625 0.562 0.19043749999999998 0.5582708328125 0.19490625 0.5605 0.201609375 0.5500833328125 0.188765625 0.5500833328125 0.184859375 0.5404166671875 0.20215624999999998 0.5366875 0.2071875 0.5285208328125 0.20104687499999999 0.5158750000000001 0.188203125 0.5032083328125 0.177046875 0.5024791671875 0.1686875 0.5076875000000001 0.16421875 0.514375 0.15975 0.5091666671875 0.158078125 0.5128958328125 0.160875 0.5166041671875 0.15584375 0.5329791671875 0.157515625 0.546375 0.161984375 0.5538125
0 0.93571875 0.67475 0.9452031249999999 0.6752083328125 0.945546875 0.6725 0.94859375 0.6670625 0.955703125 0.6729375 0.9590937500000001 0.6684166671875 0.97028125 0.668875 0.972984375 0.6742916671875 0.9831406250000001 0.6769999999999999 0.98925 0.6779166671875 0.99771875 0.6860416671875 0.99975 0.682875 1 0.6313958328125 0.99703125 0.6304791671875 0.98721875 0.6322916671875001 0.9756875 0.6449374999999999 0.9614687500000001 0.6273333328125 0.955703125 0.6228125 0.940796875 0.621 0.930640625 0.6322916671875001 0.92521875 0.6295833328125 0.9238593749999999 0.6313958328125 0.92590625 0.638625 0.9238593749999999 0.6476458328125 0.9255625000000001 0.6634583328125 0.92590625 0.6657083328125 0.9279375 0.6706875 0.93571875 0.67475
0 0.573640625 0.6252916671875 0.5823437499999999 0.6272916671875 0.5919375 0.6276875000000001 0.602125 0.6232916671875001 0.6078281249999999 0.6156875 0.605421875 0.6001041671875 0.600328125 0.5845208328125 0.593125 0.5797291671875 0.5754374999999999 0.5729375 0.5703437499999999 0.580125 0.564359375 0.5905208328125 0.5640468750000001 0.6033125 0.56734375 0.6184999999999999 0.573640625 0.6252916671875
0 0.6061875 0.6019583328125 0.608453125 0.6151875 0.6061875 0.6184791671875 0.609796875 0.6181875 0.61228125 0.6181875 0.613171875 0.6160833328125 0.61475 0.6139791671875 0.61565625 0.613375 0.6167812500000001 0.6136874999999999 0.618578125 0.6151875 0.6210625000000001 0.6169791671875 0.62309375 0.6187916671875 0.624671875 0.6172916671875 0.62646875 0.6124791671875001 0.6275937500000001 0.6085833328125 0.629390625 0.6052708328125 0.6305156249999999 0.6052708328125 0.632328125 0.6076666671875001 0.633671875 0.604375 0.6347968749999999 0.601375 0.635921875 0.5956666671875 0.63503125 0.5884583328125 0.631421875 0.5800416671875 0.629171875 0.5773333328125 0.633 0.5737291671875 0.6390781249999999 0.5719375 0.641109375 0.5740416671874999 0.643578125 0.570125 0.6438125 0.5665208328125 0.640203125 0.5665208328125 0.633671875 0.5677291671875 0.627375 0.5719375 0.62646875 0.5716249999999999 0.62015625 0.567125 0.61025 0.5680416671875 0.6034843750000001 0.5740416671874999 0.59965625 0.5833541671875 0.598984375 0.5848541671875 0.60078125 0.58575 0.6061875 0.6019583328125