1 0.05575 0.6396458328125 0.072640625 0.6869375 0.09628125 0.7027083328125 0.11825000000000001 0.7252291671875 0.125 0.7027083328125 0.1300625 0.6982083328125 0.136828125 0.6891875 0.12162500000000001 0.6666666671875 0.10979687499999999 0.6486458328125 0.113171875 0.5946041671875 0.1233125 0.5517916671875 0.09628125 0.5585625000000001 0.081078125 0.5517916671875 0.060812500000000005 0.5720625 0.05575 0.6396458328125
1 0.503234375 0.3454583328125 0.4971875 0.3155416671875 0.4765 0.2810416671875 0.45493750000000005 0.27989583281249997 0.438546875 0.2776041671875 0.43078125 0.2982916671875 0.423015625 0.30404166718750003 0.41956249999999995 0.3155416671875 0.42474999999999996 0.319 0.44457812499999994 0.34199999999999997 0.48167187499999997 0.3557916671875 0.49632812499999995 0.3523541671875 0.503234375 0.3454583328125
1 0.669546875 0.10112499999999999 0.673546875 0.1109166671875 0.674890625 0.11939583281249999 0.676234375 0.13633333281249999 0.6785625 0.1412291671875 0.680578125 0.1412291671875 0.68525 0.138125 0.68859375 0.1314375 0.69328125 0.11850000000000001 0.6956249999999999 0.11047916718749999 0.694953125 0.10200000000000001 0.69328125 0.0944375 0.686265625 0.088625 0.68525 0.0850625 0.6775625 0.0868541671875 0.669546875 0.10112499999999999
3 0.43578124999999995 0.8158958328124999 0.437890625 0.7972083328124999 0.432640625 0.7803958328125 0.424234375 0.7715208328125 0.41723437499999994 0.7668541671875 0.40812499999999996 0.7682708328125 0.399015625 0.7743333328124999 0.40112500000000006 0.7846041671874999 0.4018125 0.7990833328125 0.39971875 0.81075 0.395859375 0.8182291671874999 0.39656250000000004 0.81775 0.407765625 0.8294375 0.419328125 0.8266249999999999 0.42878125 0.8271041671875 0.43578124999999995 0.8158958328124999
3 0.44126562500000005 0.6553333328125001 0.454125 0.6553333328125001 0.459484375 0.6538958328125 0.46696875000000004 0.6453333328124999 0.461625 0.6238958328125 0.451984375 0.6153333328125 0.44554687499999995 0.6167708328125 0.43590625000000005 0.6210416671875 0.43376562500000004 0.6281875 0.4326875 0.6410416671875 0.43376562500000004 0.6424791671875 0.43804687500000006 0.65675 0.44126562500000005 0.6553333328125001
3 0.552265625 0.7103958328125 0.5548437500000001 0.7122291671875 0.5582812500000001 0.7140625 0.572375 0.7145208328125 0.583375 0.7140625 0.581828125 0.7106250000000001 0.58165625 0.7081041671875 0.5797656250000001 0.7035208328125 0.577703125 0.7003125 0.5744374999999999 0.6952708328125 0.569453125 0.6929791671875 0.5648125 0.6916041671875 0.55896875 0.6909166671875 0.5545 0.6922916671875 0.55175 0.6936666671875 0.548828125 0.6975625 0.543671875 0.70375 0.542296875 0.7090208328125 0.54246875 0.70925 0.5450468749999999 0.7087916671875 0.552265625 0.7103958328125
3 0.7620625000000001 0.6921458328125001 0.788140625 0.6869166671875 0.79596875 0.6860625 0.797265625 0.7043125 0.8598593749999999 0.7034374999999999 0.887234375 0.6982291671875 0.879421875 0.6860625 0.866375 0.6773541671875 0.8676875000000001 0.6643333328125001 0.8631249999999999 0.6530208328125 0.858546875 0.6460625 0.85725 0.6278125 0.8520312499999999 0.6130416671875001 0.84878125 0.6069583328125 0.831828125 0.6086875 0.8272656250000001 0.6173958328125 0.81553125 0.6095625 0.80575 0.6121666671875 0.7985781249999999 0.6217291671875 0.7966249999999999 0.6347708328125 0.8011874999999999 0.6434583328125 0.80053125 0.6565000000000001 0.792703125 0.6478125 0.784890625 0.6521458328125 0.779015625 0.6365000000000001 0.765328125 0.6338958328125 0.7542500000000001 0.6443333328125 0.75228125 0.6504166671875 0.7535937500000001 0.6695416671875 0.7620625000000001 0.6921458328125001
3 0.364109375 0.7460416671875 0.354484375 0.725875 0.337984375 0.7112083328125001 0.313234375 0.7112083328125001 0.307734375 0.7368750000000001 0.32423437499999996 0.7662083328125 0.318734375 0.775375 0.315984375 0.7937083328125001 0.32010937500000003 0.8102083328124999 0.331109375 0.8377083328125 0.350359375 0.841375 0.355859375 0.8395416671874999 0.380609375 0.8395416671874999 0.406734375 0.8395416671874999 0.419109375 0.8395416671874999 0.42598437499999997 0.8303750000000001 0.423234375 0.8303750000000001 0.412234375 0.8303750000000001 0.403984375 0.8285416671875 0.399859375 0.8065416671875001 0.398484375 0.7772083328125 0.391609375 0.758875 0.364109375 0.7515416671875 0.364109375 0.7460416671875
3 0.52046875 0.6834583328125 0.5270625 0.67225 0.525859375 0.6610625 0.5132656250000001 0.6506666671875 0.50246875 0.6522708328125 0.49526562500000004 0.6594583328125 0.48746875 0.67625 0.50246875 0.6858541671875 0.5090625 0.7010625 0.513875 0.7026458328125 0.516875 0.69225 0.52046875 0.6834583328125
3 0.533671875 0.71175 0.536 0.71175 0.5406718749999999 0.711125 0.54346875 0.7092708328125 0.5439375 0.7055416671875 0.5448593749999999 0.7049166671875 0.546734375 0.7011875 0.54765625 0.6980625 0.5490625 0.6974583328125 0.5523281250000001 0.6931041671875 0.55325 0.6906041671875001 0.551859375 0.68625 0.550453125 0.6825208328125 0.5490625 0.6806666671875 0.546265625 0.6769375 0.54253125 0.6738125 0.540203125 0.6732083328125 0.537875 0.6732083328125 0.53134375 0.6732083328125 0.527609375 0.6750625 0.52528125 0.6775625 0.523875 0.6806666671875 0.5215468750000001 0.6837708328125001 0.51828125 0.689375 0.516421875 0.6931041671875 0.515953125 0.6980625 0.5140781249999999 0.7018125000000001 0.5318125 0.7105 0.533671875 0.71175
3 0.5754374999999999 0.6564583328125 0.56740625 0.6533958328125 0.55821875 0.6541666671875 0.55534375 0.6549166671875 0.549609375 0.6587500000000001 0.545015625 0.6641041671875 0.545015625 0.677125 0.55478125 0.6924375 0.5628124999999999 0.6924375 0.5702812500000001 0.6778958328125 0.578890625 0.6687083328125001 0.5783125 0.6633541671875001 0.5754374999999999 0.6564583328125
3 0.39718749999999997 0.6881458328125001 0.388046875 0.6739375 0.373828125 0.6725833328124999 0.35959375 0.6820625 0.35553124999999997 0.6962708328125 0.3570625 0.7152499999999999 0.36315624999999996 0.7199791671875 0.38346874999999997 0.7206666671875 0.395671875 0.7159166671875 0.398203125 0.7050833328125 0.39718749999999997 0.6881458328125001
3 0.47853124999999996 0.7682916671875 0.462796875 0.7662708328125001 0.44957812500000005 0.7771041671875001 0.44603125 0.7994583328125 0.45668749999999997 0.8251875 0.4724375 0.8285833328125 0.47853124999999996 0.8197708328125 0.48971875000000004 0.8096249999999999 0.495296875 0.8021666671875 0.48971875000000004 0.7805 0.47853124999999996 0.7682916671875
3 0.462265625 0.6731874999999999 0.44840625 0.6557291671875001 0.43378125 0.6588125 0.42146875 0.67525 0.4206875 0.6957708328125001 0.44148437500000004 0.7060416671875 0.44995312500000006 0.7050208328124999 0.462265625 0.699875 0.462265625 0.6731874999999999
3 0.39946875 0.6537291671875 0.392484375 0.6553541671875001 0.385328125 0.6636458328125 0.38351562499999997 0.6697291671875 0.384265625 0.6833125 0.392171875 0.6956666671875 0.395515625 0.7021458328125 0.40251562500000004 0.6991041671875 0.4140625 0.6938541671875 0.42028125000000005 0.6922291671874999 0.4225625 0.677625 0.418765625 0.6671041671875 0.41528124999999994 0.6604166671875 0.40965625 0.6567708328124999 0.39946875 0.6537291671875
3 0.462578125 0.6741458328125 0.46085937499999996 0.6604166671875 0.463859375 0.6506875 0.462578125 0.6214999999999999 0.453984375 0.6094999999999999 0.429109375 0.6169374999999999 0.423953125 0.6318125 0.40378125000000004 0.6341041671875 0.40164062500000003 0.6214999999999999 0.3891875 0.6106458328125 0.377171875 0.6117916671875 0.36859375 0.6255208328124999 0.351 0.6100625 0.330828125 0.6192291671875 0.332125 0.6426875 0.33340625 0.6552708328125 0.33384375 0.665 0.34928125 0.6735833328124999 0.34757812499999996 0.6810208328125 0.321828125 0.7130625 0.338984375 0.7130625 0.347140625 0.7193541671875 0.43639062500000003 0.7222083328125 0.439828125 0.7193541671875 0.45184375 0.7119166671875 0.462578125 0.6741458328125
1 0.6270625 0.11941666718749999 0.6356875 0.112125 0.640515625 0.1070833328125 0.642625 0.1023125 0.647453125 0.0995208328125 0.6409374999999999 0.0908333328125 0.63084375 0.08941666718749999 0.6230781249999999 0.0922291671875 0.61571875 0.0986666671875 0.610453125 0.11016666718749998 0.60771875 0.11856249999999999 0.607515625 0.1297916671875 0.60771875 0.13874999999999998 0.6085625 0.1451875 0.610875 0.15079166718749998 0.610875 0.1493958328125 0.61465625 0.1505208328125 0.616140625 0.1496875 0.62159375 0.1331458328125 0.6270625 0.11941666718749999
1 0.6404062500000001 0.10064583281249999 0.63865625 0.1097291671875 0.63865625 0.1240625 0.6421718750000001 0.14397916718749998 0.647875 0.1571458328125 0.6573125 0.1553958328125 0.6595156249999999 0.1507083328125 0.660390625 0.1413333328125 0.6562187500000001 0.1243541671875 0.651171875 0.10475000000000001 0.6516093749999999 0.10093749999999999 0.644796875 0.0971458328125 0.6404062500000001 0.10064583281249999
1 0.6681874999999999 0.1678541671875 0.6730937499999999 0.1619166671875 0.6753125 0.1328333328125 0.672640625 0.1096666671875 0.670421875 0.1037291671875 0.668640625 0.0948333328125 0.66596875 0.08591666718749999 0.663296875 0.0764166671875 0.65528125 0.084125 0.65171875 0.09243749999999999 0.651265625 0.0983958328125 0.6588437500000001 0.1369791671875 0.660625 0.14114583281249998 0.65928125 0.1642916671875 0.6681874999999999 0.1678541671875
1 1 0.8709374999999999 0.98984375 0.8570416671875 0.948203125 0.8709374999999999 0.9204531250000001 0.9310625 0.9435781249999999 0.9619166671875 0.9609375 0.9495833328125001 0.9886874999999999 0.9063958328125 1 0.8709374999999999
1 0.50834375 0.7438125 0.51903125 0.7378750000000001 0.519921875 0.7378750000000001 0.523484375 0.74025 0.523484375 0.7538958328125 0.523046875 0.766375 0.5217031249999999 0.7746875 0.5217031249999999 0.7800208328125 0.5266093749999999 0.7942708328125 0.533734375 0.794875 0.53640625 0.7918958328125 0.53996875 0.7812083328125 0.54396875 0.7705208328125 0.5484218750000001 0.756875 0.547984375 0.7372708328125 0.541296875 0.7176666671875 0.530171875 0.7075833328125001 0.5154687499999999 0.7123333328125 0.495875 0.726 0.4891875 0.742625 0.49898437500000004 0.7509375 0.50478125 0.7461875 0.50834375 0.7438125
1 0.6596093749999999 0.7607916671875 0.660046875 0.7739583328124999 0.669265625 0.7657708328124999 0.6855156250000001 0.7581458328124999 0.70746875 0.7587291671874999 0.74390625 0.7856666671875 0.7713593750000001 0.7926875 0.77509375 0.7850833328125 0.772015625 0.7722083328125 0.76015625 0.7555208328125 0.7329375 0.74 0.709 0.7241875 0.695390625 0.7221458328125 0.6824375 0.7256666671875001 0.6743125 0.7344375000000001 0.66596875 0.7482083328125 0.662890625 0.7537499999999999 0.6596093749999999 0.7607916671875
0 0.26568749999999997 0.7641458328125 0.26692187500000003 0.7567083328125 0.263203125 0.7451458328125 0.256390625 0.7352291671875 0.24646875000000001 0.7319166671875 0.232828125 0.7319166671875 0.22478125000000002 0.7418333328125 0.21795312500000003 0.7525833328125 0.219203125 0.7674583328125 0.230359375 0.7773749999999999 0.23903124999999997 0.7864583328125 0.2501875 0.7856458328125 0.259484375 0.7806875 0.262578125 0.7748958328125 0.26568749999999997 0.7641458328125
0 0.286625 0.6543333328125 0.283953125 0.6454166671875 0.275484375 0.6412708328125001 0.26703125 0.6406666671875 0.262125 0.6430416671875 0.259015625 0.6472083328125 0.259015625 0.6543333328125 0.259453125 0.6584791671875 0.261234375 0.6662083328125 0.266140625 0.6679791671875 0.271484375 0.6656041671875 0.2835 0.6632291671874999 0.286625 0.6572916671875 0.286625 0.6543333328125
0 0.184234375 0.73575 0.19328125000000002 0.7246875 0.21175000000000002 0.7261875 0.21590625000000002 0.7236875 0.21364062499999997 0.7101041671874999 0.20685937499999998 0.6935208328125 0.192140625 0.6889791671875 0.173671875 0.7045833328125 0.17290624999999998 0.7166458328124999 0.1759375 0.7317291671875 0.181203125 0.7412708328125001 0.184234375 0.73575
0 0.23923437500000003 0.8337916671875 0.25709375 0.8238749999999999 0.26156250000000003 0.808 0.2764375 0.8060208328125 0.28684375 0.8040208328125 0.29279687499999996 0.7841875 0.29874999999999996 0.7742708328125001 0.30321875 0.7643541671875 0.30171875 0.7544375 0.29578125 0.7425416671875 0.289828125 0.7266666671875 0.28834375 0.7207083328125 0.28834375 0.7048541671875 0.2913125 0.6949375 0.29874999999999996 0.687 0.30915625 0.6790625 0.313625 0.6751041671875 0.3210625 0.6532708328125 0.3210625 0.6373958328125 0.3210625 0.6294791671875 0.31660937499999997 0.6195625 0.31065624999999997 0.6155833328125 0.297265625 0.611625 0.28834375 0.611625 0.27345312499999996 0.59575 0.27196875 0.5977291671875 0.258578125 0.5759166671875 0.236265625 0.5719375 0.221390625 0.5818749999999999 0.218421875 0.6036875 0.2154375 0.6096458328125001 0.20651562499999998 0.611625 0.19759374999999998 0.6136041671875 0.191640625 0.6215416671875 0.184203125 0.6274791671875 0.184203125 0.6373958328125 0.18717187500000002 0.6433541671875 0.18865625 0.6493125 0.175265625 0.6631875 0.1693125 0.6651666671875 0.167828125 0.6731041671875 0.167828125 0.6770833328125 0.1544375 0.6850208328125 0.147 0.6909583328125 0.13956249999999998 0.6988958328125 0.130640625 0.7048541671875 0.12468749999999999 0.7107916671875001 0.11873437499999999 0.7266666671875 0.11576562500000001 0.7346041671875 0.102375 0.762375 0.091953125 0.77625 0.093453125 0.7901458328125 0.096421875 0.7941041671875 0.103859375 0.8000624999999999 0.10981250000000001 0.808 0.10981250000000001 0.8179166671875 0.11278125000000001 0.821875 0.11725000000000001 0.8258541671874999 0.133609375 0.8337916671875 0.138078125 0.8337916671875 0.147 0.8298125000000001 0.157421875 0.8317916671875001 0.19609375 0.8337916671875 0.21990625000000003 0.8337916671875 0.23923437500000003 0.8337916671875
0 0.608140625 0.8011041671875001 0.6227031249999999 0.8019166671875 0.62209375 0.7919583328125 0.624109375 0.7749791671875 0.62734375 0.7655416671874999 0.63521875 0.758 0.630375 0.7520625 0.6150156250000001 0.7499166671874999 0.602078125 0.7617708328125 0.600671875 0.773625 0.5998593750000001 0.7741666671874999 0.60228125 0.7941041671875 0.608140625 0.8011041671875001
1 0.65575 0.1675625 0.654734375 0.1580833328125 0.65 0.1562708328125 0.64559375 0.1535625 0.638484375 0.12150000000000001 0.637796875 0.1088541671875 0.624921875 0.1232916671875 0.627640625 0.1418125 0.638484375 0.16260416718749998 0.6503281249999999 0.1702708328125 0.65575 0.1675625
1 0.551578125 0.712875 0.534828125 0.712875 0.5484375 0.731 0.553671875 0.7603125000000001 0.551578125 0.7966041671874999 0.569375 0.7854375 0.576703125 0.7463541671875 0.551578125 0.712875
0 0.70475 0.5618333328125 0.697734375 0.575375 0.68525 0.575375 0.668859375 0.5847291671875 0.6516875 0.5774583328125 0.63453125 0.5888958328125 0.622046875 0.5826458328124999 0.6033125 0.5836875 0.611125 0.6783541671875 0.615796875 0.698125 0.622046875 0.6960416671874999 0.63609375 0.7033333328125 0.63609375 0.7178958328125 0.75546875 0.7116458328124999 0.75234375 0.6793958328125 0.75078125 0.6606666671875 0.745328125 0.6471458328125 0.7445468749999999 0.627375 0.737515625 0.6190625 0.737515625 0.6065833328125 0.7320625 0.5888958328125 0.72815625 0.5816041671875001 0.72503125 0.5608125 0.70475 0.5618333328125
0 0.280359375 0.9342083328124999 0.26975 0.92825 0.273109375 0.9037083328125 0.2619375 0.8821249999999999 0.246328125 0.8761875 0.23348437500000002 0.883625 0.226234375 0.8985 0.22512500000000002 0.9223125 0.21340625000000002 0.92825 0.20950000000000002 0.9007291671875001 0.20001562499999997 0.8910625 0.18215625 0.8910625 0.17154687500000002 0.8977499999999999 0.16764062500000002 0.9096666671875001 0.16540625 0.9208125 0.15592187500000002 0.9185833328124999 0.13193749999999999 0.9371875 0.12803124999999999 0.9461041671875 0.1325 0.9654583328124999 0.11965624999999999 0.9728958328124999 0.11296874999999999 0.9870416671875001 0.110171875 0.9996875 0.29485937500000003 0.9989375 0.29709375 0.9810833328124999 0.31328125 0.9736458328125 0.315515625 0.9818333328125 0.329453125 0.9237916671875 0.314953125 0.9156041671875 0.292640625 0.9357083328125 0.288171875 0.9505833328125 0.280359375 0.9342083328124999
0 0.536875 0.81425 0.55159375 0.8179166671875 0.56078125 0.8387499999999999 0.6012187499999999 0.8387499999999999 0.602140625 0.832625 0.617765625 0.844875 0.620515625 0.8375208328125 0.631546875 0.8412083328125 0.636140625 0.8289375 0.6480937499999999 0.8387499999999999 0.65728125 0.832625 0.661875 0.8424375 0.6793437499999999 0.8338541671874999 0.684859375 0.8399791671875001 0.721625 0.8375208328125 0.727140625 0.8191458328125 0.73540625 0.8081250000000001 0.731734375 0.7860625 0.721625 0.7688958328125 0.70140625 0.770125 0.6866875 0.7713541671875 0.680265625 0.7652291671875 0.66646875 0.7774791671875 0.66646875 0.7664583328125001 0.6526875000000001 0.75175 0.6370625000000001 0.7541875 0.625109375 0.770125 0.622359375 0.8056666671875 0.604890625 0.8007708328125 0.597546875 0.7750208328125 0.586515625 0.77625 0.5745625000000001 0.7688958328125 0.573640625 0.7836041671875 0.564453125 0.7836041671875 0.5589375000000001 0.8032083328124999 0.539640625 0.7836041671875 0.533203125 0.7958541671875 0.533203125 0.8019791671875 0.536875 0.81425
0 0.44803125 0.1999583328125 0.44914062499999996 0.2274791671875 0.47145312500000003 0.22525 0.47535937500000003 0.22525 0.506609375 0.22599999999999998 0.526140625 0.2274791671875 0.533390625 0.20664583281249999 0.542875 0.2014375 0.54790625 0.19102083281249999 0.53896875 0.1776458328125 0.5306093749999999 0.1716875 0.5227968749999999 0.15979166718749999 0.50996875 0.16052083281250001 0.49768749999999995 0.1724375 0.49098437500000003 0.1635 0.477046875 0.16425 0.46643749999999995 0.1724375 0.45584375 0.1657291671875 0.44523437499999996 0.1657291671875 0.44076562499999994 0.1850833328125 0.44132812499999996 0.1992083328125 0.44803125 0.1999583328125
3 0.500875 0.8145208328125 0.506625 0.8140833328125 0.4968125 0.8104583328125001 0.491046875 0.8104583328125001 0.48562500000000003 0.8118124999999999 0.47750000000000004 0.8167916671875 0.470390625 0.8285208328125 0.46224999999999994 0.825375 0.457515625 0.8185833328125 0.45142187500000003 0.8095625 0.44768749999999996 0.8072916671874999 0.43684375 0.8072916671874999 0.43414062500000006 0.8163333328125001 0.4290625 0.8249166671875001 0.423296875 0.8384583328125 0.42396874999999995 0.8398125000000001 0.49171875 0.8398125000000001 0.500875 0.8145208328125