1 0.2910208328125 0.47443749999999996 0.29558333281250004 0.482421875 0.2978541671875 0.48412499999999997 0.3031875 0.48184375 0.3168541671875 0.478421875 0.32825000000000004 0.47215625 0.3343125 0.469890625 0.35710416718750004 0.471015625 0.3776041671875 0.46076562499999996 0.39660416718749997 0.440265625 0.40875000000000006 0.40209374999999997 0.4072291671875 0.369625 0.3920416671875 0.34968750000000004 0.378375 0.3291875 0.3457083328125 0.32632812499999997 0.3343125 0.32234375000000004 0.32747916718750003 0.318921875 0.3085 0.3195 0.3001458328125 0.323484375 0.2948333328125 0.333171875 0.29862500000000003 0.33773437500000003 0.299375 0.348546875 0.2895 0.360515625 0.2826666671875 0.38215625000000003 0.26595833281250003 0.41974999999999996 0.2485 0.44310937499999997 0.26368749999999996 0.465890625 0.26595833281250003 0.47273437500000004 0.2910208328125 0.47443749999999996
1 0.6026041671875 0.329796875 0.5845208328125 0.37153125 0.5778125000000001 0.42532812499999995 0.5985833328125 0.433375 0.6039583328125 0.443421875 0.6106666671875 0.454484375 0.6233958328125 0.45348437500000005 0.6354583328125 0.45046875000000003 0.6964791671875 0.413765625 0.7125625 0.368515625 0.6911041671875 0.32325 0.6810625 0.31821875 0.65825 0.31320312499999997 0.6428333328125 0.301125 0.619375 0.302140625 0.6220625 0.3116875 0.6026041671875 0.329796875
1 0.7982291671875 0.395640625 0.8563333328124999 0.361625 0.8747708328125 0.31165625 0.8435833328125 0.27551562500000004 0.8223333328125 0.28084375 0.7982291671875 0.257453125 0.7840625 0.257453125 0.7783958328125 0.257453125 0.7670416671875 0.260640625 0.765625 0.262765625 0.7727083328125001 0.267015625 0.7712916671875 0.31379687500000003 0.7854791671875 0.340359375 0.7911458328125 0.395640625 0.7982291671875 0.395640625
1 0.3047083328125 0.562015625 0.34227083281250004 0.540484375 0.3643541671875 0.538 0.3621458328125 0.532203125 0.3765 0.509 0.3709791671875 0.49078125000000006 0.3555208328125 0.48167187499999997 0.3389583328125 0.4791875 0.329 0.475046875 0.31575000000000003 0.4791875 0.3025 0.48415625 0.28925 0.49989062500000003 0.2859375 0.50734375 0.2771041671875 0.515625 0.2726875 0.525578125 0.2517083328125 0.5371718750000001 0.21858333281250003 0.542140625 0.2351458328125 0.542140625 0.1965 0.550421875 0.2141666671875 0.557875 0.2638541671875 0.557875 0.3047083328125 0.562015625
1 0.1558125 0.1955 0.20375000000000001 0.19775 0.23970833281249998 0.19775 0.29362499999999997 0.2 0.32360416718749996 0.17753125 0.3445625 0.157296875 0.3805208328125 0.092140625 0.3535625 0.040453125 0.34158333281250003 0.031453125 0.29362499999999997 0.02471875 0.22770833281249997 0.033703125 0.20074999999999998 0.042703124999999995 0.15879166718749999 0.12359374999999999 0.14681249999999998 0.18426562500000002 0.1558125 0.193265625 0.1558125 0.1955
1 0.6088958328125 0.09814062500000001 0.5981458328125 0.033703125 0.5594791671875 0.022421875 0.5401458328125 0.01596875 0.5186666671875 0.022421875 0.514375 0.01596875 0.4842916671875 0.014359374999999999 0.47139583281249997 0.035312500000000004 0.48643749999999997 0.05625 0.4821458328125 0.123921875 0.40049999999999997 0.217375 0.44347916718749997 0.22542187500000002 0.4950416671875 0.230265625 0.5165208328124999 0.204484375 0.5422916671875 0.19159375 0.5659166671875 0.173875 0.5874166671875 0.144875 0.6088958328125 0.09814062500000001
1 0.5998958328125 0.014656250000000001 0.6036458328125 0.01815625 0.6083125 0.021671875 0.6204791671875001 0.029375000000000002 0.6232708328125 0.0448125 0.6223541671875 0.064453125 0.6223541671875 0.080578125 0.6195416671875 0.10301562500000001 0.607375 0.12265625 0.58775 0.133171875 0.58775 0.15 0.5914791671875 0.15140625000000002 0.6036458328125 0.153515625 0.611125 0.1528125 0.6204791671875001 0.152109375 0.6335625 0.144390625 0.6438541671875 0.131765625 0.657875 0.1114375 0.6633333328125001 0.096421875 0.657875 0.040484375 0.637875 0.021390625 0.6160416671875 0.009109375 0.6092500000000001 0.010437499999999999 0.6027083328125 0.012546874999999999 0.5998958328125 0.014656250000000001
1 0.7214791671875 0.42662500000000003 0.7793125 0.35846875 0.7359375 0.30270312499999996 0.6925625 0.284125 0.6677916671874999 0.2980625 0.6657083328125 0.2980625 0.6760416671875 0.30270312499999996 0.7194166671875 0.36931250000000004 0.7008333328125 0.41732812499999994 0.7008333328125 0.42507812500000003 0.7214791671875 0.42662500000000003
1 0.5932291671875001 0.479703125 0.5973333328125 0.47632812500000005 0.6434166671875 0.51396875 0.6512708328125 0.508625 0.6490208328125 0.49879687500000003 0.6434166671875 0.48840625 0.6325416671874999 0.49879687500000003 0.6291666671875 0.494015625 0.6265625 0.4886875 0.6269375 0.48446875 0.6299166671875 0.479703125 0.6321666671874999 0.47885937500000003 0.6123125 0.478296875 0.6055833328125 0.48250000000000004 0.6007083328125 0.478015625 0.6119583328125 0.46929687500000006 0.5939791671875 0.46312499999999995 0.5827291671875 0.46425 0.5782499999999999 0.46706250000000005 0.5827291671875 0.470984375 0.5864791671875 0.479140625 0.5932291671875001 0.479703125
0 0.3032708328125 0.557640625 0.2630416671875 0.561625 0.245875 0.583375 0.2535625 0.60734375 0.263625 0.6184375 0.2742708328125 0.6184375 0.3074166671875 0.6184375 0.32043750000000004 0.6188906249999999 0.3435208328125 0.5962500000000001 0.3210208328125 0.565625 0.3032708328125 0.557640625
0 0.5281875 0.618109375 0.5318541671875 0.612 0.4927916671875 0.57628125 0.47202083281249996 0.571703125 0.44800000000000006 0.5750625 0.42439583281250004 0.59246875 0.4182916671875 0.616890625 0.42602083281249997 0.6251249999999999 0.4317291671875 0.624828125 0.4516666671875 0.6232968750000001 0.4724375 0.628484375 0.5033541671874999 0.6199375 0.5281875 0.618109375
0 1 0.77490625 0.9797708328124999 0.7479375 0.9198541671875 0.7164843750000001 0.8659166671875 0.6940000000000001 0.8359583328125 0.6647968750000001 0.794 0.6490625 0.7370833328125 0.6288437499999999 0.701125 0.6153593749999999 0.6741666671875 0.6153593749999999 0.6292083328125 0.61984375 0.6142291671875 0.599625 0.5573125 0.6018749999999999 0.5632916671875 0.608609375 0.5273333328125 0.6018749999999999 0.503375 0.57040625 0.47041666718749997 0.5501875 0.42845833281249995 0.5367031250000001 0.41947916718749995 0.52546875 0.3865208328125 0.52771875 0.3355833328125 0.5501875 0.3295833328125 0.5524375 0.2786458328125 0.559171875 0.2217291671875 0.568171875 0.1737916671875 0.568171875 0.1288333328125 0.57715625 0.1228541671875 0.583890625 0.1228541671875 0.592890625 0.1258333328125 0.62659375 0.15879166718749999 0.637828125 0.1857708328125 0.635578125 0.21872916718750002 0.633328125 0.2217291671875 0.633328125 0.2696666671875 0.6468125 0.305625 0.6535624999999999 0.3295833328125 0.662546875 0.3505625 0.67378125 0.37454166718750004 0.6782812500000001 0.3805208328125 0.6715312499999999 0.3805208328125 0.667046875 0.4164791671875 0.6513125 0.4494375 0.6513125 0.497375 0.662546875 0.5333333328125 0.6940000000000001 0.5453125 0.72321875 0.5692916671875 0.7322031250000001 0.5842708328125 0.763671875 0.5722916671875 0.781640625 0.6172291671875 0.8153593750000001 0.6621666671875001 0.8198437500000001 0.695125 0.82659375 0.7280833328125 0.8445625 0.7490625 0.8535625 0.7850208328125 0.8535625 0.806 0.882765625 0.8149791671875001 0.909734375 0.8689166671875 0.92321875 0.9138541671875 0.968171875 0.9468125000000001 0.981640625 1 0.9838906250000001 1 0.77490625
0 0.124875 0.6679999999999999 0.1148541671875 0.6679999999999999 0.0998125 0.6689375 0.0872708328125 0.6689375 0.0772291671875 0.669875 0.0646875 0.67646875 0.0546666671875 0.6830468749999999 0.0483958328125 0.69903125 0.044625 0.7075 0.044625 0.723484375 0.0496458328125 0.734765625 0.06343750000000001 0.742296875 0.09229166718750001 0.73665625 0.12237499999999998 0.731 0.1424375 0.7281875 0.15372916718750002 0.724421875 0.13616666718749998 0.731 0.1574791671875 0.73665625 0.1574791671875 0.702796875 0.1399375 0.68115625 0.124875 0.6679999999999999
3 0.0186666671875 0.824390625 0.0326875 0.8272031249999999 0.062625 0.8328125 0.0916041671875 0.8272031249999999 0.11216666718749999 0.8110625 0.1243333328125 0.792828125 0.1243333328125 0.7844218749999999 0.1187291671875 0.763375 0.1140416671875 0.757765625 0.1046875 0.7493593749999999 0.084125 0.7388281250000001 0.056999999999999995 0.733921875 0.037375000000000005 0.7367343749999999 0.014000000000000002 0.74375 0 0.756375 0.0018333328125 0.80896875 0.010249999999999999 0.820890625 0.0186666671875 0.824390625
3 0.06252083281250001 0.947890625 0.08247916718750001 0.9179375000000001 0.14056249999999998 0.9056875 0.1859375 0.923390625 0.1859375 0.9125 0.1677916671875 0.8825468750000001 0.14056249999999998 0.851234375 0.0788541671875 0.851234375 0.0352916671875 0.860765625 0.026229167187500003 0.9016093749999999 0.031666667187500004 0.907046875 0.044375 0.9301875000000001 0.06252083281250001 0.947890625
3 0.1789375 0.897921875 0.19097916718750002 0.9140625 0.2013125 0.919875 0.21937500000000001 0.92890625 0.2253958328125 0.93084375 0.234875 0.911484375 0.2520833328125 0.8998593749999999 0.2770416671875 0.8888906249999999 0.308 0.8863125000000001 0.3097291671875 0.8863125000000001 0.3037083328125 0.8643750000000001 0.29854166718749997 0.8508125 0.2804791671875 0.83984375 0.2667083328125 0.8346875 0.25466666718750003 0.8308125000000001 0.2400416671875 0.8308125000000001 0.22712500000000002 0.8301718749999999 0.20045833281249997 0.837265625 0.182375 0.85275 0.17464583281249998 0.8727656250000001 0.17464583281249998 0.8837343750000001 0.1789375 0.897921875
3 0.1887708328125 1 0.20375000000000001 0.9842656249999999 0.19775 0.941578125 0.1857708328125 0.91909375 0.1258333328125 0.905625 0.0719166671875 0.91909375 0.053937500000000006 0.964046875 0.059916667187499995 0.959546875 0.0659166671875 1 0.0778958328125 1 0.11385416718750001 1 0.1887708328125 1
3 0.1998541671875 0.839140625 0.2110833328125 0.8342656249999999 0.22589583281249997 0.83115625 0.24718749999999998 0.829828125 0.2619791671875 0.831609375 0.2708541671875 0.83515625 0.275 0.8289375 0.2785625 0.8169531250000001 0.275 0.8054218750000001 0.26968749999999997 0.792546875 0.259625 0.78278125 0.23181250000000003 0.76990625 0.2146458328125 0.7663593750000001 0.1832708328125 0.76725 0.16375 0.7721250000000001 0.15191666718750002 0.77434375 0.1448125 0.7792343749999999 0.1406666671875 0.786328125 0.1341666671875 0.79609375 0.1365208328125 0.7983125 0.1406666671875 0.815625 0.1501458328125 0.8324843749999999 0.161375 0.8427031250000001 0.17914583281250002 0.8551249999999999 0.1826875 0.851125 0.1886041671875 0.8475781250000001 0.1998541671875 0.839140625
3 0.2816458328125 0.964046875 0.3086041671875 0.968546875 0.33258333281249997 0.968546875 0.3475625 0.9617968749999999 0.3565625 0.9572968749999999 0.3715416671875 0.92359375 0.33258333281249997 0.8943749999999999 0.2786458328125 0.8876406250000001 0.2546875 0.896625 0.22770833281249997 0.91909375 0.2217291671875 0.9438124999999999 0.23370833281249997 0.937078125 0.2426875 0.9572968749999999 0.2816458328125 0.964046875
3 0.0005625 0.950375 0 0.9800625000000001 0.0169166671875 0.981359375 0.0281041671875 0.9794218750000001 0.0401458328125 0.965859375 0.0435833328125 0.9516718750000001 0.046166667187499996 0.9374687500000001 0.0375625 0.9245625000000001 0.034125 0.9052031250000001 0.028958332812499998 0.897453125 0.028958332812499998 0.887140625 0 0.8832656249999999 0.0014166671875 0.9006875000000001 0.0014166671875 0.9213281249999999 0.0005625 0.950375
3 0.0247291671875 0.8592812500000001 0.0235833328125 0.8452968750000001 0.0202083328125 0.83003125 0.0168125 0.818171875 0.0038125 0.80884375 0 0.80375 0.00041666718749999997 0.883015625 0.0077708328125000005 0.8825937500000001 0.0145416671875 0.8792031250000001 0.0196458328125 0.87071875 0.0247291671875 0.8592812500000001
3 0.0262916671875 0.85040625 0.0320416671875 0.8579531250000001 0.0399375 0.8595625 0.0543125 0.8404375 0.069359375 0.828189453125 0.0988541671875 0.8224375 0.10604166718750001 0.8162421875 0.11358333281249999 0.8221718750000001 0.1448541671875 0.8307968750000001 0.1344166671875 0.79953125 0.12437499999999999 0.791453125 0.07721875 0.82294140625 0.0509895828125 0.83134765625 0.0194583328125 0.8250781249999999 0.0262916671875 0.85040625
3 0.3082916671875 0.8745156250000001 0.3062083328125 0.886671875 0.3082916671875 0.8890156250000001 0.3297083328125 0.894109375 0.3427708328125 0.898421875 0.35375 0.907046875 0.3579166671875 0.8999843750000001 0.3584375 0.8835312500000001 0.35008333281250004 0.86825 0.3338958328125 0.8529687499999999 0.3103958328125 0.846703125 0.28739583281250003 0.84553125 0.2895 0.8459218749999999 0.2978541671875 0.84984375 0.3082916671875 0.8745156250000001
1 0.74 0.39437500000000003 0.7279375 0.42037500000000005 0.7776875000000001 0.41020312499999995 0.79125 0.3830625 0.7837083328125 0.334453125 0.74 0.301671875 0.7294583328125 0.296015625 0.7550833328125 0.360453125 0.74 0.39437500000000003
1 0.0228958328125 0.03634375 0.0123958328125 0.064734375 0.0039791671874999995 0.06787499999999999 0.0039791671874999995 0.211375 0.037625 0.20034375 0.0460208328125 0.19718750000000002 0.0796666671875 0.189296875 0.1006875 0.186140625 0.12381249999999999 0.183 0.14275 0.157765625 0.1595625 0.134109375 0.1595625 0.096265625 0.1490416671875 0.06 0.1133125 0.034765625 0.0754583328125 0.04265625 0.060750000000000005 0.04265625 0.0228958328125 0.03634375
0 0.8900416671875 0.966234375 0.8588749999999999 0.9350625000000001 0.8450208328125 0.922078125 0.8138541671875 0.9142812499999999 0.8034583328125 0.875328125 0.7445833328125 0.8571406250000001 0.7342083328125 0.8493437500000001 0.7238125 0.836359375 0.6787916671875001 0.8233750000000001 0.623375 0.8233750000000001 0.5922083328125 0.8129843749999999 0.5748958328125 0.77921875 0.5645 0.742859375 0.529875 0.7194843750000001 0.5229375 0.6935 0.4536875 0.659734375 0.4051875 0.66753125 0.36364583281249996 0.677921875 0.329 0.696109375 0.3428541671875 0.7194843750000001 0.3428541671875 0.73765625 0.3393958328125 0.7584375 0.31514583281249997 0.768828125 0.2805208328125 0.7948125 0.294375 0.8207812499999999 0.318625 0.8493437500000001 0.36364583281249996 0.872734375 0.3774791671875 0.8987031249999999 0.3844166671875 0.9272656250000001 0.39827083281250003 0.95584375 0.4017291671875 0.984421875 0.9281458328125 0.984421875 0.9142916671875 0.97921875 0.8900416671875 0.966234375
3 0.1707083328125 0.8841875 0.17535416718750002 0.87140625 0.17381249999999998 0.85803125 0.16683333281249998 0.850484375 0.1505625 0.83478125 0.125 0.82315625 0.0963125 0.8220000000000001 0.0684166671875 0.827234375 0.0521458328125 0.8394375000000001 0.0428541671875 0.8591875 0.0800416671875 0.8510624999999999 0.1428125 0.8510624999999999 0.1707083328125 0.8841875
3 0.28991666718750003 0.964203125 0.2629375 0.972296875 0.23325 0.972296875 0.2170625 0.976359375 0.19277083281250001 1 0.3196041671875 0.9945625 0.298 0.9682499999999999 0.28991666718750003 0.964203125
3 0.3477083328125 1 0.3787916671875 0.9982656249999999 0.381125 0.99009375 0.3686875 0.9726250000000001 0.3585833328125 0.965625 0.3313958328125 0.963875 0.3065416671875 0.969703125 0.31197916718749996 0.9802031250000001 0.3205208328125 1 0.3477083328125 1