1 0.185296875 0.8962206578125 0.185015625 0.902605634375 0.18784375 0.9115492953125001 0.19209375 0.91197183125 0.1960625 0.9013380281250001 0.20173437500000002 0.9043192484375 0.202859375 0.9115492953125001 0.22525 0.9141079812499999 0.23942187499999998 0.908568075 0.25275 0.902605634375 0.259265625 0.8932394359375 0.254734375 0.88516431875 0.242828125 0.8855868546875 0.232625 0.8868544593750001 0.221 0.8868544593750001 0.211078125 0.8868544593750001 0.198046875 0.8906807515624999 0.185296875 0.8962206578125
1 0.21728125 0.706502346875 0.21790625000000002 0.720610328125 0.231046875 0.7130751171874999 0.2341875 0.692394365625 0.231046875 0.6848591546875 0.230421875 0.6867370890625 0.227921875 0.6811032859374999 0.22354687499999998 0.6792253515625 0.22040625 0.6914553984375 0.21728125 0.706502346875
1 0.375140625 0.8374178406249999 0.388390625 0.8356807515625 0.3990625 0.8318309859375 0.398796875 0.8271830984375 0.39468749999999997 0.8260328640625 0.387609375 0.8262206578125 0.38015625000000003 0.827957746875 0.37334375 0.8306572765625001 0.371546875 0.8345305171874999 0.375140625 0.8374178406249999
1 0.43689062500000003 0.808122065625 0.43956249999999997 0.8091314546874999 0.442578125 0.8096244125000001 0.443921875 0.80661971875 0.443921875 0.8025821593750001 0.442578125 0.8010798125 0.44090625 0.7995774640625 0.442921875 0.798568075 0.44225000000000003 0.7960563375 0.440234375 0.794037559375 0.43521875000000004 0.7925352109375 0.427515625 0.7935446015625 0.42417187500000003 0.7950469484375 0.419484375 0.7960563375 0.41881250000000003 0.8015727703125 0.41848437499999996 0.805610328125 0.42115625 0.807605634375 0.42484374999999996 0.8096244125000001 0.427859375 0.8086150234374999 0.43153125000000003 0.808122065625 0.43689062500000003 0.808122065625
1 0.264109375 0.6946478875000001 0.259015625 0.6842488265625 0.25028125 0.681525821875 0.249921875 0.689178403125 0.248828125 0.6957277000000001 0.2455625 0.7023004687500001 0.242640625 0.709389671875 0.244109375 0.717042253125 0.2495625 0.7148591546875 0.27246875 0.709929578125 0.269921875 0.7072065734375 0.26775000000000004 0.7006572765625 0.264109375 0.6946478875000001
1 0.27396875 0.6925117375000001 0.27360937500000004 0.69197183125 0.2718125 0.691150234375 0.26859375 0.691690140625 0.26554687499999996 0.6925117375000001 0.264640625 0.692230046875 0.270375 0.7040845078125 0.27325 0.7016666671875 0.27396875 0.6968075125000001 0.27396875 0.6925117375000001
1 0.48259375000000004 0.6948356812500001 0.485359375 0.692394365625 0.48512500000000003 0.6899765265625 0.48465625 0.6875586859375 0.48420312499999996 0.6823708921875 0.482125 0.6754694828125001 0.48098437499999996 0.67373239375 0.4756875 0.6782159625 0.474765625 0.6792722999999999 0.4726875 0.6778873234375 0.47062499999999996 0.678568075 0.47131249999999997 0.6958685453125 0.474765625 0.6962206578125001 0.47684375 0.6962206578125001 0.48259375000000004 0.6948356812500001
1 0.44114062499999995 0.680070421875 0.44496874999999997 0.680070421875 0.442 0.681361503125 0.44434375 0.6832159625 0.44595312500000006 0.685446009375 0.44743750000000004 0.6880281687500001 0.450890625 0.6846948359375 0.450890625 0.6884037562499999 0.44915625 0.695821596875 0.44953125 0.69767605625 0.45359375 0.695821596875 0.458171875 0.6967370890625 0.460140625 0.6961971828125 0.461625 0.690070421875 0.462609375 0.6948826296874999 0.46482812500000004 0.6945305171875 0.4663125 0.6867370890625 0.4663125 0.6791314546875 0.46359374999999997 0.6739436624999999 0.45853124999999995 0.670610328125 0.45285937499999995 0.6717370890625001 0.447796875 0.67340375625 0.441015625 0.67375586875 0.438671875 0.6772769953125 0.436078125 0.6787793421874999 0.44114062499999995 0.680070421875
1 0.564875 0.6681924875 0.559671875 0.6596009390625001 0.557328125 0.6588028171875 0.5523906249999999 0.6670187796875 0.546671875 0.67483568125 0.5430312500000001 0.690093896875 0.547453125 0.696338028125 0.55525 0.6947652578125 0.568265625 0.694389671875 0.5763281250000001 0.688122065625 0.577109375 0.6709389671875 0.574515625 0.6697652578125 0.570078125 0.6705399062499999 0.564875 0.6681924875
1 0.435328125 0.679906103125 0.42885937500000004 0.67018779375 0.423328125 0.660798121875 0.42140625 0.660798121875 0.419734375 0.67089201875 0.41950000000000004 0.677042253125 0.416140625 0.681361503125 0.43365625 0.6856807515625001 0.434125 0.6853286390625 0.435328125 0.679906103125
1 0.2034375 0.8480985921874999 0.20078125 0.84410798125 0.193578125 0.8389906109374999 0.186375 0.8378403750000001 0.17840625000000002 0.8384272296875 0.176890625 0.8401173703125 0.17879687500000002 0.840704225 0.18448437499999998 0.8429812203125 0.19546875 0.8480985921874999 0.195859375 0.8566431921875 0.202296875 0.8674647890625 0.204578125 0.8538028171875001 0.2034375 0.8480985921874999
1 0.309796875 0.889906103125 0.316765625 0.8910093890624999 0.3193125 0.8886384968750001 0.318671875 0.88194835625 0.30789062500000003 0.870821596875 0.30365625 0.8757511734375001 0.30989062500000003 0.88338028125 0.309796875 0.889906103125
1 0.2743125 0.8188262906249999 0.2659375 0.8186854453124999 0.2604375 0.8188262906249999 0.259234375 0.81910798125 0.26071875 0.8217840375 0.259515625 0.8255399062500001 0.26490625 0.827230046875 0.268171875 0.8283568078125001 0.267984375 0.8288967140624999 0.27384375 0.8287793421874999 0.274875 0.82624413125 0.27542187500000004 0.8209389671875 0.2743125 0.8188262906249999
1 0.078125 0.8450704218749999 0.0921875 0.8427230046874999 0.1078125 0.8661971828125001 0.121875 0.8685446015625 0.1390625 0.8826291078124999 0.1515625 0.8990610328124999 0.159375 0.9014084499999999 0.184375 0.9319248828125 0.190625 0.9319248828125 0.203125 0.950704225 0.2078125 0.950704225 0.209375 0.96948356875 0.2140625 0.976525821875 0.225 0.9812206578125 0.240625 0.9812206578125 0.253125 0.974178403125 0.3 0.976525821875 0.30625 0.9859154921875 0.3140625 0.9859154921875 0.3203125 0.976525821875 0.3203125 0.960093896875 0.3171875 0.950704225 0.31875 0.9389671359375 0.334375 0.9295774640625 0.35 0.9295774640625 0.3578125 0.92018779375 0.4015625 0.92018779375 0.4109375 0.910798121875 0.428125 0.910798121875 0.4453125 0.90375586875 0.45 0.9084507046875 0.484375 0.9061032859375 0.4921875 0.894366196875 0.4984375 0.894366196875 0.5171875 0.8661971828125001 0.5296875 0.8685446015625 0.5328125 0.877934271875 0.540625 0.8849765265625 0.55625 0.8849765265625 0.56875 0.8755868546875 0.5765625 0.8615023468749999 0.5796875 0.8661971828125001 0.5875 0.8661971828125001 0.59375 0.8732394359375 0.60625 0.8732394359375 0.6109375 0.880281690625 0.621875 0.880281690625 0.6390625 0.8685446015625 0.6703125 0.87089201875 0.6828125 0.8638497656249999 0.6859375 0.85446009375 0.684375 0.8356807515625 0.6921875 0.8239436625 0.7140625 0.8239436625 0.71875 0.8192488265625 0.7234375 0.8004694828125001 0.7296875 0.7957746484375 0.7484375 0.7934272296875 0.753125 0.7887323937499999 0.7671875 0.7887323937499999 0.7734375 0.7957746484375 0.79375 0.7934272296875 0.796875 0.798122065625 0.809375 0.798122065625 0.821875 0.7769953046875 0.853125 0.767605634375 0.8625 0.7793427234375 0.871875 0.7793427234375 0.878125 0.7699530515624999 0.890625 0.7699530515624999 0.896875 0.7605633796875 0.9671875 0.7652582156250001 0.978125 0.7511737093749999 0.9953125 0.7511737093749999 0.9984375 0.7441314546875 0.9984375 0.7347417843749999 0.99375 0.7230046953125 0.99375 0.685446009375 0.984375 0.671361503125 0.975 0.6760563375 0.9703125 0.6995305171874999 0.9609375 0.6901408453125 0.9375 0.6830985921875 0.903125 0.6830985921875 0.8921875 0.6901408453125 0.8625 0.6924882625000001 0.8625 0.671361503125 0.86875 0.66197183125 0.86875 0.64553990625 0.8640625 0.636150234375 0.8578125 0.6338028171875 0.85 0.6384976531250001 0.8375 0.6267605640625 0.8171875 0.62910798125 0.809375 0.622065728125 0.796875 0.622065728125 0.7859375 0.6314553984375 0.784375 0.636150234375 0.7883680562500001 0.6473656765625 0.7859375 0.652582159375 0.784375 0.6502347421875 0.72875 0.6971830984375 0.7265625 0.7089201875 0.721875 0.7065727703125 0.721796875 0.7030516437500001 0.7203125 0.7065727703125 0.7078125 0.7065727703125 0.69375 0.7206572765625 0.6828125 0.7206572765625 0.6828125 0.6948356812500001 0.6890625 0.685446009375 0.6890625 0.6760563375 0.6828125 0.6643192484375 0.6640625 0.654929578125 0.6203125 0.654929578125 0.615625 0.6502347421875 0.6 0.6502347421875 0.59375 0.654929578125 0.590625 0.66197183125 0.5765625 0.6596244125 0.56875 0.6643192484375 0.565625 0.669014084375 0.5671875 0.671361503125 0.5765625 0.671361503125 0.575 0.6924882625000001 0.5322916671875 0.7269170593750001 0.534375 0.7347417843749999 0.5328125 0.7370892015625 0.5265625 0.7370892015625 0.5251736109375 0.732655190625 0.525 0.7370892015625 0.51875 0.7347417843749999 0.5125 0.7394366203125 0.4703125 0.6924882625000001 0.4671875 0.6924882625000001 0.4640625 0.6795774640625 0.478125 0.67840375625 0.4734375 0.6643192484375 0.4671875 0.66197183125 0.4609375 0.6666666671875 0.4609375 0.6737089203125 0.4515625 0.6791862281250001 0.44375 0.6643192484375 0.4375 0.66197183125 0.4296875 0.671361503125 0.434375 0.6807511734375 0.43125 0.685446009375 0.434375 0.6924882625000001 0.428125 0.732394365625 0.4125 0.7206572765625 0.40625 0.7253521125 0.3609375 0.7370892015625 0.3390625 0.7347417843749999 0.328125 0.7464788734375001 0.3 0.7511737093749999 0.2921875 0.7582159625 0.2625 0.7629107984375 0.2578125 0.767605634375 0.246875 0.767605634375 0.2390625 0.7183098593749999 0.2421875 0.715962440625 0.2484375 0.6971830984375 0.2484375 0.685446009375 0.2328125 0.6830985921875 0.2328125 0.6901408453125 0.22421875 0.683489828125 0.2203125 0.6877934265625 0.215625 0.6830985921875 0.1984375 0.6830985921875 0.1890625 0.6760563375 0.18125 0.685446009375 0.18125 0.715962440625 0.146527778125 0.7433489828125001 0.14375 0.7488262906250001 0.13125 0.7347417843749999 0.11875 0.7394366203125 0.115625 0.7464788734375001 0.115625 0.7605633796875 0.1203125 0.767605634375 0.102734375 0.794014084375 0.10625 0.8004694828125001 0.0984375 0.8075117374999999 0.096875 0.8028169015625 0.0890625 0.8098591546874999 0.08125 0.8098591546874999 0.075 0.8145539906250001 0.0734375 0.8192488265625 0.079296875 0.8292253515624999 0.0734375 0.83802816875 0.078125 0.8450704218749999