2 0.26887500000000003 0.41391666718750003 0.27771875 0.45872916718749995 0.297171875 0.456375 0.297171875 0.40920833281249996 0.27771875 0.2747708328125 0.23879687500000002 0.23939583281250001 0.21579687500000003 0.2723958328125 0.199875 0.36202083281249997 0.20165625 0.472875 0.198109375 0.49410416718750005 0.226421875 0.4257083328125 0.26887500000000003 0.41391666718750003
2 0.34234375 0.5308958328125 0.31442187499999996 0.4952916671875 0.29621875000000003 0.4677708328125 0.27921874999999996 0.45806250000000004 0.254953125 0.4645416671875 0.248875 0.49366666718749996 0.257375 0.505 0.285296875 0.6004791671875 0.308359375 0.7088958328125 0.328984375 0.71375 0.396953125 0.6765416671875 0.399375 0.653875 0.376328125 0.6004791671875 0.34234375 0.5308958328125
2 0.523484375 0.1895833328125 0.523484375 0.174875 0.51246875 0.162 0.494546875 0.1417916671875 0.41460937500000006 0.1271041671875 0.347078125 0.1234166671875 0.322265625 0.1454791671875 0.320890625 0.1730416671875 0.36912500000000004 0.1895833328125 0.42976562500000004 0.1803958328125 0.49178125 0.1895833328125 0.523484375 0.1895833328125
2 0.299078125 0.2611875 0.3050625 0.2691458328125 0.31189062500000003 0.2623125 0.32471875 0.2628958328125 0.340515625 0.26345833281250003 0.346921875 0.26516666718750004 0.348640625 0.2714375 0.348640625 0.2742708328125 0.426828125 0.2646041671875 0.44903125 0.2503541671875 0.47253125 0.24181249999999999 0.490046875 0.2361041671875 0.49517187500000004 0.2252916671875 0.49645312500000005 0.2150416671875 0.49260937499999996 0.19908333281249999 0.4840625 0.1888333328125 0.428109375 0.1797291671875 0.36529687499999997 0.1876875 0.33582812500000003 0.19452083281250002 0.314890625 0.2093333328125 0.300359375 0.22472916718749997 0.29565625 0.23097916718749997 0.29565625 0.24693749999999998 0.299078125 0.2611875
2 0.554328125 0.2534375 0.53525 0.24072916718749998 0.48684374999999996 0.23485416718750002 0.42228125 0.2642083328125 0.384859375 0.30235416718749997 0.4149375 0.3669166671875 0.435484375 0.3874583328125 0.46262499999999995 0.3649583328125 0.5198437499999999 0.3131041671875 0.552125 0.27008333281249997 0.55653125 0.2553958328125 0.554328125 0.2534375
2 0.554875 0.4383125 0.565203125 0.45737500000000003 0.58265625 0.45737500000000003 0.593765625 0.44995833281250003 0.601703125 0.4404375 0.6080625000000001 0.4150416671875 0.611234375 0.3864583328125 0.61440625 0.3420208328125 0.61440625 0.3071041671875 0.6080625000000001 0.2753541671875 0.593765625 0.253125 0.585828125 0.253125 0.5628124999999999 0.2605416671875 0.5525 0.27958333281250003 0.551703125 0.30604166718750003 0.543765625 0.3250833328125 0.5374218749999999 0.3515416671875 0.5389999999999999 0.3801041671875 0.5397968750000001 0.4108125 0.5469375000000001 0.41714583281250006 0.554875 0.4383125
2 0.605859375 0.542 0.6171249999999999 0.5212083328125 0.621453125 0.5085 0.61365625 0.5004166671875 0.599796875 0.5004166671875 0.5885312500000001 0.4969583328125 0.5885312500000001 0.48308333281250004 0.54521875 0.5061875 0.542609375 0.555875 0.5417500000000001 0.6043958328125 0.605859375 0.542
2 0.541109375 0.5015416671875 0.5275624999999999 0.40268750000000003 0.516390625 0.3814375 0.508421875 0.374 0.48131250000000003 0.3771875 0.477328125 0.38675000000000004 0.503640625 0.41224999999999995 0.516390625 0.4430833328125 0.498859375 0.4611666671875 0.497265625 0.46966666718749994 0.5100156250000001 0.5015416671875 0.514796875 0.5175 0.51878125 0.5429999999999999 0.53234375 0.5833958328125 0.537921875 0.5993541671875 0.529953125 0.6057291671875 0.521984375 0.5950833328125 0.5171875 0.6036041671875 0.497265625 0.5961666671875 0.487703125 0.5908333328125 0.492484375 0.5759583328125 0.49965624999999997 0.5632083328124999 0.4916875 0.5642708328125 0.49806249999999996 0.5493750000000001 0.490890625 0.5345 0.483703125 0.5249375 0.47653125 0.545125 0.46935937499999997 0.5206875 0.477328125 0.5674583328125 0.48929687499999996 0.6174166671875 0.50284375 0.65675 0.507625 0.6641874999999999 0.526765625 0.66525 0.541109375 0.6280416671875 0.542703125 0.5547083328125 0.541109375 0.5015416671875
2 0.23029687499999998 0.6094999999999999 0.257390625 0.6314375 0.2825625 0.6443333328125 0.295140625 0.6507916671875 0.267078125 0.5197916671875 0.25884375 0.50625 0.244328125 0.49914583281249997 0.2370625 0.4804375 0.231734375 0.4849375 0.22351562500000002 0.494625 0.214796875 0.5101041671875 0.20415624999999998 0.5307708328125 0.2031875 0.5507708328125 0.214796875 0.5836875 0.23029687499999998 0.6094999999999999
2 0.364984375 0.3033541671875 0.35531250000000003 0.2968958328125 0.331109375 0.2968958328125 0.31659375 0.3123958328125 0.316109375 0.3388541671875 0.31078125 0.3459583328125 0.287546875 0.3459583328125 0.29093749999999996 0.4124166671875 0.294328125 0.45179166718749997 0.29481250000000003 0.46727083281250004 0.303515625 0.4621041671875 0.315140625 0.43435416718750003 0.32190625 0.4292083328125 0.331109375 0.4156458328125 0.352890625 0.41500000000000004 0.391609375 0.4078958328125 0.393546875 0.40854166718749996 0.3930625 0.3349791671875 0.3930625 0.3291666671875 0.38482812499999997 0.3220833328125 0.364984375 0.3033541671875
2 0.352609375 0.558125 0.3591875 0.5767083328125 0.37196875 0.5818749999999999 0.39635937499999996 0.5808333328125 0.423859375 0.5731041671875 0.459859375 0.5632916671875 0.474578125 0.5524583328125 0.47225 0.4956666671875 0.45482812499999997 0.47810416718750004 0.440109375 0.47397916718750005 0.414953125 0.46985416718749995 0.37971875 0.47914583281249995 0.36112500000000003 0.48327083281250005 0.35221874999999997 0.4915416671875 0.35339062499999996 0.5194166671875 0.35339062499999996 0.5199166671875 0.35028125 0.5410833328125 0.352609375 0.558125
2 0.485921875 0.344625 0.485453125 0.3490625 0.506296875 0.3648333328125 0.52334375 0.3661041671875 0.533296875 0.3591666671875 0.540390625 0.3408333328125 0.543234375 0.319375 0.5385 0.32 0.54134375 0.3111666671875 0.5370781250000001 0.295375 0.536125 0.2941041671875 0.5148125 0.32 0.485921875 0.344625
2 0.37501562499999996 0.6987708328125 0.37501562499999996 0.7111666671875 0.383140625 0.726125 0.393984375 0.7400625 0.41140625000000003 0.7411041671875 0.48071875000000003 0.7090833328125 0.500078125 0.6915416671875 0.4958125 0.6337291671874999 0.49271875 0.627 0.48653124999999997 0.627 0.46909375000000003 0.6290833328125001 0.446640625 0.6414583328125001 0.410640625 0.6610833328125 0.392046875 0.6693333328125 0.382375 0.6791458328125 0.37501562499999996 0.6987708328125