0 0.46085937499999996 0.5707764703125 0.47265625 0.5584705875 0.46448437499999995 0.5311294125 0.44542187499999997 0.521552940625 0.432703125 0.5338588234375 0.43543750000000003 0.5571058828125001 0.4526875 0.5789882359375 0.46085937499999996 0.5707764703125
0 0.01953125 0.230117646875 0.032203125 0.25672941250000003 0.04221875 0.2811294125 0.05134375 0.28025882343749997 0.0684375 0.23943529375 0.070203125 0.2159058828125 0.06401562499999999 0.19727058749999998 0.054593749999999996 0.1892941171875 0.047515625 0.1844 0.037796875 0.1799764703125 0.033078125 0.1817411765625 0.02659375 0.1932941171875 0.02040625 0.2003764703125 0.01834375 0.21503529375000002 0.01953125 0.230117646875
0 0.288921875 0.31658823593749996 0.287828125 0.338117646875 0.293875 0.35303529375 0.30267187500000003 0.35964705937499997 0.310921875 0.35882352968750003 0.320828125 0.35136470625 0.32521875 0.326517646875 0.32521875 0.3199058828125 0.319171875 0.3108 0.314765625 0.30416470625 0.309828125 0.302517646875 0.30321875 0.302517646875 0.307078125 0.3049882359375 0.30267187500000003 0.30416470625 0.298265625 0.30416470625 0.29496875 0.3083058828125 0.288921875 0.31658823593749996
0 0.328890625 0.3476 0.34428125 0.350117646875 0.350171875 0.34741176406249996 0.354671875 0.34218823593750003 0.3556875 0.33792941249999997 0.35503125 0.3134117640625 0.349984375 0.302 0.34628125 0.2987764703125 0.33967187499999996 0.2984941171875 0.33540625 0.2984941171875 0.32742187500000003 0.304047059375 0.323890625 0.3219058828125 0.325046875 0.33792941249999997 0.328890625 0.3476
0 0.5666562500000001 0.760117646875 0.572 0.7732941171875 0.577328125 0.7805882359375 0.5826718750000001 0.7879058828125001 0.5836406249999999 0.78936470625 0.591421875 0.7930117640625001 0.597234375 0.7879058828125001 0.6113125 0.7659764703125 0.6152031250000001 0.7550117640625 0.61278125 0.7411058828125 0.59675 0.7308705875 0.5826718750000001 0.7199058828125 0.5705312499999999 0.736 0.570046875 0.7367294125 0.5666562500000001 0.760117646875
0 0.131328125 0.4819294125 0.14129687500000002 0.4958117640625 0.16048437499999998 0.5004235296874999 0.1696875 0.48656470625 0.173515625 0.4623058828125 0.181953125 0.44960000000000006 0.18656250000000002 0.4288 0.1835 0.41263529375 0.17965625000000002 0.40223529375 0.170453125 0.3872235296875 0.150515625 0.3791294125 0.14284375 0.3883764703125 0.122125 0.4056941171875 0.11751562499999998 0.42995294062499995 0.12059375000000001 0.4576705875 0.131328125 0.4819294125
0 0.9131406249999999 0.383482353125 0.92634375 0.3779294125 0.9331093750000001 0.3677411765625 0.93371875 0.3612705875 0.9248125 0.35063529375 0.920515625 0.34136470625 0.909140625 0.3344235296875 0.9008437499999999 0.3473882359375 0.90053125 0.3626588234375 0.901453125 0.372847059375 0.9131406249999999 0.383482353125
0 0.18971875 0.5563058828125 0.18646875000000002 0.5602117640625 0.18451562500000002 0.5709647062500001 0.187765625 0.5934588234375 0.191671875 0.603247059375 0.19815624999999998 0.603247059375 0.20725 0.60423529375 0.213109375 0.59543529375 0.218296875 0.5827058828125 0.21375000000000002 0.5592235296875 0.2105 0.5563058828125 0.20465624999999998 0.5543529406250001 0.18971875 0.5563058828125
0 0.3719375 0.1805882359375 0.38854687499999996 0.19992941250000001 0.396859375 0.20788235312499997 0.3995 0.18741176406249999 0.397234375 0.1703764703125 0.393078125 0.16183529375 0.38478124999999996 0.1584235296875 0.37307812500000004 0.1612705875 0.3700625 0.1686588234375 0.3719375 0.1805882359375
0 0.65334375 0.7746588234375 0.66065625 0.7657647062499999 0.66346875 0.756 0.664875 0.7483764703125 0.66459375 0.7390588234375 0.6603749999999999 0.72463529375 0.6564375 0.7157411765624999 0.651375 0.714047059375 0.637859375 0.718282353125 0.626875 0.7259058828125 0.6237812500000001 0.73183529375 0.622375 0.7471058828125 0.62603125 0.7644941171874999 0.628 0.7683058828125 0.632234375 0.7733882359375001 0.640671875 0.78143529375 0.6451718750000001 0.7848235296875 0.65165625 0.7797411765625 0.65334375 0.7746588234375
0 0.7599218750000001 0.2431294125 0.7572656249999999 0.2608941171875 0.759328125 0.27552941249999996 0.767578125 0.2839764703125 0.7728906249999999 0.2839764703125 0.785265625 0.27952941249999996 0.7917500000000001 0.2706588234375 0.791453125 0.25023529375 0.784078125 0.2404705875 0.778484375 0.2355764703125 0.776421875 0.23470588281250002 0.765515625 0.2364705875 0.7599218750000001 0.2431294125
0 0.85609375 0.26280000000000003 0.85609375 0.2647058828125 0.85609375 0.2674588234375 0.8550000000000001 0.2685411765625 0.85628125 0.281717646875 0.85590625 0.290752940625 0.8551875000000001 0.2956941171875 0.857 0.2989882359375 0.8600937500000001 0.30171764687499997 0.864109375 0.3039294125 0.870109375 0.3039294125 0.875765625 0.3025411765625 0.8794062500000001 0.2987058828125 0.88340625 0.2918588234375 0.884140625 0.2836235296875 0.883765625 0.2751294125 0.880921875 0.2672 0.875359375 0.2588235296875 0.8716406250000001 0.2569411765625 0.8677187500000001 0.25602352968750003 0.864625 0.25663529375 0.8623593749999999 0.25943529375 0.8596718750000001 0.26284705937499997 0.8592656249999999 0.2616 0.85740625 0.260682353125 0.856828125 0.2595058828125 0.85628125 0.25976470625000003 0.85609375 0.26280000000000003
0 0.7734375 1 0.7765625 0.9882352937500001 0.775 0.9764705875 0.771875 0.9717647062499999 0.7625 0.9717647062499999 0.7575000000000001 0.9628235296875 0.76875 0.9411764703125 0.7859375 0.9435294125 0.79375 0.9317647062500001 0.796875 0.9129411765625 0.796875 0.9035294125 0.7921875 0.894117646875 0.7828125 0.894117646875 0.7796875 0.8988235296875 0.7671875 0.8794214078125 0.7671875 0.21411764687499998 0.775 0.21411764687499998 0.7796875 0.20235294062500003 0.8109375 0.23764705937500002 0.8203125 0.25176470625 0.8296875 0.25176470625 0.8328125 0.24705882343750002 0.8359375 0.22823529374999998 0.840625 0.22823529374999998 0.84375 0.22352941249999997 0.8453125 0.2094117640625 0.8691176468749999 0.1932179921875 0.8716911765625 0.20456747343749998 0.8686197921875 0.20745098125 0.87426470625 0.2159169546875 0.87109375 0.2188235296875 0.8735677078125 0.230196078125 0.8768382359375 0.2272664359375 0.8828125 0.225882353125 0.884375 0.238117646875 0.8794117640625 0.23861591718750003 0.8760416671875 0.24156862812500002 0.878515625 0.2529411765625 0.88198529375 0.24996539687500002 0.8859375 0.250352940625 0.8845588234375 0.2613148796875 0.8809895828125001 0.264313725 0.887132353125 0.272664359375 0.8834635421874999 0.275686275 0.890625 0.2870588234375 0.8823529406249999 0.2937716265625 0.875 0.3035294125 0.875 0.3129411765625 0.8796875 0.32 0.8974264703125 0.318062284375 0.9 0.3294117640625 0.9046875 0.3364705875 0.9140625 0.3364705875 0.91875 0.3247058828125 0.9375 0.3270588234375 0.93125 0.334117646875 0.93125 0.34823529375 0.9484375 0.3694117640625 0.96875 0.37176470625 0.9734375 0.36 0.9765625 0.32 0.975 0.30823529375000003 0.965625 0.29882352968750003 0.95625 0.29882352968750003 0.9390625 0.32 0.8856085531250001 0.189597521875 0.878125 0.1891764703125 0.8814967109375 0.1795665625 0.8765625 0.1769411765625 0.8773848687499999 0.1695356046875 0.8732730265624999 0.1595046453125 0.8875 0.157647059375 0.890625 0.1529411765625 0.8921875 0.1388235296875 0.8875 0.1294117640625 0.878125 0.1294117640625 0.875 0.134117646875 0.8703125 0.1294117640625 0.8650493421875 0.139442725 0.8609375 0.1294117640625 0.85625 0.13647058750000002 0.855902778125 0.13908496718750002 0.8588235296875 0.14782006875 0.85625 0.15058823593749998 0.8508680562500001 0.14875816875 0.8307291671874999 0.18745098124999998 0.83125 0.2 0.82569444375 0.1971241828125 0.820659721875 0.2067973859375 0.8234375 0.2164705875 0.815625 0.2164705875 0.8109375 0.22352941249999997 0.80850694375 0.210457515625 0.780034721875 0.186405228125 0.778125 0.19058823593750002 0.771875 0.185882353125 0.7729166671875001 0.1803921578125 0.7657986109375 0.174379084375 0.77109375 0.1670588234375 0.771875 0.1552941171875 0.7765625 0.14823529375 0.7875 0.15058823593749998 0.7921875 0.1388235296875 0.790625 0.1270588234375 0.778125 0.1129411765625 0.7671875 0.1129411765625 0.7640625 0.117647059375 0.7578125 0.117647059375 0.753125 0.12470588281249999 0.7515625 0.162352940625 0.73046875 0.182521009375 0.728125 0.16 0.73125 0.1552941171875 0.73125 0.13176470625 0.7046875 0.1270588234375 0.7 0.134117646875 0.7 0.14823529375 0.7109375 0.16 0.7059094546875 0.16889894375 0.7072115390625 0.17085972968750002 0.7024439109375 0.18015083125 0.7034855765625 0.18171945625000002 0.7072115390625 0.181031675 0.7061298078125 0.19272398125 0.698978365625 0.191402715625 0.6955128203125 0.20265460000000002 0.70234375 0.2094117640625 0.7039663468749999 0.216108596875 0.702884615625 0.22780090625 0.6953125 0.2161344546875 0.692047275 0.21390648437499998 0.68828125 0.22285714375 0.68858173125 0.225158371875 0.68125 0.2295798328125 0.6734375 0.22823529374999998 0.67421875 0.2363025203125 0.6609375 0.23764705937500002 0.66015625 0.24974789843749998 0.653125 0.2564705875 0.6503125 0.2675294125 0.653125 0.2705882359375 0.6475 0.2785882359375 0.653125 0.28470588281250003 0.6446875000000001 0.289647059375 0.5715625 0.5771764703125 0.57578125 0.5811764703125 0.56875 0.58823529375 0.4453125 0.39058823593750003 0.45 0.385882353125 0.4515625 0.3694117640625 0.446875 0.36 0.43671875 0.36 0.43353365312500003 0.37254901875 0.4265625 0.36 0.424609375 0.34764705937499996 0.422716346875 0.35529411718750004 0.4118990390625 0.3380392171875 0.42265625 0.3352941171875 0.40703125 0.2364705875 0.409375 0.225882353125 0.415625 0.225882353125 0.4203125 0.23294117656250002 0.43125 0.23294117656250002 0.4359375 0.2211764703125 0.4375 0.1952941171875 0.4328125 0.185882353125 0.40625 0.18823529375 0.4015625 0.1952941171875 0.4015625 0.2094117640625 0.40625 0.2211764703125 0.405078125 0.224117646875 0.3982421875 0.22647058750000001 0.38125 0.24941176406249999 0.378125 0.2447058828125 0.3671875 0.2447058828125 0.3625 0.25176470625 0.3578125 0.25176470625 0.353125 0.2588235296875 0.355230978125 0.270230178125 0.3509375 0.2729411765625 0.353125 0.27999999999999997 0.34750000000000003 0.28352941249999997 0.2925 0.45294117656250005 0.28760080625 0.451612903125 0.2583669359375 0.21328273125 0.251840278125 0.2140549015625 0.25255208281249997 0.2023058828125 0.2569052421875 0.2013662234375 0.25326388906249997 0.1905568640625 0.2554435484375 0.189449715625 0.25397569375 0.1788078421875 0.2546875 0.1670588234375 0.2640625 0.1670588234375 0.2671875 0.162352940625 0.2734375 0.1129411765625 0.26875 0.1035294125 0.259375 0.1035294125 0.253125 0.094117646875 0.24521169375000001 0.10603415468749999 0.24375 0.094117646875 0.2390625 0.10117647031250002 0.23607954531250003 0.097967915625 0.19005681875 0.1210695171875 0.1890625 0.13176470625 0.1823863640625 0.1249197859375 0.18125 0.1294117640625 0.17471590937499998 0.1287700546875 0.1670454546875 0.13262032031249998 0.1640625 0.1294117640625 0.159375 0.13647058750000002 0.15625 0.1435294125 0.159375 0.17176470625 0.16875 0.185882353125 0.1828125 0.18352941250000002 0.19375 0.157647059375 0.23984375 0.15129411718750002 0.24192708281250003 0.2472941171875 0.2504166671875 0.23755294062500001 0.24970486093750002 0.24930195937500002 0.2421875 0.2592941171875 0.24899305625 0.26105098125000004 0.24244791718749997 0.27129411718749996 0.24828125 0.27280000000000004 0.2468576390625 0.296298040625 0.24296875 0.2952941171875 0.24322916718749998 0.3072941171875 0.2461458328125 0.308047059375 0.24348958281250002 0.3192941171875 0.24543402812499998 0.319796078125 0.24375 0.3312941171875 0.24472222187499998 0.3315450984375 0.24348958281250002 0.3564705875 0.24453125 0.3672941171875 0.243359375 0.36905882343749996 0.24479166718749998 0.3792941171875 0.24322916718749998 0.381647059375 0.24505208281250002 0.3912941171875 0.24309895781250002 0.39423529375 0.2453125 0.40329411718749997 0.24296875 0.40682352968749996 0.2455729171875 0.4152941171875 0.24283854218749998 0.41941176406249997 0.24583333281250003 0.4272941171875 0.2427083328125 0.43200000000000005 0.24609375 0.4392941171875 0.242578125 0.4445882359375 0.24635416718749997 0.4512941171875 0.24244791718749997 0.45717647031249997 0.2466145828125 0.4632941171875 0.2423177078125 0.46976470625 0.246875 0.47529411718750003 0.2390625 0.4870588234375 0.2390625 0.5129411765625 0.24375 0.52 0.2546875 0.52 0.259375 0.5105882359375 0.2671875 0.5035294125 0.26875 0.4894117640625 0.284375 0.48470588281250004 0.2984375 0.50823529375 0.3078125 0.50823529375 0.35625 0.602352940625 0.3609375 0.5952941171874999 0.365625 0.5952941171874999 0.365625 0.6035294125 0.375 0.6047058828125 0.375 0.6235294125 0.378125 0.6305882359375 0.3765625 0.6447058828125 0.3734375 0.6494117640625 0.35625 0.6352941171875 0.3625 0.6470588234375 0.36015625 0.6505882359374999 0.3640625 0.665882353125 0.359375 0.6729411765625 0.3578125 0.6964705875 0.371875 0.7129411765625 0.3859375 0.7152941171875 0.390625 0.722352940625 0.4 0.722352940625 0.4078125 0.705882353125 0.4375 0.7294117640625 0.4415760875 0.7379028140624999 0.4375 0.7435294125 0.4421875 0.7505882359375 0.4515625 0.7811764703125 0.44375 0.797647059375 0.44375 0.81176470625 0.4546875 0.825882353125 0.465625 0.825882353125 0.471875 0.814117646875 0.475 0.7929411765625 0.4703125 0.7835294125 0.4609375 0.7811764703125 0.4609375 0.7670588234375 0.4734375 0.762352940625 0.4828125 0.7505882359375 0.4859375 0.7411764703125 0.490625 0.7411764703125 0.49375 0.7364705875 0.5 0.705882353125 0.4953125 0.6964705875 0.5640625 0.6188235296875 0.5734375 0.6329411765625 0.5828125 0.6329411765625 0.5875 0.6211764703125 0.5859375 0.6047058828125 0.59375 0.602352940625 0.596875 0.5976470593750001 0.5984375 0.5835294125 0.6527417453125001 0.5880133171875 0.646137971875 0.7539622640625 0.6542067312500001 0.75395475 0.653125 0.765647059375 0.6456662734374999 0.765815759375 0.645194575 0.77766925625 0.65204326875 0.7773393671875 0.6509615390625 0.789031675 0.644722878125 0.789522753125 0.6442511796875 0.80137625 0.650841346875 0.80128506875 0.6487980765625 0.8124162890625 0.64377948125 0.8132297453125 0.6433077828125 0.8250832406249999 0.647716346875 0.8241085968749999 0.6506009609375 0.8257918546875 0.6504807687499999 0.8380452500000001 0.646634615625 0.83580090625 0.6428360843750001 0.8369367359375 0.645552884375 0.8474932125000001 0.6423643875 0.8487902328124999 0.644471153125 0.8591855203125001 0.6418926890625001 0.8606437296875 0.6433894234374999 0.870877828125 0.641420990625 0.8724972265625001 0.640005896875 0.9080577125 0.6421875 0.9129411765625 0.6390625 0.917647059375 0.6390625 0.9317647062500001 0.64375 0.9388235296874999 0.653125 0.9388235296874999 0.6578125 0.9317647062500001 0.6640625 0.9317647062500001 0.66875 0.9199999999999999 0.7414930562500001 0.9216993453125 0.7407986109375 0.9692810453125 0.7453125 0.974117646875 0.740625 0.9811764703125 0.7462500000000001 0.9844705875 0.740625 0.9952941171875 0.7453125 1 0.7734375 1