2 0.393640625 0.2697916671875 0.43198437500000003 0.2605208328125 0.43156249999999996 0.2765416671875 0.431359375 0.279625 0.45515625000000004 0.2610833328125 0.45506250000000004 0.2629166671875 0.463375 0.25547916718749997 0.4610625 0.231875 0.454953125 0.2279375 0.393640625 0.2697916671875
2 0.3878125 0.27775 0.39192187500000003 0.3017916671875 0.43003125000000003 0.3017916671875 0.435359375 0.3039791671875 0.431265625 0.26027083281249996 0.3878125 0.27775
2 0.391078125 0.22239583281250003 0.382171875 0.2360625 0.3799375 0.24139583281250002 0.375484375 0.2526875 0.3759375 0.2616041671875 0.37682812499999996 0.2669375 0.38484375000000004 0.2675416671875 0.391078125 0.26516666718750004 0.392859375 0.2699166671875 0.39375 0.2687291671875 0.41646875000000005 0.25387499999999996 0.400875 0.2336875 0.401765625 0.2176458328125 0.391078125 0.22239583281250003
2 0.4176875 0.1994791671875 0.40170312499999994 0.21587499999999998 0.399234375 0.23118750000000002 0.41726562500000003 0.2552291671875 0.423421875 0.24920833281250002 0.4369375 0.2355416671875 0.44021875 0.22789583281249998 0.442265625 0.2147916671875 0.4369375 0.2093125 0.424640625 0.1962083328125 0.425875 0.19785416718749999 0.42259375 0.1962083328125 0.4176875 0.1994791671875
2 0.454359375 0.1548333328125 0.42384374999999996 0.1604375 0.42017187500000003 0.1639583328125 0.4180625 0.1934166671875 0.4306875 0.1990208328125 0.429109375 0.2032291671875 0.46118750000000003 0.1934166671875 0.46907812499999996 0.1835833328125 0.46540625 0.1583333328125 0.454359375 0.1548333328125
2 0.507296875 0.33445833281250004 0.514046875 0.3591666671875 0.541015625 0.3322083328125 0.54775 0.3142291671875 0.561234375 0.2827708328125 0.532578125 0.2715416671875 0.4971875 0.2782708328125 0.482015625 0.30074999999999996 0.466859375 0.3367083328125 0.488765625 0.3434375 0.507296875 0.33445833281250004
2 0.46346875 0.230875 0.462515625 0.2496041671875 0.4679375 0.2726041671875 0.484875 0.2734583328125 0.49124999999999996 0.2347083328125 0.487109375 0.2223541671875 0.48326562500000003 0.2202291671875 0.46890625 0.2202291671875 0.46346875 0.230875
2 0.50225 0.1820208328125 0.47865624999999995 0.1955 0.47865624999999995 0.2224791671875 0.4971875 0.2112291671875 0.510671875 0.1887708328125 0.50225 0.1820208328125
2 0.375671875 0.3075 0.38115625 0.3243125 0.39815625 0.33747916718750004 0.45628124999999997 0.3711041671875 0.473828125 0.404 0.48862500000000003 0.404 0.49740624999999994 0.36964583281249996 0.496859375 0.3652708328125 0.491375 0.3601458328125 0.49246875 0.3447916671875 0.47601562499999994 0.33747916718750004 0.4595625 0.33747916718750004 0.45134375000000004 0.3330833328125 0.440921875 0.32579166718749997 0.42503124999999997 0.3118958328125 0.42009375000000004 0.3045833328125 0.406375 0.3038541671875 0.39651562500000004 0.3038541671875 0.390484375 0.3001875 0.3871875 0.2841041671875 0.394875 0.279 0.3899375 0.2694791671875 0.37951562499999997 0.26510416718749996 0.376765625 0.2775208328125 0.375671875 0.3075
2 0.5545625000000001 0.2804375 0.567125 0.2685833328125 0.563453125 0.2532083328125 0.563453125 0.24622916718750001 0.55246875 0.22737500000000002 0.54775 0.2259791671875 0.5435625 0.22668750000000001 0.537796875 0.26297916718750003 0.5351874999999999 0.26647916718750003 0.53675 0.2720625 0.5545625000000001 0.2804375
2 0.53425 0.2703541671875 0.537375 0.26306250000000003 0.49290625 0.2620416671875 0.499140625 0.2100208328125 0.48509375 0.21833333281249998 0.48978124999999995 0.22875 0.48665624999999996 0.2693125 0.47885937500000003 0.2734791671875 0.46637500000000004 0.2703541671875 0.46325000000000005 0.2589166671875 0.43359375 0.2828333328125 0.44453125 0.33068749999999997 0.46559375000000003 0.33381249999999996 0.49368749999999995 0.27970833281249996 0.53425 0.2703541671875
2 0.46364062500000003 0.11429166718749999 0.44415625 0.1558541671875 0.45973437500000003 0.1610416671875 0.4948125 0.17922916718749998 0.498703125 0.1636458328125 0.5025937500000001 0.1428541671875 0.46364062500000003 0.11429166718749999
2 0.542375 0.21697916718750002 0.50321875 0.2080208328125 0.49818749999999995 0.2080208328125 0.494828125 0.26395833281250003 0.53175 0.2617291671875 0.542375 0.2266666671875 0.542375 0.21697916718750002