0 0.370828125 0.4248364484375 0.381875 0.43885514062500003 0.38790625 0.4458644859375 0.397953125 0.444369159375 0.40698437500000006 0.441355140625 0.41134375 0.43385514062499997 0.4146875 0.40932242968750004 0.412671875 0.389299065625 0.4033125 0.3807943921875 0.4033125 0.381799065625 0.389578125 0.3832943921875 0.376859375 0.3913084109375 0.369828125 0.40532710312500003 0.370828125 0.4248364484375
0 0.577 0.3374532703125 0.573125 0.3470794390625 0.57140625 0.3625 0.573125 0.37021027968750003 0.57528125 0.3798364484375 0.5821562499999999 0.38948598125 0.594171875 0.38948598125 0.601046875 0.3862616828125 0.613078125 0.356728971875 0.6049218749999999 0.334883178125 0.6019062500000001 0.3310280375 0.603625 0.32331775625 0.598046875 0.329742990625 0.586875 0.32780373906250004 0.584734375 0.32845794375000004 0.577 0.3374532703125
0 0.47074999999999995 0.5458177562500001 0.4779375 0.5673364484375 0.481265625 0.5739719625 0.483484375 0.5739719625 0.48790625 0.5747897203125001 0.49234375 0.5747897203125001 0.501203125 0.5656775703125 0.507296875 0.553271028125 0.5111718749999999 0.5375233640625 0.5039687500000001 0.522616821875 0.493453125 0.5135046734375 0.49068750000000005 0.512686915625 0.485703125 0.5110280375 0.483484375 0.52095794375 0.47682812500000005 0.5275934578125 0.47184375 0.531728971875 0.47074999999999995 0.5458177562500001
0 0.48082812500000005 0.47252336406250006 0.473421875 0.4755373828125 0.447203125 0.4559345796875 0.44753125000000005 0.46245327031250005 0.454265625 0.4820794390625 0.462328125 0.4971495328125 0.48082812500000005 0.496658878125 0.48754687499999994 0.484088784375 0.4895625 0.46095794375 0.48754687499999994 0.44537383124999996 0.48384375 0.44184579375000005 0.479140625 0.43682242968749996 0.47006249999999994 0.43530373906250003 0.461328125 0.440327103125 0.46401562500000004 0.44537383124999996 0.475109375 0.46095794375 0.48082812500000005 0.47252336406250006
0 0.1988125 0.7150934578125 0.18978124999999998 0.6542757015625 0.164171875 0.6497663546875 0.140078125 0.6790654203125001 0.14609375 0.72859813125 0.152125 0.72859813125 0.185265625 0.7331074765625 0.1988125 0.7150934578125
0 0.18003125 0.548341121875 0.191796875 0.552242990625 0.199 0.5542056078125001 0.211421875 0.5395327109375 0.21665625 0.529742990625 0.21731250000000002 0.5121495328125001 0.21534375 0.5013785046875 0.20881249999999998 0.4798598125 0.200953125 0.47595794375 0.189828125 0.4739953265625 0.183953125 0.4739953265625 0.1695625 0.4896495328125 0.16040625 0.5043224296875 0.16040625 0.5238785046875 0.16890624999999998 0.5414953265625 0.18003125 0.548341121875
0 0.147671875 0.3326635515625 0.147671875 0.3256074765625 0.148203125 0.3201401875 0.148984375 0.3181775703125 0.14925 0.3142523359375 0.1479375 0.3111214953125 0.1450625 0.3048598125 0.140078125 0.2978037390625 0.13484374999999998 0.291144859375 0.12384375 0.285257009375 0.11046875 0.291144859375 0.10601562499999999 0.2989719625 0.10314062500000001 0.30955607500000004 0.101296875 0.3256074765625 0.10470312500000001 0.3452102796875 0.108375 0.35186915937499996 0.1233125 0.36871495312499997 0.1424375 0.34088785 0.14715625000000002 0.3354205609375 0.147671875 0.3326635515625
0 0.52546875 0.771588784375 0.5333125 0.7620093453125001 0.53403125 0.7449532703124999 0.536875 0.7257710281249999 0.534734375 0.7151168218749999 0.528328125 0.70661215 0.51265625 0.7044626171874999 0.50125 0.7140654203125 0.49484374999999997 0.7279205609375 0.50125 0.7598831781250001 0.508375 0.76838785 0.52546875 0.771588784375
0 0.427953125 0.8675934578125 0.43121875000000004 0.864672896875 0.436453125 0.842172896875 0.43579687500000003 0.8186915890625001 0.43121875000000004 0.802056075 0.42271875000000003 0.8040186921875 0.417484375 0.8069626171875001 0.41028125 0.8059813078125 0.40178125 0.8040186921875 0.397203125 0.8138084109375001 0.39328124999999997 0.8265186921875 0.39328124999999997 0.842172896875 0.39523437499999997 0.8588084109375 0.40178125 0.8715186921875 0.40635937499999997 0.8754205609374999 0.4194375 0.869556075 0.427953125 0.8675934578125
0 0.41879687499999996 0.63595794375 0.43174999999999997 0.6417757015625 0.4408125 0.6295093453125 0.444265625 0.6217757015625 0.445984375 0.6095093453125 0.44556250000000003 0.5985280375 0.44210937499999997 0.58757009375 0.43434375000000003 0.5791822437499999 0.426578125 0.5733644859375 0.419234375 0.5733644859375 0.407578125 0.5804672890625 0.411890625 0.5849766359374999 0.412765625 0.588855140625 0.41103125 0.5895093453125 0.413625 0.5933644859375 0.41621874999999997 0.605 0.41621874999999997 0.6146728968749999 0.41448437499999996 0.6236915890625 0.40843749999999995 0.6198364484375001 0.408875 0.625630840625 0.41879687499999996 0.63595794375
0 0.2415 0.5822897203124999 0.24075000000000002 0.5898598125000001 0.23943750000000003 0.59801401875 0.2401875 0.6078504671875 0.24376562499999999 0.61712616875 0.24939062500000003 0.6252570093750001 0.25878125 0.6232943921875 0.2700625 0.6188084109374999 0.27325 0.6117757015625 0.27475 0.6030607484375 0.27926562499999996 0.5898598125000001 0.282828125 0.58537383125 0.280015625 0.5806074765625 0.266484375 0.5676869156250001 0.24957812499999998 0.5724532703125 0.244140625 0.57581775625 0.2415 0.5822897203124999
0 0.026390625 0.2602102796875 0.03796875 0.25771027968750004 0.04459375 0.2527803734375 0.046234375 0.235443925 0.041265625 0.20577102812499998 0.036296875 0.18845794375 0.02803125 0.17857476562500002 0.018109375 0.17362149531249998 0.01315625 0.17362149531249998 0.004875 0.255257009375 0.016468749999999997 0.2602102796875 0.026390625 0.2602102796875
0 0.330359375 0.377897196875 0.340375 0.36345794374999996 0.344859375 0.31390186875000003 0.333125 0.30614485937499997 0.315515625 0.30614485937499997 0.30274999999999996 0.3087383171875 0.301015625 0.31338784999999997 0.294453125 0.33661215 0.29895312500000004 0.3675934578125 0.318625 0.3804906546875 0.330359375 0.377897196875
0 0.8296875 1 0.8375 0.9649532703125001 0.8421875 0.9602803734375 0.8546875 0.957943925 0.859375 0.9509345796875 0.8703125 0.9462616828125 0.875 0.9462616828125 0.875 0.96962616875 0.884375 0.99065420625 0.8921875 0.9976635515625001 0.9140625 0.9976635515625001 0.928125 0.9929906546874999 0.9421875 0.9766355140625 0.95 0.9742990656250001 0.953125 0.96962616875 0.9703125 0.9649532703125001 0.9828125 0.9462616828125 0.9859375 0.9345794390625001 0.9859375 0.9158878500000001 0.978125 0.8925233640625001 0.975 0.8691588781249999 0.96875 0.8528037390625001 0.9875 0.8457943921875 0.9984375 0.8294392515625001 0.9984375 0.787383178125 0.99375 0.7780373828125 0.9828125 0.7686915890625 0.9958333328125001 0.7122274140625 0.9921875 0.707943925 0.9984375 0.7009345796875001 0.98125 0.7172897203125 0.9660456734375 0.7187275343749999 0.9984375 0.598130840625 0.9890625 0.588785046875 0.996875 0.5630841125 0.996875 0.5443925234375 0.9921875 0.5280373828125 0.9984375 0.5140186921875001 0.9984375 0.4813084109375 0.99375 0.46962616874999996 0.9859375 0.46028037343749995 0.9640625 0.45794392500000003 0.9515625 0.45093457968750006 0.9546875 0.43457943906249996 0.9546875 0.4135514015625 0.9484375 0.3948598125 0.940625 0.38551401875 0.9171875 0.3831775703125 0.9046875 0.3971962609375 0.9 0.411214953125 0.8859375 0.411214953125 0.8796875 0.3925233640625 0.8671875 0.38084112187499997 0.7953125 0.3878504671875 0.7875 0.3948598125 0.7796875 0.40887850468750003 0.7765625 0.43457943906249996 0.7671875 0.44158878437500004 0.7453125 0.46962616874999996 0.7390625 0.483644859375 0.7296875 0.48831775625 0.71875 0.4859813078125 0.715625 0.443925234375 0.73125 0.4299065421875 0.74375 0.3995327109375 0.7421875 0.37383177500000003 0.7375 0.3621495328125 0.725 0.3504672890625 0.7046875 0.3504672890625 0.696875 0.3574766359375 0.690625 0.36915887812500003 0.671875 0.37616822499999997 0.6640625 0.3831775703125 0.64375 0.34345794375 0.6515625 0.32242990625 0.6515625 0.3037383171875 0.6484375 0.29205607499999997 0.6375 0.275700934375 0.615625 0.2733644859375 0.6078125 0.28037383125000004 0.6 0.2943925234375 0.5984375 0.32476635468750004 0.584375 0.327102803125 0.56875 0.30607476562499997 0.546875 0.3037383171875 0.5390625 0.3107476640625 0.53125 0.32476635468750004 0.5265625 0.36448598125 0.4953125 0.3668224296875 0.4875 0.37383177500000003 0.478125 0.3948598125 0.478125 0.4182242984375 0.4875 0.43925233593749996 0.48100228593749994 0.45190335 0.3895007625 0.3593571921875 0.3796875 0.33644859843749997 0.371875 0.327102803125 0.35 0.32476635468750004 0.35028582343750003 0.3196945515625 0.34375 0.3130841125 0.346875 0.30140186875 0.3453125 0.275700934375 0.340625 0.26401869218749996 0.3328125 0.254672896875 0.3109375 0.2523364484375 0.2984375 0.266355140625 0.29375 0.28037383125000004 0.29375 0.3037383171875 0.2984375 0.317757009375 0.2953125 0.3294392515625 0.26875 0.327102803125 0.2625 0.33411215 0.2578125 0.33411215 0.2484375 0.32476635468750004 0.234375 0.32476635468750004 0.2296875 0.3200934578125 0.2265625 0.2990654203125 0.2203125 0.2827102796875 0.2078125 0.2710280375 0.1890625 0.2710280375 0.18125 0.2780373828125 0.1734375 0.29205607499999997 0.171875 0.3119158875 0.1639322921875 0.3206775703125 0.096875 0.25934579375 0.1 0.2476635515625 0.0984375 0.21962616875 0.084375 0.191588784375 0.0734375 0.17757009375 0.0609375 0.1705607484375 0.0421875 0.1705607484375 0.034375 0.17757009375 0.0328125 0.18457943906250002 0.03025568125 0.18457943906250002 0.015625 0.1635514015625 0.0015625 0.161214953125 0.001318359375 0.2199912390625 0.0078125 0.2266355140625 0.00126953125 0.2317464953125 0.001025390625 0.2905227796875 0.0046875 0.29205607499999997 0.0009765625 0.3022780375 0.00078125 0.349299065625 0.0046875 0.3574766359375 0.000732421875 0.36105432187500003 0.00009765625 0.5138726640625 0.00625 0.5210280375 0.000048828125 0.5256279203124999 0 0.5607476640625 0.003125 0.5817757015625 0.00625 0.5864485984375001 0.0140625 0.59345794375 0.0234375 0.59345794375 0.01875 0.6121495328125001 0.01875 0.63551401875 0.0234375 0.6495327109375 0.0359375 0.6635514015624999 0.0359375 0.6962616828125 0.0171875 0.69859813125 0.0078125 0.7102803734375 0.003125 0.724299065625 0 0.8154205609374999 0.0046875 0.8294392515625001 0.0140625 0.8411214953125 0.0046875 0.859813084375 0.003125 0.890186915625 0.0078125 0.9042056078125 0.021875 0.922897196875 0.025 0.9556074765625 0.0390625 0.9766355140625 0.071875 0.9766355140625 0.0796875 0.9672897203125 0.0859375 0.94859813125 0.1109375 0.962616821875 0.109375 0.9929906546874999 0.1125 1 0.1609375 1 0.1625 0.99065420625 0.171875 0.9813084109375 0.18125 0.9929906546874999 0.196875 1 0.221875 1 0.2328125 0.9953271031250001 0.2390625 1 0.39375 1 0.4 0.9929906546874999 0.403125 1 0.53125 1 0.5328125 0.9719626171875 0.5296875 0.9602803734375 0.534375 0.9532710281250001 0.5421875 0.9532710281250001 0.546875 0.9672897203125 0.55625 0.9789719625 0.584375 0.9789719625 0.5921875 0.9929906546874999 0.6015625 1 0.7328125 1 0.7390625 0.9789719625 0.7375 0.9509345796875 0.7328125 0.9392523359375 0.7453125 0.9299065421874999 0.7578125 0.94859813125 0.7734375 0.9556074765625 0.7734375 0.9813084109375 0.778125 0.9953271031250001 0.7828125 1 0.8296875 1