2 0.44470312500000003 0.37647916718749996 0.42353125 0.3435208328125 0.39 0.3552916671875 0.375875 0.4164791671875 0.36706249999999996 0.45177083281249997 0.368828125 0.4776458328125 0.44293750000000004 0.47058333281250003 0.44470312500000003 0.37647916718749996
2 0.407015625 0.5627083328125 0.440015625 0.560875 0.440015625 0.5462083328125 0.438640625 0.538875 0.42214062500000005 0.5077083328125 0.398765625 0.4967083328125 0.382265625 0.527875 0.360265625 0.5370416671875 0.349265625 0.549875 0.363015625 0.5517083328125 0.375390625 0.5590416671875 0.407015625 0.5627083328125
2 0.54 0.254125 0.49940625 0.2352916671875 0.47646875 0.2376458328125 0.46059374999999997 0.265875 0.46587500000000004 0.2729375 0.5029375 0.3129375 0.527640625 0.2964791671875 0.541765625 0.2847083328125 0.54 0.254125
2 0.45340625 0.299125 0.45225 0.27116666718750004 0.40684375 0.25875 0.4021875 0.3146458328125 0.44293750000000004 0.3286041671875 0.43478125 0.3301666671875 0.45340625 0.3301666671875 0.45340625 0.299125
2 0.113234375 0.3908333328125 0.131 0.3961458328125 0.142328125 0.39695833281250004 0.146609375 0.3847083328125 0.154578125 0.368375 0.160703125 0.348375 0.160390625 0.34020833281249996 0.154578125 0.3365416671875 0.13528125 0.32795833281250003 0.1211875 0.3230625 0.11476562500000001 0.3246875 0.108328125 0.3671666671875 0.1034375 0.3708333328125 0.105265625 0.3859375 0.113234375 0.3908333328125
2 0.70896875 0.8107708328125 0.6683125000000001 0.7300625000000001 0.6550625 0.7237708328125 0.6399375 0.7098958328125 0.60021875 0.7401458328125 0.6654687499999999 0.8258958328125001 0.6654687499999999 0.8296875 0.6834374999999999 0.8195833328125 0.70896875 0.8107708328125
2 0.502546875 0.43052083281250003 0.52259375 0.4216041671875 0.5306093749999999 0.4020208328125 0.513671875 0.3818333328125 0.5092187499999999 0.3758958328125 0.49720312499999997 0.3758958328125 0.48962500000000003 0.3782708328125 0.48206249999999995 0.37352083281250004 0.45667187499999995 0.3871666671875 0.462015625 0.3937083328125 0.45578124999999997 0.40083333281250005 0.45354687499999996 0.4020208328125 0.46023437500000003 0.42397916718750006 0.470484375 0.4423958328125 0.47359375000000004 0.44654166718750005 0.502546875 0.43052083281250003
2 0.27084375 0.7139583328125 0.26696875000000003 0.7249166671875 0.26696875000000003 0.7565416671875 0.238421875 0.7701041671875 0.191953125 0.7571875 0.188078125 0.7558958328125 0.175015625 0.7578333328125 0.164359375 0.7804166671874999 0.156625 0.8062291671875 0.14790625 0.842375 0.15032812499999998 0.8630208328125001 0.172109375 0.8836666671875 0.230671875 0.897875 0.254390625 0.8668958328124999 0.26696875000000003 0.8436666671875 0.280046875 0.8307499999999999 0.30278125 0.8417291671875 0.32359375 0.8301041671875 0.338125 0.7997916671875 0.339578125 0.7604166671875 0.312953125 0.7462291671875 0.294078125 0.7487916671875 0.288265625 0.7442916671875001 0.28923437500000004 0.7339583328125 0.28584375 0.7139583328125 0.27084375 0.7139583328125
2 0.12567187500000002 0.1725833328125 0.11126562499999999 0.1115208328125 0.0858125 0.10700000000000001 0.049359375 0.1375416671875 0.061234374999999994 0.16354166718750002 0.0858125 0.1522291671875 0.11126562499999999 0.1759791671875 0.12567187500000002 0.1725833328125
2 0.257515625 0.5442291671875 0.234875 0.5059583328125 0.22731249999999997 0.49387499999999995 0.21825 0.4958958328125 0.21976562500000002 0.5200625 0.23939062500000002 0.5462291671874999 0.236375 0.5401875 0.24695312500000002 0.54825 0.257515625 0.5442291671875
2 0.015625 0.2125 0.0109375 0.21875 0.0109375 0.23125 0.015625 0.2375 0.011083984375 0.2417317703125 0.013720703125 0.43040364531249997 0.021195475 0.4302246078125 0.020662434375 0.44072265625 0.0138671875 0.4408854171875 0.014013671875 0.4513671875 0.02012939375 0.4512207046875 0.0195963546875 0.46171875 0.01416015625 0.46184895781249996 0.014306640625 0.4723307296875 0.0190633140625 0.4722167953125 0.0185302734375 0.48271484375 0.014453125 0.4828125 0.014599609375 0.49329427031249995 0.0179972328125 0.4932128921875 0.017464192187499998 0.5037109375 0.01474609375 0.5037760421875 0.014892578125 0.5142578125 0.016931153125 0.5142089828125 0.0163981125 0.52470703125 0.0150390625 0.5247395828125 0.015478515625 0.5561848953124999 0.0171875 0.5666666671875 0.015625 0.5666666671875 0.0109375 0.5729166671875 0.0109375 0.59375 0.015625 0.6333333328124999 0.0203125 0.6395833328125 0.03125 0.6395833328125 0.040625 0.6354166671875 0.0453125 0.6291666671875 0.046875 0.6166666671875001 0.1441511828125 0.61154279375 0.1518342390625 0.6092391312500001 0.15176630468750002 0.6197765703125 0.144425675 0.6220720734375 0.14470016875 0.6326013515625 0.1516983703125 0.6303140109375 0.15163043437499998 0.64085145 0.1449746625 0.64313063125 0.1515625 0.6513888890625 0.1452491546875 0.6536599109375001 0.14552364843750001 0.6641891890625 0.15149456562500002 0.6619263296875 0.15134845937500002 0.6744006859375 0.1457981421875 0.67471846875 0.146072634375 0.6852477484375 0.151284246875 0.6848458890625 0.151220034375 0.6952910953125 0.146347128125 0.6957770265625001 0.1512228265625 0.7040760875000001 0.151155821875 0.7057363015625 0.146621621875 0.70630630625 0.146896115625 0.7168355859375 0.151091609375 0.71618150625 0.151027396875 0.7266267125 0.1471706078125 0.7273648640625 0.151019021875 0.73568840625 0.150963184375 0.73707191875 0.14744510156249999 0.73789414375 0.1509510875 0.7462258453125 0.150898971875 0.7475171234375 0.1477195953125 0.7484234234375 0.1508831515625 0.7567632859375 0.1479940875 0.7589527015625 0.1508152171875 0.767300725 0.14826858125 0.76948198125 0.1507472828125 0.7778381640625 0.148543075 0.7800112609375 0.1506793484375 0.7883756046875 0.150067934375 0.8832125609375 0.1485017125 0.88330479375 0.15 0.89375 0.140625 0.89375 0.1359375 0.9 0.1359375 0.9208333328125 0.14375 0.9354166671874999 0.1515625 0.94375 0.15625 0.94375 0.1734375 0.9541666671875 0.2 0.9583333328125001 0.2046875 0.95 0.2046875 0.9416666671874999 0.2946428578125 0.9059027765625001 0.3046875 0.95625 0.3 0.9625 0.3 0.975 0.3046875 0.98125 0.3109375 0.9833333328125 0.3359375 0.98125 0.3390625 0.9854166671875 0.359375 0.9895833328125001 0.425 0.9895833328125001 0.4296875 0.98125 0.4296875 0.9729166671874999 0.425 0.9645833328125001 0.35 0.9625 0.34375 0.9583333328125001 0.3359375 0.9625 0.3328125 0.9583333328125001 0.3140625 0.95694444375 0.292633928125 0.8958333328125001 0.1600446421875 0.23125 0.154279890625 0.22989130468750002 0.1580357140625 0.22118055625 0.15434782656249998 0.2193538640625 0.1560267859375 0.21111111093749999 0.1544157609375 0.20881642500000003 0.1544836953125 0.19827898593749999 0.152008928125 0.1909722234375 0.1545516296875 0.1877415453125 0.15 0.1809027765625 0.154619565625 0.17720410625 0.147991071875 0.1708333328125 0.1546875 0.1666666671875 0.1609375 0.16875 0.16875 0.1854166671875 0.1796875 0.19583333281249998 0.2265625 0.1854166671875 0.259375 0.1604166671875 0.2640625 0.14375 0.2671875 0.14375 0.271875 0.1354166671875 0.271875 0.1208333328125 0.2640625 0.1041666671875 0.228125 0.1020833328125 0.225 0.0979166671875 0.2140625 0.0958333328125 0.2046875 0.0895833328125 0.18125 0.0895833328125 0.1734375 0.0958333328125 0.1640625 0.0958333328125 0.15625 0.1041666671875 0.1359375 0.11041666718750001 0.13125 0.1166666671875 0.1287109375 0.11510416718750001 0.0708984375 0.1526041671875 0.0734375 0.1604166671875 0.06875 0.1666666671875 0.063671875 0.1572916671875 0.0609375 0.1666666671875 0.0564453125 0.1619791671875 0.04921875 0.1666666671875 0.046875 0.1604166671875 0.0419921875 0.17135416718750002 0.0328125 0.1604166671875 0.028125 0.1666666671875 0.034765625 0.1760416671875 0.0275390625 0.1807291671875 0.0265625 0.17916666718750002 0.0203125 0.1854166671875 0.0203125 0.2 0.025 0.20625 0.025 0.2104166671875 0.015625 0.2125