1 0.346078125 0.2822291671875 0.357203125 0.3080625 0.374140625 0.32806250000000003 0.387703125 0.32806250000000003 0.398828125 0.31902083281250004 0.403671875 0.306125 0.40125 0.2822291671875 0.3954375 0.2745 0.381890625 0.2725625 0.372203125 0.26675 0.35865625 0.2686875 0.346078125 0.2822291671875
1 0.40915625 0.246 0.41574999999999995 0.25947916718749997 0.421015625 0.2653333328125 0.428703125 0.2650416671875 0.440125 0.26356250000000003 0.447359375 0.2565416671875 0.45131249999999995 0.2462916671875 0.45043749999999994 0.2386875 0.447578125 0.22639583281250003 0.43001562499999996 0.2135208328125 0.42496875 0.21439583281250002 0.41839062499999996 0.2158541671875 0.41135937499999997 0.22522916718750002 0.4085 0.23635416718750002 0.40915625 0.246
1 0.29546875 0.20375000000000001 0.293203125 0.2102083328125 0.29304687500000004 0.2178541671875 0.296078125 0.22893750000000002 0.301515625 0.23214583281249998 0.306046875 0.2329583328125 0.314203125 0.22893750000000002 0.3206875 0.22752083281250002 0.32809374999999996 0.22368749999999998 0.33187500000000003 0.2212708328125 0.3344375 0.2160416671875 0.337453125 0.20960416718750002 0.337453125 0.20274999999999999 0.3453125 0.20335416718750002 0.348640625 0.2009375 0.348484375 0.1975208328125 0.34728125 0.1914791671875 0.34275 0.18643749999999998 0.3355 0.18302083281249998 0.330515625 0.18220833281249998 0.32401562500000003 0.18562499999999998 0.32009375 0.1894583328125 0.31434375000000003 0.1916666671875 0.302421875 0.1934791671875 0.29984375 0.1955 0.29834375 0.1995208328125 0.29546875 0.20375000000000001
1 0.29021875 0.143375 0.2918125 0.15631250000000002 0.29225 0.1580625 0.298328125 0.14589583281250001 0.297171875 0.13333333281249998 0.286734375 0.1232916671875 0.283703125 0.1250416671875 0.288921875 0.1360416671875 0.29021875 0.143375
1 0.220015625 0.1611458328125 0.218109375 0.165375 0.218421875 0.1704583328125 0.22223437499999998 0.1768333328125 0.22223437499999998 0.18404166718749998 0.22604687499999998 0.1853125 0.22828125 0.1886875 0.2343125 0.18995833281250002 0.24131249999999999 0.1903958328125 0.245765625 0.18912500000000002 0.25179687500000003 0.1836041671875 0.255609375 0.1823333328125 0.26325 0.175125 0.26578124999999997 0.1649583328125 0.26356250000000003 0.148 0.26325 0.1467291671875 0.259421875 0.1429166671875 0.24925000000000003 0.1416458328125 0.23621875 0.1395208328125 0.234953125 0.13783333281250001 0.22828125 0.1471458328125 0.218734375 0.15225 0.21778124999999998 0.1573333328125 0.220015625 0.1611458328125
1 0.232421875 0.2639375 0.238734375 0.26675 0.25398437500000004 0.2716666671875 0.26134375 0.2660416671875 0.26187499999999997 0.23660416718750002 0.25503125 0.221875 0.23084375000000001 0.221875 0.223484375 0.2387083328125 0.2276875 0.2548333328125 0.232421875 0.2639375
1 0.22926562499999997 0.3418958328125 0.23078125 0.3418958328125 0.255671875 0.3509583328125 0.256046875 0.3504583328125 0.26546875000000003 0.3499375 0.27414062499999997 0.34039583281249997 0.26925 0.3036875 0.262078125 0.2971458328125 0.227 0.29112499999999997 0.22926562499999997 0.29162499999999997 0.216453125 0.31525 0.22926562499999997 0.34039583281249997 0.23115625 0.34039583281249997 0.22926562499999997 0.3418958328125
1 0.242203125 0.3784166671875 0.23784375 0.3784166671875 0.22571875000000002 0.3784166671875 0.21892187500000002 0.3777708328125 0.21795312500000003 0.3971666671875 0.223296875 0.4139791671875 0.232015625 0.42691666718750004 0.24900000000000003 0.42175 0.26354687499999996 0.42045833281249995 0.2756875 0.417875 0.2999375 0.41593749999999996 0.314 0.4211041671875 0.314 0.4185208328125 0.306734375 0.41075 0.2960625 0.3965208328125 0.2960625 0.388125 0.288296875 0.3797083328125 0.271796875 0.3855208328125 0.26160937500000003 0.37712500000000004 0.25821875 0.37712500000000004 0.242203125 0.3784166671875
1 0.274078125 0.48620833281250003 0.27634375 0.48568749999999994 0.280875 0.4796666671875 0.28275 0.47462499999999996 0.284265625 0.47162499999999996 0.288796875 0.474125 0.294828125 0.473625 0.29746875 0.472625 0.29293749999999996 0.4681041671875 0.28803125 0.4600416671875 0.283890625 0.4525 0.28314062500000003 0.45199999999999996 0.27671875 0.44697916718749997 0.274078125 0.44445833281249997 0.2710625 0.44797916718749997 0.26390625 0.46860416718750003 0.268046875 0.4761458328125 0.268421875 0.4846875 0.274078125 0.48620833281250003
1 0.29303124999999997 0.258 0.28825 0.2550208328125 0.28314062500000003 0.2494791671875 0.28440625 0.2609791671875 0.277390625 0.2597083328125 0.275796875 0.26310416718749996 0.277703125 0.2699166671875 0.283453125 0.2775833328125 0.285375 0.2754583328125 0.28696875 0.2771666671875 0.290484375 0.2780208328125 0.29367187499999997 0.2682291671875 0.298140625 0.2750416671875 0.300375 0.2775833328125 0.305484375 0.2733333328125 0.307078125 0.26310416718749996 0.305484375 0.2588541671875 0.299109375 0.2486458328125 0.29559375 0.2460833328125 0.29271875 0.2460833328125 0.29303124999999997 0.258
1 0.060406249999999995 0.8210625 0.06775 0.8197708328125 0.074140625 0.8146666671875 0.08051562500000001 0.8061458328125 0.083390625 0.79125 0.082125 0.7861458328125 0.080203125 0.7801875 0.076375 0.7780625 0.071265625 0.787 0.06839062500000001 0.7814583328125 0.06615625 0.7857083328125001 0.064234375 0.7750625 0.059765625 0.7750625 0.057843750000000006 0.7844375 0.05337499999999999 0.7750625 0.051140624999999995 0.7746458328125 0.047953125 0.7801875 0.044765624999999996 0.7908333328125 0.041249999999999995 0.7899791671874999 0.0386875 0.777625 0.034546875 0.7767708328125 0.0294375 0.7895416671875 0.026875 0.7997708328125 0.026875 0.8074375 0.024 0.8099791671875 0.023359374999999998 0.7972083328124999 0.01825 0.7916666671875 0.01825 0.7848541671875 0.016984375 0.7844375 0.0125 0.7878541671875 0.01059375 0.7827291671875 0.00803125 0.781875 0.00484375 0.7874166671875 0.001015625 0.7938125 0.0006875 0.8317083328124999 0.004203125 0.836375 0.0035624999999999997 0.84575 0.00484375 0.8546875 0.010906250000000001 0.8610833328125 0.014734375 0.8576666671875 0.020171875 0.85725 0.023046875 0.8495833328125 0.0294375 0.8491458328125001 0.034859375 0.8478749999999999 0.03803125 0.849 0.047953125 0.8431875 0.052734375 0.8291458328125 0.060406249999999995 0.8210625
1 0.092484375 0.7676458328125 0.0846875 0.7803541671875001 0.089890625 0.7976875 0.098546875 0.8254166671875 0.114140625 0.9143541671875001 0.11760937499999999 0.9490208328125 0.12367187500000001 0.9975416671874999 0.1730625 0.9813541671875001 0.19471875 0.9478541671875 0.19818750000000002 0.905125 0.20078125 0.8369583328125 0.193859375 0.7884375 0.180859375 0.7468541671875 0.173921875 0.7353125 0.13840625 0.704125 0.11760937499999999 0.7445416671875 0.10287500000000001 0.7295416671875 0.11068750000000001 0.7561041671875001 0.104609375 0.7641875 0.092484375 0.7676458328125
1 0.193921875 0.782375 0.20315625 0.8386041671875001 0.192609375 0.90625 0.197875 0.9501875 0.21370312500000002 0.9563333328124999 0.232140625 0.9510624999999999 0.2499375 0.9405208328124999 0.25587499999999996 0.9203125 0.27365625 0.9247083328124999 0.284859375 0.9194375000000001 0.290140625 0.8983541671875 0.27959375 0.8720000000000001 0.26575000000000004 0.8526666671875001 0.274984375 0.842125 0.269046875 0.814875 0.253234375 0.7647916671874999 0.226875 0.7437083328125 0.21632812499999998 0.7454583328125 0.19590625 0.7472291671875 0.17284375000000002 0.7428333328125001 0.193921875 0.782375