1 0.7206054281250001 0.544875 0.8226931109375 0.562859375 0.9097703546875 0.592078125 0.9187682671875 0.58084375 0.8767432156250001 0.540390625 0.7746555328125 0.5021875 0.660542796875 0.4999375 0.58849686875 0.538140625 0.5554697281250001 0.57634375 0.5824843421875 0.585328125 0.61250521875 0.5740937500000001 0.7206054281250001 0.544875
1 0.0180167015625 0.15437499999999998 0.0150104390625 0.181328125 0.0060125265625 0.212796875 0.024029228125 0.28695312500000003 0.060041753125 0.28695312500000003 0.1050939453125 0.28695312500000003 0.12910229687500002 0.28021875 0.1741544890625 0.27796875 0.21918580312499997 0.27571875 0.25521920625 0.27121875 0.2732359078125 0.262234375 0.300250521875 0.24874999999999997 0.312254696875 0.24201562499999998 0.3422964515625 0.23526562499999998 0.3482881 0.2038125 0.32427975 0.18357812499999998 0.300250521875 0.17234375 0.24920668125 0.158859375 0.2101670140625 0.147625 0.1621294359375 0.13189062499999998 0.1381210859375 0.109421875 0.108100209375 0.091453125 0.0540501046875 0.09818750000000001 0.051043840625 0.145375 0.0420250515625 0.149875 0.0180167015625 0.15437499999999998
1 0.30336116875 0.43684375 0.2984759921875 0.469703125 0.313110646875 0.477 0.30336116875 0.5208125 0.33993736874999997 0.522640625 0.381398746875 0.528109375 0.3862630484375 0.5299375000000001 0.42041753593750003 0.482484375 0.51064718125 0.48612500000000003 0.5643006265625 0.4843125 0.6301461374999999 0.48978124999999995 0.7277035484375001 0.49526562500000004 0.776471815625 0.49526562500000004 0.8472025046875 0.5007343750000001 0.8667223375 0.5007343750000001 0.8423173281249999 0.46240625 0.805741128125 0.433203125 0.6984342375 0.411296875 0.74964509375 0.393046875 0.6984342375 0.367484375 0.6423382046875 0.34740625 0.5618580375 0.33464062499999997 0.5008977031249999 0.33828125 0.449686846875 0.349234375 0.4350521921875 0.358359375 0.3935908140625 0.393046875 0.36920668125 0.40034375000000005 0.3301878921875 0.414953125 0.30336116875 0.43684375
1 0.8585594984375 0.285546875 0.8521294359375 0.303203125 0.8456993734375 0.328859375 0.8456993734375 0.34490625 0.8671189984375 0.352921875 0.8799791234375001 0.357734375 0.9121294359375 0.336875 0.9335699375000001 0.30479687499999997 0.9421294359375001 0.2663125 0.9121294359375 0.221390625 0.8628392484375 0.1989375 0.792108559375 0.1989375 0.768538621875 0.206953125 0.774968684375 0.216578125 0.774968684375 0.22781250000000003 0.762108559375 0.23903124999999997 0.7578288093750001 0.240640625 0.792108559375 0.24225 0.8349895609375 0.255078125 0.8564091859375 0.26790625 0.8585594984375 0.285546875
1 0.8215240078124999 0.03265625 0.7372651359375 0.08445312499999999 0.6620459296875 0.09121875 0.6138830890625 0.09121875 0.6138830890625 0.125 0.6199164921875 0.143015625 0.6680584546875 0.15428124999999998 0.7011691015625 0.15203125 0.7914405015625 0.10021875 0.8215240078124999 0.03265625
1 0.43789144062499996 0.75578125 0.42409185781250003 0.775484375 0.417828809375 0.7970625 0.4190814203125 0.812078125 0.435386221875 0.8270937500000001 0.462964509375 0.824265625 0.4892901875 0.8055 0.533173278125 0.816765625 0.5482045921875 0.813015625 0.5795615859375001 0.7989375 0.6259290187500001 0.775484375 0.6510229640625 0.7792343749999999 0.6685594984375001 0.784859375 0.70993736875 0.77078125 0.745031315625 0.7304375000000001 0.723716075 0.780171875 0.722463465625 0.8102031249999999 0.73250521875 0.824265625 0.770104384375 0.8280312500000001 0.7914196234374999 0.815828125 0.8152400828124999 0.788609375 0.830292275 0.75578125 0.8327974953125 0.704171875 0.8215031312500001 0.670390625 0.8027139875 0.637546875 0.781398746875 0.61784375 0.7412734859375 0.60846875 0.7136951984375 0.601890625 0.6861169109375 0.586875 0.6359707718750001 0.595328125 0.630960334375 0.596265625 0.6923799578125001 0.61128125 0.75507306875 0.6441250000000001 0.7889144046875 0.669453125 0.7964300625 0.68634375 0.7939248437499999 0.69478125 0.770104384375 0.69853125 0.7525678499999999 0.69665625 0.6698121078125 0.662890625 0.5958455109374999 0.6488125 0.551962421875 0.6441250000000001 0.5482045921875 0.6441250000000001 0.508100209375 0.69196875 0.48553235937499994 0.709796875 0.46421711875 0.731375 0.43789144062499996 0.75578125
1 0.3930897703125 0.7683125000000001 0.4204384140625 0.73284375 0.40768267187499996 0.6618906250000001 0.41496868437499995 0.63596875 0.40037578281249997 0.58140625 0.34935281875 0.603234375 0.3147181625 0.6564375 0.3438830890625 0.72875 0.3529853859375 0.753296875 0.3930897703125 0.7683125000000001
1 0.18025052187499999 0.5312812499999999 0.310897703125 0.519578125 0.3123382046875 0.48237500000000005 0.29528183750000003 0.44942187499999997 0.27398747343749996 0.4685625 0.2597703546875 0.47387499999999994 0.21716075156249998 0.478125 0.1845093953125 0.4791875 0.117745303125 0.45685937499999996 0.11206680625000001 0.476 0.1404801671875 0.49620312499999997 0.1504175359375 0.516390625 0.18025052187499999 0.5312812499999999
1 0.5307098125 0.2444375 0.5652400828124999 0.226546875 0.536033403125 0.18678125 0.51743215 0.17684375000000002 0.4271189984375 0.158953125 0.37931106406250004 0.158953125 0.36336116875 0.158953125 0.3527348640625 0.184796875 0.3421294359375 0.2444375 0.3368058453125 0.272265625 0.40851774531249996 0.256359375 0.5307098125 0.2444375
1 0.5164300625 0.12996875000000002 0.5044258875 0.0985 0.43837160781250006 0.082765625 0.393319415625 0.10075 0.3783089765625 0.138953125 0.387327765625 0.14345312500000001 0.42035490624999994 0.15917187500000002 0.42935281875 0.15917187500000002 0.4864091859375 0.15692187500000002 0.5314405015625 0.1546875 0.5164300625 0.12996875000000002
1 0.67749478125 0.19215625 0.6419832984375 0.19959375 0.6079123171874999 0.20171875 0.59085595 0.19321875 0.5766597078125 0.18471875 0.5510855953125 0.20278125 0.5439874734375 0.212359375 0.5212734859375 0.238921875 0.50563674375 0.254875 0.5212734859375 0.2750625 0.5681419625 0.286765625 0.583757828125 0.294203125 0.6093319421875 0.297390625 0.6249478078124999 0.32396875 0.6661377875000001 0.33778125000000003 0.7130062625 0.34096875 0.7399791234374999 0.33353125 0.8152609609375 0.33884375 0.8337160750000001 0.32821875 0.8394154484374999 0.31546875 0.8578705640625 0.303765625 0.87206680625 0.284640625 0.8521920671875 0.2538125 0.806743215625 0.2453125 0.7584551140625 0.23679687500000002 0.7825887265625 0.225109375 0.7698121078125 0.20490624999999998 0.77407098125 0.19321875 0.785427975 0.19109375 0.7925469734374999 0.18259375 0.7911273484375 0.161328125 0.7868475984375001 0.142203125 0.7698121078125 0.1294375 0.75135699375 0.1358125 0.70164926875 0.148578125 0.67607515625 0.15814062499999998 0.6831732781250001 0.174078125 0.67749478125 0.19215625
1 0.2921294359375 0.5346875 0.253256784375 0.5506249999999999 0.22192066875 0.599421875 0.234467640625 0.65196875 0.259540709375 0.664171875 0.284613778125 0.6697968750000001 0.2858663890625 0.668859375 0.2883716078125 0.6604062500000001 0.29964509375000004 0.6322656249999999 0.307181628125 0.598484375 0.403716075 0.57315625 0.40622129375 0.569390625 0.4149895609375 0.566578125 0.4149895609375 0.5440625 0.4074739046875 0.5393749999999999 0.343528184375 0.526234375 0.2921294359375 0.5346875
1 0.47768267187499996 0.7127343749999999 0.51920668125 0.6894218750000001 0.522672234375 0.64796875 0.5815240078125 0.6505625 0.6645929015625 0.666109375 0.7580584546875 0.69978125 0.7996033406249999 0.686828125 0.740751565625 0.64796875 0.695741128125 0.6220625 0.5745929015625 0.585796875 0.5711482250000001 0.54953125 0.6022964515625 0.49771875000000004 0.567682671875 0.47698437499999996 0.46728601249999996 0.48734374999999996 0.41883089843750004 0.502890625 0.41536534375 0.53915625 0.40498956093749994 0.5935625 0.40152400781250003 0.637609375 0.446534446875 0.702375 0.4499791234375 0.686828125 0.4499791234375 0.702375 0.47768267187499996 0.7127343749999999
1 0.1711899796875 0 0.16492693125 0.00625 0.1565762 0.00625 0.1398747390625 0.0125 0.12734864375 0.021875 0.1189979125 0.0359375 0.1210855953125 0.059375 0.12734864375 0.06875 0.15240083437500002 0.0875 0.15240083437500002 0.1234375 0.1628392484375 0.1328125 0.179540709375 0.1390625 0.24634655468750002 0.159375 0.25260960312499997 0.1578125 0.2630480171875 0.1640625 0.2922755734375 0.1703125 0.30897703593750003 0.1765625 0.32150313124999996 0.1828125 0.3465553234375 0.203125 0.3407242109375 0.2074892234375 0.15259280625 0.2753771546875 0.1544885171875 0.2796875 0.12734864375 0.28125 0.10855949843749998 0.2875 0.022964509375 0.2859375 0.012526095312499999 0.296875 0.014613778124999999 0.30625 0.004175365625 0.315625 0.011494253125 0.326293103125 0.0020876828125 0.3296875 0.004175365625 0.365625 0.031315240625000004 0.38125 0.05636743281249999 0.3875 0.0793319421875 0.3875 0.08125903281249999 0.39495192343749996 0.08768267187499999 0.4015625 0.0751565765625 0.4109375 0.068893528125 0.4203125 0.0668058453125 0.425 0.0722338203125 0.433125 0.0668058453125 0.434375 0.068893528125 0.4484375 0.0655532359375 0.448125 0.0388308984375 0.5081249999999999 0.0020876828125 0.5140625 0.035490604687499996 0.515625 0.0751565765625 0.525 0.08768267187499999 0.5328125 0.10020876875 0.5265625 0.1398747390625 0.528125 0.1565762 0.534375 0.179540709375 0.553125 0.1858037578125 0.5546875 0.198329853125 0.5640625 0.07098121093750001 0.6515625 0.06263047968749999 0.6515625 0.06292872031249999 0.6453125 0.0020876828125 0.6171875 0.0104384140625 0.6234375 0.0104384140625 0.6375 0.022964509375 0.646875 0.0375782875 0.6515625 0.060542796875000006 0.6515625 0.0722338203125 0.659375 0.0793319421875 0.6984375 0.0918580375 0.721875 0.096033403125 0.7390625 0.09394572031250001 0.75625 0.077244259375 0.759375 0.0584551140625 0.76875 0.0480167015625 0.778125 0.0375782875 0.796875 0.0396659703125 0.8265625 0.0584551140625 0.8484375 0.07306889375 0.85625 0.0897703546875 0.8609375 0.1315240078125 0.8609375 0.1398747390625 0.8640625 0.1941544890625 0.865625 0.20876826718750002 0.8703125 0.2359081421875 0.871875 0.244258871875 0.875 0.30897703593750003 0.875 0.371607515625 0.8703125 0.38830897656249996 0.8640625 0.409185803125 0.846875 0.41753653437500005 0.828125 0.41753653437500005 0.8078125 0.4237995828125 0.7765625 0.4425887265625 0.7515625 0.46764091875 0.728125 0.5156576203125 0.8125 0.52400835 0.815625 0.5156576203125 0.8296875 0.517745303125 0.8359375 0.5344467640625 0.85625 0.55949895625 0.8703125 0.5845511484375 0.8765625 0.6492693109375 0.8796875 0.693110646875 0.8796875 0.7139874734375 0.8734375 0.7348643 0.88125 0.7515657625000001 0.88125 0.7620041750000001 0.8875 0.7787056375 0.8921875 0.8204592906249999 0.890625 0.8371607515624999 0.884375 0.8538622124999999 0.871875 0.870563675 0.8484375 0.8747390390625001 0.8359375 0.870563675 0.7875 0.86221294375 0.76875 0.8413361171875 0.7515625 0.830897703125 0.7484375 0.8131524015625 0.71953125 0.8329853859374999 0.7140625 0.86221294375 0.7265625 0.9185803765625 0.7265625 0.9352818375 0.7203125 0.9457202499999999 0.7125 0.9540709812499999 0.7015625 0.985386221875 0.69375 0.9979123171875001 0.69375 0.9979123171875001 0.6140625 0.98121085625 0.5984375 0.98121085625 0.5953125 0.9979123171875001 0.5859375 0.9274757203125 0.621807065625 0.9102296453125 0.5921875 0.9164926937500001 0.584375 0.9164926937500001 0.5796875 0.8768267218749999 0.540625 0.9979123171875001 0.4265625 0.98121085625 0.4109375 0.9561586640625 0.4015625 0.9352818375 0.4015625 0.9352818375 0.2515625 0.9457202499999999 0.246875 0.9645093953125 0.246875 0.985386221875 0.2390625 0.9979123171875001 0.228125 0.9979123171875001 0.090625 0.9791231734375 0.0734375 0.9645093953125 0.0671875 0.9540709812499999 0.053125 0.9352818375 0.0390625 0.9290187890625001 0.0375 0.9331941546875001 0.0234375 0.9331941546875001 0.0109375 0.9290187890625001 0 0.7077244265625 0.0015625 0.693110646875 0.0046875 0.665970771875 0.0015625 0.609603340625 0.0015625 0.5929018796875 0.0140625 0.5887265140625 0.0203125 0.5615866390625001 0.009375 0.4926931109375 0.0125 0.4801670140625 0.0171875 0.344467640625 0.0171875 0.334029228125 0.0125 0.3235908140625 0.0125 0.30897703593750003 0.00625 0.279749478125 0.00625 0.2755741125 0 0.1711899796875 0