0 0.136517646875 0.582609375 0.196917646875 0.606078125 0.2735058828125 0.6187968749999999 0.3339058828125 0.612921875 0.3854588234375 0.603140625 0.44731764687500003 0.593359375 0.47089411718749996 0.582609375 0.5165411765625 0.559125 0.532752940625 0.534671875 0.532752940625 0.48479687499999996 0.5268705875 0.44565625000000003 0.4974117640625 0.40946875 0.45468235312500005 0.39382812500000003 0.401647059375 0.364484375 0.3456941171875 0.341 0.211647059375 0.345890625 0.2028 0.345890625 0.104117646875 0.463265625 0.0879058828125 0.52978125 0.0996941171875 0.55815625 0.136517646875 0.582609375
0 0.809882353125 0.3656875 0.8068 0.37534375 0.8054823531249999 0.387359375 0.8336941171875001 0.3870625 0.85263529375 0.39642187500000003 0.8707058828124999 0.394671875 0.88703529375 0.380625 0.8861411765625 0.37301562499999996 0.8843764703125 0.36393749999999997 0.876 0.353109375 0.850447059375 0.3408125 0.8385411765624999 0.33875 0.8363294124999999 0.33934375 0.8266352937500001 0.342265625 0.806352940625 0.34578125000000004 0.8023764703125 0.34959375000000004 0.8076705875 0.360421875 0.809882353125 0.3656875
0 0.8856941171875 0.38089062500000004 0.8685882359375 0.394203125 0.860917646875 0.4051875 0.8656235296875 0.41340625 0.8927764703125 0.413015625 0.9157647062500001 0.42359375000000005 0.9328941171875 0.42437500000000006 0.9612 0.42203125 0.9617882359375001 0.41067187499999996 0.9482117640625001 0.393421875 0.9187294125 0.373046875 0.9181411765625 0.372265625 0.8992470593749999 0.376578125 0.8856941171875 0.38089062500000004
0 0.8055294125 0.46934375 0.8084705874999999 0.47717187499999997 0.8137882359375 0.48109375 0.8261647062499999 0.485796875 0.8308941171875001 0.48854687500000005 0.8415058828124999 0.4889375 0.869247059375 0.49050000000000005 0.884 0.48854687500000005 0.8898823531250001 0.48384375 0.8957882359375 0.478359375 0.8999294125 0.458765625 0.8963764703124999 0.44662499999999994 0.8828235296875 0.439171875 0.8668941171875 0.432125 0.8391529406249999 0.434078125 0.8261647062499999 0.439171875 0.8067058828125001 0.44975 0.8031764703125001 0.4615 0.8055294125 0.46934375
0 0.896047059375 0.45923437500000003 0.9006117640625 0.470484375 0.920752940625 0.48020312499999995 0.9445411765625 0.48324999999999996 0.9683529406250001 0.48203125 0.9793411765625001 0.47625 0.9866588234375 0.46470312500000005 0.9875764703125001 0.450125 0.9825411765625001 0.44070312500000003 0.9765882359375 0.432796875 0.964682353125 0.42915625 0.9395058828125 0.425203125 0.9120705875 0.42975 0.8946588234374999 0.441 0.8951294125 0.44190625 0.8923764703125 0.44678125 0.896047059375 0.45923437500000003
0 0.7804 0.621859375 0.7920235296875 0.621859375 0.798352940625 0.621859375 0.81103529375 0.6211562500000001 0.813152940625 0.61765625 0.813152940625 0.607140625 0.803647059375 0.591 0.8004705875000001 0.584703125 0.788847059375 0.579078125 0.793082353125 0.567859375 0.7952 0.556640625 0.79096470625 0.544015625 0.7793411765625 0.537 0.75823529375 0.5327968750000001 0.745552940625 0.531390625 0.7318117640625 0.5327968750000001 0.719152940625 0.5363125 0.7075294125 0.54121875 0.7022588234375 0.54471875 0.6959058828125 0.55384375 0.69063529375 0.5650625 0.7064705874999999 0.5875 0.7212705875000001 0.5931093749999999 0.7138588234375 0.61275 0.7244235296875 0.62746875 0.740282353125 0.626078125 0.756117646875 0.626078125 0.7804 0.621859375
0 0.7024470593750001 0.33918750000000003 0.7272705875 0.327890625 0.7208235296875001 0.3101875 0.7075058828125 0.2998125 0.6767058828125 0.288828125 0.6615294125 0.29615625 0.64176470625 0.299203125 0.6275058828125 0.319046875 0.6454352937500001 0.33796875000000004 0.6583058828125 0.347125 0.6780705874999999 0.339796875 0.7024470593750001 0.33918750000000003
0 0.767082353125 0.285296875 0.7661411765625 0.2846875 0.7574117640625 0.28071875 0.7500705875 0.27675 0.7417882359375 0.272171875 0.7303058828125 0.270953125 0.7220235296874999 0.272171875 0.7100705875 0.27521874999999996 0.6847764703125 0.284375 0.6843294125 0.29109375000000004 0.69536470625 0.294140625 0.6995058828125 0.286515625 0.716047059375 0.281625 0.7192705875 0.295671875 0.7454588234374999 0.309109375 0.7491529406249999 0.30789062500000003 0.7574117640625 0.299640625 0.767082353125 0.285296875
0 0.7773882359375001 0.412875 0.7871058828125 0.43351562499999996 0.8036235296875001 0.44514062499999996 0.8065411765625001 0.44514062499999996 0.8152941171875 0.4386875 0.8211058828125 0.431578125 0.8327764703125 0.428359375 0.8531764703125001 0.428359375 0.8619294125 0.42771875000000004 0.86776470625 0.42384374999999996 0.8696941171875 0.411578125 0.85416470625 0.397375 0.844447059375 0.385765625 0.8347294125 0.38446875 0.8220941171874999 0.3831875 0.8143058828124999 0.3870625 0.8045882359375 0.3831875 0.7900235296875 0.388984375 0.7773882359375001 0.40254687499999997 0.7773882359375001 0.412875
0 0.7489176468750001 0.32353125 0.7615294125000001 0.3381875 0.772047059375 0.34796875 0.794117646875 0.345171875 0.8077882359374999 0.34446875 0.83616470625 0.33959375 0.8424705875 0.332609375 0.8351294125000001 0.312359375 0.825647059375 0.30257812500000003 0.8130352937499999 0.292109375 0.8004235296875001 0.294203125 0.7804470593749999 0.294203125 0.7604705875 0.297703125 0.749952940625 0.3095625 0.7489176468750001 0.32353125
0 0.9103764703125 0.628890625 0.88823529375 0.600625 0.8286588234375 0.602890625 0.8201411765625 0.626625 0.8388705875 0.6390625 0.8456705875000001 0.653765625 0.8456705875000001 0.6628125 0.884847059375 0.661671875 0.9188941171874999 0.660546875 0.924 0.64471875 0.9103764703125 0.628890625
0 0.9181882359375001 0.3401875 0.9343764703125 0.33576562499999996 0.9591058828125 0.333234375 0.9800235296875 0.3345 0.969552940625 0.309234375 0.95623529375 0.30103125 0.9229647062499999 0.30165625 0.8934588234374999 0.27703125 0.866847059375 0.27323437500000003 0.8459058828125 0.27323437500000003 0.833552940625 0.275125 0.8154823531250001 0.290921875 0.8440235296875 0.326921875 0.839247059375 0.33703125 0.8792 0.3521875 0.8830117640624999 0.366078125 0.9029882359375 0.36734374999999997 0.9029882359375 0.359765625 0.90583529375 0.350296875 0.9181882359375001 0.3401875
0 0.7299529406249999 0.352390625 0.7396941171875 0.35954687500000004 0.7550823531249999 0.38065625000000003 0.7709882359375 0.3816875 0.7817647062499999 0.37520312499999997 0.7853411765625 0.36703125000000003 0.7812470593749999 0.351703125 0.7648235296875 0.338078125 0.7443058828125 0.3309375 0.7268705875 0.33059375 0.7032941171875 0.338078125 0.7002117640625001 0.34046875 0.7002117640625001 0.344546875 0.7299529406249999 0.352390625