2 0.415640625 0.5820833328125 0.40353125 0.583375 0.39434375 0.6059583328125 0.393859375 0.6182083328125 0.401109375 0.6337083328124999 0.40159374999999997 0.6343541671875 0.4175625 0.6446875000000001 0.427734375 0.64275 0.446609375 0.6207916671875 0.436453125 0.5936874999999999 0.426765625 0.5840208328125 0.415640625 0.5820833328125
2 0.59478125 0.6119583328125 0.599171875 0.6090416671875001 0.61396875 0.6031875 0.62165625 0.5885625 0.622203125 0.5622499999999999 0.5903906250000001 0.5352083328125 0.587109375 0.5344791671875 0.55640625 0.5586041671875 0.554203125 0.5593333328125001 0.56078125 0.6127083328125 0.59478125 0.6119583328125
2 0.34490625 0.6258541671875 0.328515625 0.6166666671875001 0.31903125 0.6166666671875001 0.309546875 0.6339166671875 0.300921875 0.6557708328125 0.299203125 0.6661041671875 0.299203125 0.6718541671875 0.303515625 0.6741666671875 0.305234375 0.6856666671875 0.30609375 0.6960208328124999 0.307828125 0.6960208328124999 0.3259375 0.7075208328125 0.337140625 0.6971666671875 0.350078125 0.6385208328124999 0.34490625 0.6258541671875
2 0.600640625 0.7106458328125 0.6073906250000001 0.7070416671875 0.6073906250000001 0.6953333328125 0.6148125 0.69625 0.6229218750000001 0.6845416671875 0.627640625 0.6557291671875001 0.614140625 0.611625 0.60334375 0.6134375000000001 0.5689062500000001 0.6350416671875 0.5689062500000001 0.6404375 0.56959375 0.6431458328125 0.5803906249999999 0.6476458328125 0.57971875 0.6530416671875 0.5709375 0.6701458328125 0.57903125 0.7034374999999999 0.59321875 0.70075 0.59590625 0.7043333328125 0.600640625 0.7106458328125
2 0.428265625 0.8265208328125 0.44028124999999996 0.8224375 0.42903125 0.7652083328125 0.42495312500000004 0.7532916671875001 0.41881250000000003 0.7532916671875001 0.40809375000000003 0.7607916671875 0.398890625 0.7679375 0.3948125 0.788375 0.39659374999999997 0.8040416671875 0.40604687500000003 0.8237916671875001 0.428265625 0.8265208328125
2 0.64521875 0.791375 0.616390625 0.7755416671875001 0.596890625 0.8512916671875 0.634203125 0.8603333328125 0.647765625 0.8218958328125 0.64521875 0.791375
2 0.5417500000000001 0.564625 0.530828125 0.5452083328125 0.51628125 0.5460208328125 0.503546875 0.5581458328125 0.49203125 0.5743125 0.49203125 0.5896874999999999 0.503546875 0.6001875 0.519921875 0.6090833328125 0.530828125 0.6042291671875 0.54053125 0.5856458328125 0.5417500000000001 0.564625
2 0.394203125 0.6467083328125 0.404390625 0.6652708328125 0.41593749999999996 0.6621041671875 0.42103124999999997 0.6494166671875 0.40335937499999996 0.642625 0.393859375 0.6263124999999999 0.391484375 0.60775 0.37959375 0.611375 0.380609375 0.6122916671875 0.365328125 0.6448958328125001 0.368046875 0.6562083328125 0.37890625 0.6607291671875 0.394203125 0.6467083328125
2 0.696203125 0.5392291671875 0.713171875 0.5330625 0.7205 0.5273958328125 0.720890625 0.5232916671875001 0.720890625 0.5124791671875 0.71934375 0.49243750000000003 0.698515625 0.4847083328125 0.6722812499999999 0.5181458328125 0.67884375 0.5258541671875 0.686171875 0.5335833328125 0.696203125 0.5392291671875
2 0.74521875 0.634375 0.736828125 0.6216875 0.73290625 0.609 0.731234375 0.5993125 0.7278749999999999 0.5933541671875 0.71725 0.5948333328125 0.720046875 0.6149791671875 0.72171875 0.6246666671875001 0.72340625 0.6418333328125 0.725078125 0.6537708328125 0.7284375 0.6657083328125 0.730109375 0.6679375000000001 0.730109375 0.6686875 0.7340312499999999 0.6731666671875 0.74353125 0.6642083328124999 0.753609375 0.6522708328125 0.758078125 0.6477916671874999 0.74521875 0.634375
2 0.5415625000000001 0.7066666671874999 0.5415625000000001 0.68975 0.536484375 0.6796249999999999 0.520640625 0.6779375 0.47246875 0.7725625 0.471203125 0.781875 0.490859375 0.8004583328124999 0.5415625000000001 0.7066666671874999
2 0.49610937499999996 0.5908541671875 0.49167187500000004 0.5711041671875 0.49018750000000005 0.5631875 0.47734375 0.5519999999999999 0.4655 0.5487083328125 0.45314062499999996 0.5447708328124999 0.44623437499999996 0.5493750000000001 0.443265625 0.5566041671875 0.44079687500000003 0.561875 0.43784375000000003 0.5684583328125 0.43734375 0.5743958328125001 0.43734375 0.5855833328125 0.43784375000000003 0.5980833328124999 0.438828125 0.6066458328125 0.451671875 0.6073125 0.48178124999999994 0.5934791671874999 0.49660937499999996 0.6000625 0.49610937499999996 0.5908541671875
2 0.64240625 0.6777708328125 0.6661875 0.6631041671875 0.68215625 0.6370625000000001 0.671875 0.6214583328125001 0.64525 0.613875 0.63459375 0.6176666671875 0.632109375 0.6536458328125 0.64240625 0.6777708328125