1 0.37225 0.5212708328125 0.37107812500000004 0.5254583328125 0.37421875 0.5348958328125 0.37815625 0.540125 0.38246875 0.5417083328125 0.39190625 0.5422291671874999 0.397015625 0.5417083328125 0.40173437500000003 0.537 0.404875 0.5301875 0.40565625 0.5238958328125001 0.40409375000000003 0.5155000000000001 0.396234375 0.5118333328125 0.392296875 0.5113125000000001 0.378546875 0.512875 0.37501562499999996 0.5160208328125 0.37225 0.5212708328125
1 0.306953125 0.47512499999999996 0.30651562499999996 0.47925000000000006 0.3089375 0.4845416671875 0.31003125 0.48277083281250005 0.311359375 0.48689583281250004 0.31378125 0.4880625 0.31643750000000004 0.4910208328125 0.31953125 0.4904166671875 0.32018749999999996 0.4898333328125 0.322171875 0.4913125 0.322828125 0.4886666671875 0.3248125 0.4871875 0.326359375 0.48277083281250005 0.3276875 0.47602083281249996 0.32746875000000003 0.470125 0.325921875 0.465125 0.322609375 0.4645416671875 0.320625 0.4616041671875 0.316875 0.4613125 0.31334375 0.45895833281250004 0.31246874999999996 0.4595416671875 0.30540625 0.4671875 0.30474999999999997 0.4721875 0.30474999999999997 0.47572916718749997 0.306953125 0.47512499999999996
1 0.3288125 0.4765625 0.330640625 0.4797916671875 0.33328125000000003 0.480875 0.332875 0.4835833328125 0.33646875 0.48522916718750003 0.33978125000000003 0.48141666718750004 0.341 0.48520833281250003 0.34768750000000004 0.48520833281250003 0.3466875 0.4879166671875 0.34809375 0.4930625 0.35275 0.4935625 0.357609375 0.4929583328125 0.36475 0.49387499999999995 0.36759375 0.490625 0.3688125 0.4871041671875 0.365765625 0.4835833328125 0.368203125 0.4795416671875 0.3655625 0.4716041671875 0.35946875 0.4689791671875 0.36353125 0.46654166718749995 0.362921875 0.461125 0.361703125 0.4540833328125 0.356828125 0.4502916671875 0.3509375 0.4497708328125 0.35215625 0.45543750000000005 0.351953125 0.4600416671875 0.35053125 0.4635625 0.34809375 0.46925 0.34709375 0.466 0.34425 0.46247916718750004 0.341 0.45787500000000003 0.333890625 0.45462499999999995 0.330640625 0.4519166671875 0.325359375 0.4551666671875 0.323140625 0.45922916718750006 0.32840625 0.4619375 0.325765625 0.4654583328125 0.327390625 0.46979166718750004 0.328609375 0.4716875 0.3288125 0.4765625
1 0.35157812499999996 0.5356041671875 0.354671875 0.5356041671875 0.36059375 0.5303541671875001 0.36115624999999996 0.5243333328124999 0.36115624999999996 0.5157083328125001 0.356640625 0.5081875 0.351015625 0.5055625 0.34790625 0.5055625 0.34678125 0.5055625 0.34425 0.5074375 0.34340625 0.5119374999999999 0.33973437500000003 0.5130625 0.338609375 0.5153333328125 0.34284375 0.5217083328125 0.34621875 0.5273541671875 0.35157812499999996 0.5356041671875
1 0.308171875 0.5356875 0.308171875 0.5377708328125 0.30920312499999997 0.5401875 0.3105 0.5363958328125 0.31284375 0.5346666671875 0.315171875 0.5401875 0.314921875 0.5443333328125 0.316734375 0.5415833328125 0.316984375 0.540875 0.32010937500000003 0.5446875 0.32346875 0.5419166671875 0.324 0.5412291671875 0.324765625 0.5412291671875 0.32840625 0.5419166671875 0.33073437499999997 0.538125 0.323734375 0.5132083328125 0.322953125 0.5149375 0.31232812499999996 0.51425 0.30790625 0.5194375 0.3050625 0.5312083328125 0.308171875 0.5356875
1 0.35209375 0.7526666671875 0.351953125 0.7502500000000001 0.35168750000000004 0.7476666671875 0.35140625000000003 0.746 0.351125 0.7428541671875 0.350984375 0.7417291671874999 0.34959375000000004 0.7396874999999999 0.349046875 0.7389583328125 0.347515625 0.7389583328125 0.346671875 0.740625 0.346671875 0.7430208328125001 0.347375 0.7471041671875 0.3480625 0.7500833328125001 0.34945312500000003 0.7536041671875 0.352234375 0.7569375 0.35209375 0.756 0.35209375 0.7539583328125 0.35209375 0.7526666671875
1 0.30990625 0.7198958328125 0.312796875 0.7260833328125 0.31656249999999997 0.7332291671875 0.3225 0.7363125 0.324671875 0.7330416671875 0.325109375 0.7278125 0.31453125000000004 0.7181666671875 0.31062500000000004 0.7125625 0.309171875 0.7146874999999999 0.30990625 0.7198958328125
1 0.384390625 0.7145416671875 0.370140625 0.7203333328125 0.370140625 0.7401666671875 0.381296875 0.734375 0.3930625 0.7277708328125 0.384390625 0.7145416671875
1 0.407578125 0.7369583328125 0.40843749999999995 0.7349375 0.40942187499999994 0.7282916671875 0.40573437500000004 0.7262708328125 0.405625 0.7342083328125 0.40551562499999994 0.7383958328125 0.4060625 0.7386874999999999 0.407578125 0.7369583328125
1 0.270484375 0.7229166671875 0.268703125 0.7253125 0.26692187500000003 0.7294791671875 0.26110937500000003 0.7330416671875 0.264234375 0.7407708328125 0.27137500000000003 0.7336458328125001 0.27271875 0.7276875 0.271828125 0.7241041671875 0.270484375 0.7229166671875
1 0.183140625 0.7946458328125 0.183765625 0.8072916671874999 0.185671875 0.8308958328125 0.188203125 0.844375 0.1983125 0.844375 0.204625 0.8325833328125001 0.20842187499999998 0.8477499999999999 0.2210625 0.851125 0.2210625 0.8376250000000001 0.23118750000000002 0.8233124999999999 0.22865625 0.8207708328125 0.22865625 0.7988541671875 0.22170312499999997 0.7955 0.22170312499999997 0.7769583328125 0.21853125 0.7600833328125 0.210953125 0.7600833328125 0.20715625000000001 0.7508125 0.196421875 0.7600833328125 0.197046875 0.7567291671875 0.183140625 0.7508125 0.183140625 0.7946458328125
1 0.272890625 0.42443749999999997 0.27978125 0.41656250000000006 0.28323437500000004 0.40539583281249997 0.280765625 0.3955416671875 0.26796875 0.3797916671875 0.26156250000000003 0.3876666671875 0.25515625000000003 0.40081249999999996 0.258109375 0.42379166718750005 0.26303125 0.42575 0.26549999999999996 0.43102083281250003 0.270421875 0.4336458328125 0.272890625 0.42443749999999997
1 0.46746875 0.7292500000000001 0.46715625000000005 0.7338333328125 0.46996874999999994 0.7325833328125 0.47215625 0.7275833328125 0.47246875 0.7213333328125 0.46903125 0.7230000000000001 0.46778125 0.7259166671874999 0.46746875 0.7292500000000001
1 0.0171875 0.8583333328125 0.028125 0.8708333328125001 0.059375 0.8666666671875 0.065625 0.8729166671874999 0.0703125 0.8729166671874999 0.0796875 0.8833333328125 0.1046875 0.8833333328125 0.1203125 0.8666666671875 0.140625 0.8645833328125001 0.1515625 0.85625 0.175 0.8520833328125 0.1859375 0.8375 0.1828125 0.76875 0.2109375 0.75625 0.2171875 0.7604166671875 0.2203125 0.76875 0.2328125 0.78125 0.2875 0.7833333328125 0.29375 0.7895833328124999 0.340625 0.79375 0.3515625 0.7791666671875 0.3953125 0.78125 0.40625 0.775 0.415625 0.7604166671875 0.4203125 0.7645833328125 0.4375 0.7645833328125 0.45 0.7479166671875 0.4796875 0.7458333328125 0.4875 0.7375 0.5015625 0.7375 0.5109375 0.7270833328124999 0.515625 0.7166666671875 0.5234375 0.7125 0.5296875 0.7020833328125 0.5425646546875 0.698850575 0.5421875 0.6958333328124999 0.5875 0.69375 0.603125 0.6791666671875001 0.63125 0.6770833328125 0.646875 0.6625 0.6546875 0.6458333328125 0.6828125 0.6333333328124999 0.69375 0.6458333328125 0.721875 0.6479166671875001 0.73125 0.6375 0.734375 0.6270833328125 0.734375 0.6145833328125 0.73125 0.6041666671875 0.721875 0.59375 0.703125 0.5916666671875 0.703125 0.5708333328124999 0.715625 0.5625 0.7265625 0.5458333328125 0.73125 0.5270833328125 0.7296875 0.5020833328125 0.7234375 0.48541666718750004 0.715625 0.475 0.7109375 0.47291666718750003 0.7 0.4583333328125 0.6875 0.45 0.675 0.45 0.6640625 0.44166666718750003 0.65 0.44166666718750003 0.6390625 0.43333333281249997 0.596875 0.43333333281249997 0.5890625 0.4375 0.5796875 0.41041666718750003 0.584375 0.40208333281249997 0.584375 0.39375 0.5796875 0.3854166671875 0.571875 0.3854166671875 0.565625 0.375 0.546875 0.375 0.53663194375 0.3891203703125 0.534821428125 0.3973214296875 0.5310763890625 0.39699074218749997 0.525 0.40625 0.515625 0.4 0.4953125 0.4 0.490625 0.40625 0.459375 0.40833333281249995 0.46875 0.3770833328125 0.46875 0.36875 0.4625 0.3583333328125 0.453125 0.3583333328125 0.4484375 0.3645833328125 0.4453125 0.38125 0.4421875 0.38125 0.4359375 0.3895833328125 0.421875 0.3875 0.4203125 0.3729166671875 0.4265625 0.3645833328125 0.4265625 0.35208333281250004 0.421875 0.34375 0.4078125 0.3416666671875 0.4015625 0.35 0.4015625 0.3625 0.4078125 0.3770833328125 0.39375 0.3791666671875 0.3890625 0.3708333328125 0.3796875 0.3708333328125 0.375 0.3625 0.365625 0.3625 0.3578125 0.3708333328125 0.35625 0.3770833328125 0.353125 0.3770833328125 0.3484375 0.38333333281250004 0.3484375 0.3958333328125 0.353125 0.40208333281249997 0.3578125 0.40208333281249997 0.365625 0.4145833328125 0.378125 0.41875 0.378125 0.44375 0.371875 0.45416666718750004 0.371875 0.46875 0.3796875 0.48125 0.359375 0.5333333328125 0.3515625 0.5375 0.3375 0.5145833328125 0.3265625 0.5145833328125 0.325 0.51875 0.32734375 0.5302083328125 0.3125 0.5354166671875 0.3109375 0.5375 0.30625 0.5333333328125 0.3 0.5479166671875 0.2984375 0.5541666671875001 0.3020833328125 0.5666666671875 0.2984375 0.5791666671875 0.3 0.5854166671875001 0.3046875 0.5979166671875 0.3140625 0.6104166671875 0.3265625 0.61875 0.31875 0.6708333328125 0.3203125 0.675 0.309375 0.6875 0.3046875 0.7 0.3 0.6958333328124999 0.28125 0.6979166671875 0.2734375 0.7083333328125 0.271875 0.725 0.263524590625 0.7211407109375 0.2640625 0.7291666671875 0.255788934375 0.7228825140625 0.2546875 0.7291666671875 0.2515625 0.7270833328124999 0.240625 0.7125 0.225 0.7125 0.2109375 0.7270833328124999 0.209375 0.7333333328125 0.2029375 0.7284166671875 0.050937500000000004 0.7537499999999999 0.05 0.7583333328124999 0.0429375 0.7550833328125 0.040625 0.7479166671875 0.034937499999999996 0.7564166671875 0.03125 0.7479166671875 0.021875 0.7479166671875 0.026937499999999996 0.7577499999999999 0.0109375 0.7604166671875 0.009375 0.7854166671875 0.0140625 0.8041666671875 0.015625 0.8520833328125 0.0171875 0.8583333328125