3 0.66210784375 0.7585620921875 0.68116013125 0.7701633984375 0.70849673125 0.7776143796875 0.735 0.768513071875 0.7565359484374999 0.74366013125 0.767303921875 0.722957515625 0.7623202609375 0.6815359484375 0.744934640625 0.6517320265625 0.7175980390625 0.634330065625 0.69357843125 0.6293627453124999 0.6447222218750001 0.6525490203125 0.6322875812500001 0.6790522875 0.6306372546875 0.7121895421875 0.6405718953124999 0.7163235296875 0.648856209375 0.7312418296875001 0.66210784375 0.7585620921875
3 0.4070751640625 0.4282679734375 0.41562091562500003 0.4459803921875 0.42477124218749995 0.453905228125 0.434852940625 0.458186275 0.437908496875 0.44352941250000005 0.44553921562500004 0.42643790781249996 0.4583496734375 0.4136111109375 0.47026143749999993 0.406895425 0.479722221875 0.401094771875 0.4928431375 0.397434640625 0.4995588234375 0.39866013125 0.5181862749999999 0.400800653125 0.5178758171875 0.3907189546875 0.5129901953125 0.37607843124999996 0.5047549015625 0.36599673125 0.4876633984375 0.354395425 0.47728758125 0.34736928125 0.46537581718750004 0.3452450984375 0.45408496718749997 0.345539215625 0.43423202656250004 0.3522549015625 0.42416666718749996 0.3611111109375 0.423251634375 0.3611111109375 0.4104248359375 0.3757679734375 0.4064542484375 0.3916339875 0.4064542484375 0.415147059375 0.4070751640625 0.4282679734375
3 0.2960620921875 0.7996241828125 0.30441176406250003 0.7996241828125 0.3350490203125 0.7996241828125 0.3823856203125 0.8163235296875 0.4074509796875 0.8441666671875 0.41857843125 0.838594771875 0.4352941171875 0.810751634375 0.45756535937500004 0.768986928125 0.4492156859375 0.7327941171875 0.4408660125 0.7077287578125 0.4102287578125 0.6826633984375 0.36011437968750004 0.6687418296875001 0.31277777812499996 0.685457515625 0.3072058828125 0.7021568625 0.2904901953125 0.7383496734375 0.284934640625 0.7467156859374999 0.2904901953125 0.7745588234375 0.2960620921875 0.7996241828125
3 0.4896405234375 0.6742156859375 0.49972222187500004 0.6439379078125 0.49165032656249996 0.6116503265625 0.47349673125 0.5813725484375001 0.4472549015625 0.5571405234375 0.404852940625 0.54099673125 0.35843137187499996 0.551094771875 0.3342156859375 0.583382353125 0.32008169999999997 0.6217320265625 0.33218954218749996 0.6641339875 0.38668300625 0.678251634375 0.4411928109375 0.6923856203125001 0.45936274531250004 0.6903758171875001 0.4896405234375 0.6742156859375
3 0.48625817031249996 0.24184640468750002 0.510065359375 0.2364379078125 0.52521241875 0.22562091562500003 0.5381862749999999 0.20831699375 0.5414379078125 0.19316993437500002 0.5403594765624999 0.17263071875 0.5241339875000001 0.156405228125 0.506813725 0.1434150328125 0.46679738593750003 0.14125817031250001 0.4483986921875 0.157483659375 0.43109477187499995 0.170457515625 0.4289379078125 0.21049019531250002 0.43109477187499995 0.21913398750000002 0.45490196093749996 0.2440196078125 0.48625817031249996 0.24184640468750002
3 0.9585457515625 0.036568628125 0.834199346875 0.0236111109375 0.52331699375 0.0236111109375 0.02849673125 0.036568628125 0.0258986921875 0.05210784375000001 0.0336764703125 0.24900326874999998 0.0647712421875 0.2516013078125 0.113986928125 0.2671405234375 0.212434640625 0.2671405234375 0.259068628125 0.290457515625 0.2927450984375 0.329313725 0.33937908437500003 0.360408496875 0.37823529375 0.383725490625 0.4352287578125 0.4303594765625 0.45078431406249997 0.4692156859375 0.5051797390625 0.5080718953125001 0.5803104578125 0.5002941171875 0.637303921875 0.513251634375 0.7305718953125 0.5158496734375 0.7823856203124999 0.5313888890625 0.787565359375 0.55210784375 0.8134640515625 0.6220588234375 0.8264215687500001 0.616879084375 0.87305555625 0.588382353125 0.9430065359375 0.518431371875 0.963725490625 0.46661764687499996 0.9585457515625 0.036568628125
3 0.182957515625 0.757777778125 0.245326796875 0.7649019609375001 0.26849673125 0.76133986875 0.3094771234375 0.727483659375 0.3041339875 0.6669117640625 0.298774509375 0.599199346875 0.239983659375 0.588513071875 0.19900326875000002 0.5938562093749999 0.1473366015625 0.62236928125 0.14019607812499998 0.679379084375 0.15267973906250001 0.71857843125 0.182957515625 0.757777778125
3 0.1450817 0.5132189546875 0.212434640625 0.53133986875 0.25129085 0.53133986875 0.27202614375 0.5132189546875 0.28238562031250003 0.487303921875 0.27978758125000003 0.4536274515625 0.2538888890625 0.4044117640625 0.212434640625 0.388856209375 0.17357843125 0.3914542484375 0.134722221875 0.42253267968749997 0.12694444375 0.4536274515625 0.12694444375 0.487303921875 0.1450817 0.5132189546875
3 0.24204248437500003 0.533856209375 0.2358986921875 0.541225490625 0.2432679734375 0.585457515625 0.2444934640625 0.5891503265625 0.3034803921875 0.5952941171874999 0.30101307187500004 0.6124836593749999 0.31452614375 0.62599673125 0.3169934640625 0.6223202609375 0.3243627453125 0.60633986875 0.3366503265625 0.585457515625 0.361225490625 0.5473692812500001 0.3501633984375 0.5240196078125 0.326813725 0.506830065625 0.2899673203125 0.5043627453124999 0.2764379078125 0.5031372546874999 0.261699346875 0.5240196078125 0.266617646875 0.514199346875 0.25555555625 0.52771241875 0.24204248437500003 0.533856209375
3 0.0784803921875 0.764248365625 0.0899673203125 0.7613725484375 0.109117646875 0.7527614375 0.1234803921875 0.737434640625 0.1349673203125 0.7240359484375001 0.14549019531250001 0.7000980390625 0.149330065625 0.6790359484375 0.150277778125 0.65702614375 0.1474019609375 0.6445751640624999 0.13687908437500002 0.6283006531249999 0.127303921875 0.6158496734375001 0.1177287578125 0.6062908499999999 0.11008169999999999 0.5995751640625 0.08423202656249999 0.5928758171874999 0.0775326796875 0.5909640515625 0.06795751562499999 0.5871405234375 0.052630718750000006 0.58426470625 0.030620915625 0.5890522875 0.03349673125 0.765196078125 0.055506535937500004 0.765196078125 0.0784803921875 0.764248365625
3 0.0280065359375 0.9320751640625 0.0365849671875 0.9676143796875 0.0463888890625 0.9737418296874999 0.22653594843749997 0.9749673203125001 0.22653594843749997 0.9369771234375 0.22040849687500003 0.9173692812500001 0.2142810453125 0.90021241875 0.18977124218750002 0.8757189546875 0.15545751562500001 0.861013071875 0.07947712343749999 0.8744934640625001 0.0476143796875 0.88797385625 0.029232026562500003 0.9026633984375 0.0280065359375 0.9320751640625
3 0.5854738562499999 0.6034640515625 0.5955718953125 0.6496568625 0.604248365625 0.651094771875 0.6273366015625 0.6280065359375 0.6388888890625 0.5991339875 0.637434640625 0.5688235296874999 0.6186764703125001 0.5399509796874999 0.5695915031250001 0.5197385625 0.5306209156249999 0.5457189546875 0.521960784375 0.5702614374999999 0.521960784375 0.574591503125 0.560931371875 0.5962418296875 0.5854738562499999 0.6034640515625
3 0.3525817 0.496568628125 0.370147059375 0.5027614375 0.38717320312500003 0.49088235312500006 0.409379084375 0.470751634375 0.4114379078125 0.4547549015625 0.40627450937500004 0.4217156859375 0.3923366015625 0.4103594765625 0.37736928125 0.4000326796875 0.3520751640625 0.3943464046875 0.321094771875 0.40158496718750003 0.30663398750000004 0.4129411765625 0.3019934640625 0.423774509375 0.3040522875 0.4341013078125 0.30457516406249996 0.45320261406249995 0.3102614375 0.47952614374999997 0.3236764703125 0.48676470624999996 0.3525817 0.496568628125
3 0.026143790625000003 0.32516339843750003 0.026143790625000003 0.3431372546875 0.0375817 0.3578431375 0.0375817 0.37581699375 0.0408496734375 0.382352940625 0.045751634375 0.385620915625 0.032679739062500004 0.41339869218749997 0.0245098046875 0.41339869218749997 0.01960784375 0.41830065312500003 0.01960784375 0.428104575 0.0245098046875 0.43300653593750005 0.0294117640625 0.4787581703125 0.0392156859375 0.49673202656250004 0.0473856203125 0.5 0.045751634375 0.5065359484374999 0.0375817 0.5065359484374999 0.032679739062500004 0.5114379078125 0.032679739062500004 0.5228758171875 0.0375817 0.527777778125 0.0392156859375 0.534313725 0.0392156859375 0.571895425 0.045751634375 0.580065359375 0.0571895421875 0.5866013078125001 0.05513963281249999 0.5892453953125 0.032679739062500004 0.7614379078125 0.032679739062500004 0.7908496734375 0.0392156859375 0.7973856203125 0.0408496734375 0.8039215687500001 0.042483659374999996 0.8725490203125 0.045751634375 0.8774509796875 0.071895425 0.8790849671875 0.081699346875 0.87418300625 0.08986928125 0.87418300625 0.09640522812499999 0.8676470593750001 0.11601307187500001 0.8594771234374999 0.135620915625 0.8660130718750001 0.1470588234375 0.8627450984375 0.16013071875 0.8643790843750001 0.1650326796875 0.8611111109375 0.168300653125 0.8676470593750001 0.186274509375 0.87581699375 0.1993464046875 0.87418300625 0.2107843140625 0.8660130718750001 0.222222221875 0.8692810453125001 0.23856209218750002 0.8839869281249999 0.2483660125 0.919934640625 0.2549019609375 0.9346405234375 0.2549019609375 0.9460784312499999 0.2434640515625 0.9689542484375 0.2434640515625 0.9787581703124999 0.25 0.9852941171875 0.26960784375 0.9852941171875 0.30555555624999997 0.9754901953124999 0.3513071890625 0.9754901953124999 0.3594771234375 0.972222221875 0.3692810453125 0.973856209375 0.383986928125 0.9689542484375 0.3970588234375 0.9705882359375 0.40359477187500004 0.9673202609375 0.47385620937499995 0.9689542484375 0.5114379078125 0.9754901953124999 0.51633986875 0.9787581703124999 0.5245098046875001 0.9787581703124999 0.534313725 0.972222221875 0.55228758125 0.9754901953124999 0.5751633984375 0.9754901953124999 0.5849673203125 0.972222221875 0.59150326875 0.9640522875 0.59150326875 0.939542484375 0.5947712421875 0.9297385625000001 0.5996732031249999 0.9297385625000001 0.6127450984375 0.9232026140625 0.6176470593750001 0.918300653125 0.6209150328125 0.90849673125 0.6307189546874999 0.9003267968750001 0.6372549015625 0.9003267968750001 0.6421568625 0.903594771875 0.65849673125 0.903594771875 0.6650326796875 0.8986928109375001 0.6666666671875 0.8823529406249999 0.66176470625 0.87581699375 0.6650326796875 0.8627450984375 0.6813725484375001 0.8513071890624999 0.7009803921875 0.812091503125 0.7189542484375 0.7973856203125 0.723856209375 0.7859477125 0.723856209375 0.7794117640625 0.7205882359375 0.7745098046875001 0.76797385625 0.7124183000000001 0.7826797390625 0.7140522875 0.7908496734375 0.705882353125 0.7875816999999999 0.686274509375 0.792483659375 0.6813725484375001 0.7973856203125 0.6568627453125 0.794117646875 0.651960784375 0.7810457515625 0.6486928109375001 0.76960784375 0.6388888890625 0.76797385625 0.633986928125 0.76960784375 0.6290849671875 0.7810457515625 0.6307189546874999 0.7990196078125 0.6192810453125001 0.8039215687500001 0.6127450984375 0.8039215687500001 0.5996732031249999 0.795751634375 0.59150326875 0.795751634375 0.578431371875 0.7908496734375 0.563725490625 0.7859477125 0.560457515625 0.7859477125 0.545751634375 0.7810457515625 0.5310457515625 0.758169934375 0.526143790625 0.7532679734375 0.5228758171875 0.741830065625 0.5228758171875 0.7352941171875 0.51797385625 0.6928104578125 0.51960784375 0.686274509375 0.5147058828125 0.66176470625 0.5147058828125 0.65849673125 0.51797385625 0.6568627453125 0.5147058828125 0.6372549015625 0.5147058828125 0.614379084375 0.508169934375 0.6078431375 0.509803921875 0.6045751640625 0.5065359484374999 0.5849673203125 0.5016339875 0.5032679734375 0.508169934375 0.4754901953125 0.4869281046875 0.46241830000000006 0.4869281046875 0.45751634062499996 0.48366013125 0.455882353125 0.47385620937499995 0.4509803921875 0.4705882359375 0.4427344578125 0.4493844046875 0.436274509375 0.4526143796875 0.43300653593750005 0.45751634062499996 0.4232026140625 0.4526143796875 0.419934640625 0.46241830000000006 0.4166666671875 0.46241830000000006 0.3986928109375 0.48202614375 0.385620915625 0.49346405156250006 0.367647059375 0.5032679734375 0.3349673203125 0.491830065625 0.332808121875 0.48902894375 0.32516339843750003 0.48856209218749996 0.3235294125 0.4869281046875 0.3256302515625 0.485060690625 0.3169934640625 0.4852941171875 0.31845238125 0.4810924359375 0.313725490625 0.4852941171875 0.30882352968750004 0.48039215625000004 0.311274509375 0.4771241828125 0.30882352968750004 0.47385620937499995 0.3040966390625 0.4731559296875 0.3071895421875 0.46568627500000004 0.30228758125 0.4232026140625 0.3071895421875 0.41339869218749997 0.3186274515625 0.40359477187500004 0.3349673203125 0.3986928109375 0.3349673203125 0.37581699375 0.330065359375 0.36274509843749997 0.33169934687499997 0.35620915000000003 0.294117646875 0.33169934687499997 0.2565359484375 0.2892156859375 0.2140522875 0.26797385625 0.1127450984375 0.26797385625 0.063725490625 0.2516339875 0.034313725 0.25 0.032679739062500004 0.241830065625 0.0245098046875 0.2434640515625 0.021241829687499998 0.2483660125 0.021241829687499998 0.258169934375 0.026143790625000003 0.26797385625 0.014705882812500001 0.2794117640625 0.014705882812500001 0.294117646875 0.01960784375 0.2990196078125 0.01960784375 0.30228758125 0.009803921875 0.310457515625 0.009803921875 0.3202614375 0.01633986875 0.3267973859375 0.026143790625000003 0.32516339843750003