0 0.409296875 0.33765133125 0.41967187499999997 0.310508475 0.4453125 0.2974334140625 0.45471874999999995 0.28184019375 0.44692187499999997 0.2245278453125 0.4219375 0.2079418890625 0.39890625 0.2099515734375 0.3843125 0.21900726406249998 0.369046875 0.24263922500000001 0.365484375 0.27380145312500004 0.371 0.3079903140625 0.38203125 0.335641646875 0.388203125 0.34268765156250003 0.406375 0.3542615015625 0.409296875 0.33765133125
0 0.572125 0.32489104062499996 0.5981875 0.318789346875 0.617375 0.3340435828125 0.62328125 0.340145278125 0.627703125 0.3309927359375 0.63753125 0.302784503125 0.640984375 0.28220338906250003 0.640984375 0.25859564218750003 0.6380312499999999 0.24716707031250001 0.629171875 0.229636803125 0.6242656249999999 0.22123486718750002 0.61490625 0.21133171874999998 0.6060625 0.2067554484375 0.59278125 0.20523002343750002 0.5696718749999999 0.20523002343750002 0.549015625 0.237239709375 0.5445781249999999 0.2547699765625 0.5445781249999999 0.2852542375 0.5534375 0.32566585937500003 0.559828125 0.3416707015625 0.572125 0.32489104062499996
0 0.626453125 0.597748184375 0.6380625 0.568547215625 0.639515625 0.534842615625 0.625015625 0.51234866875 0.6090625000000001 0.49438256718750007 0.578609375 0.48987893437499996 0.5699062500000001 0.49888619843750004 0.5641093749999999 0.5213559328125 0.558296875 0.5595399515625 0.558296875 0.5865133171875 0.5699062500000001 0.606731234375 0.590203125 0.6112348671875 0.6032656249999999 0.6089830515625 0.626453125 0.597748184375
0 0.508640625 0.39699757812500003 0.521375 0.3886440671875 0.5336093749999999 0.3863680390625 0.5443749999999999 0.4000242125 0.54634375 0.39472155 0.5527031250000001 0.384092009375 0.553203125 0.36058111406250004 0.53753125 0.3249152546875 0.52675 0.31808716718749996 0.51646875 0.31808716718749996 0.5052187499999999 0.3211138015625 0.493953125 0.32869249375 0.48367187500000003 0.352227603125 0.48268750000000005 0.38106537500000004 0.489546875 0.40154963749999995 0.49640625 0.4091283296875 0.50178125 0.404576271875 0.508640625 0.39699757812500003
0 0.4838125 0.5178692500000001 0.492671875 0.5708232453125001 0.50596875 0.5835593218749999 0.5350625 0.5914043578125 0.5489843750000001 0.5737530265624999 0.5584687500000001 0.5453268765625 0.559734375 0.522784503125 0.55340625 0.4953268765625 0.53821875 0.479636803125 0.52178125 0.4776755453125 0.507234375 0.480629540625 0.49710937499999996 0.4904358359375 0.4838125 0.5178692500000001
0 0.611890625 0.49210653750000005 0.627875 0.505641646875 0.6336875 0.47409200937499996 0.623515625 0.41779661093750003 0.5886250000000001 0.40653752968749995 0.56828125 0.42455205781250005 0.558109375 0.4628329296875 0.565375 0.49661016875 0.569734375 0.5078934625 0.581359375 0.48760290624999997 0.611890625 0.49210653750000005
0 0.44564062499999996 0.38106537500000004 0.47603125 0.38106537500000004 0.48181250000000003 0.35191283281249996 0.48181250000000003 0.331719128125 0.473125 0.30929782031249997 0.45865625000000004 0.2980871671875 0.432625 0.30929782031249997 0.42104687500000004 0.3137772390625 0.41381249999999997 0.35191283281249996 0.41525 0.38554479375 0.42393749999999997 0.4034866828125 0.44564062499999996 0.38106537500000004
0 0.685984375 0.4731477 0.7050625 0.478280871875 0.718328125 0.482784503125 0.7232968750000001 0.47765133125 0.729109375 0.4654479421875 0.727453125 0.44617433437500004 0.725375 0.4211138015625 0.7245468749999999 0.406973365625 0.713765625 0.3883535109375 0.70340625 0.37871670625 0.69759375 0.374866828125 0.68846875 0.37358353437499997 0.6723125 0.3729297828125 0.6631875 0.374866828125 0.6519999999999999 0.38963680312500004 0.647015625 0.4044067796875 0.63996875 0.42433414062499997 0.63871875 0.4474576265625 0.64328125 0.46416464843750005 0.64784375 0.478280871875 0.656140625 0.501428571875 0.66359375 0.500145278125 0.6723125 0.48406779687499996 0.685984375 0.4731477
0 0.48825 0.5041646484375 0.48510937500000006 0.48760290624999997 0.48071875000000003 0.47106537499999995 0.4769375 0.4652058109375 0.467515625 0.459370459375 0.45871874999999995 0.45840193749999997 0.45181250000000006 0.45840193749999997 0.439234375 0.46813559375 0.43484375000000003 0.478837771875 0.431078125 0.4944309921875 0.43043750000000003 0.511961259375 0.431703125 0.527530265625 0.43609375000000006 0.538256659375 0.44301562499999997 0.5557627125 0.44992187499999997 0.5577239703125 0.467515625 0.5557627125 0.478828125 0.5499273609374999 0.480078125 0.5450605328125 0.487 0.527530265625 0.48825 0.5041646484375
0 0.48721875 0.4623244546875 0.492859375 0.4798062953125 0.500921875 0.4848184015625 0.510609375 0.481065375 0.526734375 0.4773123484375 0.538828125 0.481065375 0.551734375 0.48605326875 0.5589999999999999 0.461065375 0.5589999999999999 0.43857142812500005 0.551734375 0.40857142812499997 0.542859375 0.3998305078125 0.530765625 0.3923244546875 0.518671875 0.391065375 0.5097968749999999 0.398571428125 0.489640625 0.4173123484375 0.489640625 0.4373123484375 0.48721875 0.4623244546875
0 0.414953125 0.45096852343749994 0.426078125 0.4831719125 0.43870312499999997 0.469370459375 0.4565 0.45670702187499995 0.468375 0.45670702187499995 0.481 0.4647699765625 0.48470312499999996 0.45670702187499995 0.48842187499999995 0.44290556875 0.48842187499999995 0.4222033890625 0.48767187500000003 0.41186440625 0.481734375 0.394600484375 0.475796875 0.3842615015625 0.461703125 0.38196125937500003 0.45131249999999995 0.38196125937500003 0.422375 0.403801453125 0.414953125 0.42336561718750004 0.414953125 0.45096852343749994
0 0.539453125 0.2426876515625 0.5177031249999999 0.2134866828125 0.49595312500000005 0.206731234375 0.47275 0.2134866828125 0.46114062499999997 0.2426876515625 0.45968749999999997 0.276416465625 0.46259375 0.289878934375 0.47275 0.314600484375 0.48434375 0.343825665625 0.48724999999999996 0.343825665625 0.510453125 0.31910411562499996 0.52640625 0.310121065625 0.532203125 0.31910411562499996 0.543796875 0.289878934375 0.539453125 0.2426876515625
0 0.6158750000000001 0.413656175 0.6237812500000001 0.4050605328125 0.632484375 0.38055690000000003 0.622203125 0.35116222812500003 0.60875 0.3143825671875 0.5684218750000001 0.3143825671875 0.5589375000000001 0.3266343828125 0.549453125 0.3584987890625 0.549453125 0.390363196875 0.5589375000000001 0.42222760312499996 0.565265625 0.42467312343749997 0.596890625 0.4038498796875 0.6158750000000001 0.413656175