1 0.706015625 0.40727272656249996 0.68421875 0.3566899765625 0.67290625 0.28324009375000003 0.66484375 0.2675757578125 0.670484375 0.24349650312499999 0.65596875 0.23988345 0.629328125 0.2495104890625 0.62690625 0.25193473125 0.618015625 0.268787878125 0.61640625 0.282027971875 0.609953125 0.3627272734375 0.6365937500000001 0.43135198125 0.685828125 0.44100233125 0.706015625 0.40727272656249996
1 0.608234375 0.18629370625 0.616671875 0.1971328671875 0.63453125 0.1991841484375 0.6580781250000001 0.1895104890625 0.68515625 0.166386946875 0.704984375 0.1289277390625 0.70321875 0.10198135156250002 0.6959531250000001 0.0864801859375 0.690265625 0.0583682984375 0.68378125 0.0607226109375 0.68378125 0.07358974375 0.68378125 0.0940792546875 0.67240625 0.1277622375 0.657296875 0.1473659671875 0.645125 0.155850815625 0.610203125 0.17547785625 0.6070625 0.178974359375 0.608234375 0.18629370625
1 0.675015625 0.2396037296875 0.67334375 0.265850815625 0.680046875 0.334592075 0.68925 0.3420745921875 0.704328125 0.34456876406250003 0.726109375 0.347086246875 0.739515625 0.34582750624999997 0.753765625 0.3420745921875 0.7671718750000001 0.3408391609375 0.7755468750000001 0.32582750625 0.774703125 0.2720979015625 0.7328125 0.19335664375 0.709359375 0.1920979015625 0.6993125 0.2071095578125 0.683390625 0.2183449890625 0.675015625 0.2396037296875
1 0.8221093749999999 0.412447553125 0.838640625 0.4146853140625 0.8551718749999999 0.40571095625 0.87921875 0.3743356640625 0.8626875 0.33172494218750004 0.850671875 0.29585081562500004 0.81609375 0.28687645625 0.804078125 0.30032634062499997 0.774015625 0.412447553125 0.792046875 0.4303729609375 0.8115937499999999 0.4348717953125 0.8221093749999999 0.412447553125
1 0.500578125 0.4679254078125 0.491421875 0.478624709375 0.48903125000000003 0.49643356718750004 0.49340624999999994 0.5302797203125 0.5001875 0.54393939375 0.506546875 0.5552214453125 0.51053125 0.554032634375 0.51171875 0.5391841484375 0.509328125 0.47386946406249997 0.51371875 0.45902097968750005 0.50615625 0.45902097968750005 0.500578125 0.4679254078125
1 0.45346875000000003 0.455151515625 0.455578125 0.46496503437500003 0.450578125 0.4853379953125 0.443234375 0.49629370625 0.43115625 0.5037529140625 0.42090625 0.504918415625 0.415390625 0.5103962703125 0.41801562499999995 0.5229370624999999 0.423265625 0.5370396265624999 0.44532812499999996 0.5323310015625 0.45320312500000004 0.5405594406249999 0.471859375 0.5327272734374999 0.479203125 0.5237296031249999 0.478421875 0.49237762187499995 0.478421875 0.48179487187500003 0.48420312499999996 0.4645687640625 0.47684375 0.45398601406249994 0.46396875 0.441445221875 0.455578125 0.4371328671875 0.451640625 0.4402797203125 0.45346875000000003 0.455151515625
1 0.56059375 0.7420512828125 0.5801406250000001 0.7263403265624999 0.595171875 0.6994405593749999 0.595171875 0.6568298375 0.577125 0.6276923078125 0.56059375 0.6164801859375 0.5560937499999999 0.643379953125 0.551578125 0.6747785546875 0.518515625 0.7218648015625 0.538046875 0.7353146859375 0.5455625000000001 0.7308391609375 0.56059375 0.7420512828125
1 0.5099843749999999 0.6874358968750001 0.526953125 0.6864801859375 0.53828125 0.6480186484375 0.532625 0.6048484843749999 0.506828125 0.59923076875 0.49928125 0.6114219109375 0.4835625 0.67053613125 0.48167187499999997 0.6874358968750001 0.5099843749999999 0.6874358968750001
1 0.322828125 0.9554312359375 0.316546875 0.975058275 0.301375 0.9989510484374999 0.30681250000000004 1 0.311671875 0.996386946875 0.3256875 0.9831701625000001 0.33484375 0.964382284375 0.33428125 0.9477389281249999 0.33284375 0.9315384609375 0.328546875 0.9315384609375 0.328546875 0.9319580421874999 0.328265625 0.9340792546875001 0.322828125 0.9554312359375
1 0.648265625 0.207622378125 0.662203125 0.207622378125 0.682421875 0.1988344984375 0.707140625 0.1625407921875 0.70909375 0.1513986015625 0.703609375 0.1262237765625 0.697921875 0.134708625 0.6930156249999999 0.15111888125 0.688890625 0.1625407921875 0.6743750000000001 0.1730769234375 0.628453125 0.193846153125 0.626296875 0.1996969703125 0.648265625 0.207622378125
1 0.57609375 0.1695804203125 0.5898125000000001 0.1818414921875 0.598953125 0.1818414921875 0.601703125 0.17911421875 0.654734375 0.1518414921875 0.6839999999999999 0.0931701625 0.6839999999999999 0.0590675984375 0.671203125 0.06452214375000001 0.6291249999999999 0.1136363640625 0.577921875 0.131375290625 0.5724375 0.1450116546875 0.57609375 0.1695804203125
1 0.58153125 0.3581118875 0.578078125 0.37100233125000004 0.57075 0.39417249375 0.5603906249999999 0.41412587343749996 0.5543437499999999 0.4263636359375 0.546578125 0.43794871718749995 0.54484375 0.4437529140625 0.5461406249999999 0.4534032640625 0.5491718750000001 0.4579254078125 0.55909375 0.46114219062500006 0.565140625 0.4559906765625 0.573765625 0.44181818125000005 0.573328125 0.446969696875 0.5746249999999999 0.45277389218749997 0.576359375 0.45277389218749997 0.583265625 0.4521212125 0.592328125 0.44825174843750004 0.600953125 0.44181818125000005 0.6031093750000001 0.437319346875 0.60528125 0.432797203125 0.6091562500000001 0.4263636359375 0.614765625 0.42573426562499994 0.6251249999999999 0.4315151515625 0.634625 0.4270163171875 0.62296875 0.40319347343749995 0.61821875 0.39417249375 0.6074375 0.35617715625 0.605703125 0.3471794875 0.610453125 0.3233333328125 0.61390625 0.30466200468750004 0.6100156250000001 0.301445221875 0.60225 0.304032634375 0.588875 0.31627039687499997 0.589734375 0.315617715625 0.582828125 0.342027971875 0.58153125 0.3581118875
1 0.61659375 0.2783682984375 0.63175 0.20487179531250002 0.609765625 0.19356643281250002 0.59840625 0.254615384375 0.585515625 0.3020979015625 0.595375 0.30888111875 0.61659375 0.2783682984375
3 0.6323125 0.8674592078125001 0.635796875 0.8638927734375 0.640765625 0.8622377625000001 0.6451718750000001 0.86088578125 0.6444375 0.85841491875 0.64609375 0.8482517484375001 0.64003125 0.8422377624999999 0.63028125 0.8422377624999999 0.623484375 0.84358974375 0.6203593749999999 0.8477156171875 0.61853125 0.8523776218749999 0.61796875 0.85675990625 0.61796875 0.8581351984375001 0.620171875 0.8625174828125 0.6256875 0.8677389281250001 0.63028125 0.8713053609375001 0.6323125 0.8674592078125001
3 0.6382656250000001 0.892494171875 0.643265625 0.879440559375 0.6484687499999999 0.8719813515625001 0.65284375 0.87664335625 0.655546875 0.8841025640625 0.6601250000000001 0.872913753125 0.66075 0.8660839156250001 0.655546875 0.8614219109375 0.648890625 0.8604895109375 0.643046875 0.8614219109375 0.633890625 0.8657808859375 0.632015625 0.8707459203125 0.628484375 0.8694871796875001 0.618484375 0.8589277390625 0.6118125 0.8623543124999999 0.6057812499999999 0.8670163171875 0.604328125 0.872913753125 0.600359375 0.8778787875 0.59703125 0.8831701625000001 0.5939062500000001 0.8893706296874999 0.594953125 0.8996270390625 0.596828125 0.9042890437500001 0.604328125 0.8986946390625 0.59953125 0.9064568765625 0.601203125 0.9154778562500001 0.607234375 0.90988345 0.6051562500000001 0.9182750578125001 0.6074531249999999 0.9176456875 0.6118125 0.912680653125 0.6136874999999999 0.9108158515625 0.6149375 0.90988345 0.6205625 0.8958974359375 0.6261875 0.8968298375 0.627859375 0.9052214453125 0.6382656250000001 0.892494171875
3 0.5207499999999999 0.99146853125 0.52909375 0.9815151515625 0.531875 0.9806759906250001 0.53353125 0.9809557109375 0.53409375 0.978741259375 0.53428125 0.9721212124999999 0.5359375 0.966317015625 0.540390625 0.9593939390624999 0.55225 0.9420046624999999 0.555578125 0.9422610718750001 0.562984375 0.9408857812500001 0.566875 0.9400699296875 0.570390625 0.9395104890624999 0.571140625 0.9320512828125 0.57225 0.9262470859375 0.572984375 0.9210023312500001 0.578171875 0.913263403125 0.5841406250000001 0.9097902093749999 0.588125 0.9078088578125 0.593765625 0.9068298374999999 0.596421875 0.9033566437499999 0.593765625 0.89347319375 0.594765625 0.8870396265625 0.59940625 0.8781351984375 0.604046875 0.871212121875 0.5921093749999999 0.87170163125 0.589453125 0.8756643359374999 0.589453125 0.88011655 0.584484375 0.88011655 0.5821562499999999 0.8820979015624999 0.5821562499999999 0.8890209796875 0.5755312499999999 0.8860372953125 0.56690625 0.8880186484375001 0.564921875 0.8929603734375 0.562921875 0.8993939390625 0.5609375 0.9053379953125 0.5579531249999999 0.9068298374999999 0.555625 0.9068298374999999 0.55 0.9068298374999999 0.5456875 0.913263403125 0.5446875 0.9236363640624999 0.536390625 0.926620046875 0.5354062500000001 0.9275990671875001 0.532421875 0.93452214375 0.530421875 0.9434265734375 0.522140625 0.944918415625 0.518484375 0.947389278125 0.516828125 0.9528205125 0.5165 0.9612354312500001 0.5171718750000001 0.96617715625 0.512859375 0.9686480187500001 0.509875 0.9741025640625001 0.508875 0.9825174828125001 0.509875 0.986969696875 0.51053125 0.9879487171875001 0.512515625 0.9904195796874999 0.51384375 0.9943822843750001 0.5171718750000001 0.9983449890625 0.5172343749999999 0.9997435890625 0.5207499999999999 1 0.5207499999999999 0.99146853125
1 0.371875 1 0.36875 0.9790209796875 0.3640625 0.9673659671875001 0.3484375 0.9673659671875001 0.3453125 0.9603729609375 0.3375 0.9603729609375 0.334375 0.9510489515625 0.3383333328125 0.927894328125 0.3328125 0.9230769234375 0.3403125 0.916317015625 0.3878125 0.6384615390625 0.4046875 0.603729603125 0.4109375 0.59440559375 0.41875 0.56876456875 0.44375 0.5617715624999999 0.45 0.55011655 0.45 0.5384615390625 0.475 0.5291375296874999 0.475 0.5477855484374999 0.484375 0.559440559375 0.496875 0.559440559375 0.5015625 0.5547785546874999 0.50681818125 0.5627251531249999 0.5125 0.5571095578125 0.5134943187500001 0.568976478125 0.5171875 0.5664335671875 0.5201704546875 0.5752278015625001 0.528125 0.5734265734374999 0.526846590625 0.5814791265625 0.58693181875 0.637741046875 0.596875 0.6829836828125 0.603125 0.6829836828125 0.60625 0.678321678125 0.59453125 0.6678321671874999 0.5921875 0.652680653125 0.5936079546874999 0.6439923703125 0.5973958328125 0.641025640625 0.6026041671875 0.6293706296875 0.60625 0.634032634375 0.6046875 0.659673659375 0.6069602265625 0.6564950203125 0.6203125 0.66899766875 0.621875 0.7016317015625 0.6421875 0.73193473125 0.6484375 0.73193473125 0.6515625 0.7272727265625 0.6515625 0.7179487171875001 0.6484375 0.70629370625 0.640625 0.696969696875 0.6328125 0.66899766875 0.6296875 0.6643356640625 0.6234375 0.6643356640625 0.609375 0.6293706296875 0.609375 0.6200466203125 0.60625 0.615384615625 0.619140625 0.5821678328125001 0.625 0.5734265734374999 0.628125 0.578088578125 0.6375 0.578088578125 0.6421875 0.56876456875 0.6421875 0.559440559375 0.8322828390625 0.56256173125 0.9328125 0.59440559375 0.9324999999999999 0.60606060625 0.9359375 0.6130536125 0.9321875000000001 0.6177156171875 0.93125 0.652680653125 0.934375 0.6573426578125 0.940625 0.6573426578125 0.94375 0.652680653125 0.94453125 0.6386946390625 0.97109375 0.6421911421875001 0.9703125 0.68065268125 0.9734375 0.6853146859375 0.98125 0.6853146859375 0.98984375 0.6759906765625 0.99375 0.66899766875 0.9984375 0.6666666671875 0.9734375 0.6480186484375 0.971875 0.6386946390625 0.9713541671874999 0.6293706296875 0.978515625 0.63170163125 0.9984375 0.6107226109375 0.990625 0.5874125875 0.9875 0.56876456875 0.984375 0.5641025640625 0.978125 0.5641025640625 0.975 0.56876456875 0.971875 0.603729603125 0.9484375 0.5981351984375001 0.9421875 0.5897435890625 0.9359375 0.5897435890625 0.8245497875 0.5601122046875 0.64668961875 0.5037730625 0.64375 0.4988344984375 0.65 0.49184149218749995 0.6640625 0.49184149218749995 0.6671875 0.4871794875 0.68125 0.4825174828125 0.69375 0.45687645625 0.6953125 0.4428904421875 0.690625 0.43356643281249996 0.684375 0.4428904421875 0.6375 0.43356643281249996 0.63125 0.42890442812499996 0.6265625 0.43123543125 0.6203125 0.4428904421875 0.6109375 0.43589743593749997 0.6046875 0.43589743593749997 0.5921875 0.44988345 0.58125 0.45454545468749996 0.56875 0.45221445156250006 0.5609375 0.4615384609375 0.5546875 0.4615384609375 0.546875 0.45454545468749996 0.546875 0.4382284375 0.5671875 0.403263403125 0.575 0.3822843828125 0.578125 0.35664335625 0.58125 0.3543123546875 0.584375 0.328671328125 0.590625 0.310023309375 0.5859375 0.3006993 0.5984375 0.25641025625 0.596875 0.24242424218749997 0.5828125 0.24242424218749997 0.5765625 0.24941724999999998 0.58203125 0.27272727343750003 0.575 0.2797202796875 0.5671875 0.2797202796875 0.5609375 0.2890442890625 0.559375 0.3076923078125 0.5453125 0.31934731875 0.5375 0.3379953375 0.525 0.3379953375 0.5125 0.3426573421875 0.509375 0.347319346875 0.509375 0.365967365625 0.5125 0.3706293703125 0.5234375 0.375291375 0.525 0.3892773890625 0.528125 0.39393939375000003 0.534375 0.39393939375000003 0.53125 0.42191142187499997 0.5109375 0.4452214453125 0.5015625 0.43123543125 0.4890625 0.43123543125 0.4828125 0.44055944062499997 0.48429555156250004 0.45233297656250004 0.4765625 0.44988345 0.4765625 0.45454545468749996 0.46930147031249997 0.455093925 0.45477941250000004 0.4655148765625 0.4515625 0.45920745937499996 0.4515625 0.43589743593749997 0.4484375 0.43123543125 0.4359375 0.43123543125 0.4328125 0.43589743593749997 0.428125 0.47785547812500007 0.43299632343749994 0.48114630468749997 0.42573529375 0.48635678125000004 0.4203125 0.47902097968749996 0.4125 0.4801864796875 0.409375 0.475524475 0.4015625 0.475524475 0.396875 0.46853146875 0.390625 0.46853146875 0.3875 0.47319347343749996 0.3859375 0.48484848437499994 0.378125 0.49417249375 0.375 0.5104895109375 0.3821691171875 0.5176196359375 0.37490808750000004 0.5228301125 0.3671875 0.5198135203125 0.365625 0.5268065265625 0.3625 0.5268065265625 0.3603860296875 0.5332510625 0.353125 0.5384615390625 0.1846875 0.559673659375 0.1765625 0.5571095578125 0.1766666671875 0.560683759375 0.1686458328125 0.5616938625000001 0.165625 0.559440559375 0.160625 0.5627039625 0.1526041671875 0.5637140625 0.15625 0.5734265734374999 0.1515625 0.5734265734374999 0.1453125 0.5641025640625 0.1390625 0.5641025640625 0.1365625 0.565734265625 0.1359375 0.56876456875 0.12854166718749999 0.566744365625 0.128125 0.56876456875 0.1125 0.56876456875 0.109375 0.5734265734374999 0.109375 0.5827505828125 0.1125 0.5874125875 0.1375 0.5874125875 0.146875 0.603729603125 0.165625 0.603729603125 0.175 0.59440559375 0.1875 0.59440559375 0.190625 0.5897435890625 0.190625 0.578088578125 0.353125 0.552447553125 0.3578125 0.559440559375 0.3671875 0.559440559375 0.375 0.5547785546874999 0.375 0.5734265734374999 0.3796875 0.5804195796875 0.3859375 0.5804195796875 0.3875 0.59440559375 0.3921875 0.6013986015625 0.3869791671875 0.6099456109375 0.3880208328125 0.6114996109375 0.38333333281250004 0.6208236203124999 0.3897916671875 0.6268842265625 0.3796875 0.63170163125 0.2338541671875 0.9852369859375001 0.2375 0.9883449890625 0.2296875 0.9953379953124999 0.23125 1 0.303125 1 0.3078125 0.990675990625 0.3125 1 0.371875 1