1 0.55616 0.34806 0.5486933328125 0.35788000000000003 0.5496266671875001 0.36278 0.5552266671874999 0.367 0.5729866671875 0.37120000000000003 0.5842133328125 0.3719 0.6001066671874999 0.3719 0.6178933328125 0.3684 0.62256 0.36629999999999996 0.6300266671875 0.35788000000000003 0.6375200000000001 0.35015999999999997 0.64032 0.34666 0.6431199999999999 0.33124 0.6421866671875 0.32072 0.6487466671875 0.31579999999999997 0.6562133328125 0.30598000000000003 0.6562133328125 0.29476 0.65248 0.28214 0.6412533328125 0.2653 0.6057333328125 0.2646 0.5758133328125 0.2646 0.55616 0.26952 0.5514933328125 0.28774 0.5608533328124999 0.30598000000000003 0.5758133328125 0.31930000000000003 0.5664533328125 0.32772 0.5608533328124999 0.33894 0.55616 0.34806
1 0.5334133328124999 0.19072 0.5341066671875 0.20905999999999997 0.5406666671875 0.21476 0.5489333328125 0.22174 0.5572 0.22664 0.5596 0.22147999999999998 0.57512 0.23776000000000003 0.5802933328125001 0.23698000000000002 0.5858133328124999 0.24422000000000002 0.5926933328125 0.24268 0.6006133328125001 0.24630000000000002 0.60408 0.24086 0.6171733328125 0.24242 0.6195733328124999 0.24034 0.62336 0.24008 0.62992 0.23698000000000002 0.6347466671875 0.23234 0.64336 0.23234 0.6540533328125 0.22406 0.6550666671875 0.20752 0.6544 0.2008 0.6564533328125 0.18916 0.6526666671875 0.18192 0.64544 0.17754 0.6340533328125 0.1703 0.6230133328125 0.16512 0.6089066671875 0.16641999999999998 0.6013066671875 0.16952 0.5847733328125 0.17831999999999998 0.5772 0.18012 0.5668533328125 0.1752 0.55928 0.17443999999999998 0.5454933328125 0.17934 0.5334133328124999 0.19072
1 0.44272 0.32622 0.44184 0.33526 0.4401333328125 0.34364 0.4401333328125 0.35202 0.4409866671875 0.35462 0.4409866671875 0.3617 0.4384 0.3688 0.44272 0.37138 0.45304 0.37268 0.46336000000000005 0.37462 0.4693866671875 0.37978 0.47024 0.38042 0.47797333281250004 0.37978 0.48744 0.37526000000000004 0.4977866671875 0.37462 0.5149866671875001 0.36751999999999996 0.5218666671875 0.35331999999999997 0.5244533328125 0.34686 0.5244533328125 0.33784000000000003 0.5210133328125 0.33138 0.5166933328125001 0.32492 0.5098133328125 0.31654 0.5020800000000001 0.31202 0.49002666718750004 0.3075 0.47885333281250003 0.31202 0.4745333328125 0.30686 0.4659466671875 0.30813999999999997 0.4573333328125 0.31266 0.44272 0.32622
1 0.48821333281249996 0.22732000000000002 0.4876533328125 0.24904 0.49162666718750003 0.26182 0.5052533328125 0.26861999999999997 0.5149066671875 0.26778 0.5160266671875 0.25756 0.5154666671875 0.23967999999999998 0.50072 0.21158000000000002 0.4944533328125 0.21072000000000002 0.48821333281249996 0.21581999999999998 0.48821333281249996 0.22732000000000002
1 0.3817333328125 0.25914000000000004 0.3789066671875 0.24533999999999997 0.33648 0.27715999999999996 0.33224 0.2899 0.35344000000000003 0.28778000000000004 0.3817333328125 0.25914000000000004
1 0.44805333281250004 0.013439999999999999 0.4333066671875 0.0207 0.41992 0.03142 0.4176266671875 0.0463 0.42408 0.058399999999999994 0.4420533328125 0.07328 0.45544 0.0833 0.4618933328125 0.08676 0.4734133328125 0.07846 0.4789333328125 0.07086 0.49554666718749996 0.06808 0.49416000000000004 0.06358 0.4775733328125 0.054259999999999996 0.4674133328125 0.042499999999999996 0.46464 0.027960000000000002 0.46464 0.02278 0.4628 0.01724 0.44805333281250004 0.013439999999999999
1 0.2658933328125 0.3587 0.2946133328125 0.3685 0.30976 0.34578000000000003 0.31605333281250003 0.3301 0.31656 0.31208 0.28784 0.29758 0.2575466671875 0.31796 0.2617066671875 0.33872 0.26536 0.35048 0.2658933328125 0.3587
1 0.2615466671875 0.25379999999999997 0.2615466671875 0.25998 0.2679733328125 0.26538 0.27365333281250004 0.2731 0.2749333328125 0.29164 0.2842133328125 0.29300000000000004 0.2947466671875 0.28836 0.2960533328125 0.27368000000000003 0.29245333281249997 0.26286 0.28472 0.25339999999999996 0.2697866671875 0.24704 0.2677066671875 0.24548 0.26232 0.24704 0.2615466671875 0.25379999999999997
1 0.2073066671875 0.23132000000000003 0.22314666718749998 0.24022000000000002 0.2358133328125 0.23548 0.2500533328125 0.24081999999999998 0.2690666671875 0.2432 0.2849066671875 0.24142000000000002 0.2975733328125 0.23548 0.2983466671875 0.21114000000000002 0.2928266671875 0.19094 0.2682666671875 0.18797999999999998 0.2531466671875 0.18222 0.21890666718750001 0.18636 0.2033333328125 0.1957 0.1985866671875 0.21172 0.2073066671875 0.23132000000000003
1 0.35386666718750004 0.23076 0.37224 0.24562 0.40194666718749994 0.24986000000000003 0.43304 0.2541 0.4316266671875 0.23925999999999997 0.43728 0.23712 0.42173333281250003 0.22546 0.41184000000000004 0.2191 0.37648000000000004 0.20318 0.3581066671875 0.21061999999999997 0.3482133328125 0.21061999999999997 0.35386666718750004 0.23076
1 0.5703199999999999 0.14674 0.59032 0.14674 0.5990933328125 0.143 0.6053333328125 0.14018 0.6103466671875 0.13174 0.6203466671875 0.12516 0.6341066671875 0.1111 0.6378666671875 0.09232 0.6366133328125 0.07918 0.62912 0.067 0.60784 0.05854 0.5965866671875 0.0623 0.5465333328125 0.09137999999999999 0.5465333328125 0.12891999999999998 0.5615466671875 0.14579999999999999 0.5703199999999999 0.14674
1 0.1390666671875 0.18626 0.15544 0.17944 0.1645333328125 0.16033999999999998 0.16272 0.13442 0.14816000000000001 0.12352 0.12632000000000002 0.11942 0.10632 0.11942 0.09176 0.12214 0.0753866671875 0.13033999999999998 0.06448000000000001 0.14806 0.06448000000000001 0.16308 0.0681066671875 0.17672000000000002 0.0826666671875 0.1849 0.08813333281249999 0.19308 0.10994666718749999 0.19036 0.11903999999999999 0.1849 0.12088000000000002 0.18764 0.1390666671875 0.18626
0 0.6663466671875 0.28572000000000003 0.65984 0.2851 0.6573866671874999 0.28572000000000003 0.6573866671874999 0.29182 0.6573866671874999 0.30006 0.6561600000000001 0.31044 0.6675733328125 0.31348 0.68384 0.31104 0.68832 0.30678 0.6968799999999999 0.30524 0.7078666671875 0.3025 0.7143733328125 0.30219999999999997 0.7196533328125 0.30036 0.7273866671875 0.29884 0.7359466671875 0.2967 0.7453066671874999 0.29486 0.75264 0.29456000000000004 0.75832 0.29396 0.7693066671875 0.29396 0.7819466671875 0.29396 0.7974133328125 0.29518 0.8055466671874999 0.29486 0.8100266671874999 0.29486 0.81816 0.29334 0.81368 0.28325999999999996 0.8112266671875 0.27166 0.8063466671875 0.2622 0.8030933328125001 0.25732 0.7941333328125 0.25579999999999997 0.7843733328125 0.25548000000000004 0.7786666671875 0.2564 0.7681066671875 0.25672 0.7615733328125 0.25672 0.7562933328125 0.2564 0.7522133328125 0.2561 0.7388 0.25122 0.7334933328125001 0.25182000000000004 0.7290133328125 0.25336 0.7184266671875 0.25579999999999997 0.7106933328125 0.2619 0.7082666671875 0.26617999999999997 0.70624 0.26617999999999997 0.6997066671875001 0.26617999999999997 0.6960533328125 0.26708 0.68872 0.26861999999999997 0.68304 0.2738 0.6818133328125 0.27534000000000003 0.6805866671875 0.27564 0.6785599999999999 0.28266 0.6753066671875 0.2851 0.6724533328125 0.2851 0.6663466671875 0.28572000000000003
0 0.49688 0.29994 0.49298666718749995 0.2941 0.48735999999999996 0.28858 0.4825866671875 0.2824 0.4774133328125 0.28306 0.4700533328125 0.27818 0.4613866671875 0.27396 0.4570666671875 0.27233999999999997 0.45271999999999996 0.27332 0.4484 0.27427999999999997 0.44146666718749994 0.27494 0.4401866671875 0.27427999999999997 0.4354133328125 0.26974 0.42890666718750003 0.2652 0.4250133328125 0.26844 0.41984000000000005 0.27136 0.4154933328125 0.27266 0.40944 0.27364 0.40685333281249997 0.27592 0.4025066671875 0.28142 0.40119999999999995 0.28436 0.39904 0.28922 0.3899466671875 0.29702 0.37784 0.30026 0.37263999999999997 0.30026 0.36874666718750004 0.3035 0.3618133328125 0.30708 0.36096 0.31194 0.49904000000000004 0.3074 0.49904000000000004 0.30384 0.49688 0.29994
0 0.7097066671875 0.34768 0.7215466671875 0.34531999999999996 0.72784 0.34374 0.7409866671875001 0.34293999999999997 0.7470399999999999 0.34243999999999997 0.7599199999999999 0.34126 0.7664799999999999 0.34106000000000003 0.78016 0.34008 0.7890933328124999 0.33968 0.79672 0.34048 0.7964533328125001 0.33692 0.7927733328125 0.3316 0.7985599999999999 0.33082 0.8030133328125 0.3322 0.808 0.3318 0.8114133328124999 0.32826 0.8164266671875 0.32766 0.8219466671875001 0.32864 0.82904 0.32896000000000003 0.8316533328125001 0.3327 0.8350666671875 0.33862000000000003 0.8442666671874999 0.34216 0.8539999999999999 0.34293999999999997 0.8610933328125 0.34334 0.8684533328124999 0.34314 0.8808 0.34354 0.8865866671875 0.34243999999999997 0.8886933328125 0.33634 0.8886933328125 0.32806 0.8797599999999999 0.32392 0.8731733328125 0.32372 0.8737066671875 0.3186 0.86952 0.3117 0.86136 0.31012 0.8526933328125 0.31110000000000004 0.84848 0.31524 0.8424266671874999 0.32136 0.8369066671875001 0.31524 0.8313866671874999 0.31288 0.8285066671875001 0.31880000000000003 0.8206133328125 0.30914 0.8148533328124999 0.31072 0.808 0.31642000000000003 0.8064266671875 0.31918 0.8017066671874999 0.31701999999999997 0.78856 0.31072 0.7843466671875 0.31248 0.7817333328125 0.3186 0.7705599999999999 0.31924 0.7627733328125 0.31338 0.7562666671875 0.31467999999999996 0.75368 0.31728 0.74416 0.30982 0.7372266671875 0.31598000000000004 0.7302933328125001 0.31728 0.7164533328125 0.31467999999999996 0.71168 0.31762 0.7 0.31632 0.6939466671875001 0.3202 0.6887466671875 0.32961999999999997 0.68008 0.33384 0.6783466671875 0.34228000000000003 0.6874399999999999 0.35137999999999997 0.6905333328125 0.35162 0.7005066671875 0.34866 0.7097066671875 0.34768
1 0.2353066671875 0.1176 0.22888000000000003 0.12242 0.22032 0.1422 0.2274666671875 0.1545 0.22888000000000003 0.16092 0.246 0.16734 0.2559733328125 0.16466 0.2673866671875 0.15878 0.2759466671875 0.15342 0.2823733328125 0.14326 0.2830666671875 0.13524 0.2693333328125 0.13138 0.2665333328125 0.1222 0.25336 0.10916 0.2495733328125 0.10744000000000001 0.23957333281249998 0.1085 0.2353066671875 0.1176