2 0.735390625 0.5101666671875 0.7593125 0.5144166671875 0.8270781250000001 0.5101666671875 0.8613593749999999 0.5005833328125 0.890859375 0.4740208328125 0.859765625 0.47508333281250004 0.729015625 0.4931458328125 0.72025 0.49527083281250006 0.7210468750000001 0.4995208328125 0.735390625 0.5101666671875
2 0.8472500000000001 0.47416666718749995 0.878515625 0.4735208328125 0.902203125 0.47162499999999996 0.902671875 0.46341666718749996 0.8780468750000001 0.4640625 0.824046875 0.45395833281250003 0.7875625 0.44699999999999995 0.732140625 0.45016666718750004 0.734515625 0.4640625 0.7833125 0.4640625 0.8472500000000001 0.47416666718749995
2 0.8595937499999999 0.46058333281249997 0.8960781250000001 0.4581458328125 0.90215625 0.4208541671875 0.8115781249999999 0.42654166718750003 0.738609375 0.4216666671875 0.727671875 0.4305833328125 0.7307187500000001 0.4516666671875 0.78846875 0.4484166671875 0.8595937499999999 0.46058333281249997
2 0.80621875 0.3250416671875 0.85765625 0.3430416671875 0.870296875 0.3465416671875 0.870734375 0.3395625 0.85459375 0.3285208328125 0.80621875 0.31514583281249997 0.73778125 0.3041041671875 0.73646875 0.31225 0.757828125 0.31456249999999997 0.80621875 0.3250416671875
2 0.70978125 0.3349583328125 0.71790625 0.3421875 0.750046875 0.3571458328125 0.7903125 0.3525 0.83096875 0.364375 0.8456718750000001 0.3623125 0.8460625 0.3607708328125 0.8452968750000001 0.352 0.822828125 0.3396041671875 0.7949531249999999 0.33341666718749996 0.7845 0.3303125 0.769796875 0.32825000000000004 0.760890625 0.32875 0.745015625 0.32825000000000004 0.72371875 0.3277291671875 0.713640625 0.3303125 0.70978125 0.3349583328125
2 0.796 0.3722916671875 0.8247656250000001 0.36706249999999996 0.828265625 0.36589583281250004 0.79034375 0.3525208328125 0.742390625 0.356 0.727140625 0.36589583281250004 0.727140625 0.37752083281250004 0.752421875 0.3815833328125 0.796 0.3722916671875
2 0.803328125 0.4055416671875 0.88975 0.4028958328125 0.8852968750000001 0.38314583281250003 0.8008593749999999 0.38908333281249996 0.733703125 0.3864375 0.721359375 0.38908333281249996 0.7287656250000001 0.3996041671875 0.803328125 0.4055416671875
2 0.8864375000000001 0.4303958328125 0.90346875 0.4023541671875 0.72921875 0.4023541671875 0.719203125 0.4090416671875 0.7172031249999999 0.4263958328125 0.8864375000000001 0.4303958328125
2 0.8530312500000001 0.4742083328125 0.7851874999999999 0.4651458328125 0.730921875 0.46177083281250003 0.7266874999999999 0.4911666671875 0.77840625 0.4877708328125 0.8530312500000001 0.4742083328125
2 0.83084375 0.3164583328125 0.8328906249999999 0.3132916671875 0.830515625 0.3082916671875 0.823015625 0.30375 0.799859375 0.3019375 0.7927187499999999 0.29693749999999997 0.749125 0.30375 0.76171875 0.30874999999999997 0.7954375 0.3119166671875 0.83084375 0.3164583328125
2 0.887109375 0.3567916671875 0.882796875 0.3529583328125 0.7636093749999999 0.31083333281250003 0.739203125 0.315625 0.7284375 0.31945833281249997 0.7291562500000001 0.3309375 0.8167500000000001 0.3357291671875 0.8476250000000001 0.354875 0.855515625 0.3596666671875 0.84546875 0.3625416671875 0.7535624999999999 0.3807291671875 0.72340625 0.3788125 0.7226874999999999 0.3874375 0.8792031250000001 0.38456250000000003 0.887109375 0.3567916671875
0 0.544453125 0.180375 0.546015625 0.15125 0.5452343749999999 0.11587499999999999 0.53040625 0.08675000000000001 0.49607812500000004 0.0711458328125 0.469546875 0.0857083328125 0.45471874999999995 0.1137916671875 0.45315625 0.1533333328125 0.467203125 0.1949375 0.50465625 0.2105416671875 0.5140156250000001 0.2115833328125 0.5265 0.2032708328125 0.544453125 0.180375
0 0.42403124999999997 0.059187500000000004 0.39265625000000004 0.059187500000000004 0.376546875 0.0682291671875 0.3604375 0.0919791671875 0.357046875 0.1383333328125 0.37740625 0.1824166671875 0.412171875 0.197125 0.429125 0.1903333328125 0.451171875 0.15189583281250002 0.45201562500000003 0.1066666671875 0.438453125 0.0795416671875 0.42403124999999997 0.059187500000000004