1 0.57640625 0.9129166671875 0.45337500000000003 0.7893333328125001 0.37584375 0.6657291671875 0.35562499999999997 0.5983125 0.291578125 0.5983125 0.22584374999999998 0.6994374999999999 0.22415625 0.7331458328125 0.21573437499999998 0.8162916671874999 0.313484375 0.9870833328125 0.5882031249999999 0.9825833328125 0.57640625 0.9129166671875
1 0.7550625 0.5348333328125 0.743265625 0.5280833328125001 0.717984375 0.492125 0.714609375 0.47191666718749997 0.7061875 0.45841666718749996 0.648875 0.4089791671875 0.640453125 0.4 0.608421875 0.3662916671875 0.596625 0.3460625 0.589890625 0.32360416718749996 0.583140625 0.3191041671875 0.541015625 0.3303333328125 0.52753125 0.34158333281250003 0.482015625 0.4089791671875 0.483703125 0.47864583281249995 0.482015625 0.4808958328125 0.566296875 0.4808958328125 0.6016874999999999 0.6269583328125 0.6151718749999999 0.6898958328125 0.6505625 0.6988749999999999 0.7213437500000001 0.707875 0.78034375 0.5887708328125 0.7938125 0.5573125 0.7870781250000001 0.5505625000000001 0.77696875 0.5483125 0.77190625 0.5460625 0.761796875 0.5393333328125001 0.7550625 0.5348333328125
1 0.6101093750000001 0.2786458328125 0.56965625 0.2292083328125 0.52415625 0.1865208328125 0.490453125 0.1325833328125 0.47865624999999995 0.0696666671875 0.47359375000000004 0.00225 0.365734375 0.006750000000000001 0.32021875 0.0471875 0.30842187499999996 0.13708333281250001 0.32528125 0.1955 0.34550000000000003 0.24718749999999998 0.411234375 0.3168541671875 0.43314062499999995 0.3168541671875 0.45168749999999996 0.3101041671875 0.458421875 0.294375 0.514046875 0.3348333328125 0.534265625 0.3393333328125 0.5528125 0.33708333281249997 0.559546875 0.3123541671875 0.57303125 0.3146041671875 0.6016874999999999 0.3146041671875 0.6101093750000001 0.2786458328125
1 0.195484375 0.1268333328125 0.187375 0.15562499999999999 0.17860937500000001 0.1754375 0.164421875 0.191625 0.15565625 0.2060416671875 0.152953125 0.22854166718750002 0.158359375 0.2402291671875 0.242734375 0.3374375 0.27703125 0.38927083281249997 0.31990625 0.45025000000000004 0.344484375 0.45785416718749994 0.36334374999999997 0.44795833281249997 0.36734374999999997 0.42814583281249996 0.350203125 0.3999375 0.37134375 0.4014583328125 0.413078125 0.40070833281249996 0.446796875 0.39308333281249996 0.4519375 0.3915625 0.44851562500000003 0.36564583281249996 0.43021875 0.3366875 0.42279687499999996 0.3260208328125 0.4125 0.3153333328125 0.34634375 0.2417291671875 0.300375 0.1630416671875 0.283609375 0.1373541671875 0.25690625 0.1133541671875 0.25396874999999997 0.11316666718749999 0.248109375 0.0975208328125 0.23732812499999997 0.092625 0.21640625 0.1088333328125 0.195484375 0.1268333328125
1 0.057296875000000004 0.4743125 0.21404687500000003 0.5956458328124999 0.28314062500000003 0.5799166671875 0.32359375 0.5304791671875 0.32696875 0.4855416671875 0.23595312499999999 0.32375 0.1045 0.18216666718750002 0.064046875 0.2338541671875 0.02021875 0.2832916671875 0.025281249999999998 0.3686875 0.057296875000000004 0.4743125
1 0.665 0.21472916718750001 0.640609375 0.2388125 0.6288750000000001 0.2628958328125 0.620734375 0.3050416671875 0.6216406250000001 0.35202083281249996 0.62796875 0.382125 0.639703125 0.4062083328125 0.6631875 0.4375208328125 0.687578125 0.46281249999999996 0.71196875 0.49050000000000005 0.721 0.48929166718749995 0.739953125 0.5049583328125 0.7598281250000001 0.5290416671875 0.787828125 0.5410833328125 0.797765625 0.5374583328125 0.7995625000000001 0.5206041671875 0.7995625000000001 0.5097708328125 0.816734375 0.5230208328125 0.8501406250000001 0.5386666671875 0.86459375 0.5314375 0.8691093750000001 0.5254166671875 0.8627968750000001 0.4953125 0.8591875 0.4760625 0.8754375 0.4953125 0.888984375 0.5049583328125 0.8989218749999999 0.4989375 0.90071875 0.48929166718749995 0.898015625 0.4652083328125 0.9088593749999999 0.45679166718750003 0.909765625 0.4459375 0.899828125 0.40379166718750004 0.8718281250000001 0.3712916671875 0.84021875 0.3231041671875 0.81040625 0.2725416671875 0.7950468749999999 0.2484583328125 0.7851250000000001 0.22556250000000003 0.7851250000000001 0.211125 0.7833125 0.20147916718749997 0.76525 0.1966666671875 0.757125 0.1930625 0.749890625 0.19185416718749998 0.7264062499999999 0.2038958328125 0.71196875 0.21233333281250003 0.687578125 0.20870833281249998 0.665 0.21472916718750001
1 1 0.2730416671875 0.9615 0.230375 0.938890625 0.16760416718749999 0.94171875 0.1387291671875 0.950203125 0.1324583328125 0.957734375 0.1261666671875 0.959609375 0.1048333328125 0.950203125 0.0897708328125 0.935125 0.0885 0.91159375 0.09227083281250001 0.88146875 0.10106250000000001 0.856046875 0.1261666671875 0.843796875 0.1362083328125 0.8146093750000001 0.1512708328125 0.7967187499999999 0.1876875 0.790140625 0.230375 0.8306250000000001 0.3082083328125 0.889 0.3948125 0.950203125 0.42368750000000005 0.959609375 0.41616666718750006 0.98596875 0.4111458328125 1 0.3935625 1 0.2730416671875
1 1 0.9034791671875 0.99046875 0.8653541671875 0.9450625 0.7823958328125 0.8996562499999999 0.7061666671875 0.89125 0.7241041671875 0.86434375 0.7241041671875 0.8408125 0.7644583328125 0.852578125 0.8429375 0.886203125 0.9102083328124999 0.97365625 0.9864375000000001 1 0.9864375000000001 1 0.9595208328125 1 0.9034791671875
1 0.164796875 0.6254583328125001 0.1429375 0.6007916671875 0.11771875000000001 0.5514583328125 0.06390625 0.4976458328125 0.033625 0.4415833328125 0.005046875 0.39675 0.0016875000000000002 0.46624999999999994 0.0016875000000000002 0.5514583328125 0.05550000000000001 0.6232083328125 0.121078125 0.6702916671875 0.15303125 0.6725416671875 0.16984375000000002 0.6501041671875 0.164796875 0.6254583328125001
1 0.810671875 0.0882083328125 0.851125 0.0724791671875 0.87303125 0.0949375 0.87303125 0.0589791671875 0.844375 0.0050625 0.5780937500000001 0.0050625 0.62696875 0.12191666718750001 0.664046875 0.144375 0.78034375 0.1263958328125 0.810671875 0.0882083328125
1 0.768578125 0.8232083328125 0.746625 0.7871666671875001 0.71621875 0.7916666671875 0.7111562499999999 0.7984166671875 0.6959531250000001 0.8502291671875 0.6925625 0.8547291671874999 0.65878125 0.9087916671875 0.65371875 0.9177916671874999 0.646953125 0.9831041671875 0.90203125 0.9876041671875001 0.8530468750000001 0.9335625000000001 0.827703125 0.8907708328125 0.78209375 0.8479791671875001 0.768578125 0.8232083328125
1 0.603890625 0.9090833328124999 0.6292187499999999 0.9194791671875 0.633109375 0.8675416671875 0.6584375 0.9065 0.6876562500000001 0.8753333328125 0.64675 0.7922083328125 0.586359375 0.64675 0.580515625 0.5688333328125 0.576625 0.5090833328125 0.57078125 0.48570833281250003 0.5396093750000001 0.5012916671875 0.487015625 0.4909166671875 0.42857812500000003 0.5090833328125 0.401296875 0.5896041671875001 0.39740625 0.6675416671875001 0.416890625 0.7246666671875001 0.45584375 0.7896041671875 0.50065625 0.8415625 0.520125 0.8337708328125 0.5376562500000001 0.8103958328124999 0.603890625 0.9090833328124999
1 0.310140625 1 0.236234375 0.9033333328125 0.19028125 0.8753541671875 0.1613125 0.8806875 0.14932812499999998 0.8913333328125 0.14234375 0.9019999999999999 0.1623125 0.9202708328125 0.15432812499999998 0.9522291671875 0.20226562499999998 1 0.310140625 1
1 0 0 0 0.0166666671875 0.007291667187500001 0.020601851562500002 0.0015625 0.0354166671875 0.0015625 0.1145833328125 0.0171875 0.13333333281249998 0.0203125 0.1416666671875 0.028125 0.1520833328125 0.0375 0.15625 0.05 0.16875 0.0671875 0.16875 0.0859375 0.1541666671875 0.1078125 0.1541666671875 0.1165064109375 0.1353632484375 0.1171875 0.14375 0.12159455156250001 0.14348290625 0.2640625 0.3708333328125 0.2640625 0.375 0.2734375 0.3916666671875 0.267109375 0.3984375 0.1765625 0.5666666671875 0.07454044062500001 0.48946078281250005 0.0546875 0.47083333281249995 0.053125 0.4791666671875 0.0609375 0.4791666671875 0.06773897031250001 0.484313725 0.0609375 0.49375 0.0015625 0.55 0.00625 0.5583333328125 0.001171875 0.5614583328125 0 0.5958333328125 0 0.6166666671875001 0.003125 0.63125 0.0015625 0.70625 0.0078125 0.7208333328125 0.015625 0.73125 0.028125 0.7395833328125 0.04375 0.74375 0.0484375 0.75 0.059375 0.75625 0.0875 0.7541666671875 0.0953125 0.7458333328125 0.103125 0.725 0.1171875 0.7229166671875 0.125 0.7145833328125 0.128515625 0.7166666671875 0.1234375 0.8416666671874999 0.1078125 0.8416666671874999 0.0953125 0.8541666671874999 0.0890625 0.875 0.0765625 0.8916666671875 0.075 0.91875 0.0796875 0.93125 0.0921875 0.94375 0.109375 0.94375 0.121875 0.9333333328125001 0.1421875 0.9333333328125001 0.1421875 0.9979166671874999 0.14296875 0.984375 0.146875 0.9885416671874999 0.15625 0.9697916671875 0.163671875 0.96875 0.165625 0.9645833328125001 0.1705078125 0.9635416671874999 0.1734375 0.9729166671874999 0.16796875 0.9791666671874999 0.1765625 1 0.1953125 1 0.1953125 0.99375 0.175 0.9729166671874999 0.17421875 0.9520833328125 0.25625 0.93125 0.3109375 1 0.610857371875 1 0.618336396875 0.9895220578125 0.61875 1 0.6390625 0.9958333328125001 0.6421875 1 0.74375 1 0.74375 0.9854166671875 0.63984375 0.9822916671874999 0.6484375 0.9697916671875 0.640625 0.96875 0.6373774515624999 0.9592524499999999 0.644475446875 0.95967261875 0.6484375 0.95625 0.6483258921874999 0.9505952375 0.7407366078125001 0.7327380953125 0.746875 0.7416666671875001 0.75 0.75 0.75 0.7729166671875001 0.7609375 0.79375 0.76875 0.825 0.78125 0.8479166671874999 0.828125 0.8916666671875 0.853125 0.9354166671874999 0.890625 0.9770833328125 0.9109375 0.9791666671874999 0.921875 0.9708333328125001 0.928125 0.9583333328125001 0.928125 0.9479166671874999 0.8890625 0.9145833328125 0.8796875 0.8979166671875 0.8703125 0.8875 0.859375 0.8854166671874999 0.8453125 0.8583333328125 0.84375 0.84375 0.846875 0.80625 0.8421875 0.7625 0.84375 0.7604166671875 0.9526988640624999 0.8077651515625 0.955528846875 0.8035256421874999 0.9605769234375 0.8121794875000001 0.959090909375 0.8155934328125 0.967945075 0.8142045453125 0.9654829546875 0.8234217171875 0.971875 0.83125 0.9807291671874999 0.8298611109375 0.9831912875000001 0.8206439390625 0.9895833328125001 0.8284722234374999 0.99081439375 0.8238636359375 0.9984375 0.8270833328125 0.95048076875 0.7948717953125 0.9 0.7083333328125 0.9984375 0.5354166671875 0.99375 0.5291666671875 0.9875 0.50625 0.9875 0.48125 0.9890625 0.46875 0.978125 0.43541666718750005 0.9703125 0.4270833328125 0.9578125 0.42083333281249996 0.940625 0.42083333281249996 0.934375 0.425 0.925 0.43958333281249995 0.921875 0.46666666718750005 0.9109375 0.47083333281249995 0.9015625 0.48333333281249996 0.8984375 0.5 0.8875 0.50625 0.884375 0.5520833328125 0.88125 0.56875 0.8578125 0.56875 0.853125 0.5729166671875 0.840625 0.5729166671875 0.8234375 0.5895833328125 0.8109375 0.59375 0.8015625 0.6083333328125 0.796875 0.6270833328125 0.7859375 0.6416666671875 0.78125 0.6729166671875 0.7640625 0.6833333328125 0.7578125 0.6916666671875 0.746875 0.7208333328125 0.61789215625 0.90226715625 0.6146139703125 0.8946997546875 0.6142003671875 0.8841567109374999 0.611397059375 0.8832720578125001 0.6137867640625 0.8736136640625001 0.608149509375 0.8737745109375 0.6049019609374999 0.8642769609375 0.6133731625000001 0.8630706187499999 0.6046875 0.6416666671875 0.578125 0.53125 0.5734375 0.5270833328125 0.575390625 0.5208333328125 0.571875 0.5166666671875 0.57265625 0.5104166671875 0.565625 0.48125 0.484375 0.48125 0.4828125 0.45208333281249996 0.4625 0.45625 0.4620098046875 0.4463848046875 0.3223651953125 0.0379901953125 0.3171875 0.0333333328125 0.319117646875 0.0284926484375 0.31640625 0.0229166671875 0.315625 0.0125 0.3126225484375 0.00949755 0.309375 0 0 0