1 0.579609375 0.4464623953125 0.588796875 0.4237604453125 0.58809375 0.409916434375 0.5774843749999999 0.41495821718750003 0.566875 0.43008356562500005 0.56121875 0.452785515625 0.567578125 0.4931197765625 0.573234375 0.5044846796875 0.57253125 0.4805013921875 0.579609375 0.4464623953125
1 0.690578125 0.49927576562500003 0.695359375 0.49779944218749994 0.6955312499999999 0.49456824531250004 0.695703125 0.4904456828125 0.69603125 0.4845682453125 0.6975156250000001 0.4804456828125 0.702125 0.47807799375000004 0.70146875 0.47309192187500004 0.699328125 0.467214484375 0.69684375 0.46426183906249996 0.69371875 0.46013927499999996 0.69025 0.45515320312499996 0.6869531249999999 0.4525069640625 0.68596875 0.4539832875 0.68596875 0.45632312031250005 0.6869531249999999 0.46192200625 0.6879375 0.46573816093750003 0.6879375 0.47278551562500004 0.688265625 0.47632312031249996 0.688109375 0.479860725 0.687453125 0.4816155984375 0.686125 0.48721448437500003 0.686625 0.49192200625 0.687609375 0.49779944218749994 0.6869531249999999 0.496908078125 0.687609375 0.49927576562500003 0.690578125 0.49927576562500003
1 0.42798437500000003 0.4506685234375 0.428421875 0.4446239546875 0.42623437500000005 0.4426740953125 0.42623437500000005 0.4348746515625 0.4223125 0.43 0.4175 0.432144846875 0.4175 0.4368245125 0.4170625 0.4362395546875 0.419796875 0.44189415 0.423296875 0.4467688015625 0.42415624999999996 0.45027855156249996 0.42798437500000003 0.4506685234375
1 0.705671875 0.4726740953125 0.711453125 0.46785515312500003 0.7127343749999999 0.4623676875 0.715703125 0.4586908078125 0.721484375 0.4545682453125 0.721484375 0.4486072421875 0.717625 0.44746518125 0.710046875 0.4472423390625 0.703609375 0.448161559375 0.700140625 0.4550417828125 0.699109375 0.46395543124999994 0.701171875 0.47175487499999996 0.705671875 0.4726740953125
1 0.6037343749999999 0.43178272968750003 0.603140625 0.447047353125 0.599609375 0.47337047343750005 0.5993125 0.49339832812499995 0.600484375 0.4991643453125 0.607875 0.5007520890625 0.61259375 0.4907520890625 0.61525 0.47810585000000005 0.61584375 0.465487465625 0.61525 0.44916434531249994 0.61259375 0.438635096875 0.609046875 0.42231197812500004 0.606984375 0.42019498593750004 0.603140625 0.422841225 0.6037343749999999 0.43178272968750003
1 0.58125 0.4356824515625 0.578109375 0.447520890625 0.576375 0.46927576562500006 0.5760156249999999 0.48481894218750005 0.576375 0.49415041718749997 0.58125 0.4960167125 0.5840468750000001 0.4866852375 0.58753125 0.4736211703125 0.59171875 0.45807799375 0.5962500000000001 0.424512534375 0.58928125 0.424512534375 0.586140625 0.4251253484375 0.58125 0.4356824515625
1 0.7250625 0.466267409375 0.72846875 0.48103064062499995 0.734296875 0.47582172656250005 0.73965625 0.48016713125 0.74840625 0.48016713125 0.745484375 0.46019498593749997 0.7479218750000001 0.4420055703125 0.7381875 0.42206128125 0.7323593749999999 0.41944289687499997 0.72603125 0.408189415625 0.7206875 0.409916434375 0.717765625 0.4133704734375 0.718734375 0.417715878125 0.71921875 0.43072423437499996 0.7095 0.45415041718750004 0.71484375 0.45325905312500003 0.718734375 0.4593314765625 0.7250625 0.466267409375
1 0.516890625 0.455793871875 0.515734375 0.463426184375 0.51728125 0.47523676875 0.522546875 0.47871866250000006 0.52528125 0.4748746515625 0.528 0.46376044531250005 0.5311250000000001 0.452311978125 0.5330625 0.44534818906250007 0.5363749999999999 0.4345961 0.5406718749999999 0.42036211718749994 0.53034375 0.4286908078125 0.523515625 0.44398328749999993 0.516890625 0.455793871875
1 0.481796875 0.4625626734375 0.49329687499999997 0.46077994375 0.498546875 0.46701949843749996 0.5065625 0.464345403125 0.5125625 0.46300835625000003 0.5170625 0.45676880156250005 0.5165625 0.452311978125 0.5140625 0.44518105781250006 0.5083125 0.43894150468750004 0.5013124999999999 0.43805013906249995 0.48854687500000005 0.43983286875000005 0.47629687499999995 0.44874651875 0.47604687500000004 0.452311978125 0.475296875 0.463899721875 0.481796875 0.4625626734375
1 0.466265625 0.427548746875 0.462359375 0.42504178281250005 0.45871874999999995 0.42456824531250004 0.455234375 0.4265459609375 0.4536875 0.43027855156249994 0.455640625 0.43651810625 0.461234375 0.4432311984375 0.46067187499999995 0.445487465625 0.45690625 0.4519498609375 0.45453124999999994 0.458189415625 0.454953125 0.4641504171875 0.459421875 0.4654039 0.46765625 0.46167130937499995 0.47353125 0.45442896875 0.475484375 0.44922005625 0.47562499999999996 0.4389972140625 0.47604687500000004 0.43676880156250003 0.47087500000000004 0.43178272968750003 0.466265625 0.427548746875
1 0.42571875 0.4365459609375 0.4346875 0.43883008281249997 0.439171875 0.4354039 0.44365625 0.42172701874999996 0.44109375 0.4114484671875 0.436609375 0.4057381609375 0.4346875 0.4091643453125 0.435328125 0.413732590625 0.432125 0.4183008359375 0.42699999999999994 0.41944289687499997 0.42059375 0.4205849578125 0.42059375 0.42456824531250004 0.42315625 0.431977715625 0.42571875 0.4365459609375
1 0.526046875 0.492841225 0.540875 0.4909192203125 0.5470312500000001 0.4902785515625 0.556453125 0.4431476328125 0.549203125 0.4154039 0.543421875 0.4173537609375 0.52278125 0.4805849578125 0.526046875 0.489610028125 0.526046875 0.4915598890625 0.526046875 0.492841225
1 0.793171875 0.421364903125 0.7988125 0.42980501406249993 0.8104687500000001 0.456100278125 0.8139375 0.46649025 0.8199375 0.46746518125 0.8212187500000001 0.4583565453125 0.817578125 0.44699164375 0.8059218749999999 0.4229805015625 0.798640625 0.413565459375 0.7909843750000001 0.4116155984375 0.78825 0.4112813375 0.78825 0.4158217265625 0.793171875 0.421364903125
1 0.375 0.49303621093750005 0.3796875 0.5013927578125 0.4046875 0.5013927578125 0.409375 0.49582172656249995 0.4203125 0.509749303125 0.4359375 0.509749303125 0.4453125 0.5013927578125 0.4546875 0.5125348187500001 0.4703125 0.5125348187500001 0.4796875 0.5041782734375 0.49375 0.5013927578125 0.503125 0.48189415 0.50625 0.4707520890625 0.515625 0.46239554375 0.5171875 0.47632312031249996 0.521875 0.479108634375 0.5203125 0.49582172656249995 0.5234375 0.490250696875 0.5375 0.49582172656249995 0.54375 0.5013927578125 0.546875 0.49303621093750005 0.5515625 0.5013927578125 0.559375 0.5013927578125 0.565625 0.49303621093750005 0.5669642859375 0.48587345624999995 0.5741071421874999 0.49224035156249996 0.5734375 0.49860724218749997 0.5828125 0.509749303125 0.5984375 0.509749303125 0.6 0.49860724218749997 0.603125 0.5041782734375 0.6 0.484679665625 0.6015625 0.4549675015625 0.625 0.46239554375 0.6234375 0.49303621093750005 0.63125 0.515320334375 0.6375 0.520891365625 0.6609375 0.51810585 0.665625 0.5236768796875 0.68125 0.5236768796875 0.690625 0.509749303125 0.703125 0.520891365625 0.7421875 0.520891365625 0.753125 0.5041782734375 0.7578125 0.479108634375 0.765625 0.479108634375 0.771875 0.49303621093750005 0.778125 0.49860724218749997 0.79375 0.49860724218749997 0.8046875 0.48189415 0.8109375 0.48189415 0.8140625 0.47632312031249996 0.8140625 0.4679665734375 0.821875 0.47353760468750006 0.828125 0.48746518125 0.834375 0.49303621093750005 0.85 0.49303621093750005 0.85625 0.484679665625 0.86875 0.484679665625 0.871875 0.479108634375 0.871875 0.45403899687499993 0.853125 0.4178272984375 0.834375 0.4150417828125 0.828125 0.4206128140625 0.821875 0.43454039062499994 0.7903749999999999 0.4389972140625 0.79375 0.42339832812499995 0.790625 0.4206128140625 0.79375 0.4122562671875 0.784375 0.41086350937500005 0.778125 0.40111420625000005 0.7625 0.40111420625000005 0.75625 0.40668523749999996 0.7484375 0.428969359375 0.739559659375 0.43086857343749996 0.739903846875 0.43604028437500003 0.743125 0.44568245156249997 0.73525 0.4467966578125 0.7322115390625 0.4390400703125 0.73181818125 0.4335274765625 0.7240767046875 0.43618637656250003 0.7245192312500001 0.4420398546875 0.7195 0.44902507031249994 0.7168269234375 0.445039640625 0.7163352265625 0.43884527812499996 0.711625 0.450139275 0.70375 0.45125348125000003 0.703125 0.4428969359375 0.695875 0.45236768749999995 0.6931107953125 0.44682198125 0.688 0.45348189375 0.680125 0.4545961 0.68125 0.44568245156249997 0.6734375 0.44568245156249997 0.67225 0.45571030625000003 0.6643749999999999 0.4568245125 0.665625 0.44568245156249997 0.659375 0.45125348125000003 0.6565000000000001 0.45793871875000003 0.648625 0.45905292500000006 0.653125 0.4428969359375 0.6375 0.4428969359375 0.63125 0.4484679671875 0.6109375 0.43175487500000004 0.6078125 0.42339832812499995 0.6140625 0.4122562671875 0.609375 0.3927576609375 0.5984375 0.37604456875 0.571875 0.37604456875 0.5625 0.3871866296875 0.55625 0.4178272984375 0.5515625 0.4178272984375 0.553409090625 0.4373259046875 0.5375 0.43175487500000004 0.505625 0.432311978125 0.4984375 0.4401114203125 0.49765625 0.432451253125 0.490625 0.42618384374999996 0.48968749999999994 0.4325905296875 0.4828125 0.42618384374999996 0.48171875000000003 0.4327298046875 0.475 0.42618384374999996 0.47375 0.43286908124999995 0.471875 0.43454039062499994 0.471875 0.428969359375 0.46578125000000004 0.43300835624999995 0.459375 0.4428969359375 0.4578125 0.4331476328125 0.4515625 0.4206128140625 0.44984375 0.4332869078125 0.44375 0.4206128140625 0.441875 0.433426184375 0.4390625 0.4373259046875 0.43390625 0.433565459375 0.4296875 0.4401114203125 0.4259375 0.43370473593750003 0.421875 0.43175487500000004 0.41796875 0.4338440109375 0.41875 0.4178272984375 0.4015625 0.4150417828125 0.39375 0.42339832812499995 0.3940625 0.4342618390625 0.38609375 0.4344011140625 0.3828125 0.42618384374999996 0.378125 0.43454039062499994 0.375 0.45125348125000003 0.382366071875 0.4683645046875 0.375 0.47353760468750006 0.375 0.49303621093750005