3 0.59478125 0.37603878125 0.597125 0.4000554015625 0.60646875 0.4124653734375 0.611140625 0.41745152343749997 0.627484375 0.40916897499999993 0.6340312499999999 0.38927977812500003 0.6335625 0.37603878125 0.628890625 0.3520221609375 0.6195468749999999 0.34373961249999996 0.6139375 0.34373961249999996 0.5999218749999999 0.355318559375 0.598515625 0.360304709375 0.59525 0.3694182828125 0.59478125 0.37603878125
3 0.433625 0.5351523546875 0.43871874999999994 0.55645429375 0.45 0.5674238234375 0.4605625 0.5674238234375 0.47184375 0.5570914124999999 0.47221875 0.526121884375 0.46820312499999994 0.49645429375 0.458015625 0.486121884375 0.44528125 0.49000000000000005 0.438 0.49645429375 0.433625 0.5061218843749999 0.433625 0.5351523546875
3 0.43721875 0.5629362875 0.43034375 0.5774238234375 0.42517187500000003 0.588864265625 0.423890625 0.6033241 0.423890625 0.620858725 0.42560937499999996 0.63686980625 0.430765625 0.6521052625 0.43764062499999995 0.6612465375000001 0.44539062500000004 0.6620221609375 0.453984375 0.65897506875 0.4595625 0.6452631578125 0.46129687500000005 0.620858725 0.459140625 0.5858171750000001 0.4526875 0.5705540171875 0.45096875000000003 0.567506925 0.44409375000000006 0.5614127421874999 0.43721875 0.5629362875
3 0.299140625 0.5350969531249999 0.30465624999999996 0.5233795015625 0.3090625 0.5106648203125 0.311828125 0.4930470921875 0.30796875 0.4754293625 0.295828125 0.47249307500000004 0.287546875 0.47249307500000004 0.284234375 0.4695844875 0.280375 0.45099722968749995 0.27540624999999996 0.43534626093749995 0.260515625 0.432409971875 0.25003125000000004 0.4490304703125 0.250578125 0.4490304703125 0.24285937500000002 0.45977839375 0.243953125 0.477396121875 0.25003125000000004 0.49598337968750006 0.25775000000000003 0.5057617734375001 0.26878125 0.50479224375 0.27375 0.5086980609375 0.276515625 0.5341274234375 0.273203125 0.5439058171875 0.27265625 0.563462603125 0.2743125 0.5879224375 0.278171875 0.5967313015625 0.28203125 0.5967313015625 0.28865625 0.5957617734375 0.295265625 0.5918282546875 0.30078125 0.5791135734374999 0.301890625 0.5742382265625 0.301890625 0.5585872578125 0.299140625 0.5350969531249999
3 0.63546875 0.4828808859375 0.6266406250000001 0.48091412812499995 0.61671875 0.48875346249999996 0.609546875 0.49168975000000004 0.608984375 0.5200554015625001 0.613953125 0.5347368421875001 0.6211249999999999 0.54351800625 0.623890625 0.5454847640625 0.6349218750000001 0.538642659375 0.644859375 0.5278670359375 0.6426406250000001 0.49656509687500006 0.63546875 0.4828808859375
3 0.632109375 0.466565096875 0.637203125 0.46529085937500003 0.636828125 0.47301939062500004 0.6295468750000001 0.479473684375 0.636109375 0.48271468124999994 0.640109375 0.489168975 0.643390625 0.48786703593749997 0.647390625 0.48529085937499994 0.651390625 0.4820498609375 0.6539375 0.4762603875 0.6550312500000001 0.4678670359375 0.6550312500000001 0.46011080312499997 0.6521250000000001 0.45171745156250004 0.648484375 0.445927978125 0.6419374999999999 0.44268698124999994 0.63575 0.4433241 0.6306406250000001 0.44850415468750005 0.6291875 0.4543213296875 0.6310156250000001 0.4555955671875 0.632109375 0.466565096875
3 0.8801718749999999 0.49675900312500004 0.8843593750000001 0.4879778390625 0.88565625 0.4773407203125 0.8848750000000001 0.46623268749999996 0.8807031249999999 0.45235457031250004 0.8718281250000001 0.43986149531249996 0.864265625 0.4375346265625 0.866609375 0.4417174515625 0.868703125 0.4458725765625 0.8663437500000001 0.45421052656249994 0.865828125 0.45698060937499996 0.86190625 0.45975069218750003 0.85878125 0.4616066484375 0.855640625 0.46252077500000005 0.8532968750000001 0.46252077500000005 0.854859375 0.4667036015625 0.8585156250000001 0.478254846875 0.866609375 0.4898337953125 0.87078125 0.49307479218749994 0.8801718749999999 0.49675900312500004
3 0.81553125 0.42146814375 0.815796875 0.41146814374999996 0.810296875 0.40980609375 0.8098906250000001 0.4045706375 0.8125781249999999 0.4002770078125 0.812296875 0.3979224375 0.8086874999999999 0.3950692515625 0.8034531250000001 0.3950692515625 0.801296875 0.3986149578125 0.800359375 0.40789473750000005 0.80546875 0.4069529078125 0.80546875 0.41265927968750005 0.798078125 0.419085871875 0.7972812499999999 0.43168975 0.80371875 0.43454293593750004 0.810421875 0.4336011078125 0.81553125 0.42146814375
3 0.503140625 0.31875346250000003 0.50540625 0.3197506921875 0.507671875 0.3212742375 0.510515625 0.32731301875 0.510515625 0.33434903125000004 0.51590625 0.3524376734375 0.519578125 0.348421053125 0.522421875 0.3383656515625 0.521578125 0.3288088640625 0.5204375 0.3152354578125 0.51675 0.3021606640625 0.51334375 0.29060941875 0.5110781249999999 0.287590028125 0.50909375 0.286565096875 0.500296875 0.29060941875 0.4951875 0.29110803281250003 0.49235937500000004 0.2976454296875 0.49037499999999995 0.307202215625 0.489234375 0.316759003125 0.49121875 0.3262880890625 0.49264062500000005 0.32578947343750003 0.49945312499999994 0.31875346250000003 0.503140625 0.31875346250000003
3 0.563703125 0.3150415515625 0.558609375 0.310498615625 0.5451406249999999 0.324709140625 0.5422343749999999 0.35373961249999997 0.5513281250000001 0.37504155156249996 0.555703125 0.3653739609375 0.572078125 0.3627700828125 0.574984375 0.34728531875 0.5706249999999999 0.330526315625 0.563703125 0.3150415515625
3 0.462453125 0.353628809375 0.46534375 0.359916896875 0.451859375 0.368448753125 0.46278125000000003 0.3804155125 0.470171875 0.379279778125 0.473703125 0.375290859375 0.479171875 0.3593351796875 0.479171875 0.345096953125 0.46889062499999995 0.3240166203125 0.46117187499999995 0.3228808859375 0.455703125 0.3325761765625 0.45314062499999996 0.3411080328125 0.45764062499999997 0.3468144046875 0.462453125 0.353628809375
3 0.31906249999999997 0.5936842109375 0.328546875 0.5877839328125 0.33034375 0.5750692515625 0.32265625 0.564155125 0.32418749999999996 0.54645429375 0.323671875 0.5355678671875 0.314453125 0.52648199375 0.308828125 0.5255678671874999 0.302421875 0.53146814375 0.298578125 0.5473684203125 0.301140625 0.56689750625 0.303953125 0.58185595625 0.30934375 0.588227146875 0.313953125 0.5936842109375 0.31906249999999997 0.5936842109375
3 0.5500625 0.3175346265625 0.5513281250000001 0.28321329687499996 0.54375 0.2757617734375 0.515984375 0.270526315625 0.5134531250000001 0.2899445984375 0.523140625 0.3272299171875 0.5408125 0.33022160624999997 0.5500625 0.3175346265625
3 0.03125 0.7396121890625 0.0375 0.7479224375 0.0390625 0.7645429359375 0.04375 0.7728531859375 0.0625 0.7783933515625 0.06875 0.79501385 0.0765625 0.79501385 0.076953125 0.7998614953125001 0.0953125 0.8282548468750001 0.09375 0.8504155125 0.1 0.8614958453125 0.1046875 0.9141274234375001 0.1046875 0.919667590625 0.096875 0.930747921875 0.096875 0.9473684203125 0.1015625 0.9556786703125001 0.109375 0.9556786703125001 0.1171875 0.9639889203124999 0.121875 0.9639889203124999 0.140625 0.9833795015625 0.1671875 0.9889196671875 0.171875 0.9778393359375 0.171875 0.9667590031250001 0.1671875 0.9556786703125001 0.1671875 0.9473684203125 0.1796875 0.9473684203125 0.196875 0.9279778390625 0.203125 0.9279778390625 0.203125 0.9362880890625 0.1984375 0.9445983375000001 0.1984375 0.9612188359375 0.203125 0.9695290859375 0.215625 0.9695290859375 0.2265625 0.9501385046875 0.2296875 0.939058171875 0.2265625 0.9141274234375001 0.2328125 0.8587257625 0.2328125 0.8393351796875 0.21875 0.808864265625 0.203125 0.7922437671875 0.19375 0.7867036015625 0.165625 0.7867036015625 0.159375 0.7922437671875 0.1546875 0.8254847640625 0.15 0.8282548468750001 0.1375 0.8254847640625 0.13125 0.8171745156249999 0.103125 0.8227146812499999 0.10390625 0.8127423828125 0.108984375 0.8022160671874999 0.1078125 0.7977839328125 0.1140625 0.7977839328125 0.11875 0.7867036015625 0.128125 0.7783933515625 0.134375 0.761772853125 0.134375 0.7451523546875001 0.140625 0.742382271875 0.1484375 0.7313019390625 0.1484375 0.706371190625 0.1546875 0.7074792249999999 0.190234375 0.6337950140624999 0.1859375 0.6238982625 0.1921875 0.6177285312499999 0.1953125 0.6232686984375 0.2046875 0.6232686984375 0.2078125 0.6177285312499999 0.2234375 0.6204986156250001 0.228125 0.6094182828125 0.228125 0.592797784375 0.2189453125 0.5817174515625 0.228125 0.5761772859375001 0.24203125 0.570083103125 0.3328125 0.5457063718749999 0.3390625 0.5540166203125 0.340625 0.5872576171875 0.3484375 0.6011080328125 0.3828125 0.6038781156249999 0.3986607140625 0.601899484375 0.3965029765625 0.6154860828125 0.3890625 0.6237303796875 0.396875 0.63434903125 0.3875 0.6454293625 0.384375 0.667590028125 0.375 0.6731301937499999 0.3734375 0.7036011078125 0.3828125 0.72022160625 0.4015625 0.7229916890625 0.4046875 0.7285318562499999 0.428125 0.7285318562499999 0.4328125 0.7174515234375 0.4328125 0.706371190625 0.4265625 0.695290859375 0.4265625 0.6897506921875001 0.43125 0.6759002765625 0.4328125 0.6565096953125 0.4734375 0.6481994453125 0.4734375 0.6648199453125 0.478125 0.6731301937499999 0.4828125 0.700831025 0.4875 0.709141275 0.4921875 0.709141275 0.5 0.7174515234375 0.5125 0.7396121890625 0.5265625 0.7396121890625 0.5359375 0.7313019390625 0.540625 0.72022160625 0.5390625 0.695290859375 0.546875 0.6703601109374999 0.56875 0.6509695296875 0.575 0.6509695296875 0.5875 0.6371191140625 0.59375 0.6371191140625 0.5953125 0.6592797781249999 0.6 0.667590028125 0.6234375 0.6648199453125 0.6296875 0.6786703593750001 0.640625 0.6786703593750001 0.6453125 0.667590028125 0.6453125 0.6565096953125 0.6421875 0.6481994453125 0.64375 0.6288088640625 0.7078125 0.6204986156250001 0.7203125 0.639889196875 0.725 0.639889196875 0.7359375 0.6537396125 0.75625 0.6537396125 0.7609375 0.6426592796875 0.77578125 0.6620498609375 0.775 0.6759002765625 0.7875 0.692520775 0.7921875 0.692520775 0.7984375 0.7036011078125 0.8296875 0.709141275 0.8328125 0.7036011078125 0.85 0.695290859375 0.853125 0.6842105265625 0.8515625 0.667590028125 0.8453125 0.6592797781249999 0.828125 0.6731301937499999 0.815625 0.6731301937499999 0.8140625 0.667590028125 0.821875 0.6509695296875 0.821875 0.6371191140625 0.8140625 0.6232686984375 0.803125 0.6288088640625 0.7984375 0.6426592796875 0.7828125 0.6426592796875 0.7765625 0.6481994453125 0.7582386359375 0.6194913125 0.759375 0.6038781156249999 0.7521306812499999 0.6099219328125 0.7460227265625 0.6003525562500001 0.75234375 0.588642659375 0.7375 0.5595567859374999 0.7328125 0.556786703125 0.7276988640625001 0.5716444203125 0.7154829546875 0.5525056640625 0.725 0.5401662046875 0.715625 0.537396121875 0.709375 0.5429362875 0.5829861109375 0.29670667812499996 0.58125 0.290858725 0.5765625 0.290858725 0.5777199078125 0.2864471109375 0.58671875 0.27562326875 0.5921875 0.2603878109375 0.596875 0.2603878109375 0.60625 0.24099722968749998 0.60625 0.21883656562499998 0.6 0.210526315625 0.590625 0.21606648125 0.575 0.238227146875 0.5671875 0.265927978125 0.45410714218750003 0.391056590625 0.45 0.35734072031249997 0.4546875 0.3462603875 0.4546875 0.3351800546875 0.45 0.31855955625 0.44375 0.31024930781250004 0.44375 0.293628809375 0.4390625 0.28254847656250004 0.4203125 0.28254847656250004 0.4109375 0.293628809375 0.4 0.299168975 0.3984375 0.321329640625 0.403125 0.32963988906249997 0.421875 0.332409971875 0.4328125 0.3490304703125 0.4270833328125 0.3587257625 0.4302083328125 0.36426592812499997 0.42291666718750004 0.3711911359375 0.41875 0.383656509375 0.3671875 0.470914128125 0.36875 0.4792243765625 0.367633928125 0.486743175 0.3614583328125 0.48060941875 0.3609821421875 0.49410368125000004 0.3557291671875 0.490304709375 0.3543303578125 0.5014641859375 0.35 0.5 0.347678571875 0.5088246921875 0.34427083281250004 0.5096952906250001 0.3453125 0.518005540625 0.3410267859375 0.5161852 0.334375 0.52354570625 0.24972656249999997 0.5662049859375 0.225 0.556786703125 0.215625 0.5346260390625 0.203125 0.52354570625 0.203125 0.518005540625 0.2109375 0.5013850421875 0.2109375 0.490304709375 0.20625 0.4792243765625 0.2015625 0.47645429375 0.203125 0.45152354531250005 0.1984375 0.44044321406250003 0.1921875 0.43767312968749994 0.1796875 0.44875346250000003 0.15625 0.454293628125 0.1484375 0.45152354531250005 0.140625 0.46260387812500003 0.140625 0.4792243765625 0.146875 0.490304709375 0.1515625 0.490304709375 0.15 0.5263157890625 0.1546875 0.5346260390625 0.175 0.5457063718749999 0.171875 0.556786703125 0.171875 0.5761772859375001 0.18046875 0.5872576171875 0.18046875 0.6011080328125 0.0650390625 0.6592797781249999 0.0625 0.667590028125 0.057343750000000006 0.6631578953124999 0.05625 0.667590028125 0.0515625 0.6731301937499999 0.049648437499999996 0.6670360109375 0.041953125 0.670914128125 0.0421875 0.6731301937499999 0.0342578125 0.67479224375 0.0328125 0.6731301937499999 0.0265625 0.6786703593750001 0.021875 0.695290859375 0.021875 0.7146814406249999 0.0296875 0.7285318562499999 0.03125 0.7396121890625