2 0.523953125 0.312188184375 0.52078125 0.2780743984375 0.52925 0.257330415625 0.558890625 0.2306345734375 0.5758281249999999 0.21877461718750002 0.5821875000000001 0.209890590625 0.59065625 0.16540481406250002 0.5874843750000001 0.1594748359375 0.56525 0.13724288906249998 0.5451406249999999 0.1431728671875 0.53665625 0.150590809375 0.498546875 0.2780743984375 0.491140625 0.3196061265625 0.495375 0.34332603906250003 0.513375 0.3611159734375 0.52925 0.36258205625 0.553609375 0.3507221 0.535609375 0.335908096875 0.523953125 0.312188184375
2 0.754171875 0.24494529531250003 0.7638125 0.23369803125000002 0.786265625 0.1752735234375 0.81034375 0.152800875 0.8215781249999999 0.143829321875 0.816765625 0.0876367609375 0.8023125 0.07415755 0.781453125 0.0808971546875 0.7734375 0.0943763671875 0.776640625 0.0853829328125 0.73171875 0.1393216625 0.759 0.20448577656250003 0.759 0.235951859375 0.754171875 0.24494529531250003
2 0.9413281250000001 0.18536105 0.9449062500000001 0.192910284375 0.9391718750000001 0.21853391718749998 0.9240937499999999 0.2250765859375 0.8612500000000001 0.20345732968750002 0.8246249999999999 0.20949671718750001 0.829296875 0.23312910312500001 0.8278593750000001 0.247199125 0.8246249999999999 0.2617943109375 0.8346875 0.2854266953125 0.8375625 0.2849234140625 0.853 0.2788840265625 0.905421875 0.267811815625 0.9413281250000001 0.254748359375 0.9614218749999999 0.24870897187500002 0.967171875 0.2416630203125 0.9923125 0.22658643281250002 0.999484375 0.22759299843749997 0.999125 0.180831509375 0.9413281250000001 0.18536105
2 0.69159375 0.20673960624999999 0.675546875 0.1955142234375 0.656296875 0.1887746171875 0.6354375 0.1910065640625 0.606546875 0.1955142234375 0.5969218749999999 0.330328228125 0.683578125 0.3191028453125 0.688390625 0.26516411406249996 0.69159375 0.20673960624999999
2 0.8648906249999999 0.0808971546875 0.840828125 0.089890590625 0.81515625 0.123588621875 0.81034375 0.16630196875 0.831203125 0.1910065640625 0.9130312500000001 0.22472647656250003 0.9387187499999999 0.22021881875 0.945125 0.1955142234375 0.937109375 0.17978118125 0.8648906249999999 0.0808971546875
2 0.5665625000000001 0.1371334796875 0.59375 0.16037199062500002 0.595140625 0.1687527359375 0.614484375 0.14487965 0.642140625 0.1390809625 0.64996875 0.134551421875 0.6518125 0.12035010937499999 0.626015625 0.09002188125 0.57209375 0.0764770234375 0.545828125 0.06485776875 0.5209374999999999 0.0668052515625 0.5098906249999999 0.0693873078125 0.500671875 0.071969365625 0.49329687499999997 0.082932165625 0.49190625 0.08938730781250001 0.489140625 0.09842450781249999 0.489140625 0.10551422343750001 0.496984375 0.13649890625 0.533390625 0.1487527359375 0.550890625 0.14682713281249998 0.5665625000000001 0.1371334796875
2 0.573921875 0.349409190625 0.5940000000000001 0.32426695781250003 0.606671875 0.2044420125 0.6700468749999999 0.188161925 0.6622008921875 0.1887964984375 0.6605390625 0.181509846875 0.6510312500000001 0.17485776875 0.6434635421875 0.1785557984375 0.63756640625 0.178911378125 0.6358958328125001 0.18225382968749998 0.6293828125 0.18149890625 0.628328125 0.185951859375 0.62119921875 0.18408643281249998 0.6207604171875001 0.18964989062499998 0.6131927078125 0.193347921875 0.613015625 0.1866739609375 0.6056250000000001 0.1970459515625 0.52428125 0.257680525 0.5211171875 0.2702625828125 0.517953125 0.2828446390625 0.533796875 0.3346170671875 0.558078125 0.3553172859375 0.573921875 0.349409190625
2 0.491015625 0.1213566734375 0.434859375 0.0988840265625 0.414 0.110109409375 0.40596875 0.150568928125 0.42201562499999995 0.157308534375 0.44448437500000004 0.164048140625 0.4525 0.1842669578125 0.513484375 0.2314660828125 0.537546875 0.164048140625 0.523109375 0.1415754921875 0.491015625 0.1213566734375
2 0.996484375 0.22472647656250003 0.95796875 0.25393873125 0.8745312500000001 0.269671771875 0.83921875 0.2853829328125 0.818359375 0.3078555796875 0.9403124999999999 0.4247264765625 0.996484375 0.3955142234375 1 0.3056236328125 0.996484375 0.22472647656250003
2 0.6132500000000001 0.017789934375 0.610234375 0.00509846875 0.60040625 0.0008533921874999999 0.5883125 0.0008533921874999999 0.573953125 0.0019256015625 0.55959375 0.0135667390625 0.557328125 0.035776804687500004 0.557328125 0.0431947484375 0.570171875 0.0770459515625 0.624578125 0.0876367609375 0.6374375 0.100328228125 0.6374375 0.102450765625 0.640453125 0.0971553609375 0.6132500000000001 0.017789934375
2 0.7349218750000001 0 0.6996249999999999 0.00673960625 0.707640625 0.035951859375 0.754171875 0.0988840265625 0.784671875 0.0719037203125 0.799109375 0.07415755 0.816765625 0.09663019687499999 0.8295937500000001 0.1078555796875 0.83440625 0.0876367609375 0.8199687499999999 0.0808971546875 0.776640625 0 0.7349218750000001 0
2 1 0.0913347921875 0.997421875 0.0714660828125 0.97790625 0.047439825000000005 0.976125 0.0366739609375 0.942421875 0.06070021875 0.8927343750000001 0.129431071875 0.9459687499999999 0.18741794375 0.997421875 0.1103938734375 1 0.0913347921875
2 0.7150000000000001 0.058008753125 0.70540625 0.06376367656250001 0.69375 0.0752735234375 0.698546875 0.11654267031250001 0.7328125 0.1405470453125 0.75475 0.104070021875 0.7328125 0.065689278125 0.7150000000000001 0.058008753125
2 0.44375 0.068708971875 0.4515625 0.07439825 0.45 0.07877461718749999 0.44375 0.080087528125 0.4453125 0.1050328234375 0.42755681875 0.157748159375 0.41875 0.15754923437499999 0.415625 0.1706783375 0.4109375 0.17724288906250002 0.409375 0.19037199062500001 0.41387867656250005 0.20465954531250002 0.4078125 0.20350109375 0.40625 0.20787746093749998 0.40980113593749995 0.21046349687500002 0.40625 0.2210065640625 0.4109375 0.227571115625 0.43125 0.227571115625 0.43125 0.2582056890625 0.4234375 0.266958425 0.4234375 0.28008752812500004 0.428125 0.28665207812500004 0.4515625 0.291028446875 0.465625 0.3107221 0.4828125 0.3260393875 0.4828125 0.3457330421875 0.5015625 0.3785557984375 0.49375 0.39606126875 0.49375 0.41356673906249997 0.496875 0.422319475 0.5078125 0.43326039375000003 0.5203125 0.43326039375000003 0.5265625 0.42888402656249996 0.5328125 0.4179431078125 0.534375 0.398249453125 0.5296875 0.3807439828125 0.5421875 0.371991246875 0.5671875 0.3676148796875 0.5859375 0.35229759375 0.5984375 0.350109409375 0.6140625 0.339168490625 0.7109375 0.339168490625 0.71875 0.3326039390625 0.7296875 0.3326039390625 0.7421875 0.3413566734375 0.7515625 0.3435448578125 0.7640625 0.3566739609375 0.7796875 0.35886214375000003 0.7859375 0.350109409375 0.7828125 0.3326039390625 0.775 0.323851203125 0.7671875 0.3216630203125 0.75625 0.3107221 0.746875 0.3063457328125 0.74375 0.29978118125000003 0.7625 0.2735229765625 0.7796875 0.291028446875 0.790625 0.2975929984375 0.8015625 0.312910284375 0.8203125 0.3260393875 0.83125 0.3260393875 0.8390625 0.33698030625 0.853125 0.347921225 0.8640625 0.36980306406249996 0.884375 0.39606126875 0.890625 0.40043763749999994 0.903125 0.40043763749999994 0.9078125 0.39387308593750003 0.8203125 0.3107221 0.821875 0.30415755 0.840625 0.2844638953125 0.85 0.2822757109375 0.8591145828125001 0.2180889875 0.8578125 0.205689278125 0.93265625 0.18380743906250002 0.934375 0.17724288906250002 0.94375 0.19474835937499999 0.9421875 0.1859956234375 0.9984375 0.18161925625 0.996875 0.15536105 0.990625 0.146608315625 0.9828125 0.14223194687500001 0.9984375 0.08096280156249999 0.996875 0.072210065625 0.978125 0.04814004375 0.9765625 0.0393873078125 0.9836956515624999 0.0117971640625 0.9984375 0.0043763671875 0.996875 0.002188184375 0.9046875 0.002188184375 0.8890625 0.0065645515625 0.884375 0.002188184375 0.8734375 0 0.8546875 0.0043763671875 0.778125 0.002188184375 0.727734375 0.0060175062500000005 0.7203125 0.002188184375 0.6046875 0.002188184375 0.57109375 0.005470459375 0.5703125 0.002188184375 0.434375 0.002188184375 0.4296875 0.0043763671875 0.428125 0.0087527359375 0.428125 0.024070021875 0.4328125 0.035010940625 0.44375 0.045951859375 0.44375 0.068708971875