1 0.27094 0.76268 0.28696 0.79662 0.28884 0.8154600000000001 0.29638 0.83714 0.32938 0.87766 0.39252 0.9002800000000001 0.45 0.89652 0.5056 0.8739000000000001 0.54518 0.8409000000000001 0.57534 0.8022600000000001 0.5942000000000001 0.7513799999999999 0.5979599999999999 0.71934 0.58572 0.70238 0.5942000000000001 0.6788000000000001 0.59514 0.64112 0.59326 0.6298 0.59136 0.62038 0.58666 0.61944 0.57724 0.61944 0.57158 0.62038 0.55932 0.63264 0.53388 0.6552399999999999 0.51408 0.67976 0.48676 0.70614 0.45942 0.72498 0.41323999999999994 0.74478 0.36612 0.7495 0.32938 0.7476 0.31806 0.74666 0.30676000000000003 0.7363000000000001 0.29922 0.73252 0.2945 0.73158 0.28508 0.71934 0.27754 0.70992 0.26622 0.6976600000000001 0.26434 0.68352 0.25868 0.66844 0.25492 0.6609 0.24644 0.6609 0.23702 0.6609 0.23512 0.66184 0.24172 0.70614 0.25398 0.73158 0.25492 0.7381800000000001 0.27094 0.76268
1 0.6369 0.37332 0.63426 0.3523 0.629 0.32073999999999997 0.6263799999999999 0.31023999999999996 0.64478 0.28393999999999997 0.64742 0.23923999999999998 0.63164 0.20508 0.6093 0.17748 0.5764199999999999 0.1538 0.51466 0.13540000000000002 0.45682 0.13540000000000002 0.41475999999999996 0.14723999999999998 0.37926000000000004 0.16302 0.35428000000000004 0.18142 0.3372 0.20638 0.32667999999999997 0.23923999999999998 0.32667999999999997 0.24975999999999998 0.35954 0.24975999999999998 0.34378000000000003 0.2616 0.33326 0.27212000000000003 0.31486000000000003 0.30498 0.30828 0.3352 0.27542 0.34965999999999997 0.25176 0.36544 0.23598 0.38516 0.23071999999999998 0.39436 0.22810000000000002 0.39962 0.22942 0.41276 0.23336 0.42328 0.25044 0.42064 0.3096 0.41407999999999995 0.35428000000000004 0.39566 0.40424 0.37595999999999996 0.43842 0.36412 0.491 0.36018 0.53174 0.36018 0.57906 0.37595999999999996 0.6171800000000001 0.38645999999999997 0.6263799999999999 0.39042 0.6369 0.38516 0.6369 0.37332
3 0.3713 0.54668 0.3855 0.56044 0.413 0.5702 0.44273999999999997 0.5666599999999999 0.47068000000000004 0.54314 0.48 0.5103 0.47246 0.485 0.44984 0.45705999999999997 0.4343 0.45393999999999995 0.41390000000000005 0.45305999999999996 0.39614 0.45705999999999997 0.37218 0.47257999999999994 0.36419999999999997 0.49832 0.36286 0.52094 0.3713 0.54668
3 0.41414 0.69926 0.44067999999999996 0.70484 0.4665 0.69298 0.48746 0.67832 0.49654 0.63224 0.48256 0.60152 0.46441999999999994 0.58616 0.4323 0.57778 0.40508 0.58616 0.38272 0.6113000000000001 0.37296 0.63642 0.37714 0.67412 0.37714 0.67204 0.38272 0.67832 0.41414 0.69926
3 0.37562 0.67252 0.37138 0.64612 0.37818 0.61632 0.38839999999999997 0.60526 0.39394 0.5946 0.4165 0.5814 0.41736000000000006 0.57672 0.40288 0.56438 0.3769 0.55628 0.35264 0.55672 0.33604 0.56396 0.31602 0.58354 0.30878 0.60312 0.31262 0.6248400000000001 0.32198000000000004 0.65252 0.34156 0.66274 0.34626 0.6661400000000001 0.35306000000000004 0.66826 0.37562 0.67252
3 0.22734000000000001 0.65768 0.25178 0.66726 0.27092 0.66406 0.28474 0.6545 0.30388000000000004 0.63218 0.31026 0.60666 0.30494 0.59178 0.29218 0.56308 0.27412000000000003 0.55138 0.25286 0.54502 0.23584 0.5492600000000001 0.22202000000000002 0.55776 0.20607999999999999 0.5769 0.1972 0.60268 0.19863999999999998 0.6258 0.21246 0.646 0.22734000000000001 0.65768
3 0.32286000000000004 0.4615 0.31408 0.4615 0.29775999999999997 0.4615 0.27768000000000004 0.47153999999999996 0.26764 0.48158 0.2626 0.49538000000000004 0.2601 0.51798 0.26888 0.53932 0.28646 0.5544 0.31156 0.5682 0.33166 0.56318 0.34672000000000003 0.5544 0.35802 0.53808 0.36304 0.523 0.36304 0.49664 0.3442 0.46902 0.34546 0.47153999999999996 0.33542 0.46399999999999997 0.32286000000000004 0.4615
3 0.23837999999999998 0.42172 0.23094 0.41322000000000003 0.23094 0.39726 0.25114000000000003 0.37388 0.24369999999999997 0.37388 0.22138 0.38344 0.21181999999999998 0.3962 0.20332 0.41428000000000004 0.20438 0.44404000000000005 0.21711999999999998 0.46742 0.23946 0.47592 0.26496 0.47592 0.27772 0.47062 0.29897999999999997 0.44722 0.30854 0.41746 0.30535999999999996 0.41428000000000004 0.26816 0.42384000000000005 0.23837999999999998 0.42172
3 0.40571999999999997 0.44714 0.41197999999999996 0.42214 0.42821999999999993 0.45212 0.47695999999999994 0.46338 0.51946 0.42964 0.5182 0.37839999999999996 0.49695999999999996 0.3559 0.43072 0.36214 0.40698 0.40088 0.39822 0.37839999999999996 0.3095 0.41214000000000006 0.30823999999999996 0.41588 0.312 0.44837999999999995 0.34698 0.46837999999999996 0.38198 0.46462000000000003 0.40571999999999997 0.44714
3 0.4789 0.47856 0.47675999999999996 0.48475999999999997 0.47648 0.49474 0.47998 0.5106200000000001 0.47998 0.51494 0.48834 0.52896 0.50046 0.54 0.5196 0.54592 0.5449200000000001 0.54646 0.55894 0.53892 0.5705199999999999 0.5311 0.5778 0.52276 0.58238 0.5130600000000001 0.58426 0.50692 0.58562 0.49074 0.58318 0.47674000000000005 0.57456 0.4584 0.5654 0.44816 0.5514 0.44116 0.5454600000000001 0.4382 0.52984 0.4382 0.51878 0.43899999999999995 0.50774 0.44494 0.49184 0.45549999999999996 0.4843 0.46628 0.4789 0.47856
3 0.56576 0.44644000000000006 0.5908599999999999 0.44392 0.60844 0.43513999999999997 0.626 0.4163 0.63228 0.39998 0.6348 0.38242 0.59714 0.38366 0.56072 0.37112 0.53312 0.3573 0.52306 0.38366 0.5218200000000001 0.40752 0.54064 0.43262 0.56576 0.44644000000000006
3 0.6378199999999999 0.55652 0.67074 0.54516 0.68288 0.52674 0.68994 0.50676 0.68718 0.49188 0.68444 0.47386 0.67074 0.45348 0.6531 0.44644000000000006 0.63234 0.44682000000000005 0.61354 0.44682000000000005 0.59904 0.45858 0.58924 0.47856 0.5853200000000001 0.50912 0.5912 0.52518 0.5919800000000001 0.52636 0.60844 0.54868 0.6378199999999999 0.55652
3 0.3702 0.69544 0.36619999999999997 0.71718 0.37151999999999996 0.73804 0.37908 0.75092 0.39016 0.75092 0.43632 0.73316 0.47447999999999996 0.7163 0.47624000000000005 0.7105400000000001 0.47624000000000005 0.6976600000000001 0.46647999999999995 0.6803600000000001 0.45317999999999997 0.6892400000000001 0.43632 0.70078 0.41900000000000004 0.70122 0.3835 0.67592 0.3773 0.6763600000000001 0.37507999999999997 0.6817 0.3702 0.69544
3 0.4807 0.59898 0.49664 0.63202 0.49322 0.64512 0.49494 0.65652 0.51944 0.64796 0.52912 0.63316 0.53538 0.6063799999999999 0.53196 0.58246 0.5222800000000001 0.56594 0.50918 0.5539799999999999 0.48468 0.55056 0.46532 0.5517000000000001 0.45108 0.55854 0.43798000000000004 0.57506 0.45564 0.58246 0.46646 0.58702 0.4807 0.59898