1 0.5755737703125 0.8521093750000001 0.5755737703125 0.874609375 0.5873067921875 0.888296875 0.616627634375 0.901015625 0.6488758781249999 0.90296875 0.697259953125 0.9078593749999999 0.72805620625 0.90884375 0.774964871875 0.910796875 0.7998829046875 0.910796875 0.8013583140625 0.898078125 0.7998829046875 0.8139687500000001 0.6914051515625 0.8217968750000001 0.6664637 0.8217968750000001 0.6488758781249999 0.8247187500000001 0.6576814984375 0.8227656250000001 0.6298126468749999 0.8257031250000001 0.59608899375 0.8315781250000001 0.5770491796874999 0.8442812500000001 0.5755737703125 0.8521093750000001
1 0.814707259375 0.706328125 0.6818032781250001 0.7240624999999999 0.5897892265625 0.7390625 0.5836533953124999 0.760890625 0.58159250625 0.816828125 0.6408899296875 0.825015625 0.8106089000000001 0.8099999999999999 0.814707259375 0.706328125
1 0.5927868859375 0.467421875 0.606276346875 0.49214062500000005 0.6668852453125 0.53034375 0.71067915625 0.541578125 0.7814051515625 0.5483125 0.8184543328125 0.5438125 0.8150819671875 0.462921875 0.798243559375 0.462921875 0.6770023421875 0.4494375 0.62648711875 0.43370312499999997 0.5927868859375 0.442703125 0.5927868859375 0.467421875
1 0.5824824359375 0.60846875 0.6111709609375 0.6385468750000001 0.7136533953125 0.653578125 0.7997189703124999 0.659046875 0.8243091328125001 0.566078125 0.7628337234375 0.549671875 0.68290398125 0.54146875 0.61323185 0.557875 0.5824824359375 0.60846875
1 0.54032786875 0.382625 0.571475409375 0.427671875 0.6286182671875 0.43460937499999996 0.7203981265625 0.44039062500000004 0.8173536296874999 0.45771875 0.8173536296874999 0.358375 0.8017564406250001 0.3560625 0.722131146875 0.35375 0.5870726 0.34565625 0.5905386421875 0.342203125 0.5507025765625 0.34334375 0.54032786875 0.382625
1 0.3065105390625 0.8898906249999999 0.33681498906249996 0.8516875 0.2088290390625 0.7955 0.0740983609375 0.791015625 0.060632318750000004 0.784265625 0.057259953125 0.8741562500000001 0.3065105390625 0.8898906249999999
1 0.28629976562500004 0.361796875 0.34355971875 0.3550625 0.35028102968749997 0.341578125 0.316604215625 0.28314062500000003 0.10440281093749999 0.24943749999999998 0.0740983609375 0.32809374999999996 0.12126463750000001 0.339328125 0.28629976562500004 0.361796875
1 0.8185948484375001 0.264078125 0.7318266984374999 0.26756250000000004 0.6450585484375 0.27565625 0.6103512875 0.28723437500000004 0.5877985953125 0.306921875 0.5773770484375 0.3161875 0.605152225 0.3428125 0.707540984375 0.350921875 0.8099063234375 0.356703125 0.8151288062500001 0.35554687500000004 0.8185948484375001 0.264078125
1 0.06421545625 0.686453125 0.131920375 0.682578125 0.1986651046875 0.6812968749999999 0.23058547968749998 0.67290625 0.2392740046875 0.66321875 0.22283372343750002 0.6225625 0.17255269374999999 0.610953125 0.1706089 0.616109375 0.11451990625 0.601265625 0.08451990625 0.5961093749999999 0.06325526875000001 0.59546875 0.06421545625 0.686453125
1 0.6769555031250001 0.181984375 0.6388290390625 0.194703125 0.590468384375 0.21621875 0.588992975 0.23871875 0.6183138171875 0.251421875 0.6681498828125 0.2621875 0.81770491875 0.26609375 0.822107728125 0.17415624999999998 0.7649180328125 0.17610937499999998 0.6769555031250001 0.181984375
1 0.7937704921875001 0.660734375 0.7371194375 0.6589375000000001 0.66967213125 0.650828125 0.6602107734375 0.651734375 0.637283371875 0.65803125 0.607611240625 0.6679375000000001 0.5684777515625 0.683234375 0.5563466046875 0.7012343750000001 0.5617330203125 0.742640625 0.6008665109375 0.738140625 0.7033957843749999 0.720140625 0.8086182671875 0.7084374999999999 0.8072599531250001 0.7084374999999999 0.8126697890625 0.66253125 0.7937704921875001 0.660734375
1 0.31997658125 0.282765625 0.3536533953125 0.341203125 0.346908665625 0.356921875 0.32334894687500004 0.361421875 0.07747072656250001 0.3479375 0.087564403125 0.599625 0.1313583140625 0.604125 0.2492505859375 0.637828125 0.2492505859375 0.6558125 0.202084309375 0.6985 0.0673536296875 0.6895156250000001 0.0673536296875 0.790640625 0.2391334890625 0.8018750000000001 0.3637704921875 0.8558125000000001 0.3570257609375 0.116484375 0.2997658078125 0.132203125 0.09093676875 0.12096875 0.0707259953125 0.311984375 0.11114754062500001 0.24456250000000002 0.31997658125 0.282765625
1 0.566908665625 0.14890625 0.5836533953124999 0.154859375 0.6170960187500001 0.16007812500000002 0.67063231875 0.16899999999999998 0.7397658078125 0.171234375 0.8222716625000001 0.171234375 0.8300702578125 0.122875 0.5803044500000001 0.11840625 0.578079625 0.12064062499999999 0.579180328125 0.1295625 0.566908665625 0.14890625