2 0.46428125 0.821875 0.470125 0.8207708328125 0.48515625 0.7973958328124999 0.49517187500000004 0.7473124999999999 0.486828125 0.740625 0.477640625 0.7461875 0.47346875 0.764 0.46595312499999997 0.7818125 0.463453125 0.8051875000000001 0.463453125 0.799625 0.45843749999999994 0.8185416671875 0.46428125 0.821875
2 0.3803125 0.7158541671875 0.383203125 0.7397291671875 0.39046875000000003 0.7726458328125 0.404984375 0.7726458328125 0.41079687500000006 0.7752291671875 0.406921875 0.7500625000000001 0.40159374999999997 0.7293958328125 0.3953125 0.7016458328125 0.390953125 0.6842291671875 0.378859375 0.684875 0.37740625 0.6861666671875 0.377890625 0.6958541671875 0.3803125 0.7158541671875
2 0.41675000000000006 0.7138333328125 0.420796875 0.6947291671875 0.42026562500000003 0.6842708328125 0.416203125 0.6741875 0.40431249999999996 0.7084374999999999 0.41404687500000004 0.7206875 0.416203125 0.716 0.41675000000000006 0.7138333328125
2 0.322 0.6173541671875 0.31821875 0.6183541671875 0.315203125 0.623375 0.31746875 0.6314166671875 0.315578125 0.6263958328125 0.325765625 0.6872291671874999 0.32803125 0.6912499999999999 0.337453125 0.6862291671875 0.322 0.6173541671875
2 0.528328125 0.7887083328125 0.5197499999999999 0.75975 0.514609375 0.7254583328125 0.49574999999999997 0.7262291671875001 0.49175 0.7376458328125 0.496890625 0.7490833328125001 0.506609375 0.783375 0.51346875 0.7971041671875 0.524328125 0.7971041671875 0.528328125 0.7887083328125
2 0.44901562500000003 0.7255416671875 0.44828124999999996 0.7451041671875 0.44167187500000005 0.7627083328125 0.4409375 0.7910625 0.446078125 0.8018333328124999 0.45487500000000003 0.7949791671875001 0.468078125 0.7646666671875 0.468078125 0.7382500000000001 0.468078125 0.7264999999999999 0.44901562500000003 0.7255416671875
2 0.547265625 0.7838958328125 0.53078125 0.75125 0.524546875 0.7328333328125 0.52009375 0.7257083328125 0.518765625 0.753625 0.533015625 0.7880625 0.53746875 0.7922083328125 0.547703125 0.791625 0.547265625 0.7838958328125
2 0.34315625 0.7775416671875 0.343484375 0.7707291671875 0.343484375 0.7609375 0.34315625 0.7524375 0.340609375 0.7417916671875 0.343484375 0.7439166671875 0.343484375 0.7345416671875 0.3386875 0.7170833328125 0.3323125 0.7030416671874999 0.324640625 0.6847291671875 0.31346875 0.666 0.310265625 0.6664166671875 0.30260937499999996 0.6728125 0.30515625 0.6808958328125 0.31953125 0.7119791671875 0.32271875 0.7209166671875 0.329109375 0.7451875 0.34315625 0.7775416671875
2 0.310859375 0.7249166671875 0.32003125 0.7238958328125 0.319265625 0.7218541671875001 0.3185 0.7177708328125 0.274921875 0.6871875000000001 0.262703125 0.6882083328124999 0.262703125 0.6983958328125001 0.310859375 0.7249166671875
2 0.35853125 0.5963125 0.347125 0.6088958328125 0.348609375 0.6247916671875 0.352078125 0.6254375 0.356546875 0.6320625 0.370953125 0.6135208328124999 0.36896874999999996 0.6016250000000001 0.35853125 0.5963125
2 0.4104375 0.7167916671875 0.39059374999999996 0.6880208328124999 0.3960625 0.7102708328125 0.404390625 0.7259791671875 0.4219375 0.7543541671875 0.42798437500000003 0.7543541671875 0.427109375 0.7451666671875 0.4104375 0.7167916671875