1 0.5858541671874999 0.6578906250000001 0.5959166671875 0.6574375 0.6089375 0.65878125 0.6207708328125 0.6640937499999999 0.6284583328125 0.65921875 0.6391041671875 0.65478125 0.64325 0.65478125 0.6479791671874999 0.647671875 0.6568541671875 0.6427968749999999 0.6621875 0.6396875 0.6627916671875 0.62015625 0.6497708328125 0.6072968750000001 0.6373333328124999 0.5961875 0.6195833328125 0.585546875 0.5959166671875 0.576671875 0.5805208328125 0.5744374999999999 0.5633541671875 0.5744374999999999 0.5538958328125 0.5740000000000001 0.547375 0.575328125 0.5420625 0.5797656250000001 0.5426458328125 0.5824374999999999 0.5509375000000001 0.5882031249999999 0.5580416671874999 0.59575 0.5675 0.601515625 0.5840833328125 0.6090625000000001 0.5959166671875 0.61528125 0.6006458328125001 0.620609375 0.6030208328125 0.629921875 0.6012291671875001 0.63346875 0.5947291671875 0.636578125 0.587625 0.641015625 0.5870416671875 0.643234375 0.5592083328124999 0.6427968749999999 0.5527083328125 0.6427968749999999 0.5462083328125 0.6427968749999999 0.5385 0.640140625 0.5343541671875001 0.64190625 0.5355416671875 0.644578125 0.5391041671875 0.645453125 0.54975 0.653453125 0.5603958328124999 0.65434375 0.5811041671875 0.65434375 0.5858541671874999 0.6578906250000001
1 0.335625 0.7085 0.4542916671875 0.7114375 0.4569166671875 0.6996875 0.48689583281250004 0.68209375 0.5416875 0.665453125 0.5064583328125 0.6566562499999999 0.3669166671875 0.6693749999999999 0.3603958328125 0.6723125 0.3264791671875 0.691875 0.335625 0.7085
1 0.1549791671875 0.69775 0.14589583281250001 0.685171875 0.159875 0.663671875 0.21439583281250002 0.643234375 0.262625 0.628546875 0.2842916671875 0.5992031250000001 0.28777083281250004 0.59134375 0.2675208328125 0.592390625 0.21439583281250002 0.605484375 0.20741666718750001 0.61125 0.17806249999999998 0.62803125 0.1766458328125 0.628546875 0.1731666671875 0.63065625 0.136125 0.67678125 0.136125 0.698796875 0.1396041671875 0.7045625 0.1549791671875 0.69775
1 0.5788125 0.704390625 0.61425 0.6926875 0.63125 0.6629375 0.5972500000000001 0.653359375 0.5447916671875 0.666125 0.4796041671875 0.6820625 0.46118750000000003 0.695875 0.46118750000000003 0.700140625 0.46118750000000003 0.705453125 0.4682708328125 0.710765625 0.5079583328124999 0.711828125 0.5788125 0.704390625
1 0.5369375 0.6390156250000001 0.5321875 0.631296875 0.5242708328125001 0.622390625 0.5116041671875 0.61465625 0.47914583281249995 0.6105 0.45064583281250004 0.61228125 0.40552083281250006 0.6170312499999999 0.377 0.624765625 0.34929166718750004 0.6390156250000001 0.33820833281249996 0.659203125 0.3421666671875 0.670484375 0.35720833281250003 0.6698906250000001 0.4023541671875 0.665140625 0.4490625 0.660390625 0.4902291671875 0.656828125 0.5139791671875 0.655640625 0.54725 0.6663281249999999 0.5599166671875 0.6544531250000001 0.5456666671875 0.649109375 0.5369375 0.6390156250000001
1 0.6800208328124999 0.66971875 0.6932916671875 0.6738125 0.6952291671874999 0.711296875 0.7120208328125 0.7189062500000001 0.7245 0.7156875 0.7393333328125 0.703390625 0.7545625 0.689921875 0.7596458328125 0.655671875 0.753 0.6425 0.730375 0.6266875 0.7143541671875 0.626109375 0.6991458328125 0.627859375 0.6901666671875 0.63078125 0.6616666671875 0.637515625 0.641375 0.649234375 0.6460625 0.65771875 0.6800208328124999 0.66971875
1 0.7430625 0.639765625 0.7700416671875 0.6622343749999999 0.7850208328125 0.6869531249999999 0.7880208328125 0.707171875 0.7790208328125 0.72065625 0.7340833328125 0.758859375 0.8029999999999999 0.756609375 0.8419375 0.731890625 0.8689166671875 0.747625 0.9018750000000001 0.745375 0.9168541671874999 0.754375 0.9408333328125 0.747625 0.9438124999999999 0.7116718750000001 0.9378333328125 0.6869531249999999 0.9198541671875 0.6622343749999999 0.904875 0.65325 0.9378333328125 0.63078125 0.9288333328125 0.62403125 0.8778958328125 0.617296875 0.8569375000000001 0.5948125 0.8299583328125 0.588078125 0.7700416671875 0.588078125 0.7191041671875 0.592578125 0.6621666671875001 0.608296875 0.6621666671875001 0.633015625 0.6801458328125001 0.639765625 0.707125 0.62628125 0.7430625 0.639765625
1 0.31525 0.537125 0.24002083281250003 0.544640625 0.19237500000000002 0.566265625 0.1610208328125 0.595421875 0.15977083281249999 0.635859375 0.1998958328125 0.6198750000000001 0.27137500000000003 0.5944843750000001 0.2876666671875 0.592609375 0.2538125 0.6575 0.2613333328125 0.695109375 0.2801458328125 0.696984375 0.3027291671875 0.656546875 0.3328125 0.6208125 0.36666666718749996 0.605765625 0.3992708328125 0.602015625 0.3992708328125 0.5775625 0.3854791671875 0.560625 0.3628958328125 0.5465312499999999 0.31525 0.537125
1 0.4931458328125 0.60290625 0.5069166671875001 0.611953125 0.5151875 0.620484375 0.5333333328125 0.636046875 0.5409375 0.64175 0.5631458328125001 0.643171875 0.5897708328125 0.643171875 0.5989791671875 0.63509375 0.6042291671875 0.6292187499999999 0.5999375 0.618140625 0.5889166671875 0.611703125 0.5687916671875 0.60303125 0.5634166671874999 0.6034375 0.5532083328125 0.606453125 0.5596458328125 0.61028125 0.5478333328125 0.6042500000000001 0.5123958328125 0.588125 0.510375 0.5881875 0.5027916671875 0.58765625 0.4952083328125 0.591015625 0.49452083281250003 0.595421875 0.4931458328125 0.60290625
1 0.6250625000000001 0.662546875 0.613875 0.69159375 0.5871875 0.725796875 0.5828958328125 0.75934375 0.613 0.765796875 0.6293541671875 0.7541875 0.6534583328125 0.73159375 0.687 0.692234375 0.6827083328125 0.671578125 0.6741041671875 0.667703125 0.6405416671874999 0.654796875 0.6250625000000001 0.662546875
1 0.3545 0.7121562499999999 0.3223958328125 0.68928125 0.3528958328125 0.674828125 0.33845833281250004 0.6603749999999999 0.3207916671875 0.670015625 0.2742291671875 0.7049375 0.2806458328125 0.72540625 0.2999166671875 0.726609375 0.3545 0.7121562499999999
1 0.3875208328125 0.726828125 0.37552083281250004 0.731328125 0.37072916718750004 0.7340312499999999 0.36952083281250003 0.737625 0.3719375 0.740328125 0.4019375 0.75203125 0.40433333281249995 0.75203125 0.4643333328125 0.753828125 0.4823333328125 0.750234375 0.50875 0.744828125 0.50875 0.712421875 0.403125 0.724125 0.3875208328125 0.726828125
1 0.7247916671875 0.718609375 0.7262083328125 0.731953125 0.7418541671875001 0.733015625 0.76675 0.72075 0.7859583328124999 0.702078125 0.787375 0.686609375 0.7603541671875 0.655140625 0.7575000000000001 0.68928125 0.7411458328125 0.702078125 0.7247916671875 0.718609375
1 0.9979166671874999 1 0.9958333328125001 0.9453125 0.9729166671874999 0.9265625 0.95625 0.9203125 0.9354166671874999 0.9203125 0.9291666671875 0.90625 0.9125 0.89375 0.9020833328125001 0.8703125 0.8916666671875 0.8640625 0.8791666671874999 0.85 0.8708333328125001 0.8484375 0.8583333328125 0.834375 0.9541666671875 0.74375 0.9625 0.74375 0.9666666671874999 0.746875 0.98125 0.746875 0.9895833328125001 0.7421875 0.9979166671874999 0.7203125 0.9655092578125 0.703703703125 0.9979166671874999 0.671875 0.9833333328125 0.671875 0.9666666671874999 0.678125 0.95625 0.6671875 0.9520833328125 0.6578125 0.94375 0.653125 0.9291666671875 0.653125 0.9208333328125 0.6609375 0.6854166671875 0.678125 0.5979166671875 0.70703125 0.59375 0.7125 0.58819444375 0.7102430562500001 0.5784722234374999 0.7134548609375 0.575 0.7125 0.56875 0.7166666671875 0.54930555625 0.723090278125 0.55 0.71875 0.5395833328124999 0.7263020828125 0.53125 0.725 0.5375 0.71875 0.5201388890625 0.73272569375 0.5166666671875 0.73125 0.5104166671875 0.7359375 0.509375 0.74375 0.5011399375 0.739681603125 0.49186320781250004 0.7434257078125001 0.44375 0.7203125 0.3895833328125 0.7265625 0.3840277765625 0.7104166671875001 0.4479166671875 0.7125 0.35 0.6734375 0.35 0.6703125 0.3375 0.6609375 0.3479166671875 0.6421875 0.3583333328125 0.634375 0.3770833328125 0.625 0.40625 0.6171875 0.47291666718750003 0.6109375 0.4916666671875 0.6125 0.49791666718750005 0.6078125 0.49375 0.6046875 0.49791666718750005 0.5859375 0.4875 0.5796875 0.4 0.5796875 0.3958333328125 0.603125 0.36666666718749996 0.60625 0.33125 0.6234375 0.3079166671875 0.6509375000000001 0.2666666671875 0.6296875 0.2541666671875 0.63125 0.21875 0.6421875 0.1604166671875 0.6640625 0.1572916671875 0.65 0.16875 0.634375 0.1604166671875 0.6359375 0.1583333328125 0.6296875 0.1520833328125 0.6296875 0.14791666718750002 0.6328125 0.1416666671875 0.65 0.13125 0.6546875 0.1515625 0.6578125 0.1458333328125 0.665625 0.125 0.6703125 0.10833333281249999 0.684375 0.10833333281249999 0.70625 0.1208333328125 0.715625 0.0378255203125 0.902392578125 0.04375 0.9046875 0.0345052078125 0.90986328125 0.024001735937499998 0.9262044265625 0.0280267296875 0.9306308968750001 0.01875 0.934375 0.0217198578125 0.9409906921875001 0.0166666671875 0.9421875 0.0179036453125 0.947216796875 0.014583332812499999 0.946875 0.014583332812499999 0.99375 0.0166666671875 0.9984375 0.0208333328125 1 0.2770833328125 1 0.28125 0.99375 0.3 0.98125 0.3104166671875 0.9625 0.3104166671875 0.946875 0.3 0.928125 0.3020833328125 0.90625 0.2958333328125 0.8921875 0.28125 0.8796875 0.2645833328125 0.8734375 0.25 0.8734375 0.2416666671875 0.8625 0.23125 0.8546875 0.2321147796875 0.8482606125000001 0.4825864765625 0.7471698109375 0.5083333328124999 0.7515625 0.5208333328125 0.7625 0.5375 0.7625 0.5458333328125 0.76875 0.5895833328125 0.76875 0.5958333328125 0.765625 0.5958333328125 0.7625 0.5833333328125 0.7609375 0.5875 0.7265625 0.5958333328125 0.715625 0.6482638890625 0.7364583328125 0.6416666671875 0.74375 0.6458333328125 0.7640625 0.6541666671875 0.771875 0.7020833328125 0.771875 0.7104166671875001 0.7671875 0.7166666671875 0.759375 0.7354166671875 0.7578125 0.7395833328125 0.7546875 0.7416666671875001 0.74375 0.7520833328125 0.74375 0.7791666671875 0.721875 0.7666666671875 0.7175 0.775 0.7140625 0.7833333328125 0.715625 0.7833333328125 0.70625 0.9263888890624999 0.6697916671875 0.9375 0.6875 0.9451388890624999 0.7276041671875 0.9395833328125001 0.7291666671875 0.8358796296875 0.83101851875 0.8375 0.8328125 0.8229166671874999 0.84375 0.8426041671875 0.84734375 0.8229166671874999 0.865625 0.8291666671875 0.878125 0.8416666671874999 0.8875 0.84375 0.9125 0.8479166671874999 0.9171875 0.8520833328125 0.934375 0.8583333328125 0.9421875 0.8479166671874999 0.959375 0.8479166671874999 0.990625 0.8520833328125 0.9984375 0.85625 1 0.9979166671874999 1