2 0.14254687500000002 0.6154166671875 0.186890625 0.5827083328125 0.211421875 0.5600625 0.21331250000000002 0.54875 0.19539062499999998 0.5223333328125 0.1935 0.5122708328125001 0.182171875 0.5210833328125 0.135 0.5625833328125001 0.12368749999999999 0.58775 0.132171875 0.6141666671875 0.14254687500000002 0.6154166671875
2 0.21785937500000002 0.5427708328125 0.20823437500000003 0.5758958328125 0.28678125 0.5988541671875 0.297421875 0.5684583328125 0.21785937500000002 0.5427708328125
2 0.206203125 0.5627708328125001 0.129 0.6306041671875 0.15592187500000002 0.6728958328125 0.22834374999999998 0.6002916671875 0.206203125 0.5627708328125001
2 0.108234375 0.7485 0.10165625 0.7333333328125 0.13096875 0.6926458328125 0.14115625 0.7054166671875 0.159109375 0.6806666671875 0.133375 0.6415625 0.069921875 0.7405208328125 0.09028125000000001 0.7748333328125 0.108234375 0.7485
2 0.10884374999999999 0.7450416671875 0.1365 0.7727083328125001 0.15646875 0.7880625 0.168765625 0.7593958328125 0.170296875 0.73275 0.13940625 0.7082291671875 0.13189062499999998 0.694875 0.102703125 0.7337916671875 0.10884374999999999 0.7450416671875
2 0.31059375 0.6211666671875 0.287640625 0.6494166671875 0.29117187499999997 0.6635208328125 0.3070625 0.6847083328125 0.3229375 0.7105833328125 0.358234375 0.7505833328125 0.37940625 0.7341249999999999 0.37059375 0.7176458328125 0.31059375 0.6211666671875
2 0.15712500000000001 0.9145416671875 0.19978125 0.9297083328125 0.21589062499999997 0.8829375 0.202625 0.8563958328125001 0.20451562499999998 0.8273333328125 0.21589062499999997 0.8235416671875001 0.22157812500000001 0.8475416671874999 0.220640625 0.8690416671875001 0.3106875 0.8968333328125 0.3106875 0.8690416671875001 0.289828125 0.8399583328125001 0.3106875 0.8083750000000001 0.33059375 0.84375 0.40737500000000004 0.7957291671875 0.395046875 0.7653958328125 0.31921875 0.7894166671875 0.342921875 0.7578125 0.34196875000000004 0.7578125 0.33059375 0.7464375000000001 0.33532812500000003 0.7249583328125 0.2993125 0.671875 0.29362499999999997 0.6466041671875 0.291734375 0.6314375 0.295515625 0.6187916671875 0.29078125 0.6112083328125 0.27751562500000004 0.6086875 0.26803125 0.59225 0.246234375 0.5935208328125 0.213046875 0.615 0.180828125 0.6478541671875 0.19693750000000002 0.6857708328125 0.19409375 0.73 0.18460937500000002 0.7123125 0.161859375 0.7262083328125 0.173234375 0.7363333328125 0.15996875 0.7881458328125001 0.141015625 0.7818333328125 0.122046875 0.8096249999999999 0.126796875 0.8222708328125 0.10689062499999999 0.8260624999999999 0.093609375 0.8639791671875001 0.070859375 0.8526041671875 0.049062499999999995 0.8715624999999999 0.056640625 0.8930416671874999 0.052859375 0.9170624999999999 0.130578125 0.9663541671875 0.147640625 0.9398125 0.146703125 0.9246458328125 0.15712500000000001 0.9145416671875
0 0.47278125 0.3193541671875 0.482953125 0.31225 0.496984375 0.2838541671875 0.49165625 0.2670625 0.47859375000000004 0.25675 0.46020312499999994 0.2741666671875 0.452453125 0.29933333281249996 0.45729687500000005 0.3077291671875 0.4679375 0.3187083328125 0.47278125 0.3193541671875
0 0.40049999999999997 0.34581249999999997 0.41079687500000006 0.34581249999999997 0.42346874999999995 0.3395208328125 0.43671875 0.3238125 0.432015625 0.2955416671875 0.42140625 0.2829791671875 0.41021875 0.280625 0.405203125 0.2841666671875 0.39254687499999996 0.30222916718750004 0.38665625000000003 0.32264583281250003 0.38871875 0.33875 0.40049999999999997 0.34581249999999997
0 0.44731249999999995 0.4529583328125 0.44440625 0.4632916671875 0.440046875 0.4723333328125 0.44246875 0.4800625 0.457 0.4949166671875 0.466671875 0.4962083328125 0.475875 0.49427083281249995 0.48457812499999997 0.49039583281250004 0.48990625000000004 0.48200000000000004 0.4928125 0.47427083281250004 0.4928125 0.4665208328125 0.4889375 0.46264583281249994 0.48312499999999997 0.4490833328125 0.47490625 0.4439375 0.455546875 0.442 0.44731249999999995 0.4529583328125
0 0.539203125 0.28189583281249997 0.545984375 0.2670416671875 0.544046875 0.2593125 0.5285624999999999 0.241875 0.512109375 0.2431666671875 0.500484375 0.2625208328125 0.501453125 0.27608333281249997 0.505328125 0.2838333328125 0.5305 0.2909166671875 0.539203125 0.28189583281249997
0 0.46253124999999995 0.44037499999999996 0.47456250000000005 0.44356249999999997 0.48328125 0.44997916718750003 0.48807812500000003 0.4587916671875 0.491390625 0.4644166671875 0.49379687499999997 0.46720833281249996 0.50371875 0.46320833281249996 0.507625 0.4571875 0.5094218749999999 0.4491875 0.5094218749999999 0.43075 0.507328125 0.42312500000000003 0.502515625 0.4179166671875 0.49710937499999996 0.4131041671875 0.48628125000000005 0.4103125 0.47696875 0.41270833281249997 0.47065625000000005 0.41712499999999997 0.46434375 0.42874999999999996 0.46253124999999995 0.44037499999999996
0 0.47992187499999994 0.2568541671875 0.48834375 0.26387499999999997 0.49465624999999996 0.2698333328125 0.49834375 0.2645625 0.504140625 0.2543958328125 0.504921875 0.2438541671875 0.50440625 0.2385833328125 0.49940625 0.23297916718749997 0.48965625 0.23122916718750003 0.4828125 0.2301666671875 0.47912499999999997 0.22912499999999997 0.4751875 0.230875 0.474390625 0.23158333281250001 0.464125 0.2392916671875 0.46439062499999995 0.24772916718750002 0.47043749999999995 0.2624583328125 0.47992187499999994 0.2568541671875
0 0.4755625 0.4110625 0.49768749999999995 0.41270833281249997 0.50703125 0.4218541671875 0.514828125 0.40772916718749996 0.515765625 0.40149999999999997 0.515765625 0.3952708328125 0.515765625 0.3890208328125 0.513578125 0.38029166718749996 0.51265625 0.3740625 0.50859375 0.367 0.494265625 0.3628333328125 0.48615624999999996 0.3653333328125 0.478671875 0.37614583281249997 0.47275 0.3915208328125 0.4724375 0.3911041671875 0.47368750000000004 0.4019166671875 0.4755625 0.4110625
0 0.4694375 0.34943749999999996 0.4775625 0.3452708328125 0.47943749999999996 0.34110416718750003 0.4775625 0.3335833328125 0.472875 0.3219166671875 0.46349999999999997 0.31275 0.45725 0.30816666718749997 0.4485 0.30775 0.4444375 0.309 0.44006249999999997 0.31275 0.4369375 0.3181666671875 0.43568749999999995 0.32483333281250004 0.4375625 0.3298333328125 0.4425625 0.34110416718750003 0.44787499999999997 0.35402083281249996 0.450375 0.3573541671875 0.461625 0.3536041671875 0.4694375 0.34943749999999996