1 0.120015625 0.7904705875 0.122921875 0.8007058828125 0.1141875 0.8211764703125001 0.11953125 0.8460470593749999 0.12778125 0.8467764703125 0.137484375 0.84383529375 0.14671875 0.8431058828125 0.150109375 0.8628470593750001 0.15690625 0.862117646875 0.156421875 0.8584705874999999 0.159328125 0.8204470593750001 0.164671875 0.8146117640625 0.1705 0.8028941171874999 0.1705 0.7963294125 0.164671875 0.7860941171875 0.15059375 0.78463529375 0.1394375 0.7831764703124999 0.13165625 0.7824235296875 0.120015625 0.7904705875
1 0.225296875 0.736752940625 0.2104375 0.7425411765625001 0.188984375 0.753317646875 0.184046875 0.7648941171875 0.1801875 0.7789882359375 0.179640625 0.788917646875 0.19229687499999998 0.8054823531249999 0.231890625 0.7947294125 0.24509375000000003 0.7599294125 0.225296875 0.736752940625
1 0.652875 0.8281647062499999 0.64625 0.8065882359375 0.634671875 0.7899764703125001 0.6330312499999999 0.7742117640624999 0.636890625 0.7592705875 0.63909375 0.7526117640625001 0.636328125 0.75096470625 0.635234375 0.7534588234374999 0.618140625 0.7650823531250001 0.61925 0.7982823531250001 0.637984375 0.8306588234375001 0.652875 0.8281647062499999
1 0.23634375 0.8377411765625 0.23634375 0.8488 0.240015625 0.8488 0.24401562499999999 0.8533411765625001 0.251359375 0.8462823531250001 0.259046875 0.8523294124999999 0.2700625 0.8422588234375 0.278078125 0.8452941171875 0.282078125 0.8296941171875 0.28475 0.8095764703125001 0.28275 0.7980235296875 0.278078125 0.786447059375 0.26973437499999997 0.78696470625 0.2690625 0.7899764703125001 0.269390625 0.7919764703125 0.254703125 0.796 0.25103125 0.80656470625 0.241015625 0.828682353125 0.23634375 0.8377411765625
1 0.43446875 0.7480705875 0.435140625 0.7535999999999999 0.43981250000000005 0.7531058828125 0.44515625 0.7510823531249999 0.44281249999999994 0.7591294125 0.4525 0.7566117640625001 0.462859375 0.745552940625 0.46985937499999997 0.7480705875 0.48121875000000003 0.742047059375 0.491234375 0.7450588234375 0.500921875 0.7395294125 0.5109375 0.724447059375 0.51628125 0.7008 0.5152812499999999 0.6922588234375 0.50159375 0.68823529375 0.49725 0.69376470625 0.494578125 0.7028235296875 0.49223437499999995 0.703317646875 0.4875625 0.7003058828125 0.48421875 0.6887294125000001 0.478546875 0.690752940625 0.467859375 0.71136470625 0.45484375000000005 0.722917646875 0.44015624999999997 0.7349882359375 0.43446875 0.7480705875
1 0.95034375 0.65096470625 0.9373437499999999 0.63823529375 0.926953125 0.626517646875 0.9133125 0.627482353125 0.908765625 0.6313882359375 0.90228125 0.636282353125 0.893828125 0.6323764703125 0.891875 0.6235764703125 0.881484375 0.6235764703125 0.875640625 0.635317646875 0.8743437500000001 0.6480235296875 0.8801875000000001 0.6676 0.8879843749999999 0.674447059375 0.902921875 0.6910588234375 0.9178593749999999 0.6988941171875 0.930859375 0.7028 0.9535937499999999 0.7057411765625 0.96528125 0.71063529375 0.967875 0.7028 0.963328125 0.67736470625 0.95034375 0.65096470625
1 0.194765625 0.8228705875 0.19243749999999998 0.8077882359374999 0.18609375 0.79823529375 0.18409375 0.7987294125 0.18475 0.813317646875 0.18575 0.8279058828125001 0.18642187500000001 0.8450117640625001 0.19209375 0.8585882359375001 0.19443749999999999 0.85656470625 0.194765625 0.844 0.194765625 0.8228705875
1 0.170875 0.7156 0.1665625 0.7262352937500001 0.16595312499999998 0.7410588234375 0.156734375 0.7558588234375 0.158578125 0.7664941171875 0.182546875 0.767882353125 0.1853125 0.7623294125 0.19053124999999999 0.7526117640625001 0.19021875 0.7461411765625 0.185 0.7248470593749999 0.1819375 0.7156 0.17578125 0.7137411765625 0.170875 0.7156
1 0.6119687500000001 0.7176 0.60853125 0.7066117640625 0.605953125 0.6956 0.600796875 0.6878588234375 0.5840468750000001 0.6736235296875 0.5904843750000001 0.6981882359375 0.588765625 0.70336470625 0.57975 0.6930352937500001 0.56859375 0.6936705875 0.5595625 0.7020705875 0.553984375 0.7201882359375 0.555265625 0.7408941171875 0.5582812500000001 0.7473647062500001 0.56815625 0.7570588234375 0.581046875 0.7738823531250001 0.5904843750000001 0.7784 0.600375 0.7764705875 0.614109375 0.7868 0.616265625 0.782917646875 0.61884375 0.7790588234375 0.623140625 0.7628705874999999 0.627 0.752517646875 0.62528125 0.74023529375 0.6184062499999999 0.7253647062499999 0.6119687500000001 0.7176
1 0.30793750000000003 0.6260235296875 0.3075 0.6124705875 0.303640625 0.6060235296875 0.298078125 0.6002117640625 0.2895 0.6028 0.279640625 0.6047294125 0.27749999999999997 0.5944 0.2689375 0.6040941171875 0.262078125 0.6228 0.269796875 0.64216470625 0.284359375 0.6499058828125001 0.302359375 0.6350588234375001 0.30793750000000003 0.6260235296875
1 0.714578125 0.6837411765625 0.739171875 0.6837411765625 0.754671875 0.6848705875000001 0.789484375 0.6643529406249999 0.7841875 0.654117646875 0.7694375 0.649552940625 0.7584531250000001 0.6558117640625001 0.7550625 0.6609411765625001 0.743703125 0.6489882359375 0.736140625 0.63416470625 0.73009375 0.6347294125 0.7270625 0.6410117640624999 0.71684375 0.6296235296875 0.707015625 0.6250588234375 0.6892343750000001 0.6415764703125 0.68659375 0.6672 0.695671875 0.6780235296875 0.714578125 0.6837411765625
1 0.676578125 0.8030117640625001 0.6700468749999999 0.7844235296875001 0.6540781250000001 0.7631294125 0.639203125 0.7636705874999999 0.635578125 0.777882353125 0.6395625 0.7980941171875 0.6508125 0.812847059375 0.66315625 0.8243294125 0.671859375 0.8232235296875 0.679484375 0.8232235296875 0.680203125 0.8172235296875 0.676578125 0.8030117640625001
1 0.203515625 0.8573176468750001 0.204625 0.8477176468750001 0.204625 0.8423058828125001 0.20379687500000002 0.8377176468749999 0.203234375 0.8285647062500001 0.20296875 0.8218823531250001 0.20240624999999998 0.817717646875 0.20074999999999998 0.8131294125 0.197984375 0.8118823531249999 0.19659374999999998 0.8164705874999999 0.19659374999999998 0.8252235296875 0.196046875 0.8331294124999999 0.19659374999999998 0.8406352937499999 0.19715625 0.8481411765625 0.197984375 0.8648 0.199640625 0.8698117640625 0.201859375 0.8668941171875 0.203515625 0.8573176468750001