1 0.6799062499999999 0.08767156875 0.6799062499999999 0.15421568593749999 0.6648125 0.20007352968749997 0.63746875 0.22078431406250001 0.58465625 0.22078431406250001 0.554484375 0.24002450937500003 0.5375 0.27551470624999996 0.540328125 0.279975490625 0.561078125 0.30362745156250004 0.5695625 0.316936275 0.580890625 0.318431371875 0.59596875 0.30362745156250004 0.6148281250000001 0.2947549015625 0.6468906249999999 0.2991911765625 0.6751875 0.32286764687499997 0.69028125 0.34801470624999997 0.698765625 0.3716911765625 0.714796875 0.380563725 0.7223437500000001 0.364289215625 0.7364843750000001 0.3524509796875 0.76571875 0.34801470624999997 0.795890625 0.3509803921875 0.8260781250000001 0.38647058749999996 0.846828125 0.4249264703125 0.8534218750000001 0.4811519609375 0.8449375 0.5240441171875 0.8553124999999999 0.537352940625 0.87134375 0.531446078125 0.905296875 0.535882353125 0.923203125 0.5521568625 0.9147187499999999 0.5240441171875 0.9250937499999999 0.531446078125 0.9430156249999999 0.4985049015625 0.928859375 0.44230392187499995 0.9118906250000001 0.39791666718749996 0.927921875 0.38460784375 0.928859375 0.36539215625 0.918484375 0.3461519609375 0.9024531250000001 0.307303921875 0.8656874999999999 0.26588235312499997 0.85625 0.22299019531250003 0.891140625 0.23335784375 0.9099999999999999 0.23482843125000002 0.9203749999999999 0.20375000000000001 0.8883125 0.13718137187499999 0.8260781250000001 0.08245097968750001 0.8043906249999999 0.046960784374999995 0.756296875 0.0232843140625 0.682734375 0.0129411765625 0.6525624999999999 0.021813725 0.6657656249999999 0.037450979687500004 0.6761250000000001 0.059632353125 0.6799062499999999 0.08767156875
0 0.389078125 0.3497549015625 0.365140625 0.3286274515625 0.30678125 0.3333333328125 0.28134375 0.3614950984375 0.27535937499999996 0.40374999999999994 0.272359375 0.42723039218750003 0.27535937499999996 0.46713235312499995 0.285828125 0.5258333328125 0.30079687499999996 0.546936275 0.31725 0.549289215625 0.33521875 0.55164215625 0.3471875 0.549289215625 0.381609375 0.5563480390625 0.3980625 0.549289215625 0.41453125 0.5211274515625 0.42350000000000004 0.48825980468749997 0.41751562499999995 0.4859068625 0.422 0.44600490156249994 0.422 0.4154901953125 0.416015625 0.38732843125 0.389078125 0.3497549015625
3 0.36275 0.7354901953125 0.36596875 0.747303921875 0.41221874999999997 0.7118872546875 0.478890625 0.716936275 0.503625 0.75573529375 0.5412656250000001 0.7118872546875 0.5412656250000001 0.6865686281250001 0.5100781249999999 0.65789215625 0.5004062499999999 0.5853431375 0.5025625 0.5262990203125 0.506859375 0.5262990203125 0.45093750000000005 0.49593137187499997 0.408984375 0.5111274515625001 0.351984375 0.6089705875 0.36275 0.7354901953125
3 0.26325 0.47107843125000004 0.2663125 0.4175 0.282109375 0.3790931375 0.29690625000000004 0.34789215625000003 0.282109375 0.3295098046875 0.25253125 0.3199019609375 0.228578125 0.331102940625 0.2091875 0.35428921562500004 0.19593750000000001 0.38149509843749996 0.193890625 0.40708333281250003 0.21225 0.4350980390625 0.22907812500000002 0.466274509375 0.248453125 0.5118872546875 0.2765 0.53426470625 0.28109375000000003 0.537475490625 0.278546875 0.51107843125 0.26325 0.47107843125000004
3 0.72771875 0.71107843125 0.762296875 0.7181617640625 0.7698125 0.699289215625 0.78184375 0.6591911765625 0.766796875 0.59551470625 0.74125 0.5884313718749999 0.721703125 0.5695833328125001 0.697640625 0.5200490203125 0.67959375 0.515318628125 0.655546875 0.52948529375 0.6585468750000001 0.5790196078125 0.6465156249999999 0.6497549015625 0.62396875 0.6945833328125001 0.6630625 0.7629656859375 0.6645625 0.765318628125 0.682609375 0.7370343140625 0.72771875 0.71107843125
0 0.504265625 0.9213480390625 0.512859375 0.8157352937500001 0.507140625 0.7595588234374999 0.4928125 0.7303431375 0.46415625 0.707867646875 0.40685937499999997 0.7033823531250001 0.363875 0.73482843125 0.33665625 0.777524509375 0.33809374999999997 0.8719117640625 0.352421875 0.9370833328125 0.396828125 0.977524509375 0.454125 0.9797794124999999 0.477046875 0.9685294125 0.504265625 0.9213480390625
0 0.5098906249999999 0.6584558828125 0.550578125 0.7042156859375 0.5905 0.7042156859375 0.6273593749999999 0.6921813718750001 0.64578125 0.65482843125 0.65959375 0.6030637249999999 0.664203125 0.5452450984375 0.6473125 0.48624999999999996 0.612 0.452524509375 0.554421875 0.458553921875 0.522171875 0.4886519609375 0.504515625 0.533210784375 0.5006875 0.5428431375 0.5006875 0.575367646875 0.5098906249999999 0.6584558828125
0 0.5007343750000001 0.8521323531249999 0.5165 0.9172794124999999 0.572359375 0.9577450984375 0.616765625 0.9510049015625001 0.6568906250000001 0.8768382359375 0.665484375 0.7937009796875001 0.6583125 0.7352696078125 0.61534375 0.7060539218749999 0.56090625 0.7037990203125 0.5150625 0.7150490203125 0.510765625 0.726274509375 0.507890625 0.7420098046875 0.5007343750000001 0.8521323531249999
0 0.24557812499999998 0.55926470625 0.22185937500000003 0.5815931375 0.204921875 0.6092401953125 0.19678125 0.6400490203125 0.19271875 0.6974509796875 0.1995 0.73573529375 0.21034375 0.755931371875 0.23337500000000003 0.7782598046875 0.260484375 0.7931372546875 0.29775 0.7984558828125 0.316734375 0.7899509796874999 0.33909375 0.7718627453125 0.359421875 0.7325490203125 0.3628125 0.650686275 0.350609375 0.6177450984374999 0.33503125 0.5847794125 0.31265624999999997 0.5613970593750001 0.307921875 0.55289215625 0.264546875 0.5497058828125 0.24557812499999998 0.55926470625
0 0.8495156250000001 0.40899509843750004 0.820875 0.3662990203125 0.7778906250000001 0.34607843125 0.7449375 0.3595588234375 0.694796875 0.3910049015625 0.689078125 0.4292156859375 0.6919375 0.48764705937499997 0.709125 0.5595588234375 0.7349218750000001 0.5887745093750001 0.769296875 0.6 0.8036875 0.5865196078125 0.8366250000000001 0.5707843140625 0.8609843749999999 0.4898774515625 0.8495156250000001 0.40899509843750004
0 0.6761874999999999 0.9254656859375 0.694796875 0.9591666671875 0.7105625 0.9749019609375 0.732046875 0.983897059375 0.7778906250000001 0.988382353125 0.8122812500000001 0.9636764703124999 0.8337656250000001 0.9075 0.8323281250000001 0.8400735296875 0.8237343750000001 0.7771568624999999 0.7993750000000001 0.7299509796875 0.77215625 0.7097303921875 0.724890625 0.7029901953125 0.693375 0.7097303921875 0.689078125 0.723210784375 0.6990937500000001 0.7299509796875 0.6776093750000001 0.772647059375 0.670453125 0.8198529406249999 0.66471875 0.8760294125 0.6761874999999999 0.9254656859375
0 0.680265625 0.1359803921875 0.676921875 0.0799509796875 0.6713281249999999 0.05892156875 0.66240625 0.0379166671875 0.66240625 0.0361764703125 0.6345 0.0081617640625 0.6166406249999999 0.0046568625 0.5775781249999999 0.006397059375 0.560828125 0.01517156875 0.539625 0.0256617640625 0.53515625 0.05544117656250001 0.53515625 0.1097058828125 0.544078125 0.17274509843750002 0.554125 0.1990196078125 0.55525 0.1990196078125 0.55971875 0.21301470625 0.5943125 0.22176470625000003 0.6166406249999999 0.22176470625000003 0.652359375 0.21475490156250002 0.6590625 0.2095098046875 0.6735625 0.1797549015625 0.680265625 0.1359803921875
0 0.46067187499999995 0.271053921875 0.493828125 0.2561764703125 0.535515625 0.2740196078125 0.546875 0.24874999999999997 0.5525625 0.1967401953125 0.53740625 0.1402941171875 0.53171875 0.1135294125 0.496671875 0.08085784375 0.454984375 0.09274509843749999 0.427515625 0.1120588234375 0.41804687500000004 0.1387990203125 0.43509374999999995 0.1804166671875 0.438890625 0.2457843140625 0.44078125 0.25916666718750003 0.46067187499999995 0.271053921875
0 0.68759375 0.46254902031249995 0.69715625 0.3943382359375 0.7093281250000001 0.380686275 0.6936718749999999 0.3465931375 0.63365625 0.2947549015625 0.59365625 0.30294117656249997 0.5710468750000001 0.334313725 0.551046875 0.3902450984375 0.55190625 0.4311764703125 0.584953125 0.448897059375 0.6267031249999999 0.46392156875 0.6615 0.5225735296875 0.669328125 0.519852940625 0.678890625 0.4993872546875 0.68759375 0.46254902031249995
0 0.47943749999999996 0.06544117656250001 0.4894375 0.046274509375 0.490546875 0.018382353125 0.486109375 0.0061764703125 0.369421875 0.0009558828125 0.37498437500000004 0.05323529375 0.38165625 0.07938725468749999 0.39387500000000003 0.0950735296875 0.410546875 0.11075980468749999 0.420546875 0.1125 0.448328125 0.089852940625 0.470546875 0.0759068625 0.47943749999999996 0.06544117656250001