0 0.7658750000000001 0.6564791671875 0.8258749999999999 0.64 0.848828125 0.6117708328125 0.854125 0.5858749999999999 0.8435312500000001 0.5694166671875001 0.8188281249999999 0.5599999999999999 0.795875 0.52 0.797640625 0.454125 0.764125 0.43764583281249997 0.714703125 0.4282291671875 0.668828125 0.43764583281249997 0.63 0.4611666671875 0.598234375 0.5858749999999999 0.598234375 0.6870625 0.6088281249999999 0.6917708328125001 0.684703125 0.6847083328125 0.7658750000000001 0.6564791671875
2 0 0.7421249999999999 0.037109375 0.7549583328125 0.067359375 0.7494583328125 0.081109375 0.7897916671874999 0.109984375 0.8117916671875 0.148484375 0.8374583328125 0.152609375 0.8337916671875 0.191109375 0.7934583328125 0.196609375 0.7659583328124999 0.196609375 0.7219583328125 0.196609375 0.698125 0.145734375 0.654125 0.10310937499999999 0.6559583328125 0.097609375 0.626625 0.056359375 0.6027916671875 0.004109375 0.5917916671875 0 0.5972916671874999 0 0.7421249999999999
2 0.224125 0.9672083328125 0.215296875 0.9578125 0.211765625 0.9460416671875 0.19940625 0.8989791671875 0.195875 0.8942708328125001 0.18882812499999999 0.8942708328125001 0.1570625 0.8942708328125001 0.13059375 0.8919166671875001 0.084703125 0.9178124999999999 0.061765625000000005 0.9813333328124999 0.06 0.9883958328125001 0.22059375 0.9813333328124999 0.224125 0.9672083328125
2 0.16104687499999998 0.5585833328125 0.156453125 0.6054583328125 0.165640625 0.6513333328125 0.190859375 0.6819166671875 0.21303125 0.6951666671875001 0.235203125 0.7033333328125 0.257375 0.7002708328125 0.284140625 0.6890625 0.286421875 0.6645833328124999 0.299421875 0.6340208328125 0.30859375 0.6156666671875 0.310125 0.5973124999999999 0.310125 0.5596041671875 0.310125 0.5392083328124999 0.30095312500000004 0.5177916671875 0.274203125 0.495375 0.235203125 0.48925 0.195453125 0.5055625 0.189328125 0.5167916671875 0.175578125 0.5310625 0.16104687499999998 0.5585833328125
2 0.285625 0.496875 0.319390625 0.5512083328124999 0.3508125 0.43168749999999995 0.353140625 0.41460416718750004 0.351984375 0.39597916718750004 0.329859375 0.3494166671875 0.29493749999999996 0.3245625 0.244875 0.34475 0.20179687500000001 0.4456458328125 0.19596875 0.4999791671875 0.2134375 0.49533333281249997 0.23904687500000002 0.49066666718749996 0.285625 0.496875
2 0.5957343749999999 0.12887500000000002 0.589890625 0.1548958328125 0.5742812500000001 0.1939166671875 0.5911875 0.22341666718750003 0.609390625 0.22254166718750001 0.63671875 0.2242708328125 0.65753125 0.2442291671875 0.690046875 0.2433541671875 0.725171875 0.213 0.7368750000000001 0.1609583328125 0.725171875 0.12281249999999999 0.68809375 0.0803125 0.655578125 0.0491041671875 0.619796875 0.0681666671875 0.5944375 0.0907291671875 0.5957343749999999 0.0907291671875 0.589234375 0.09418750000000001 0.5957343749999999 0.12887500000000002
2 0.365375 0.4215625 0.371359375 0.421 0.380328125 0.401625 0.42346874999999995 0.3885208328125 0.43842187499999996 0.3765625 0.438 0.36175 0.44142187499999996 0.3252916671875 0.43714062499999995 0.3252916671875 0.38503125 0.3082083328125 0.335890625 0.3190416671875 0.33503125 0.3275833328125 0.352125 0.4136041671875 0.365375 0.4215625
0 0.095453125 0.5636458328125 0.10518749999999999 0.5610416671875 0.146109375 0.5376666671875 0.2065 0.4623333328125 0.24156249999999999 0.3350625 0.24156249999999999 0.3220833328125 0.12273437499999999 0.3065 0.095453125 0.5636458328125
2 0.0010937499999999999 0.4581041671875 0.014687500000000001 0.47912499999999997 0.06878125 0.43614583281249997 0.10459375 0.4285208328125 0.09456250000000001 0.3655 0.1103125 0.33418749999999997 0.1210625 0.32845833281250003 0.123921875 0.3179583328125 0.1131875 0.3103125 0.1024375 0.2816666671875 0.098859375 0.3017083328125 0.08453125 0.359 0.020421875 0.3664583328125 0 0.40750000000000003 0.0010937499999999999 0.4581041671875
2 0.192453125 0.0028541671875000002 0.18321875 0.0205625 0.176203125 0.0372916671875 0.172140625 0.0594375 0.191703125 0.07764583281250001 0.20204687500000001 0.0889583328125 0.221234375 0.1086458328125 0.23415625 0.126375 0.24707812499999998 0.1268541671875 0.24817187500000001 0.12489583281250001 0.23415625 0.09635416718749999 0.23009374999999999 0.0924166671875 0.21421874999999999 0.063375 0.22381250000000003 0.054020832812499996 0.23562500000000003 0.047125 0.25740625 0.0387708328125 0.266265625 0.035812500000000004 0.26737500000000003 0.0343333328125 0.254125 0.027375 0.25340625 0.027375 0.25196874999999996 0.027375 0.250765625 0.026958332812500003 0.2319375 0.0176041671875 0.22640625 0 0.209421875 0.001375 0.192453125 0.0028541671875000002
2 0.18451562500000002 0.0704375 0.161390625 0.0790208328125 0.144671875 0.1098541671875 0.16653125 0.1338541671875 0.18837500000000001 0.156125 0.22565624999999997 0.1218541671875 0.215375 0.11499999999999999 0.18451562500000002 0.0704375
2 0.04090625 0 0.037015625 0.0047708328125 0.062343749999999996 0.05152083281249999 0.070125 0.0567083328125 0.062343749999999996 0.07229166718749999 0.10714062499999999 0.17099999999999999 0.112984375 0.10345833281250001 0.134421875 0.11125 0.148046875 0.11125 0.173375 0.08008333281249999 0.171421875 0.061895832812499996 0.12078124999999999 0 0.04090625 0