3 0.498578125 0.542 0.49368749999999995 0.5777916671875001 0.5018281250000001 0.6005625 0.52296875 0.6276875000000001 0.547375 0.6331041671875 0.563640625 0.6287708328125 0.57746875 0.6070625 0.585609375 0.5886250000000001 0.583984375 0.5582708328125 0.57259375 0.5376666671875 0.561203125 0.5213958328125 0.5425 0.5181458328125 0.5400625 0.5181458328125 0.51403125 0.5181458328125 0.498578125 0.542
3 0.59090625 0.4772708328125 0.5968125 0.5107708328125 0.6046875 0.5107708328125 0.612078125 0.5022291671875 0.6219375 0.5042083328125 0.6189843749999999 0.5193125000000001 0.622421875 0.5344166671874999 0.6307968749999999 0.5383541671875001 0.64409375 0.5383541671875001 0.658875 0.5311250000000001 0.6780781250000001 0.5166875 0.6879375 0.49106249999999996 0.68546875 0.4588958328125 0.676609375 0.42737499999999995 0.6628125 0.4142291671875 0.642625 0.4102916671875 0.6204531249999999 0.4142291671875 0.61159375 0.43195833281249996 0.595328125 0.4569166671875 0.59090625 0.4772708328125
3 0.6226406250000001 0.7775416671875 0.615046875 0.7989166671875 0.631921875 0.8079166671875001 0.647109375 0.7899166671875 0.647953125 0.7662916671875 0.6462656250000001 0.7359166671875 0.621796875 0.7033125 0.587203125 0.7055625 0.56528125 0.7258125 0.572875 0.7617916671875 0.57709375 0.7809166671875001 0.599015625 0.7809166671875001 0.612515625 0.7764166671875 0.6226406250000001 0.7775416671875
3 0.57534375 0.9556666671875 0.570125 0.9403541671875001 0.558640625 0.9180833328125001 0.534640625 0.8999791671875 0.5210625 0.8944166671874999 0.497046875 0.8971875 0.486609375 0.92225 0.472 0.9612291671875001 0.47826562499999997 0.9974166671875 0.571171875 1 0.57534375 0.9835 0.57534375 0.9556666671875
3 0.350453125 0.9220416671875 0.34392187500000004 0.9203125 0.326921875 0.9278541671875 0.31471875 0.944125 0.310796875 0.9813333328124999 0.31820312500000003 0.9749375 0.34784375 0.9598125 0.350453125 0.9220416671875
3 0.28425 0.1080416671875 0.2904375 0.100625 0.3015625 0.092375 0.3063125 0.08110416718749999 0.30940625 0.064875 0.301359375 0.0258541671875 0.29703124999999997 0.016229167187499997 0.279703125 0 0.252703125 0.0008333328124999999 0.23021875 0.0214583328125 0.222796875 0.0483958328125 0.22712500000000002 0.0753333328125 0.24321874999999998 0.1000833328125 0.259296875 0.111625 0.262390625 0.111625 0.2745625 0.1107916671875 0.28425 0.1080416671875
3 0.778921875 0.9831041671875 0.770453125 0.974375 0.758921875 0.9651458328125001 0.74353125 0.9666874999999999 0.733140625 0.9697708328125 0.721203125 0.9764375 0.709671875 0.9974583328125 0.7897031250000001 1 0.78584375 0.9918333328125 0.778921875 0.9831041671875
3 0.26796875 0.34500000000000003 0.274984375 0.3521666671875 0.28571875 0.3421875 0.29226562500000003 0.3428125 0.3041875 0.33160416718749997 0.30325 0.31945833281249997 0.29296875 0.3160208328125 0.28571875 0.3066875 0.282453125 0.3060625 0.26796875 0.3446875 0.26796875 0.34500000000000003
3 0.757125 0.5056666671875 0.746625 0.5196666671875 0.74696875 0.524625 0.750359375 0.5359166671875 0.757125 0.5368333328125 0.767296875 0.5372708328125 0.7788125 0.5449583328125 0.783890625 0.5210208328125 0.788296875 0.5025000000000001 0.79134375 0.5011458328125 0.790328125 0.49302083281250003 0.787625 0.47945833281250005 0.78525 0.4654583328125 0.7706875 0.47902083281249996 0.764921875 0.4862291671875 0.7635625 0.48804166718750003 0.760859375 0.496625 0.757125 0.5056666671875
3 0.40756249999999994 0.4735625 0.40431249999999996 0.5158541671875 0.420578125 0.5462291671874999 0.448234375 0.5603125 0.47670312499999995 0.5516458328125 0.49621875 0.5234375 0.49784375000000003 0.49850000000000005 0.49459375000000005 0.4637916671875 0.478328125 0.4421041671875 0.455546875 0.4345208328125 0.42545312500000004 0.4399375 0.40756249999999994 0.4735625
3 0.657515625 0.8781874999999999 0.66240625 0.8866458328125001 0.666546875 0.8873125 0.6716875 0.8847083328125 0.674609375 0.8733124999999999 0.678515625 0.8658125 0.6919375 0.8553958328125001 0.6851875 0.8453055562499999 0.6861666671875 0.8170972234375 0.704390625 0.8300208328125 0.702203125 0.8134166671875 0.704640625 0.8134166671875 0.705609375 0.8091875 0.697078125 0.8108124999999999 0.66753125 0.8277291671875 0.658984375 0.8436875 0.658734375 0.8472708328125 0.6660625 0.8472708328125 0.654828125 0.8674583328125 0.657515625 0.8781874999999999