1 0.33659374999999997 0.771375 0.327890625 0.7746875 0.312984375 0.7796666671875 0.31175 0.787125 0.32292187499999997 0.8003750000000001 0.331625 0.8053333328125 0.35026562499999997 0.8119583328125 0.369515625 0.8161041671874999 0.38070312500000003 0.7796666671875 0.35957812499999997 0.7664166671875 0.33659374999999997 0.771375
1 0.3755625 0.7220208328125 0.36390625 0.75575 0.371890625 0.7637291671875001 0.396859375 0.7663958328125 0.412171875 0.7331041671875 0.39553125 0.7242291671875 0.3755625 0.7220208328125
1 0.451890625 0.7034166671875 0.40978125 0.709875 0.40881249999999997 0.717625 0.41075 0.7318125 0.432046875 0.7550416671875 0.433015625 0.7556875 0.47173437500000004 0.7627916671875 0.48624999999999996 0.7272916671874999 0.475609375 0.7047083328125 0.451890625 0.7034166671875
1 0.473921875 0.7772916671875 0.46825 0.7606666671875 0.46259375 0.7541041671875 0.45125000000000004 0.7606666671875 0.44859375 0.7616666671875 0.44028124999999996 0.7581458328124999 0.42856249999999996 0.7541041671875 0.43234374999999997 0.7767916671874999 0.44293750000000004 0.788875 0.45692187500000003 0.8090416671874999 0.46259375 0.8145833328125001 0.47506250000000005 0.8060208328125 0.477328125 0.7913958328125 0.47657812499999996 0.7772916671875 0.473921875 0.7772916671875
1 0.45909374999999997 0.8358541671875 0.45615625 0.8319375000000001 0.42453124999999997 0.8270208328124999 0.391453125 0.8142916671875 0.37675000000000003 0.8083958328125 0.370125 0.8436875 0.382625 0.8505625 0.40982812500000004 0.8632916671875 0.4171875 0.8740833328125 0.44585937500000006 0.86625 0.45909374999999997 0.8358541671875
1 0.3631875 0.8165625000000001 0.359796875 0.8126875 0.35157812499999996 0.81075 0.34576562499999997 0.8307499999999999 0.342859375 0.8094583328124999 0.33803125 0.806875 0.33464062499999997 0.814625 0.3331875 0.826875 0.3254375 0.8023541671875 0.322046875 0.8010624999999999 0.32010937500000003 0.8094583328124999 0.31721875 0.806875 0.313828125 0.799125 0.308984375 0.7972083328124999 0.3026875 0.7894583328125 0.29978125 0.8029999999999999 0.298328125 0.8120416671875 0.2935 0.8081666671875001 0.2876875 0.8042916671875 0.28671875 0.8075208328124999 0.290109375 0.8288125000000001 0.301234375 0.8475416671874999 0.31189062500000003 0.8520416671875 0.3254375 0.8559166671874999 0.333671875 0.8623749999999999 0.338984375 0.8675416671875 0.347703125 0.8688333328125 0.364640625 0.8559166671874999 0.369 0.8417291671875 0.36609375 0.8301041671875 0.3631875 0.8165625000000001
1 0.5786875 0.2636666671875 0.58015625 0.2695416671875 0.58309375 0.2666041671875 0.586765625 0.2646458328125 0.5882343750000001 0.2695416671875 0.594125 0.2675833328125 0.59853125 0.2636666671875 0.596328125 0.2675833328125 0.6029375 0.2705208328125 0.61103125 0.2666041671875 0.61103125 0.2587708328125 0.61765625 0.2587708328125 0.621328125 0.252875 0.62646875 0.2577916671875 0.630140625 0.2558125 0.625 0.23033333281249999 0.6125 0.2126875 0.5875 0.2185625 0.582359375 0.2254375 0.577203125 0.2401458328125 0.5786875 0.2636666671875
1 0.6219375 0.5598333328125 0.6231875 0.5664583328125 0.6312656249999999 0.57475 0.6349843749999999 0.5764166671875001 0.639328125 0.5846875 0.64740625 0.5846875 0.65425 0.5863541671875 0.66915625 0.5863541671875 0.6629375 0.5855208328125 0.665421875 0.5855208328125 0.676609375 0.5855208328125 0.67784375 0.5830416671875 0.6846875 0.5822083328125001 0.693375 0.5764166671875001 0.69275 0.57475 0.695234375 0.57475 0.702703125 0.5739166671875 0.69959375 0.5656458328125 0.7095312500000001 0.5606666671875 0.7051875 0.5490833328125 0.7008281249999999 0.5465833328125 0.7095312500000001 0.5432708328125 0.713875 0.5366458328125 0.712015625 0.5325 0.702703125 0.5316875 0.711390625 0.5159374999999999 0.7126406249999999 0.5093125 0.702703125 0.512625 0.69959375 0.5101458328125 0.7008281249999999 0.501875 0.6940000000000001 0.4952291671875 0.68778125 0.4911041671875 0.6784687500000001 0.4877916671875 0.666671875 0.48529166718749994 0.659828125 0.4828125 0.651765625 0.4795 0.6430625 0.48529166718749994 0.635609375 0.48612500000000003 0.6287812500000001 0.48612500000000003 0.621328125 0.48612500000000003 0.6151093750000001 0.4844791671875 0.612625 0.49027083281249995 0.605796875 0.4952291671875 0.6033125 0.515125 0.605796875 0.5316875 0.612 0.5407916671875 0.6132500000000001 0.5498958328125 0.6219375 0.5598333328125
1 0.2700625 0.1865208328125 0.27253125 0.20554166718750003 0.285546875 0.22122916718750002 0.29546875 0.22537500000000002 0.300421875 0.22618749999999999 0.305375 0.2220625 0.314671875 0.2228958328125 0.32396875 0.21793749999999998 0.330171875 0.2195833328125 0.334515625 0.21131250000000001 0.329546875 0.1881875 0.32025000000000003 0.1749583328125 0.2979375 0.1757916671875 0.28740625 0.1757916671875 0.27749999999999997 0.1757916671875 0.2700625 0.1865208328125
1 0.416203125 0.9289166671875 0.42185937500000004 0.9226458328125 0.425625 0.9126041671875 0.427515625 0.89 0.41996874999999995 0.8774583328125001 0.41715625 0.8686666671875001 0.40679687500000006 0.8648958328124999 0.3964375 0.8598750000000001 0.38796875000000003 0.8598750000000001 0.378546875 0.8485833328125001 0.37101562499999996 0.8561041671874999 0.362546875 0.857375 0.357828125 0.858625 0.355953125 0.8774583328125001 0.34559375000000003 0.8711874999999999 0.342765625 0.8736875 0.34371874999999996 0.8925208328125 0.353125 0.9050833328125 0.35971875 0.915125 0.362546875 0.9138541671875 0.37384375 0.9025624999999999 0.38796875000000003 0.9050833328125 0.38984375 0.9101041671875001 0.38796875000000003 0.9101041671875001 0.3955 0.9188750000000001 0.416203125 0.9289166671875
1 0.226203125 0.561 0.23500000000000001 0.5639375 0.255546875 0.5463333328125 0.257015625 0.5257916671875 0.26140625 0.5130833328125 0.27754687499999997 0.5003541671875 0.28709375000000004 0.48666666718749996 0.296625 0.4690625 0.28709375000000004 0.4543958328125 0.279015625 0.4446041671875 0.276078125 0.43677083281250006 0.260671875 0.43385416718750003 0.24893749999999998 0.42797916718750006 0.241609375 0.43677083281250006 0.23353125000000002 0.4455833328125 0.22767187500000002 0.4524375 0.22473437500000001 0.45927083281250003 0.21592187499999999 0.4671041671875 0.207125 0.4690625 0.20271875 0.4758958328125 0.196125 0.4915625 0.193921875 0.499375 0.19025 0.511125 0.18951562500000002 0.5228541671875 0.1931875 0.5306875 0.196859375 0.5306875 0.20125 0.533625 0.206390625 0.5404583328125 0.213 0.5404583328125 0.21665625 0.5482916671875 0.2151875 0.5473125 0.21959374999999998 0.5531875 0.226203125 0.561
1 0.45248437499999994 0.8494583328124999 0.44595312500000006 0.8558541671875 0.44681249999999995 0.8674791671875001 0.451171875 0.8703749999999999 0.45771875 0.8703749999999999 0.52528125 0.8907083328125 0.5344375 0.8901458328125 0.538359375 0.8848958328125001 0.537921875 0.8796666671875 0.544453125 0.8767708328125 0.549390625 0.8696041671874999 0.5523906249999999 0.8620208328125001 0.553890625 0.8548125000000001 0.549390625 0.849625 0.54159375 0.8456250000000001 0.54609375 0.8400208328125001 0.5425 0.8340416671875 0.532 0.8348333328124999 0.5248125 0.8332291671875 0.5140156250000001 0.8292291671875001 0.499625 0.8236458328125 0.49603125 0.8272291671875 0.48793749999999997 0.8208541671875 0.485828125 0.8240416671874999 0.4774375 0.8140416671875 0.47204687500000003 0.8120416671875 0.468453125 0.8088541671874999 0.46575 0.8108541671875 0.46484375 0.8164374999999999 0.460359375 0.8108541671875 0.45735937499999996 0.8128541671875 0.45684375 0.8145833328125001 0.45640625 0.827375 0.45292187500000003 0.8343333328125 0.453796875 0.8424791671875 0.45248437499999994 0.8494583328124999
1 0.630109375 0.6017916671875 0.638 0.6052916671874999 0.64259375 0.5982916671875 0.63865625 0.5842708328125 0.6294531250000001 0.576375 0.62025 0.5562083328125 0.611703125 0.5474583328125 0.609078125 0.5457083328125 0.6025 0.5457083328125 0.5985625 0.5413125 0.5959375 0.5404375 0.590671875 0.5465833328125 0.586734375 0.5500833328125 0.584765625 0.5500833328125 0.57621875 0.5527083328125 0.572265625 0.5535833328125 0.569640625 0.5597291671875 0.5610937500000001 0.5658541671874999 0.569640625 0.5658541671874999 0.565703125 0.579 0.567671875 0.5886458328125 0.567671875 0.5974166671875001 0.570296875 0.6096666671875 0.57359375 0.6114375 0.57490625 0.6158125 0.5742499999999999 0.6263333328125 0.5742499999999999 0.6307083328124999 0.5795 0.6421041671875 0.586734375 0.6438541671875 0.589359375 0.657875 0.59921875 0.65175 0.6071093750000001 0.650875 0.6163125 0.6464791671875 0.6136874999999999 0.6272083328125 0.6025 0.6166875 0.60184375 0.6096666671875 0.606453125 0.6184375 0.61434375 0.6158125 0.625515625 0.6096666671875 0.630109375 0.6017916671875
1 0.0515625 0 0.0375 0.01875 0.0328125 0.03125 0.028125 0.058333332812500006 0.025 0.1270833328125 0.0140625 0.1416666671875 0.00625 0.16875 0.00625 0.19375 0.0140625 0.2208333328125 0.028125 0.23958333281250002 0.0453125 0.25 0.0765625 0.2479166671875 0.1046875 0.22916666718749998 0.1203125 0.20416666718749998 0.125983796875 0.20717592499999998 0.1300925921875 0.2164351859375 0.134375 0.21875 0.1342013890625 0.22569444375 0.1421875 0.24583333281250003 0.1515625 0.25833333281250004 0.1506365734375 0.26273148125 0.153125 0.2604166671875 0.159375 0.2666666671875 0.1547453703125 0.27199074218749997 0.20815972187499998 0.3923611109375 0.2109375 0.39375 0.2140625 0.42083333281249996 0.225 0.44375 0.221875 0.45208333281249996 0.1796875 0.45 0.1671875 0.45625 0.1515625 0.47083333281249995 0.1421875 0.4875 0.134375 0.5145833328125 0.1359375 0.55 0.1484375 0.5791666671875 0.0015625 0.7458333328125 0.009375 0.74375 0.0095 0.7623333328124999 0.0015625 0.7625 0.003125 0.9833333328125 0.03125 0.9854166671875 0.053125 0.9708333328125001 0.0734375 0.9708333328125001 0.090625 0.9583333328125001 0.1046875 0.9416666671874999 0.1109375 0.9083333328125001 0.1109375 0.8833333328125 0.11875 0.8604166671875 0.1203125 0.8270833328125 0.115625 0.8020833328125001 0.1109375 0.7916666671875 0.096875 0.7729166671875001 0.090625 0.76875 0.0968125 0.7605000000000001 0.2 0.7583333328124999 0.2015625 0.7916666671875 0.2140625 0.8208333328125 0.2296875 0.8354166671875 0.2390625 0.8395833328125001 0.2640625 0.8395833328125001 0.284375 0.8270833328125 0.2875 0.8229166671874999 0.290625 0.8083333328125001 0.2984375 0.8125 0.2951086953125 0.8026268125 0.3 0.8020833328125001 0.303125 0.7916666671875 0.3109375 0.8 0.3171875 0.8020833328125001 0.31875 0.7958333328125 0.3125 0.7895833328124999 0.3125 0.7833333328125 0.315625 0.7791666671875 0.3421875 0.7708333328125 0.353125 0.75625 0.3628800671875 0.7346096109375 0.4964104734375 0.7304617125 0.5 0.725 0.5078125 0.7395833328125 0.515625 0.7479166671875 0.5328125 0.7583333328124999 0.5625 0.7583333328124999 0.5796875 0.7479166671875 0.5859375 0.7479166671875 0.5984375 0.7541666671875 0.6171875 0.75625 0.6234375 0.7625 0.6328125 0.7666666671875 0.64375 0.7666666671875 0.65625 0.775 0.703125 0.7791666671875 0.728125 0.7645833328125 0.7390625 0.75 0.747761825 0.7226539046875 0.7713260140625 0.7219219234375001 0.76875 0.7479166671875 0.7703125 0.9104166671874999 0.7671875 0.975 0.7734375 0.9979166671874999 0.9984375 1 0.9984375 0.875 0.9953125 0.8666666671875 0.9703125 0.8354166671875 0.96875 0.8229166671874999 0.978125 0.7979166671875 0.978125 0.7604166671875 0.9703125 0.7375 0.959375 0.7229166671875 0.9390625 0.7104166671875001 0.9390625 0.575 0.9984375 0.5729166671875 0.9984375 0.42083333281249996 0.9890625 0.4166666671875 0.9828125 0.3875 0.9734375 0.3625 0.9546875 0.3333333328125 0.940625 0.3229166671875 0.921875 0.32083333281250004 0.93125 0.2666666671875 0.9328125 0.23958333281250002 0.928125 0.21458333281250003 0.9234375 0.20416666718749998 0.9078125 0.1854166671875 0.8921875 0.1770833328125 0.86875 0.1770833328125 0.859375 0.18125 0.8453125 0.19583333281249998 0.8296875 0.19583333281249998 0.8171875 0.20208333281250002 0.8015625 0.1979166671875 0.79375 0.1916666671875 0.78125 0.1895833328125 0.775 0.175 0.7640625 0.1604166671875 0.74375 0.14791666718750002 0.7203125 0.14791666718750002 0.7109375 0.1520833328125 0.6953125 0.1666666671875 0.6875 0.18125 0.675 0.1708333328125 0.6859375 0.1458333328125 0.69375 0.10625 0.703125 0.0875 0.7078125 0.0625 0.703125 0.025 0.6875 0 0.5921875 0 0.5828125 0.0041666671875 0.5671875 0.01875 0.5609375 0.029166667187500002 0.553125 0.05625 0.546875 0.0645833328125 0.5375 0.04375 0.521875 0.0229166671875 0.5078125 0.0125 0.4921875 0.00625 0.4421875 0.00625 0.4328125 0.010416667187500001 0.4171875 0.025 0.4046875 0.05 0.33125 0.05 0.3109375 0.04375 0.2875 0.04375 0.2703125 0.054166667187499996 0.25625 0.07083333281250001 0.2390625 0.04375 0.225 0.0333333328125 0.1953125 0.03125 0.178125 0.0416666671875 0.165625 0.05625 0.1578125 0.058333332812500006 0.14375 0.07291666718749999 0.1328125 0.0645833328125 0.128125 0.0270833328125 0.1109375 0 0.0515625 0