0 0.32434375000000004 0.5702341921875 0.317890625 0.565667446875 0.3129375 0.565667446875 0.299265625 0.5679625296874999 0.29546875 0.5753629984375 0.298875 0.6118266984375 0.30496875 0.614660421875 0.31978125 0.6203512875 0.3213125 0.614660421875 0.326625 0.578196721875 0.32434375000000004 0.5702341921875
0 0.32990624999999996 0.159180328125 0.32990624999999996 0.172131146875 0.331640625 0.18117096093750001 0.33595312499999996 0.18765807968749998 0.347171875 0.19346604218750002 0.355796875 0.1870023421875 0.362703125 0.168899296875 0.36184375 0.159836065625 0.35364062500000004 0.155316159375 0.35321875 0.146252928125 0.34371874999999996 0.1410772828125 0.33725 0.140444965625 0.3325 0.14559718906250002 0.32990624999999996 0.159180328125
0 0.35946875 0.1741451984375 0.364359375 0.19288056250000002 0.378421875 0.197259953125 0.38603125 0.19405152187500002 0.3930625 0.18175644062500002 0.395609375 0.15100702500000002 0.3899375 0.143395784375 0.383109375 0.14077283437500002 0.377828125 0.14194379375 0.3743125 0.146323184375 0.367671875 0.151311475 0.36103125 0.1539344265625 0.35946875 0.16096018750000002 0.35946875 0.1741451984375
0 0.44787499999999997 0.256299765625 0.45499999999999996 0.2658079625 0.46529687500000005 0.2705620609375 0.47282812500000004 0.26461358281249997 0.475609375 0.2444262296875 0.46728125 0.23611241249999998 0.46095312499999996 0.23313817343749998 0.45737500000000003 0.23611241249999998 0.4538125 0.23967213125 0.44787499999999997 0.256299765625
0 0.56153125 0.6607494140625 0.568984375 0.6607494140625 0.57546875 0.67416861875 0.57496875 0.68386416875 0.5859062500000001 0.6831147546875 0.591890625 0.6905854796875001 0.595375 0.7084777515625 0.590890625 0.7189227171875 0.6056250000000001 0.7390632312500001 0.608078125 0.7181733015625 0.625296875 0.7083372359375 0.629390625 0.6837704921875 0.65153125 0.6800936765625 0.631859375 0.6665573765625 0.61709375 0.6604215453125 0.620375 0.646908665625 0.6113593749999999 0.6395316156249999 0.6064375 0.6542857140625 0.575296875 0.646908665625 0.557546875 0.6555269328125 0.550578125 0.6667213109375 0.56153125 0.6607494140625
0 0.31428124999999996 0.671147540625 0.3205625 0.6818501171875 0.322734375 0.68997658125 0.3279375 0.70067915625 0.336171875 0.7039344265625 0.34049999999999997 0.6971194374999999 0.34396875 0.6799063234375 0.33703125 0.6688758781249999 0.332265625 0.6588056203125 0.33182812500000003 0.6581498828125001 0.328359375 0.6487353625 0.32229687500000004 0.6532786890625 0.319265625 0.6607494140625 0.315375 0.6558782203125 0.31428124999999996 0.671147540625
0 0.21356250000000002 0.18002341875 0.204640625 0.1764168625 0.19914062500000002 0.178992975 0.19503125 0.1892740046875 0.19296875 0.199555034375 0.19468749999999999 0.2088290390625 0.198796875 0.21704917968749998 0.205671875 0.222716628125 0.21595312500000002 0.2216861828125 0.22214062499999998 0.20676814999999998 0.218359375 0.1892740046875 0.21356250000000002 0.18002341875
0 0.19818750000000002 0.23323185 0.20404687500000002 0.2317330203125 0.20634375 0.22723653437500002 0.206484375 0.2235831375 0.202625 0.22058547968750003 0.19632812500000002 0.213091334375 0.19546875 0.21201405156250003 0.19532812500000002 0.2128805625 0.194625 0.213747071875 0.19090625 0.21908665156249998 0.190625 0.22615924999999998 0.19246875000000002 0.231100703125 0.19818750000000002 0.23323185
0 0.17579687500000002 0.2095784546875 0.188734375 0.2051053859375 0.20018750000000002 0.18421545625 0.20018750000000002 0.178243559375 0.18825 0.16407494218750002 0.18775 0.1633255265625 0.17381249999999998 0.16257611249999998 0.163859375 0.170772834375 0.159375 0.1894379390625 0.163859375 0.2051053859375 0.17579687500000002 0.2095784546875
0 0.77334375 0.44482435625 0.815703125 0.487775175 0.8206875 0.46351288124999995 0.8194375 0.45416861875 0.814453125 0.43175644062499996 0.79453125 0.42428571406250004 0.77334375 0.44482435625
0 0.49371875000000004 0.175152225 0.489765625 0.1722014046875 0.48353124999999997 0.16775175625 0.47303125 0.16627634687499998 0.467109375 0.1638173296875 0.46678125000000004 0.16627634687499998 0.46645312499999997 0.1722014046875 0.4684375 0.1800702578125 0.471390625 0.185971896875 0.4841875 0.19138173281249998 0.48615624999999996 0.1899063234375 0.48878125 0.18548009375000002 0.49371875000000004 0.175152225
0 0.83046875 0.45864168593750004 0.8313124999999999 0.45864168593750004 0.8333281250000001 0.458384075 0.8372187500000001 0.454332553125 0.84059375 0.45079625312499993 0.8448125 0.44674473125 0.8465 0.44346604218749996 0.847515625 0.4371428578125 0.8476874999999999 0.42676815 0.846328125 0.41613583125 0.842109375 0.41334894687499996 0.8372187500000001 0.4118501171875 0.834859375 0.41032786874999994 0.8313124999999999 0.409812646875 0.831140625 0.41159250625 0.830640625 0.4163934421875 0.8272656250000001 0.4153864171875 0.823046875 0.41234192031249994 0.8178124999999999 0.40932084375000005 0.8151093749999999 0.41133489531249995 0.8135937500000001 0.41334894687499996 0.811734375 0.416908665625 0.8097031250000001 0.426252928125 0.8098750000000001 0.429812646875 0.8134218750000001 0.43131147500000006 0.8159531250000001 0.43435597187499997 0.8176406249999999 0.438899296875 0.8183125 0.44978922656250003 0.8203437499999999 0.454847775 0.8218593750000001 0.45889929687500003 0.8237187499999999 0.45864168593750004 0.8284375 0.45864168593750004 0.83046875 0.45864168593750004
3 0.19859374999999999 0.24173302031250002 0.20787499999999998 0.231311475 0.209421875 0.22435597187499998 0.2183125 0.21044496562499998 0.21521875000000001 0.193044496875 0.214453125 0.181451990625 0.20709375 0.17681498906249998 0.197421875 0.17740046874999998 0.19471875 0.193044496875 0.193171875 0.2 0.191625 0.2191334890625 0.19007812500000001 0.22957845468750002 0.1935625 0.235948478125 0.19859374999999999 0.24173302031250002
3 0.1605625 0.170843090625 0.15509375 0.1857611234375 0.158078125 0.2036533953125 0.165546875 0.2118735359375 0.1755 0.21709601875 0.18146875 0.1805386421875 0.172515625 0.163372365625 0.1605625 0.170843090625
3 0.313765625 0.6612646375 0.316125 0.678196721875 0.321765625 0.69583138125 0.32742187500000003 0.705011709375 0.336125 0.705011709375 0.34225 0.6982903984375 0.345078125 0.6891334890625 0.3453125 0.675011709375 0.343890625 0.6626697890625 0.334953125 0.6478454328125001 0.320828125 0.6541920375 0.313765625 0.6612646375