3 0.24898437499999998 0.4054929578125 0.243546875 0.410962440625 0.228109375 0.44098591562499995 0.216296875 0.48873239375 0.216296875 0.5310093890625 0.21993749999999998 0.5910328640625 0.232640625 0.6483333328125 0.2408125 0.671525821875 0.25353125 0.679718309375 0.260796875 0.6633568078125001 0.29167187499999997 0.6729107984375 0.310734375 0.67016431875 0.32890625 0.64016431875 0.341609375 0.60194835625 0.356140625 0.581502346875 0.37975 0.6196948359375 0.384296875 0.5937793421875 0.40064062500000003 0.5896713609375 0.44059375 0.581502346875 0.47418750000000004 0.5896713609375 0.51325 0.6388028171875 0.5504687500000001 0.645610328125 0.570453125 0.6483333328125 0.584078125 0.660610328125 0.59315625 0.6742722999999999 0.6131249999999999 0.6374178406250001 0.632203125 0.6101408453125 0.63765625 0.5910328640625 0.634015625 0.56375586875 0.616765625 0.5596713609374999 0.6131249999999999 0.55694835625 0.61040625 0.5951408453125 0.595875 0.6142253515625 0.574078125 0.61697183125 0.5631875 0.6196948359375 0.553203125 0.6046948359375001 0.538671875 0.57875586875 0.539578125 0.5446478875 0.5459375 0.524201878125 0.56046875 0.522840375 0.543203125 0.5078169015625 0.525953125 0.494178403125 0.5159687500000001 0.49009389687500005 0.511421875 0.49009389687500005 0.50053125 0.50373239375 0.48054687500000004 0.5160093890625 0.463296875 0.520093896875 0.444234375 0.51873239375 0.4260625 0.5078169015625 0.416984375 0.50373239375 0.398828125 0.505093896875 0.382484375 0.51873239375 0.366125 0.5255633796875 0.34796875 0.513286384375 0.3506875 0.5078169015625 0.321640625 0.4627934265625 0.292578125 0.451877934375 0.2680625 0.42732394375 0.24898437499999998 0.4054929578125
3 0.45962500000000006 0.98213615 0.62384375 0.9477464781249999 0.62384375 0.9418309859375 0.622265625 0.93946009375 0.594625 0.9216666671875 0.5685781249999999 0.9216666671875 0.5448906250000001 0.922840375 0.525953125 0.931150234375 0.469890625 0.9418309859375 0.41779687499999996 0.9596009390625 0.399640625 0.9762206578124999 0.45962500000000006 0.98213615
2 0.6725625 0.537769953125 0.6916249999999999 0.5611971828125 0.712421875 0.5455633796875 0.712421875 0.5664084500000001 0.689890625 0.5924413140625 0.719359375 0.6211032859375 0.729765625 0.5794366203125 0.7453593749999999 0.569014084375 0.7505625 0.50910798125 0.7505625 0.4075586859375 0.729765625 0.46483568125 0.72109375 0.49610328593749997 0.700296875 0.49870892031249997 0.696828125 0.511713615625 0.6725625 0.537769953125
2 0.5389999999999999 0.208638496875 0.532546875 0.208638496875 0.5280781250000001 0.20267605625 0.520125 0.2041549296875 0.520125 0.2161032859375 0.519140625 0.224295775 0.575734375 0.310070421875 0.59659375 0.31232394375 0.589640625 0.2884507046875 0.6055312500000001 0.27053990625 0.603046875 0.263826290625 0.555375 0.23922535156250002 0.5389999999999999 0.208638496875
2 0.233 0.198638496875 0.206921875 0.41049295781249995 0.222375 0.41194835625000004 0.241703125 0.20009389687499998 0.233 0.198638496875
2 0.8067968750000001 0.2696713609375 0.8258906250000001 0.2744366203125 0.817921875 0.27206572812499996 0.8767968749999999 0.2146948359375 0.841796875 0.18122065781250002 0.8020156249999999 0.2338028171875 0.8067968750000001 0.2696713609375
2 0.5778125000000001 0.38302816875 0.582265625 0.38685445937499996 0.5956406249999999 0.38112676093750003 0.61921875 0.36483568125 0.61921875 0.355281690625 0.6173124999999999 0.3495305171875 0.6173124999999999 0.3399530515625 0.6185937499999999 0.334201878125 0.6205 0.3294131453125 0.61540625 0.31697183125 0.606484375 0.315070421875 0.602015625 0.315070421875 0.594375 0.31697183125 0.588 0.3236854453125 0.5848125 0.33230046875 0.58290625 0.3370892015625 0.572703125 0.34856807500000003 0.57525 0.3600469484375 0.57525 0.3734507046875 0.5778125000000001 0.38302816875
2 0.352765625 0.252159625 0.31823437499999996 0.252159625 0.32799999999999996 0.29161971875 0.350515625 0.300633803125 0.390296875 0.314178403125 0.394046875 0.30288732343749997 0.391046875 0.273568075 0.352765625 0.252159625
2 0.22446875 0.170704225 0.231640625 0.17276995312500001 0.27364062499999997 0.1655868546875 0.2999375 0.1435211265625 0.292078125 0.13481220625 0.273296875 0.14300469531249999 0.27090625 0.139929578125 0.26134375 0.14455399062500002 0.24428125 0.1553286390625 0.22890625 0.1573708921875 0.22515625 0.15481220625 0.222765625 0.1578873234375 0.22446875 0.170704225
2 0.05014062500000001 0.6389671359375 0.0466875 0.6675352109375 0.04840625 0.6909154921875 0.072609375 0.7272769953125 0.088171875 0.7324647890625 0.065703125 0.628568075 0.05014062500000001 0.6389671359375
2 0.901640625 0.5115258218750001 0.895109375 0.49314554062499993 0.8853125000000001 0.47967136093749996 0.8747187500000001 0.50786385 0.8820625 0.5323708921875 0.8918437499999999 0.5703521125 0.901640625 0.5115258218750001