3 0.5558548015625 0.7931250000000001 0.5703747078125 0.793484375 0.59189695625 0.7906093750000001 0.61770491875 0.78559375 0.6381498828125001 0.780203125 0.6473067921875 0.7737499999999999 0.648384075 0.76728125 0.6456908671875 0.765859375 0.6236299765625 0.77159375 0.598875878125 0.7755468750000001 0.5719906328125 0.776265625 0.555316159375 0.773390625 0.550468384375 0.7712343749999999 0.545620609375 0.770875 0.5337939109375001 0.776984375 0.5354098359374999 0.78990625 0.5558548015625 0.7931250000000001
3 0.46976580781250005 0.771015625 0.47864168593749995 0.768234375 0.481428571875 0.76675 0.4747540984375 0.76396875 0.46644028125 0.7613749999999999 0.4489227171875 0.75915625 0.437259953125 0.75878125 0.4247540984375 0.763046875 0.41810304374999996 0.767671875 0.4169789234375 0.7776875000000001 0.4178220140625 0.77934375 0.4255971890625 0.7769375000000001 0.44365339531250003 0.778234375 0.451428571875 0.772671875 0.4608665109375 0.7719375 0.46976580781250005 0.771015625
3 0.4974238875 0.743265625 0.4907259953125 0.737953125 0.4794145203125 0.73346875 0.46976580781250005 0.731515625 0.4580327875 0.7320781249999999 0.4488056203125 0.7323593749999999 0.44126463749999995 0.734875 0.44126463749999995 0.737953125 0.44587822031249996 0.74409375 0.45845433281250003 0.7482968750000001 0.468079625 0.748859375 0.4898829046875 0.75584375 0.5003512875 0.752765625 0.49953161562500004 0.748578125 0.4974238875 0.743265625
3 0.498384075 0.73309375 0.5135128812499999 0.729171875 0.515620609375 0.72553125 0.47948477812499996 0.721328125 0.47276346562500005 0.722734375 0.4702576109375 0.7252500000000001 0.47948477812499996 0.731703125 0.482435596875 0.7328125 0.49461358281249995 0.7420625000000001 0.498384075 0.73309375
3 0.5323887593750001 0.79540625 0.5302810296875 0.799328125 0.52416861875 0.800578125 0.5258079625 0.8024687500000001 0.5349882906250001 0.8048125 0.5415690859375 0.806390625 0.548384075 0.807796875 0.5810772828124999 0.792265625 0.559203746875 0.794625 0.5380327874999999 0.7913281249999999 0.5328571421875 0.786296875 0.5316861828125 0.782375 0.5251053859375 0.783796875 0.52416861875 0.78771875 0.528875878125 0.792578125 0.5323887593750001 0.79540625
0 0.5021779859375 0.780984375 0.5006089 0.780984375 0.4974238875 0.783796875 0.4974238875 0.7873281249999999 0.5000702578125 0.7954375 0.506955503125 0.80003125 0.5191100703125 0.801796875 0.5291569093749999 0.798265625 0.53391100625 0.7954375 0.5207025765625 0.7873281249999999 0.51805620625 0.7873281249999999 0.5143559718749999 0.7852187500000001 0.5111709609374999 0.7816875 0.5074707265625 0.7795625 0.5064168625 0.780265625 0.50482435625 0.780265625 0.5021779859375 0.780984375
0 0.4600936765625 0.7897968750000001 0.4566978921875 0.78753125 0.45573770468749997 0.779109375 0.46348946093750004 0.772640625 0.45864168593750004 0.772640625 0.44894613593750005 0.7732812499999999 0.4450585484375 0.780734375 0.4455503515625 0.786234375 0.4474707265625 0.786234375 0.4508665109375 0.78753125 0.4600936765625 0.7897968750000001
0 0.5083372359375 0.77996875 0.5145667453125 0.7716406250000001 0.5032318499999999 0.7710781250000001 0.4913348953125 0.7765625 0.48538641718750003 0.8032187499999999 0.49784543281250004 0.791125 0.49784543281250004 0.7846875 0.50067915625 0.781859375 0.5083372359375 0.77996875
0 0.488079625 0.7753593750000001 0.47927400468750003 0.7763125 0.47414519843749997 0.77915625 0.47414519843749997 0.784078125 0.47501170937500004 0.791859375 0.47868852500000003 0.7998125 0.4849414515625 0.8045625 0.4909133484375 0.7759375000000001 0.488079625 0.7753593750000001
3 0.5861124125 0.775 0.5971194375 0.773 0.6053864171875001 0.769484375 0.6113817328125 0.7653125000000001 0.6176346609375 0.7579687500000001 0.5886182671875 0.75896875 0.554847775 0.761640625 0.5485948484375001 0.761984375 0.548852459375 0.763484375 0.555339578125 0.771484375 0.564355971875 0.7745 0.5725995312500001 0.77565625 0.5861124125 0.775
3 0.617868853125 0.758421875 0.6140749421875 0.7642187500000001 0.5902576109375001 0.7743125 0.58194379375 0.775828125 0.584964871875 0.77734375 0.6409367687499999 0.76775 0.6458548015625001 0.758921875 0.635644028125 0.758421875 0.6363934421875 0.7576562499999999 0.635644028125 0.75009375 0.6344964875 0.7460625000000001 0.631475409375 0.745296875 0.609531615625 0.7498437499999999 0.5668149890625 0.75615625 0.5679391093749999 0.7606875 0.5739812640624999 0.7604375 0.5702107734374999 0.7606875 0.6167213109375 0.758171875 0.617868853125 0.758421875
3 0.48932084375 0.7715156249999999 0.495152225 0.7715156249999999 0.49903981249999996 0.765671875 0.49611241250000004 0.7582187499999999 0.47763466093750007 0.749765625 0.4508665109375 0.7458750000000001 0.44065573750000003 0.74846875 0.435292740625 0.7582187499999999 0.45962529218750003 0.760484375 0.47763466093750007 0.766 0.48932084375 0.7715156249999999
3 0.6007728343750001 0.751328125 0.616651053125 0.7495625 0.6150585484375 0.7414531249999999 0.572740046875 0.755203125 0.6007728343750001 0.751328125
3 0.6288056203125 0.614296875 0.617564403125 0.604875 0.5986182671875 0.5956718750000001 0.5864168624999999 0.594375 0.5758079625 0.589890625 0.571007025 0.590953125 0.5674707265625 0.596734375 0.5690866515625 0.605734375 0.57229508125 0.60809375 0.5934894609375 0.613234375 0.617236534375 0.617515625 0.6214051515625 0.618375 0.6288056203125 0.614296875