3 0.8766562499999999 0.4027708328125 0.88646875 0.4108333328125 0.895140625 0.40981249999999997 0.9026875000000001 0.40077083281250003 0.9026875000000001 0.3861875 0.8981562500000001 0.3731041671875 0.890234375 0.3680833328125 0.8827031249999999 0.3791458328125 0.8762812500000001 0.3932291671875 0.8766562499999999 0.4027708328125
3 0.95865625 0.28922916718749997 0.9536250000000001 0.29075 0.949046875 0.2950208328125 0.946484375 0.3026875 0.9461718749999999 0.3099166671875 0.947453125 0.3226875 0.952875 0.3325 0.9547968750000001 0.33418749999999997 0.966921875 0.33206250000000004 0.97171875 0.3282291671875 0.9774687500000001 0.3222708328125 0.97875 0.3163125 0.9784218750000001 0.3095 0.9749062500000001 0.295875 0.9691562499999999 0.2933125 0.9689687499999999 0.2925833328125 0.963703125 0.28922916718749997 0.95865625 0.28922916718749997
3 0.265078125 0.48645833281249995 0.26196875 0.48645833281249995 0.25451562499999997 0.4889583328125 0.257 0.4997083328125 0.265078125 0.4955833328125 0.265078125 0.48645833281249995
3 0.817296875 0.80475 0.8240624999999999 0.7975416671875 0.8259531250000001 0.7917708328125 0.821890625 0.7849166671875001 0.8164843749999999 0.7773541671875 0.813515625 0.7690625 0.807828125 0.7690625 0.8045937500000001 0.7701458328124999 0.802421875 0.7787916671875 0.797828125 0.7946666671875 0.80053125 0.7971874999999999 0.8081093750000001 0.8040208328125 0.817296875 0.80475
3 0.36312500000000003 0.18895833281250002 0.362484375 0.1838541671875 0.360578125 0.17916666718750002 0.3570625 0.1770416671875 0.351953125 0.1757708328125 0.349390625 0.1783125 0.348125 0.1838541671875 0.348765625 0.1906666671875 0.3541875 0.1949166671875 0.358015625 0.19577083281250002 0.360578125 0.1940625 0.36312500000000003 0.18895833281250002
3 0.34784375 0.2109791671875 0.349390625 0.21637499999999998 0.35228125 0.2194583328125 0.358453125 0.2186875 0.360390625 0.20941666718750002 0.35884375 0.2053125 0.35459375 0.20350000000000001 0.35150000000000003 0.2045416671875 0.35228125 0.2045416671875 0.3491875 0.20608333281250002 0.34784375 0.2109791671875
3 0.34703125 0.2143125 0.34784375 0.2090625 0.34703125 0.20270833281249998 0.34325 0.1992083328125 0.33915625 0.20031249999999998 0.33718750000000003 0.20445833281249998 0.336859375 0.21125 0.33849999999999997 0.21497916718750001 0.338828125 0.2162916671875 0.34521875 0.21716666718750002 0.34703125 0.2143125
3 0.8385624999999999 0.5865625 0.8427187500000001 0.5911875 0.837515625 0.5962916671875 0.8434062499999999 0.5995208328125 0.851046875 0.5976666671875 0.8635468749999999 0.58425 0.861453125 0.5699166671875 0.8569531250000001 0.5712916671875 0.853828125 0.5620416671874999 0.854859375 0.5592708328125 0.851390625 0.5560208328125 0.848625 0.5560208328125 0.83890625 0.5652916671875 0.836125 0.5597291671875 0.829875 0.5662083328125 0.8387343749999999 0.5759270828124999 0.8302343750000001 0.5851875 0.8385624999999999 0.5865625
3 0.9694375000000001 0.73475 0.9739218749999999 0.7410833328125 0.9765625 0.7446041671875 0.97365625 0.7463541671875 0.967859375 0.7467083328124999 0.95940625 0.7453125 0.9596718750000001 0.7502291671875 0.9602031249999999 0.7597291671875 0.9620468750000001 0.7650208328125 0.96759375 0.7731041671875001 0.9755 0.7769791671874999 0.98553125 0.7745208328125 0.99478125 0.767125 0.99846875 0.7562083328125 0.99740625 0.746 0.9942500000000001 0.7358125 0.991875 0.7319375 0.99028125 0.7298125 0.9844843750000001 0.7263124999999999 0.9744531249999999 0.7259583328125 0.9646874999999999 0.729125 0.9641562499999999 0.7301666671875 0.9665312500000001 0.7326458328125 0.9694375000000001 0.73475
3 0.7775937500000001 0.725875 0.782359375 0.7332291671875 0.7845625 0.7312708328124999 0.784109375 0.7204375 0.7845625 0.7195208328125 0.79228125 0.7312708328124999 0.7963125 0.7332291671875 0.8020625000000001 0.7294166671875 0.80409375 0.7162499999999999 0.80115625 0.7034166671875 0.79071875 0.6989166671875 0.780890625 0.7048333328124999 0.777953125 0.7107083328125 0.7775937500000001 0.725875
3 0.85765625 0.770125 0.863421875 0.7712083328125 0.8665156250000001 0.7681875 0.868171875 0.7561041671875001 0.8613593749999999 0.7561041671875001 0.8617812499999999 0.750875 0.859515625 0.7489375 0.8549687499999999 0.7547291671874999 0.85725 0.7582916671875 0.854765625 0.7607708328125 0.85415625 0.7654375 0.85765625 0.770125
3 0.19096875 0.1907291671875 0.191921875 0.1904166671875 0.19239062499999998 0.1894791671875 0.192625 0.1869375 0.19215625 0.18220833281249998 0.1905 0.18 0.186703125 0.1793541671875 0.1869375 0.1768333328125 0.186703125 0.1721041671875 0.186234375 0.1708333328125 0.18409375 0.16893750000000002 0.18196874999999998 0.17366666718749998 0.180078125 0.16799999999999998 0.1779375 0.1676666671875 0.176515625 0.1683125 0.17485937499999998 0.1722708328125 0.17485937499999998 0.178 0.1775 0.1824166671875 0.182140625 0.18504166718749998 0.18246875 0.1903333328125 0.18478125 0.1929791671875 0.185046875 0.1932708328125 0.189078125 0.192 0.19096875 0.1907291671875
3 0.26364062499999996 0.4495833328125 0.26160937500000003 0.4495833328125 0.258609375 0.4490416671875 0.2564375 0.4499375 0.255484375 0.4535625 0.2564375 0.45737500000000003 0.25915625000000003 0.45845833281250004 0.260796875 0.45447916718750003 0.26160937500000003 0.45337500000000003 0.26364062499999996 0.4495833328125
3 0.1015625 0.5520833328125 0.10625 0.5520833328125 0.1109375 0.5583333328125 0.1203125 0.5625 0.1375 0.6375 0.1421875 0.64375 0.1484375 0.64375 0.159375 0.6583333328125 0.1796875 0.6541666671875 0.184375 0.65625 0.2 0.65 0.2171875 0.65 0.2328125 0.6583333328125 0.2453125 0.6604166671875 0.2484375 0.6645833328124999 0.275 0.6708333328125 0.278125 0.675 0.2859375 0.675 0.296875 0.68125 0.3609375 0.68125 0.3640625 0.6770833328125 0.371875 0.6770833328125 0.375 0.6729166671875 0.375 0.6541666671875 0.3609375 0.6333333328124999 0.3484375 0.625 0.3359375 0.6104166671875 0.2515625 0.6125 0.2296875 0.45416666718750004 0.2328125 0.44166666718750003 0.23515625 0.44305555625000004 0.2546875 0.39791666718749996 0.2640625 0.39791666718749996 0.2671875 0.39375 0.26875 0.38125 0.2859375 0.38333333281250004 0.2890625 0.3708333328125 0.284375 0.3645833328125 0.2689453125 0.3723958328125 0.2640625 0.36875 0.2546875 0.3395833328125 0.25 0.3333333328125 0.2375 0.3333333328125 0.2328125 0.3395833328125 0.2328125 0.35208333281250004 0.2390625 0.3583333328125 0.24609375 0.38333333281250004 0.1166015625 0.4453125 0.1140625 0.43125 0.1171875 0.3875 0.125 0.3083333328125 0.128125 0.3 0.1296875 0.2645833328125 0.1328125 0.1666666671875 0.128125 0.1583333328125 0.11875 0.1583333328125 0.1140625 0.16458333281249998 0.1109375 0.2708333328125 0.10625 0.2979166671875 0.0953125 0.41875 0.102678571875 0.45089285625000003 0.09375 0.45625 0.09375 0.5354166671875 0.1015625 0.5520833328125