1 0.1786041671875 0.696375 0.18929166718749998 0.71403125 0.21922916718750002 0.717234375 0.24704166718749998 0.7108125000000001 0.2898125 0.69959375 0.3368541671875 0.68515625 0.3710833328125 0.678734375 0.3261666671875 0.7445 0.3368541671875 0.776578125 0.3775 0.771765625 0.46731249999999996 0.733265625 0.5229166671875001 0.64665625 0.5207708328125 0.7926249999999999 0.5507291671875 0.8519687499999999 0.5870833328125 0.8760312499999999 0.6170208328125 0.8535625 0.6298541671875 0.819890625 0.6319791671874999 0.731671875 0.6576458328125 0.600140625 0.5614166671875 0.5552343750000001 0.5421666671875001 0.5295625 0.53575 0.49107812500000003 0.5122291671875 0.50871875 0.475875 0.48946875 0.4523333328125 0.473421875 0.43952083281250004 0.454171875 0.4052916671875 0.4205 0.339 0.398046875 0.2876666671875 0.41728125 0.24704166718749998 0.44134375 0.2256458328125 0.458984375 0.2363333328125 0.478234375 0.2448958328125 0.486265625 0.2898125 0.49107812500000003 0.24275000000000002 0.52796875 0.18929166718749998 0.614578125 0.20212500000000003 0.649859375 0.18929166718749998 0.673921875 0.1786041671875 0.696375
1 0.8322499999999999 0.5544687500000001 0.8779375 0.568171875 0.8870833328125001 0.59146875 0.9309375 0.614765625 0.9985416671875 0.632578125 1 0.550359375 0.9327500000000001 0.5270625 0.8578333328125 0.49690625 0.7957083328125 0.485953125 0.7993750000000001 0.491421875 0.8158125 0.5065000000000001 0.8322499999999999 0.5544687500000001
1 0.5333333328125 0.305765625 0.5303333328125001 0.305765625 0.5363333328125 0.31925 0.5602916671875 0.31475 0.6052500000000001 0.287796875 0.6561874999999999 0.236109375 0.6561874999999999 0.211390625 0.6621666671875001 0.19790625 0.7101041671874999 0.17093750000000002 0.7101041671874999 0.11251562500000001 0.6501875 0.0675625 0.6052500000000001 0.134984375 0.5962500000000001 0.157453125 0.5752708328125 0.206890625 0.5662916671875 0.2698125 0.5333333328125 0.305765625
1 0.20972916718749998 0.238203125 0.2157291671875 0.240453125 0.25768749999999996 0.206734375 0.2906458328125 0.19775 0.2307083328125 0.188765625 0.1737916671875 0.161796875 0.13783333281250001 0.13034375 0.1168541671875 0.105625 0.10487500000000001 0.103375 0.0629166671875 0.11909375 0.0359583328125 0.1438125 0.0179791671875 0.18426562500000002 0.006 0.208984375 0.0179791671875 0.206734375 0.1108541671875 0.213484375 0.1737916671875 0.23595312499999999 0.20074999999999998 0.240453125 0.20972916718749998 0.238203125
1 0 0.624234375 0.0642291671875 0.579328125 0.0779583328125 0.545625 0.0829375 0.5175625 0.10914583281250001 0.487609375 0.10541666718750001 0.46234374999999994 0.1078958328125 0.41742187499999994 0.1004166671875 0.37625000000000003 0.0455208328125 0.381859375 0 0.381859375 0 0.624234375
1 1 0.671765625 0.9771666671875 0.6539843750000001 0.9574166671875 0.637671875 0.9435625 0.62284375 0.8941458328125 0.605046875 0.9040416671875 0.613953125 0.8803124999999999 0.597640625 0.896125 0.67621875 0.8941458328125 0.714765625 0.9000833328125 0.7429375 0.9376458328125 0.765171875 1 0.7740625 1 0.671765625
1 0.3344166671875 0.7445625 0.32175 0.76221875 0.3525416671875 0.779875 0.3796875 0.7730937499999999 0.4485 0.745921875 0.5209374999999999 0.6657968750000001 0.5318125 0.597890625 0.5481041671875 0.547640625 0.5607916671875001 0.539484375 0.5462916671875 0.527265625 0.5499166671875 0.513671875 0.5535416671875 0.498734375 0.5426666671875 0.49601562499999996 0.53 0.494671875 0.5209374999999999 0.498734375 0.5010208328125 0.5231874999999999 0.4648125 0.539484375 0.34710416718750003 0.7011093749999999 0.3344166671875 0.7445625
1 0.7100416671875001 0.17181249999999998 0.6774375 0.194125 0.6561874999999999 0.23132812500000002 0.6561874999999999 0.277046875 0.6717708328125 0.29298437499999996 0.7157083328125 0.26321875 0.7539791671875 0.21751562500000002 0.7709791671875 0.1951875 0.7936666671875 0.163296875 0.721375 0.11759375000000001 0.7227916671875 0.12928125 0.7100416671875001 0.17181249999999998
3 0.2953541671875 0.8362187499999999 0.278625 0.8688593750000001 0.2802916671875 0.911546875 0.30874999999999997 0.93540625 0.35562499999999997 0.9479531250000001 0.4058333328125 0.9517187500000001 0.4493541671875 0.92284375 0.47781250000000003 0.896484375 0.47781250000000003 0.8575625 0.4711041671875 0.83496875 0.446 0.824921875 0.4560416671875 0.8098593749999999 0.45939583281249996 0.7947968750000001 0.4610625 0.76090625 0.4409791671875 0.74709375 0.40750000000000003 0.76340625 0.3706875 0.773453125 0.32547916718750003 0.78225 0.32214583281250003 0.78225 0.3053958328125 0.7696875000000001 0.3037291671875 0.7521093750000001 0.30874999999999997 0.74834375 0.32214583281250003 0.7521093750000001 0.33218749999999997 0.715703125 0.2769375 0.737046875 0.2652291671875 0.772203125 0.27527083281250003 0.814890625 0.2953541671875 0.8362187499999999
3 0.5652291671875 0.960140625 0.5834583328125 0.969640625 0.6064166671875 0.976171875 0.629375 0.9827031249999999 0.6705416671875 0.985078125 0.6689583328125 0.963703125 0.67925 0.9375781249999999 0.6824166671875 0.927484375 0.6808333328125 0.914421875 0.6504375 0.9003125000000001 0.6336875 0.88009375 0.627125 0.86425 0.6234791671875 0.855515625 0.6125416671874999 0.85878125 0.6074583328125 0.868078125 0.6081875 0.88009375 0.5965208328125 0.8877499999999999 0.5855833328125 0.890484375 0.5608125 0.890484375 0.5513541671875 0.8893906250000001 0.5513541671875 0.8806406250000001 0.5615416671875 0.868078125 0.5588958328125 0.8651249999999999 0.5383125 0.888296875 0.5406875 0.9072968749999999 0.5541458328125 0.941734375 0.5652291671875 0.960140625
3 0.9288333328125 0.3460625 0.8838958328125001 0.32584375 0.8479374999999999 0.32359375 0.8299583328125 0.341578125 0.8149791671875001 0.382015625 0.7820208328125 0.393265625 0.7730416671875 0.43370312499999997 0.7969999999999999 0.4449375 0.898875 0.442703125 0.9348333328124999 0.42021875 0.9378333328125 0.37753125 0.9288333328125 0.3460625
3 0.8808958328125 0.267046875 0.8838958328125001 0.260296875 0.8808958328125 0.2558125 0.8419375 0.22434375 0.794 0.20860937499999999 0.7520625 0.22209374999999998 0.7400833328124999 0.242328125 0.7131041671875 0.28053125 0.7131041671875 0.32996875000000003 0.7280833328125 0.33220312500000004 0.7730416671875 0.34568750000000004 0.7910208328125 0.31871875 0.8359583328125 0.28053125 0.8808958328125 0.267046875
3 0.7536041671875 0.377171875 0.7642708328125 0.384265625 0.7695833328125 0.38915625 0.7642708328125 0.390921875 0.7642708328125 0.39359375 0.7530208328125 0.39846875000000004 0.7382291671875 0.394921875 0.7269791671875 0.38915625 0.7204791671875 0.381609375 0.7104166671875001 0.37671875 0.7062708328125 0.37584375 0.684375 0.37184375 0.6778541671875 0.36917187500000004 0.6630625 0.36740625 0.6411666671875 0.364734375 0.6518125 0.37584375 0.6683958328124999 0.3958125 0.673125 0.40335937499999996 0.6737083328125 0.41178125000000004 0.6695833328125 0.418 0.673125 0.423765625 0.673125 0.429984375 0.6719375000000001 0.43709375 0.6784583328125 0.43753125 0.6891041671875 0.44153125 0.6967916671875 0.442859375 0.7056666671875 0.442859375 0.7186874999999999 0.43975 0.7281666671875 0.43931250000000005 0.7382291671875 0.44153125 0.7453333328125 0.447296875 0.7542083328125 0.44551562499999997 0.7642708328125 0.44240625 0.7749166671875 0.43753125 0.7832083328125 0.42954687500000005 0.7832083328125 0.42865624999999996 0.7808333328125 0.42154687500000004 0.7796458328125 0.414453125 0.78025 0.408234375 0.784375 0.403796875 0.7908958328125 0.39625 0.7991875 0.390921875 0.7962291671874999 0.384265625 0.7879375 0.3740625 0.7790625 0.366953125 0.769 0.36075 0.7565625 0.355859375 0.7417708328125 0.35453125 0.7299375 0.355421875 0.7252083328125 0.359859375 0.7305208328125 0.36296875 0.7435416671875 0.3700625 0.7536041671875 0.377171875
3 0.4866041671875 0.70021875 0.518625 0.73334375 0.5175208328124999 0.653015625 0.49654166718750004 0.697734375 0.4866041671875 0.70021875
3 0.8510833328125 0.322953125 0.8839166671875001 0.32551562500000003 0.9297291671875 0.345515625 0.9365833328125 0.366046875 0.9441041671875 0.357828125 0.953 0.33884375 0.9502499999999999 0.31320312499999997 0.9400000000000001 0.29959375 0.9269999999999999 0.289328125 0.9146875 0.2836875 0.8996458328125 0.279078125 0.8873333328124999 0.27753125 0.8722708328125 0.27753125 0.8627083328125 0.279078125 0.8483333328124999 0.28112499999999996 0.8339791671875 0.28317187499999996 0.8189166671875 0.28728125000000004 0.8045625 0.295484375 0.7956666671875 0.30215625 0.7874583328125 0.313953125 0.7847291671875001 0.3231875 0.7847291671875001 0.333453125 0.7854166671875 0.34371874999999996 0.7877500000000001 0.335609375 0.7919583328125 0.35924999999999996 0.8171875 0.378171875 0.829875 0.341421875 0.8510833328125 0.322953125
3 1 0.470734375 0.9917916671875 0.46609375000000003 0.9671041671875 0.472265625 0.9348750000000001 0.479984375 0.913625 0.49387499999999995 0.8992083328125 0.5139375 0.9959166671874999 0.547359375 1 0.54634375 1 0.470734375
3 0.7905833328125 0.46896875 0.7956875 0.47757812499999996 0.8007916671875 0.483328125 0.8186666671875 0.489078125 0.8403541671875001 0.49673437500000006 0.8824791671875 0.5072656249999999 0.8978125 0.50246875 0.9003541671875 0.49768749999999995 0.9118541671875 0.49003125000000003 0.931 0.48045312500000004 0.9488541671874999 0.475671875 0.9654583328124999 0.469921875 0.9731041671874999 0.45843749999999994 0.9795 0.4526875 0.9820416671875 0.439296875 0.968 0.42109375 0.9297083328125 0.396203125 0.9195 0.40865625000000005 0.9156666671875 0.420140625 0.9092916671875001 0.427796875 0.8990833328125 0.4345 0.8837708328125 0.44025 0.8671666671875 0.44312500000000005 0.8505833328125 0.44312500000000005 0.8441875 0.44312500000000005 0.8097291671875 0.44312500000000005 0.8020625000000001 0.439296875 0.7765416671875001 0.43162500000000004 0.7816458328125 0.459390625 0.7905833328125 0.46896875
3 0.9370208328125 0.3665625 0.9380208328125 0.401625 0.9668541671875 0.41953125 0.9817708328125001 0.44564062499999996 0.962875 0.47248437499999996 0.9957083328125 0.46801562499999994 0.9996875 0.34568750000000004 0.9509375 0.312859375 0.9519375 0.31584375 0.9549166671875 0.33821875 0.9370208328125 0.3665625
3 0.4732291671875 0.9829062499999999 0.5405 0.998671875 0.5783541671875 0.98921875 0.5804583328125 0.9624062500000001 0.5510208328124999 0.9245625000000001 0.517375 0.8930312499999999 0.4627083328125 0.90090625 0.4227708328125 0.93403125 0.4290833328125 0.9624062500000001 0.4732291671875 0.9829062499999999
3 0.48022916718750003 0.8380625 0.50875 0.8551718749999999 0.5508333328125 0.8653281249999999 0.5622499999999999 0.862125 0.5650833328125 0.854640625 0.5372916671875 0.8188124999999999 0.525875 0.79153125 0.5194583328125 0.741796875 0.5194583328125 0.73965625 0.5166041671875 0.736984375 0.4716875 0.755171875 0.4552708328125 0.77228125 0.45599999999999996 0.8113125 0.48022916718750003 0.8380625
1 0.004791667187499999 0.731984375 0.047 0.713890625 0.0861875 0.67996875 0.09825 0.617796875 0.07714583281250001 0.595171875 0.05152083281249999 0.587265625 0.0032708328125 0.63475 0.004791667187499999 0.731984375
1 0.2698125 0.25982812499999997 0.2894166671875 0.27 0.32258333281249996 0.279046875 0.3542291671875 0.279046875 0.40095833281250004 0.27565625 0.42056250000000006 0.272265625 0.4446875 0.27 0.4687916671875 0.26773437499999997 0.4793541671875 0.26321875 0.48689583281250004 0.24851562500000002 0.485375 0.24512499999999998 0.4612708328125 0.242875 0.4461875 0.242875 0.3708125 0.23834375 0.306 0.21800000000000003 0.23664583281249998 0.234953125 0.22760416718749998 0.24626562500000002 0.2502291671875 0.24626562500000002 0.2698125 0.25982812499999997
3 1 0.7678281250000001 0.9958333328125001 0.76225 0.9809583328124999 0.761859375 0.9719166671874999 0.758265625 0.9548958328125 0.7610625 0.9400208328125 0.772625 0.9394791671875 0.787765625 0.9453333328125 0.8013281250000001 0.96075 0.8049062499999999 0.9915833328125 0.8085000000000001 1 0.8049062499999999 1 0.7678281250000001