1 0.5313125000000001 0.2689436625 0.5313125000000001 0.181502346875 0.5148906249999999 0.1321830984375 0.489515625 0.11424882656249999 0.43728125 0.14786385 0.42534375 0.1613145546875 0.458171875 0.2779107984375 0.49400000000000005 0.2936150234375 0.5327968750000001 0.28016431875 0.5313125000000001 0.2689436625
1 0.325421875 0.5648826296875 0.338140625 0.552605634375 0.35175 0.522582159375 0.35539062499999996 0.49802816875 0.359921875 0.47483568125 0.35539062499999996 0.4530046953125 0.33178125 0.405258215625 0.286375 0.3875352109375 0.25640625 0.4038967140625 0.24278125 0.4230046953125 0.22917187499999997 0.4625586859375 0.230078125 0.5103051640625 0.24006249999999998 0.55124413125 0.280015625 0.5730751171875 0.3018125 0.58124413125 0.325421875 0.5648826296875
1 0.423921875 0.422042253125 0.44139062500000004 0.433286384375 0.489640625 0.432042253125 0.502125 0.422042253125 0.5096093749999999 0.414553990625 0.5162656250000001 0.402042253125 0.5237499999999999 0.38955399062499996 0.5179218750000001 0.365798121875 0.5104375 0.338309859375 0.501296875 0.315821596875 0.49629687499999997 0.310821596875 0.47301562500000005 0.305821596875 0.450546875 0.307065728125 0.44139062500000004 0.308309859375 0.43307812500000004 0.310821596875 0.413109375 0.323309859375 0.40978125 0.338309859375 0.404796875 0.358309859375 0.40978125 0.383309859375 0.41643749999999996 0.40704225312500003 0.423921875 0.422042253125
1 0.530796875 0.41213615 0.538 0.43549295781249997 0.550890625 0.4531690140625 0.5584687500000001 0.44690140781250004 0.590703125 0.44462441249999995 0.583125 0.42694835624999994 0.574390625 0.392769953125 0.5725 0.3665727703125 0.56984375 0.3483568078125 0.55771875 0.3227230046875 0.55203125 0.299366196875 0.538 0.2868309859375 0.534203125 0.2822769953125 0.523203125 0.28340375624999997 0.511828125 0.29251173750000004 0.506140625 0.309037559375 0.514484375 0.3529107984375 0.530421875 0.395633803125 0.530796875 0.41213615
1 0.215125 0.71140845 0.2305625 0.618661971875 0.220265625 0.569201878125 0.195578125 0.529014084375 0.160609375 0.54448356875 0.15340625000000002 0.5522065734375 0.144140625 0.6202112671875 0.16265625 0.722230046875 0.20278125 0.72375586875 0.215125 0.71140845
1 0.333203125 0.6256572765625 0.35917187500000003 0.6289906109375 0.371890625 0.6215023468750001 0.37465625 0.60159624375 0.348125 0.58 0.33596875000000004 0.557605634375 0.308890625 0.574201878125 0.2856875 0.5775117375 0.269109375 0.5708685453125 0.268015625 0.599929578125 0.269109375 0.6123708921875 0.292328125 0.6148826296875 0.333203125 0.6256572765625
1 0.4225625 0.2288967140625 0.42646875 0.207394365625 0.42646875 0.2054225359375 0.418 0.179014084375 0.399125 0.1702112671875 0.377640625 0.1643427234375 0.37698437500000004 0.1643427234375 0.352890625 0.1653286390625 0.329453125 0.1760798125 0.31253125000000004 0.19467136093749998 0.30667187500000004 0.217159625 0.30276562500000004 0.2338028171875 0.309921875 0.24943662031249997 0.324890625 0.26410798125 0.341171875 0.270962440625 0.34703125 0.2699765265625 0.37828125 0.2699765265625 0.395859375 0.26704225312499996 0.41084375 0.25335680781250003 0.4225625 0.2288967140625
1 0.602796875 0.698497653125 0.6207499999999999 0.6850234734375 0.63271875 0.655798121875 0.63271875 0.628849765625 0.625234375 0.5973708921875 0.625234375 0.5838967140625 0.6207499999999999 0.5704225359375 0.602796875 0.5726525828125 0.578875 0.574906103125 0.557921875 0.579389671875 0.54146875 0.5928873234375 0.5309999999999999 0.628849765625 0.539984375 0.6737793421875 0.5534375 0.73446009375 0.571390625 0.7411971828125 0.571390625 0.7389436625 0.578875 0.7164788734374999 0.602796875 0.698497653125
1 0.566640625 0.5220657281250001 0.570734375 0.534906103125 0.57721875 0.5384976531250001 0.587125 0.5415727703125001 0.5953125 0.542605634375 0.604875 0.53694835625 0.61478125 0.5323474171875 0.618875 0.52053990625 0.618875 0.48565727656249996 0.60965625 0.4553755875 0.6031718749999999 0.44563380312499995 0.59053125 0.44100938906250003 0.570734375 0.4425586859375 0.5604843749999999 0.4569248828125 0.559125 0.46563380312499997 0.556734375 0.4718075125 0.55878125 0.4718075125 0.55878125 0.47232394375000003 0.55946875 0.48873239375 0.561171875 0.5092488265624999 0.5625312499999999 0.5153990609375 0.566640625 0.5220657281250001
1 0.448734375 0.6307981218750001 0.44928125 0.6380985921875 0.450359375 0.6445774640625 0.450359375 0.6559154921875 0.448734375 0.664037559375 0.44604687500000006 0.6761971828125 0.454671875 0.6988967140625 0.4751875 0.7207746484374999 0.49135937500000004 0.7207746484374999 0.512953125 0.7069953046874999 0.525890625 0.6778169015625 0.529671875 0.6372769953125 0.5205 0.612957746875 0.512953125 0.6048591546875 0.496765625 0.5967605640625 0.486515625 0.5943192484375001 0.45682812500000003 0.6186384968749999 0.45359375 0.6210798125 0.448734375 0.6307981218750001
1 0.43051562499999996 0.7106807515625 0.40189062499999995 0.714366196875 0.39860937500000004 0.7155868546875 0.38879687500000004 0.72051643125 0.37898437500000004 0.72910798125 0.37571875 0.74016431875 0.37243750000000003 0.75 0.36917187500000004 0.7672065734375 0.3708125 0.7917840375 0.374078125 0.805281690625 0.37653125 0.8200234734375 0.3814375 0.8396948359374999 0.38634375 0.858122065625 0.39615625 0.8728638500000001 0.41496875 0.8814553984375 0.42396874999999995 0.8790140843750001 0.42806249999999996 0.8740845078125 0.43051562499999996 0.869178403125 0.428875 0.8618075125000001 0.42478125 0.8569014078125001 0.41825 0.8446009390624999 0.416609375 0.8175821593749999 0.42642187500000006 0.7979107984375 0.432140625 0.786854459375 0.43949999999999995 0.7733333328125 0.446859375 0.756150234375 0.450953125 0.7512206578125 0.455046875 0.7487793421875 0.4583125 0.7463145546875001 0.46076562499999996 0.74140845 0.4583125 0.734037559375 0.4493125 0.7217370890625 0.4386875 0.7168309859375 0.43051562499999996 0.7106807515625