0 0.48834375 0.31074999999999997 0.48609375000000005 0.3044791671875 0.47748437499999996 0.2987291671875 0.47175 0.2894375 0.46457812499999995 0.28370833281249996 0.455359375 0.2872708328125 0.44571875 0.2968333328125 0.43773437499999995 0.3186875 0.434859375 0.3230625 0.43589062500000003 0.32825000000000004 0.453921875 0.3495625 0.466828125 0.3394375 0.47912499999999997 0.3375416671875 0.48609375000000005 0.3285208328125 0.48834375 0.31074999999999997
0 0.477734375 0.3398541671875 0.466828125 0.3403333328125 0.45665625 0.3519583328125 0.454484375 0.3572916671875 0.45229687500000004 0.3606875 0.45084375000000004 0.370375 0.454484375 0.38635416718750004 0.4559375 0.38829166718749997 0.46065625 0.3955625 0.465375 0.3970208328125 0.469375 0.3965208328125 0.477 0.39216666718750004 0.485734375 0.3887708328125 0.489359375 0.3878125 0.49771875000000004 0.3848958328125 0.4984375 0.38054166718750004 0.496625 0.3747291671875 0.48971875000000004 0.3514791671875 0.485359375 0.34420833281249996 0.481 0.3403333328125 0.477734375 0.3398541671875
2 0.71671875 0.4993541671875 0.730921875 0.4993541671875 0.7423124999999999 0.495375 0.742875 0.4836666671875 0.7400781249999999 0.4804375 0.7189687499999999 0.4844166671875 0.712984375 0.4841666671875 0.7098125 0.4928958328125 0.71 0.4926458328125 0.7094375 0.498625 0.71671875 0.4993541671875
2 0.697765625 0.4880833328125 0.6968593750000001 0.475 0.690625 0.4535625 0.685265625 0.45060416718749996 0.68125 0.4565416671875 0.686609375 0.48452083281249997 0.68615625 0.4880833328125 0.6919531250000001 0.49225 0.697765625 0.4880833328125
2 0.69625 0.5229375 0.70140625 0.5247708328125 0.7050156249999999 0.5151458328125 0.7045 0.49291666718749994 0.7046718750000001 0.4917708328125 0.69796875 0.4871875 0.692640625 0.4924583328125 0.69384375 0.51675 0.69625 0.5229375
2 0.65721875 0.44808333281249996 0.6574375 0.4580833328125 0.6640625 0.4569166671875 0.66890625 0.4569166671875 0.671125 0.45925000000000005 0.6702343749999999 0.44456249999999997 0.667375 0.4413125 0.6611875 0.4413125 0.65721875 0.44808333281249996
2 0.71971875 0.48129166718749994 0.72365625 0.47866666718750006 0.726828125 0.4781458328125 0.7362968750000001 0.47972916718749997 0.7414375 0.48129166718749994 0.7442031250000001 0.48129166718749994 0.74971875 0.47972916718749997 0.751296875 0.4781458328125 0.75209375 0.47339583281250003 0.748140625 0.4649791671875 0.745375 0.4655 0.7422187499999999 0.4655 0.7390625 0.4655 0.728 0.4649791671875 0.722484375 0.4649791671875 0.7193125 0.4649791671875 0.713 0.4676041671875 0.713796875 0.47339583281250003 0.7141875 0.4781458328125 0.713796875 0.47866666718750006 0.715375 0.48129166718749994 0.71971875 0.48129166718749994
1 0.600625 0.41481250000000003 0.6067812499999999 0.4250625 0.611828125 0.41891666718750004 0.615125 0.4051666671875 0.6039218749999999 0.3802708328125 0.59909375 0.375 0.592734375 0.3779375 0.59053125 0.3820416671875 0.5973437500000001 0.39375 0.600625 0.41481250000000003
1 0.6014375000000001 0.40806250000000005 0.59821875 0.3985416671875 0.596078125 0.392125 0.592515625 0.3878333328125 0.591078125 0.3835625 0.587703125 0.3787916671875 0.58128125 0.3761875 0.578421875 0.3730833328125 0.573421875 0.3726041671875 0.57075 0.3711875 0.569859375 0.3711875 0.566109375 0.3730833328125 0.566296875 0.382375 0.5696718749999999 0.3897291671875 0.5996406249999999 0.414 0.6014375000000001 0.40806250000000005
1 0.612265625 0.40931249999999997 0.6072656249999999 0.41995833281249995 0.5999531250000001 0.43060416718749994 0.5999531250000001 0.4456875 0.6079375 0.4479166671875 0.62390625 0.4377083328125 0.6285624999999999 0.42837500000000006 0.6345625 0.3995416671875 0.616921875 0.392 0.61525 0.3933333328125 0.612265625 0.40931249999999997
2 0.741203125 0.4877916671875 0.7435625 0.4975833328125 0.7503124999999999 0.5089375 0.7561875 0.5065833328125 0.75971875 0.49914583281249997 0.7515 0.4834791671875 0.7482656249999999 0.481125 0.741796875 0.4799375 0.741203125 0.4877916671875
2 0.683859375 0.5265625 0.6866875 0.5220833328125 0.6866875 0.5172708328125 0.6864375 0.5152083328125 0.683859375 0.5079791671875 0.68075 0.5100416671875 0.6743125 0.5237916671875 0.676109375 0.5279375 0.6802343750000001 0.5296458328125 0.683859375 0.5265625
2 0.710140625 0.499 0.709453125 0.499 0.70528125 0.4985416671875 0.704234375 0.49945833281249996 0.704234375 0.503625 0.704234375 0.5115000000000001 0.704234375 0.5156666671875 0.702859375 0.5235208328125001 0.702859375 0.5272291671875 0.70875 0.5327708328125 0.7150000000000001 0.53 0.7150000000000001 0.5281458328124999 0.7150000000000001 0.5239791671875 0.71534375 0.5193541671874999 0.7156875 0.5073333328125 0.713609375 0.5017708328125 0.713265625 0.5013124999999999 0.710140625 0.499
2 0.6730937499999999 0.4755416671875 0.672484375 0.48308333281250004 0.677125 0.48954166718750003 0.6819843750000001 0.48981250000000004 0.685015625 0.48631250000000004 0.68621875 0.4814583328125 0.6848124999999999 0.4693333328125 0.68015625 0.455875 0.679953125 0.45560416718749996 0.6789531249999999 0.4528958328125 0.6706562500000001 0.44725000000000004 0.6714687500000001 0.455875 0.671875 0.46125 0.6738906250000001 0.4693333328125 0.6730937499999999 0.4755416671875
2 0.7520781249999999 0.48166666718749995 0.759875 0.479375 0.759015625 0.4689583328125 0.7529375 0.4689583328125 0.7520781249999999 0.48166666718749995
2 0.631546875 0.4603541671875 0.628421875 0.46360416718749997 0.630859375 0.4747083328125 0.63571875 0.484875 0.637796875 0.488125 0.6405624999999999 0.48581250000000004 0.64715625 0.49089583281250004 0.6582656250000001 0.5103333328125 0.664859375 0.5057083328124999 0.668671875 0.49874999999999997 0.671109375 0.4871875 0.66971875 0.47933333281249996 0.65028125 0.46175 0.6374531250000001 0.45618749999999997 0.631546875 0.4603541671875
2 0.7786875 0.48775 0.803484375 0.48775 0.800765625 0.48231250000000003 0.797375 0.47506250000000005 0.7786875 0.48775
2 0.750828125 0.53425 0.750453125 0.5229583328125 0.7519218750000001 0.513625 0.7449375 0.5097083328124999 0.7460312499999999 0.5062708328125 0.7445625 0.4993958328125 0.74125 0.4959583328125 0.7313125 0.4998958328125 0.7313125 0.5047916671875 0.7309375 0.5097083328124999 0.718796875 0.5043124999999999 0.718421875 0.513625 0.7154843750000001 0.513625 0.71584375 0.5317916671875 0.72321875 0.5313125000000001 0.725796875 0.5249166671875 0.735359375 0.5347500000000001 0.741984375 0.5327708328125 0.74271875 0.5298333328125 0.750828125 0.53425
2 0.3125 0.88125 0.3359375 0.8645833328125001 0.3453125 0.8625 0.35 0.8541666671874999 0.35 0.8416666671874999 0.3453125 0.8333333328125001 0.3359375 0.8333333328125001 0.328125 0.84375 0.3234375 0.84375 0.31875 0.85 0.3046875 0.85625 0.2796875 0.8520833328125 0.275 0.8479166671874999 0.27324561406250003 0.8423245609375 0.2796875 0.83125 0.28413461562500003 0.83205128125 0.2848684203125 0.828070175 0.2909615390625 0.8267948703125001 0.290679825 0.8209429828125 0.2977884609375 0.8215384625000001 0.5094230765625001 0.65858974375 0.5109375 0.6479166671875001 0.553125 0.68125 0.559375 0.6833333328125 0.5609375 0.6875 0.5671875 0.6895833328125 0.5796875 0.7020833328125 0.584375 0.7020833328125 0.5875 0.7083333328125 0.6078125 0.7208333328125 0.6125 0.7270833328124999 0.625 0.7333333328125 0.6375 0.7479166671875 0.653125 0.7479166671875 0.6578125 0.7395833328125 0.6578125 0.73125 0.653125 0.7229166671875 0.64375 0.7208333328125 0.63125 0.7083333328125 0.6265625 0.7083333328125 0.621875 0.7020833328125 0.59375 0.6833333328125 0.5546875 0.65 0.5421875 0.64375 0.540625 0.6395833328125 0.5435576921874999 0.6323076921874999 0.550384615625 0.62705128125 0.5448596015625 0.6195954109375 0.5518795296875 0.6148248796875 0.5572115390625 0.6217948703125 0.5640384609375 0.6165384625 0.55889945625 0.6100543484375 0.565919384375 0.6052838171875 0.570865384375 0.6112820515624999 0.58451923125 0.6007692312499999 0.5799592390625 0.5957427546875 0.5869791671875 0.5909722234375 0.591346153125 0.5955128203125 0.59399909375 0.5862016921875 0.5981730765625 0.5902564109374999 0.605 0.585 0.601019021875 0.5814311609375 0.60803895 0.5766606265625 0.6118269234375 0.5797435890625 0.6150588765625 0.5718900953125 0.618653846875 0.5744871796875 0.6220788046875 0.5671195640625 0.6254807687499999 0.56923076875 0.62909873125 0.5623490328125 0.6323076921874999 0.5639743578124999 0.636118659375 0.5575785015625 0.639134615625 0.5587179484375 0.6431385875 0.5528079703125 0.6459615390625 0.5534615374999999 0.6501585140625 0.5480374390625 0.6527884609375 0.5482051296875 0.6571784421875 0.5432669078125001 0.659615384375 0.5429487187500001 0.67326923125 0.5324358984375 0.678125 0.5354166671875 0.6782382250000001 0.5289553140625001 0.6875 0.5354166671875 0.6852581515625 0.5241847828124999 0.6921875 0.5270833328125 0.6922780796875 0.5194142515625 0.69375 0.5166666671875 0.6992980078125 0.5146437203125 0.69921875 0.5083333328124999 0.706317934375 0.5098731875 0.7046875 0.5 0.709375 0.5 0.7133378625 0.50510265625 0.7343976453125001 0.49079106250000004 0.7421875 0.49583333281249997 0.746875 0.50625 0.775 0.50625 0.7796875 0.49791666718750005 0.778125 0.48333333281249996 0.771875 0.47083333281249995 0.7625 0.47083333281249995 0.759375 0.48125 0.7484375 0.48125 0.741417571875 0.48602053125 0.7203125 0.48541666718750004 0.7203125 0.48125 0.715625 0.48333333281249996 0.7125 0.47291666718750003 0.70390625 0.47083333281249995 0.696875 0.4791666671875 0.6953125 0.46875 0.6927083328125 0.48819444375 0.6890625 0.4916666671875 0.6859375 0.48333333281249996 0.68125 0.4916666671875 0.678125 0.4916666671875 0.671875 0.47291666718750003 0.6671875 0.4770833328125 0.6609375 0.46666666718750005 0.6640625 0.4583333328125 0.6578125 0.4583333328125 0.6625 0.44166666718750003 0.665625 0.44166666718750003 0.665625 0.43125 0.6609375 0.42291666718750004 0.6515625 0.42291666718750004 0.646875 0.4291666671875 0.65625 0.45104166718750005 0.64921875 0.45026041718750004 0.646875 0.4604166671875 0.634375 0.4604166671875 0.6328125 0.45416666718750004 0.6203125 0.45416666718750004 0.615625 0.4458333328125 0.5859375 0.4458333328125 0.58125 0.45208333281249996 0.58125 0.46458333281249997 0.482456140625 0.5857456140624999 0.453125 0.5520833328125 0.45 0.5520833328125 0.4453125 0.54375 0.4421875 0.54375 0.43125 0.53125 0.41875 0.5229166671875001 0.415625 0.5166666671875 0.403125 0.5083333328124999 0.3984375 0.5 0.39375 0.49583333281249997 0.384375 0.49583333281249997 0.3796875 0.5020833328125 0.3796875 0.5270833328125 0.3828125 0.53125 0.384375 0.5625 0.2984375 0.6958333328124999 0.2671875 0.8 0.271082428125 0.8056461359375 0.2640625 0.8104166671874999 0.25 0.8583333328125 0.25 0.8708333328125001 0.2546875 0.8770833328125001 0.3125 0.88125