2 0.25601562499999997 0.38032786875 0.296734375 0.35185011718750003 0.302171875 0.3274238875 0.299453125 0.29487119375000004 0.25465625 0.317259953125 0.224796875 0.3253864171875 0.186796875 0.35185011718750003 0.1759375 0.376252928125 0.167796875 0.4006557375 0.1705 0.43117096093749996 0.174578125 0.4718735359375 0.18271874999999999 0.48 0.2424375 0.443395784375 0.261453125 0.42711943750000003 0.2818125 0.4088056203125 0.25601562499999997 0.38032786875
2 0.20995312500000002 0.5753864171874999 0.22709375 0.5788056203124999 0.267109375 0.5651053859374999 0.27740624999999997 0.563395784375 0.287703125 0.5565339578125 0.30598437500000003 0.5479625296874999 0.325421875 0.535971896875 0.3334375 0.52740046875 0.32999999999999996 0.5188290390625 0.30598437500000003 0.5068384078125 0.301421875 0.4982669796875 0.28884375 0.47770491875000004 0.276265625 0.47428571406250003 0.26140625 0.486276346875 0.25568749999999996 0.49484777500000005 0.248828125 0.5154098359375 0.2476875 0.52740046875 0.23739062500000002 0.5325292734375 0.2248125 0.5325292734375 0.21795312500000003 0.5582435593749999 0.20881249999999998 0.5651053859374999 0.20995312500000002 0.5753864171874999
2 0.3486875 0.47454332499999996 0.33359375 0.475667446875 0.3275625 0.5050585484375001 0.337375 0.5118501171875 0.358484375 0.5129742390625001 0.412046875 0.5016627640625 0.426375 0.4994145203125 0.46334375000000005 0.48245901562500004 0.492 0.466627634375 0.50934375 0.455316159375 0.5101093750000001 0.44288056249999996 0.49728125 0.43836065625 0.48671875 0.44852459062500005 0.47767187499999997 0.45079625312499993 0.469375 0.44740046875 0.467109375 0.43948477812500003 0.473140625 0.4315690859375 0.47390625000000003 0.4259250578125 0.47087500000000004 0.41573770468750004 0.455046875 0.4021779859375 0.438453125 0.39086651093749997 0.43015625 0.3840983609375 0.425625 0.37051522187499997 0.42034374999999996 0.356955503125 0.416578125 0.3671194375 0.41354687500000004 0.3931381734375 0.41354687500000004 0.41573770468750004 0.41732812499999994 0.4722716625 0.385640625 0.47906323124999994 0.363765625 0.477939109375 0.3486875 0.47454332499999996
2 0.599171875 0.5753864171874999 0.612890625 0.5839578453125001 0.6540625 0.595948478125 0.688359375 0.607939109375 0.721515625 0.6096487125000001 0.73409375 0.6062295078125 0.712375 0.5925058546875 0.655203125 0.57709601875 0.6151875 0.5685245906249999 0.5763125 0.5513817328124999 0.552296875 0.5376814984375 0.534015625 0.5239812640625 0.491703125 0.5068384078125 0.477984375 0.50512880625 0.489421875 0.5342622953125 0.49056249999999996 0.5411007031249999 0.49628125 0.5651053859374999 0.491703125 0.5702341921875 0.524859375 0.563395784375 0.552296875 0.54967213125 0.57403125 0.563395784375 0.599171875 0.5753864171874999
2 0.64228125 0.734028103125 0.64296875 0.6892974234375 0.6311718749999999 0.6123185015625 0.621453125 0.6164637 0.624234375 0.623747071875 0.6325624999999999 0.7371428578125 0.64228125 0.734028103125
2 0.796671875 0.6391334890625 0.812671875 0.5860187359375 0.8263906249999999 0.5568852453125 0.8446875 0.5157611234374999 0.859546875 0.5037704921875 0.859546875 0.496908665625 0.85040625 0.491756440625 0.837828125 0.508899296875 0.8080937499999999 0.5585948484375 0.802375 0.5843091328125001 0.78065625 0.6545667453124999 0.7795156249999999 0.65969555 0.79209375 0.6579859484374999 0.796671875 0.6391334890625
2 0.37259375 0.5398829046875 0.38796875000000003 0.5260655734374999 0.40642187500000004 0.5221077281250001 0.420921875 0.5221077281250001 0.438484375 0.505644028125 0.41696875 0.503676815625 0.392796875 0.504988290625 0.368640625 0.5260655734374999 0.369515625 0.5260655734374999 0.36425 0.5326463703125001 0.37259375 0.5398829046875
2 0.363921875 0.7818266984375 0.40378125000000004 0.8077985953125 0.42457812500000003 0.7818266984375 0.40551562499999994 0.7636299765625 0.372578125 0.7428571421875 0.331 0.727283371875 0.310203125 0.7090866515625 0.28940625 0.69871194375 0.24260937500000002 0.6857142859375001 0.21662499999999998 0.6961124125 0.211421875 0.7168852453125 0.23395312499999998 0.7376580796875001 0.265140625 0.74805620625 0.292875 0.74805620625 0.3119375 0.7636299765625 0.363921875 0.7818266984375
2 0.860078125 0.3161826703125 0.85603125 0.31836065625 0.855859375 0.3337704921875 0.87475 0.33569086718749996 0.8778593750000001 0.3362295078125 0.88025 0.33459016406250003 0.880984375 0.3288290390625 0.880609375 0.32030444999999996 0.8800625 0.3186416859375 0.86778125 0.3189227171875 0.860078125 0.3161826703125
2 0.292109375 0.46201405156249997 0.351859375 0.5541920375 0.358890625 0.5416861828124999 0.34175 0.5146838406249999 0.32814062499999996 0.50744730625 0.329453125 0.496252928125 0.311 0.466627634375 0.2785 0.41658079687500005 0.274109375 0.4132786890625 0.268390625 0.42185011718750004 0.292109375 0.46201405156249997
2 0.31678125 0.7187353625 0.317125 0.718220140625 0.312 0.6540983609375 0.31643750000000004 0.5638173296875 0.30993750000000003 0.550468384375 0.30343749999999997 0.5571428578125001 0.30274999999999996 0.5561124125 0.30139062499999997 0.6074238875 0.30274999999999996 0.636651053125 0.30274999999999996 0.7197658078125 0.31678125 0.7187353625
2 0.554921875 0.45170960156250006 0.558796875 0.448220140625 0.565390625 0.4313583140625 0.57509375 0.3976580796875 0.568875 0.38718969531249997 0.565390625 0.3901170953125 0.554921875 0.4267213109375 0.54484375 0.45288056250000003 0.544453125 0.45346604218750003 0.547171875 0.454028103125 0.554921875 0.45170960156250006
2 0.325484375 0.6083138171875 0.33440625 0.6141217796875 0.33982812500000004 0.6071428578125 0.34796875 0.6013348953125 0.349140625 0.5937704921875 0.360390625 0.5937704921875 0.371234375 0.59608899375 0.3774375 0.5844730671875 0.381703125 0.579836065625 0.38596875 0.5705386421875 0.41040625000000003 0.5234426234375 0.38868749999999996 0.5246135828125 0.3735625 0.541475409375 0.36503125000000003 0.5304215453125 0.391796875 0.504847775 0.359609375 0.5124121781250001 0.34021875 0.5118266984375001 0.35921875000000003 0.5397189703125 0.352625 0.551920375 0.333625 0.529836065625 0.3239375 0.535667446875 0.316171875 0.54030445 0.30143749999999997 0.551920375 0.303765625 0.55775175625 0.310359375 0.551920375 0.31656249999999997 0.5658782203125 0.313859375 0.6333021078125001 0.319671875 0.6327166281250001 0.326265625 0.6315456671875 0.325484375 0.6083138171875
2 0.567859375 0.43735362968749997 0.576671875 0.43735362968749997 0.586078125 0.44704917968749996 0.576671875 0.45320843125000004 0.5895937499999999 0.464660421875 0.59665625 0.46290398125000004 0.60840625 0.47786885312500005 0.625453125 0.493723653125 0.640734375 0.50517564375 0.649546875 0.5210538640625 0.673640625 0.5782903984375001 0.684125 0.6075878218749999 0.686334375 0.610004684375 0.690565625 0.6205761125 0.69046875 0.6257142859375 0.694796875 0.631147540625 0.70528125 0.6284309140625 0.701953125 0.6112177984375 0.6930390625 0.6094028109375 0.682103125 0.5994332546875001 0.677871875 0.5888618265625001 0.68128125 0.5818266984375 0.694796875 0.5879859484375001 0.68834375 0.575667446875 0.67834375 0.546580796875 0.662484375 0.5113583140625 0.6454375 0.48756440312500005 0.62721875 0.470819671875 0.612515625 0.46025761093749995 0.59459375 0.45189695625 0.567265625 0.42765807968749997 0.567859375 0.43735362968749997
2 0.1140625 0.58548009375 0.125 0.6229508203125 0.1421875 0.6510538640625 0.1546875 0.6885245906249999 0.171875 0.7142857140625 0.196875 0.7470726 0.2171875 0.7587822015625 0.2234375 0.7681498828125 0.240625 0.7822014046875 0.2578125 0.7892271656250001 0.2703125 0.7892271656250001 0.290625 0.8079625296874999 0.315625 0.8149882906249999 0.3359375 0.8290398124999999 0.36875 0.8313817328124999 0.3765625 0.8384074937499999 0.39375 0.8454332546875 0.425 0.843091334375 0.44375 0.8524590156249999 0.46875 0.8524590156249999 0.4828125 0.847775175 0.5015625 0.8571428578125 0.5265625 0.8571428578125 0.54375 0.8501170953124999 0.5609375 0.833723653125 0.5703125 0.833723653125 0.5875 0.8266978921874999 0.6046875 0.81030445 0.6171875 0.8056206093749999 0.6296875 0.79391100625 0.653125 0.8149882906249999 0.6703125 0.8220140515625 0.696875 0.8220140515625 0.725 0.8149882906249999 0.74375 0.8032786890624999 0.7671875 0.7728337234375 0.7984375 0.75644028125 0.8328125 0.721311475 0.85 0.69320843125 0.8625 0.6604215453125 0.871875 0.6112412171875 0.8765625 0.5503512875000001 0.8765625 0.4988290390625 0.8734375 0.454332553125 0.86875 0.42622950781249996 0.8625 0.405152225 0.859375 0.3817330203125 0.85 0.35128805625 0.840625 0.3348946140625 0.828125 0.2997658078125 0.8109375 0.27400468437500003 0.7953125 0.2599531609375 0.765625 0.2505854796875 0.746875 0.2529274 0.73125 0.26229508125 0.7203125 0.26463700156250003 0.7015625 0.2505854796875 0.6828125 0.248243559375 0.6578125 0.2224824359375 0.6421875 0.215456675 0.6328125 0.215456675 0.625 0.203747071875 0.609375 0.18969555 0.59375 0.1826697890625 0.5703125 0.18032786875 0.55625 0.16627634687499998 0.540625 0.15925058593750002 0.5203125 0.156908665625 0.5109375 0.14754098437500002 0.4953125 0.140515221875 0.4703125 0.140515221875 0.4578125 0.1334894609375 0.44375 0.131147540625 0.425 0.1334894609375 0.409375 0.1428571421875 0.3859375 0.13583138125 0.3671875 0.13817330156250002 0.3484375 0.1498829046875 0.3265625 0.1498829046875 0.296875 0.1686182671875 0.284375 0.1686182671875 0.2734375 0.1733021078125 0.246875 0.19906323125 0.21875 0.194379390625 0.19375 0.203747071875 0.1796875 0.215456675 0.15625 0.2529274 0.140625 0.26229508125 0.1203125 0.28805620625 0.1109375 0.30913348906250004 0.103125 0.34426229531249997 0.090625 0.37002341875 0.084375 0.39578454375 0.0828125 0.508196721875 0.0875 0.5339578453125 0.096875 0.5597189703125001 0.1140625 0.58548009375