3 0.5459484781249999 0.74490625 0.5665573765625 0.75559375 0.5747775171875 0.76475 0.5779859484375 0.7754375 0.6026932078125 0.768421875 0.6081733015624999 0.753453125 0.6054332546875 0.740328125 0.6068149890625001 0.737890625 0.6173302109375001 0.728421875 0.619156909375 0.72109375 0.6173302109375001 0.7119375 0.6049882906249999 0.699421875 0.5871428578125 0.69240625 0.55189695625 0.699421875 0.54093676875 0.7091875 0.5381733015625 0.7168281249999999 0.5390866515625 0.725375 0.5313114750000001 0.7308749999999999 0.5185011703125 0.74278125 0.5217096015625 0.74278125 0.5459484781249999 0.74490625
3 0.8746838406249999 0.669296875 0.8746838406249999 0.6548125 0.8644028109375 0.6464375 0.8381264640625 0.637296875 0.8141451984374999 0.642625 0.805011709375 0.647953125 0.8015690859375001 0.66396875 0.80613583125 0.67996875 0.8278454328124999 0.683015625 0.8472599531249999 0.68225 0.8598360656249999 0.67996875 0.8655503515625 0.68225 0.8735362999999999 0.6776875 0.8746838406249999 0.669296875
3 0.634707259375 0.690046875 0.644964871875 0.68571875 0.644964871875 0.678859375 0.6428103046875 0.662640625 0.63740046875 0.6583125 0.6298360656249999 0.65146875 0.6136299765625 0.647859375 0.5903981265625 0.6482187500000001 0.5736299765624999 0.656515625 0.5687822015624999 0.66696875 0.5687822015624999 0.6785 0.5758079625 0.6896875 0.5903981265625 0.694734375 0.6185011703125001 0.698328125 0.6276814984375 0.694375 0.634707259375 0.690046875
3 0.282716628125 0.62909375 0.2701170953125 0.621375 0.24487119375000002 0.617171875 0.20807962500000002 0.628390625 0.20807962500000002 0.6368125 0.20807962500000002 0.6431250000000001 0.213348946875 0.648734375 0.22175644062500002 0.6529375 0.22700234218749998 0.659953125 0.23121779843749998 0.664859375 0.2396252921875 0.667671875 0.25119437968749997 0.6655625 0.264847775 0.6662656250000001 0.282716628125 0.652234375 0.2879859484375 0.6438125 0.282716628125 0.62909375
3 0.733372365625 0.67671875 0.733372365625 0.66134375 0.7299531609375001 0.6545 0.716299765625 0.649375 0.69067915625 0.645390625 0.66163934375 0.651078125 0.6573770484375 0.663046875 0.658220140625 0.67671875 0.6650585484375 0.68184375 0.701779859375 0.69665625 0.7205620609375 0.6938125 0.7299531609375001 0.685828125 0.733372365625 0.67671875
3 0.6980327875000001 0.72753125 0.66906323125 0.7259218749999999 0.6376580796875 0.7259218749999999 0.6207494140625001 0.745265625 0.6207494140625001 0.762984375 0.6255971890625001 0.775875 0.6666510531250001 0.7839375000000001 0.700444965625 0.7678125 0.700444965625 0.75009375 0.6980327875000001 0.72753125
3 0.9194613578125 0.721640625 0.9290163937499999 0.72475 0.936627634375 0.729171875 0.9437236531250001 0.734734375 0.9476580796875 0.741765625 0.9486416859375 0.742421875 0.9520608906250001 0.74159375 0.9528103046874999 0.7388125 0.955995315625 0.735390625 0.9579625296875 0.733265625 0.9623653390625 0.7303124999999999 0.9662997656250001 0.727859375 0.96482435625 0.7252500000000001 0.9626229515625001 0.72065625 0.9638407499999999 0.7136250000000001 0.9660421546875 0.709375 0.9658079624999999 0.706265625 0.9601639343749999 0.7030000000000001 0.950843090625 0.6995625000000001 0.93932084375 0.6989062500000001 0.924355971875 0.69971875 0.9113583140625 0.704625 0.9025292734375 0.711171875 0.898852459375 0.7162499999999999 0.8991100703124999 0.7208281249999999 0.9018032781249999 0.7208281249999999 0.9076814984375 0.720984375 0.9194613578125 0.721640625
3 0.500140515625 0.765796875 0.5020608906249999 0.7518125 0.5109601875 0.74715625 0.521124121875 0.746296875 0.521124121875 0.742484375 0.517939109375 0.730203125 0.5084074937499999 0.7268125000000001 0.48934426249999996 0.722140625 0.4747306796875 0.722140625 0.45885245937499997 0.7268125000000001 0.44615925 0.7323125 0.439156909375 0.738671875 0.4340749421875 0.74715625 0.4321779859375 0.7615624999999999 0.44679156875 0.7755468750000001 0.4620374703125 0.782328125 0.49189695625 0.77809375 0.49950819687500003 0.7717343750000001 0.500140515625 0.765796875
3 0.3205386421875 0.748578125 0.338899296875 0.73890625 0.3369789234375 0.7163125 0.3205386421875 0.702765625 0.2876346609375 0.702125 0.2605620609375 0.713734375 0.2528337234375 0.73503125 0.25960187343749996 0.748578125 0.27217798593750003 0.7518125 0.2866744734375 0.7537499999999999 0.3205386421875 0.748578125
3 0.7249414515625 0.770328125 0.7363466046875 0.7692812499999999 0.7467213109374999 0.76409375 0.755011709375 0.7585625 0.7622716625 0.749578125 0.7607025765625 0.739546875 0.7570726 0.729171875 0.749836065625 0.72190625 0.7353161593750001 0.71671875 0.7171662765625 0.71534375 0.696955503125 0.718453125 0.6902107734375 0.7250156249999999 0.6829508203125 0.729515625 0.6948946140625 0.73609375 0.7026697890625 0.745765625 0.7047306796874999 0.754765625 0.701615925 0.766859375 0.70421545625 0.769625 0.7135363 0.770671875 0.7249414515625 0.770328125
3 0.8171896953125 0.7691250000000001 0.8239812640625 0.765609375 0.8337704921875 0.75103125 0.8593911000000001 0.736953125 0.8631615921875 0.736953125 0.855620609375 0.7238749999999999 0.839812646875 0.715328125 0.8126697890625 0.714328125 0.7892974234375 0.7238749999999999 0.784028103125 0.7364531249999999 0.781007025 0.7545468750000001 0.7877985953125 0.7600781249999999 0.7991100703125 0.767125 0.8171896953125 0.7691250000000001
3 0.8226697890624999 0.765 0.8233489468749999 0.78071875 0.8413817328125001 0.792296875 0.8497189703125001 0.789984375 0.8684309140625001 0.78396875 0.8837002343749999 0.788125 0.89548009375 0.784890625 0.9079625296874999 0.771015625 0.9010304453125 0.753421875 0.8899297421875 0.74046875 0.8601170953124999 0.73584375 0.8552693203124999 0.7386250000000001 0.8344496484375 0.751109375 0.8226697890624999 0.765
3 0.530468384375 0.7232031250000001 0.5242388765625 0.7140625 0.503067915625 0.707828125 0.48002341875 0.70615625 0.45882903906249994 0.7165468749999999 0.45259953125 0.725703125 0.45011709531250005 0.729015625 0.49060889999999996 0.7202968750000001 0.5236299765625 0.74025 0.535456675 0.728609375 0.530468384375 0.7232031250000001
3 0 0.81875 0.0070257609375 0.8234375 0.0210772828125 0.8234375 0.02810304375 0.81875 0.0374707265625 0.81875 0.067915690625 0.7859375 0.0819672125 0.790625 0.086651053125 0.7984375 0.10304449687499999 0.80625 0.09836065625 0.8125 0.09836065625 0.821875 0.1053864171875 0.8265625 0.1264637 0.834375 0.13583138125 0.834375 0.1498829046875 0.8390625 0.175644028125 0.840625 0.1826697890625 0.84375 0.2459016390625 0.84375 0.2505854796875 0.840625 0.28571428593750003 0.8390625 0.3138173296875 0.8328125 0.3723653390625 0.8265625 0.3770491796875 0.8234375 0.428571428125 0.81875 0.5058548015625 0.81875 0.5105386421875 0.821875 0.517564403125 0.821875 0.526932084375 0.8265625 0.555035128125 0.8328125 0.6042154562500001 0.8328125 0.6370023421875 0.8265625 0.6557377046874999 0.8203125 0.6697892265625 0.8203125 0.6744730671875 0.8171875 0.6908665109375 0.815625 0.697892271875 0.815625 0.7002341921874999 0.821875 0.707259953125 0.8265625 0.73770491875 0.8265625 0.742388759375 0.8234375 0.833723653125 0.8234375 0.843091334375 0.81875 0.86416861875 0.815625 0.868852459375 0.8109375 0.8735362999999999 0.8140625 0.887587821875 0.8140625 0.913348946875 0.809375 0.9250585484375 0.809375 0.9437939109375 0.81875 0.960187353125 0.81875 0.969555034375 0.8109375 0.9836065578125 0.8109375 0.9929742390625 0.8 0.9976580796875 0.784375 0.9484777515625 0.74375 0.96487119375 0.7296875 0.96487119375 0.70625 0.9508196718749999 0.7 0.9250585484375 0.7 0.9154980015625 0.67323529375 0.9976580796875 0.6671875 0.9836065578125 0.6546875 0.9742388765625 0.653125 0.96487119375 0.6453125 0.9484777515625 0.6421875 0.9484777515625 0.6328125 0.93676815 0.625 0.9180327875 0.63125 0.8922716625 0.6640625 0.8758782203125 0.665625 0.880286540625 0.6758272062499999 0.8711943796874999 0.6796875 0.8685493859375001 0.6766911765625 0.8665105390625 0.6828125 0.8548009375 0.68125 0.856812234375 0.677555146875 0.8524590156249999 0.6828125 0.843091334375 0.6828125 0.8450750796875001 0.6784191171875 0.8407494140624999 0.6828125 0.833723653125 0.6828125 0.833337925 0.6792830875 0.8313817328124999 0.684375 0.8220140515625 0.6828125 0.8216007703124999 0.6801470593750001 0.8173302109374999 0.6828125 0.8056206093749999 0.6796875 0.796252928125 0.6640625 0.79391100625 0.65 0.7868852453125 0.64375 0.7775175640625 0.6421875 0.7658079625 0.646875 0.7587822015625 0.646875 0.742388759375 0.6359375 0.716627634375 0.63125 0.69320843125 0.6234375 0.6861826703125 0.6234375 0.6744730671875 0.6296875 0.6510538640625 0.6359375 0.6463700234374999 0.6484375 0.6370023421875 0.6515625 0.6135831375 0.646875 0.6112412171875 0.6375 0.6018735359375 0.6328125 0.5011709609375 0.6328125 0.491803278125 0.6359375 0.4871194375 0.64375 0.4707259953125 0.64375 0.4566744734375 0.640625 0.4402810296875 0.6328125 0.4355971890625 0.6171875 0.4238875875 0.609375 0.4168618265625 0.609375 0.400468384375 0.615625 0.3887587828125 0.6265625 0.3606557375 0.6171875 0.35597189687499997 0.6109375 0.346604215625 0.60625 0.33255269374999996 0.609375 0.3255269328125 0.61875 0.31147540937499996 0.6234375 0.2997658078125 0.621875 0.2903981265625 0.625 0.28571428593750003 0.6484375 0.26463700156250003 0.6671875 0.2341920375 0.6671875 0.22482435625 0.6578125 0.215456675 0.65625 0.19906323125 0.64375 0.194379390625 0.64375 0.1873536296875 0.63125 0.17798594843749999 0.6265625 0.14754098437500002 0.6265625 0.140515221875 0.6296875 0.1264637 0.6296875 0.1147540984375 0.634375 0.07494145156250001 0.6375 0.0655737703125 0.640625 0.0608899296875 0.653125 0.05386416875 0.6546875 0.030444965624999997 0.653125 0.018735362499999998 0.64375 0.0117096015625 0.6421875 0.0023419203124999998 0.6453125 0.0023419203124999998 0.6921875 0.0257611234375 0.6953125 0.022950820312500002 0.7109375 0.0257611234375 0.7109375 0.0257611234375 0.7140625 0.012646370312499999 0.715625 0.0023419203124999998 0.7203125 0.0023419203124999998 0.725 0.0117096015625 0.7296875 0.0117371546875 0.7397610296875 0 0.740625 0 0.74375 0.0023419203124999998 0.7484375 0.0117096015625 0.7515625 0.014051521875 0.7578125 0.009367681249999999 0.78125 0.0046838406249999995 0.784375 0 0.796875 0 0.81875