1 0.626588784375 0.796609375 0.635911215625 0.796609375 0.6377803734375 0.792859375 0.6377803734375 0.780359375 0.64338785 0.767859375 0.6527336453125 0.766609375 0.6489953265625 0.764109375 0.6489953265625 0.761609375 0.635911215625 0.764109375 0.6191121500000001 0.7753593750000001 0.6191121500000001 0.7828593749999999 0.626588784375 0.796609375
1 0.6417523359375 0.7791875 0.6408411218750001 0.782234375 0.6394626171875 0.790171875 0.63992990625 0.795671875 0.6431074765625 0.79934375 0.6499532703125 0.79871875 0.6558878499999999 0.79659375 0.6554439249999999 0.793234375 0.6549766359375 0.792015625 0.663200934375 0.79475 0.6654906546875 0.795375 0.6691355140625 0.7950625 0.671425234375 0.793234375 0.6810046734374999 0.784375 0.6577102796875 0.772171875 0.6549766359375 0.770953125 0.64904205625 0.771859375 0.6453971968750001 0.7736875000000001 0.6431074765625 0.7764375 0.6417523359375 0.7791875
1 0.568574765625 0.8487031249999999 0.57065420625 0.8588906250000001 0.5747897203125001 0.863515625 0.5796495328125 0.866296875 0.5886214953125 0.86953125 0.600397196875 0.87184375 0.6121495328125001 0.8741562500000001 0.6163084109375 0.8741562500000001 0.6280607484375 0.8741562500000001 0.6439719625 0.8750781249999999 0.6495093453125 0.8713749999999999 0.661285046875 0.8699843749999999 0.6654205609375 0.866296875 0.6668224296874999 0.863046875 0.6716588781249999 0.8602812500000001 0.681355140625 0.856109375 0.688271028125 0.8505625 0.6827336453124999 0.844546875 0.67787383125 0.8403750000000001 0.6682009343749999 0.837140625 0.6522897203125 0.837140625 0.63845794375 0.83296875 0.621144859375 0.8297343749999999 0.614228971875 0.8265 0.600397196875 0.827421875 0.590700934375 0.8334374999999999 0.5817056078125 0.8334374999999999 0.571331775 0.8399218749999999 0.568574765625 0.8487031249999999
1 0.728925234375 0.75946875 0.7324065421875 0.75946875 0.7448130843749999 0.761453125 0.7577102796874999 0.7631249999999999 0.763644859375 0.7621249999999999 0.7706074765625 0.75846875 0.769602803125 0.7491875 0.754228971875 0.741890625 0.73140186875 0.73359375 0.7135514015625 0.726296875 0.699158878125 0.7266250000000001 0.6912383171875 0.7309375 0.681799065625 0.7365781250000001 0.68081775625 0.74553125 0.6902336453125 0.760125 0.7056074765625 0.769421875 0.7175233640625 0.769421875 0.7239719625000001 0.764453125 0.728925234375 0.75946875
1 0.7436214953125 0.80959375 0.7396728968749999 0.81515625 0.7396728968749999 0.8248125 0.7637616828125 0.8403281249999999 0.7764485984375 0.8385624999999999 0.7707476640625 0.825984375 0.755443925 0.817484375 0.768130840625 0.8136875 0.769883178125 0.807828125 0.7620093453125001 0.8025625 0.7532476640625 0.806078125 0.7436214953125 0.80959375
1 0.7179672890625 0.8398749999999999 0.7402336453125 0.84015625 0.7398130843749999 0.835109375 0.7414953265625 0.830890625 0.7398130843749999 0.828921875 0.7414953265625 0.8233124999999999 0.7385514015625 0.8196562500000001 0.72301401875 0.81684375 0.709556075 0.81459375 0.6973831781250001 0.81375 0.6940186921875 0.8131875000000001 0.6914953265625 0.8131875000000001 0.6973831781250001 0.8210625 0.6940186921875 0.826953125 0.681425234375 0.8266718750000001 0.6784813078124999 0.81853125 0.6780607484375001 0.81403125 0.6789018687499999 0.8233124999999999 0.6789018687499999 0.829484375 0.6978037390625 0.8367968749999999 0.7179672890625 0.8398749999999999
1 0.5043925234375 0.747125 0.510771028125 0.751390625 0.5313317750000001 0.755359375 0.5568925234375001 0.755359375 0.5646495328125 0.748640625 0.5724065421875 0.739796875 0.5765186921875001 0.73125 0.5824532703124999 0.726671875 0.5751401875 0.72484375 0.5623598125 0.7230000000000001 0.548668225 0.72209375 0.53359813125 0.720875 0.5203738312499999 0.725140625 0.519742990625 0.7245625 0.5114719625 0.726578125 0.4994392515625 0.727078125 0.49719626093749997 0.72959375 0.4957242984375 0.73215625 0.503925234375 0.739484375 0.5043925234375 0.747125
1 0.6675233640625 0.721640625 0.6662616828125 0.71975 0.658714953125 0.718078125 0.6511915890625 0.717859375 0.643341121875 0.715125 0.6439719625 0.71009375 0.6351869156250001 0.708 0.6304672890624999 0.717234375 0.63140186875 0.727734375 0.637056075 0.7308749999999999 0.6455373828125001 0.731921875 0.6612383171875 0.730671875 0.6628037390625 0.729625 0.66815420625 0.72353125 0.6675233640625 0.721640625
1 0.5522897203125 0.778828125 0.562943925 0.769921875 0.5549532703125 0.762203125 0.52742990625 0.7562656249999999 0.5007943921875 0.753890625 0.4874766359375 0.749734375 0.467943925 0.746171875 0.46081775625 0.758046875 0.45904205625000005 0.765765625 0.453714953125 0.771109375 0.44838785000000003 0.776453125 0.46259345781250005 0.784171875 0.48037383125 0.785953125 0.4990186921875 0.792484375 0.508785046875 0.793671875 0.5425233640625 0.784765625 0.5522897203125 0.778828125
1 0.7690186921875 0.8235468750000001 0.7758644859375 0.834875 0.7782943921875 0.8364843750000001 0.7766822437500001 0.8413281250000001 0.7819158875000001 0.843765625 0.7839252343750001 0.845375 0.793925234375 0.8493124999999999 0.7975934578125 0.8493124999999999 0.8135514015625 0.846875 0.81948598125 0.844734375 0.8226869156250001 0.8429062500000001 0.8263317750000001 0.84015625 0.8254205609374999 0.83984375 0.82359813125 0.838015625 0.81140186875 0.83221875 0.8066355140624999 0.8301718749999999 0.798644859375 0.828515625 0.7923598125 0.828265625 0.783574765625 0.8275 0.7748130843750001 0.820734375 0.7726401875 0.8149218749999999 0.7617757015625 0.8168124999999999 0.7589485984375 0.8170781249999999 0.75492990625 0.8176249999999999 0.7690186921875 0.8235468750000001
1 0.7333644859375 0.682984375 0.7278738312499999 0.685875 0.727313084375 0.69321875 0.7330841125 0.704796875 0.74492990625 0.7158125 0.7585046734375 0.7204531249999999 0.770630840625 0.717359375 0.77581775625 0.71253125 0.7764018687500001 0.707125 0.76859813125 0.69978125 0.7561915890625001 0.685875 0.7521495328125 0.6839375000000001 0.74492990625 0.682984375 0.7333644859375 0.682984375
1 0.5539485984375 0.851546875 0.5589485984375 0.8482031250000001 0.5589485984375 0.844359375 0.5639719624999999 0.845328125 0.5783411218750001 0.8346406249999999 0.5757710281249999 0.8303437499999999 0.5860280375 0.826921875 0.5898598125000001 0.8234843749999999 0.595 0.820921875 0.5988317750000001 0.8166249999999999 0.5988317750000001 0.8140625 0.5783411218750001 0.8140625 0.564228971875 0.8106249999999999 0.55654205625 0.807203125 0.5539719625 0.797765625 0.54757009375 0.796921875 0.53859813125 0.798625 0.53345794375 0.80034375 0.527056075 0.802921875 0.5206542062499999 0.809765625 0.519369159375 0.8166249999999999 0.5206542062499999 0.82434375 0.530911215625 0.844921875 0.54242990625 0.85434375 0.5410514015625 0.8529843749999999 0.548925234375 0.85059375 0.5539485984375 0.851546875
1 0.40799065468749995 0.768171875 0.41436915937499996 0.767109375 0.4127803734375 0.761234375 0.40161214999999995 0.75909375 0.376869159375 0.74896875 0.3784813078125 0.7441718749999999 0.35535046718749996 0.743625 0.3665186921875 0.763375 0.3936214953125 0.768171875 0.40799065468749995 0.768171875
1 0.203271028125 0.8234375 0.2266355140625 0.83125 0.24065420624999997 0.840625 0.2523364484375 0.84375 0.26168224375000004 0.8609375 0.2733644859375 0.86875 0.28738317812499997 0.8734375 0.3130841125 0.8734375 0.32242990625 0.8703125 0.3621495328125 0.8703125 0.38551401875 0.8625 0.401869159375 0.8609375 0.41588785 0.8890625 0.432242990625 0.903125 0.4462616828125 0.9078125 0.45794392500000003 0.9078125 0.49766355156250003 0.9203125 0.504672896875 0.9203125 0.5210280375 0.9328125 0.5350467296875 0.9375 0.567757009375 0.9359375 0.5747663546874999 0.946875 0.5864485984375001 0.9546875 0.6004672890625 0.959375 0.651869159375 0.959375 0.69859813125 0.9453125 0.74065420625 0.925 0.766355140625 0.909375 0.792056075 0.88125 0.8084112156250001 0.878125 0.8481308406249999 0.85625 0.8621495328125001 0.8390625 0.8785046734374999 0.796875 0.9042056078125 0.7921875 0.9462616828125 0.7765625 0.962616821875 0.7609375 0.9649532703125001 0.74375 0.9556074765625 0.7296875 0.9369158875 0.71875 0.9112149531249999 0.7140625 0.8971962609374999 0.715625 0.8808411218750001 0.7125 0.86448598125 0.703125 0.8504672890625 0.7 0.8294392515625001 0.690625 0.80140186875 0.684375 0.78037383125 0.675 0.7640186921875001 0.671875 0.745327103125 0.671875 0.724299065625 0.6765625 0.691588784375 0.7015625 0.630841121875 0.709375 0.542056075 0.709375 0.5186915890625 0.721875 0.5186915890625 0.725 0.5023364484374999 0.7390625 0.49766355156250003 0.734375 0.4859813078125 0.7375 0.46261682187500003 0.725 0.44158878437500004 0.7203125 0.3995327109375 0.7203125 0.37616822499999997 0.7234375 0.3528037390625 0.7359375 0.3457943921875 0.7453125 0.3574766359375 0.74375 0.36448598125 0.7609375 0.3457943921875 0.7640625 0.3528037390625 0.775 0.36448598125 0.7828125 0.3785046734375 0.7875 0.390186915625 0.7875 0.390186915625 0.790625 0.38551401875 0.7953125 0.37383177500000003 0.7984375 0.3551401875 0.8015625 0.3504672890625 0.8015625 0.348130840625 0.7984375 0.348130840625 0.8015625 0.3411214953125 0.8046875 0.33411215 0.8016163796875 0.3362817078125 0.7975446421875 0.33177570156249997 0.7984375 0.3154205609375 0.7890625 0.2990654203125 0.7859375 0.2733644859375 0.771875 0.245327103125 0.7640625 0.21261682187500003 0.7640625 0.1892523359375 0.7765625 0.182242990625 0.7859375 0.182242990625 0.803125 0.1892523359375 0.8140625 0.203271028125 0.8234375