1 0.117984375 0.25775000000000003 0.12809375 0.3004375 0.17190624999999998 0.37235416718750003 0.208984375 0.4172916671875 0.257859375 0.3903333328125 0.30842187499999996 0.4217916671875 0.32696875 0.3970625 0.4061875 0.3318958328125 0.42978125 0.26447916718750003 0.42640625 0.1925625 0.4061875 0.1296458328125 0.338765625 0.0847083328125 0.27303125 0.0689791671875 0.23090625 0.10493749999999999 0.23090625 0.1296458328125 0.187078125 0.22179166718749999 0.117984375 0.25775000000000003
0 0.549953125 0.42864583281249996 0.56603125 0.4572291671875 0.575671875 0.48579166718750005 0.571390625 0.5215 0.65709375 0.5286458328125 0.65815625 0.5172083328125 0.654953125 0.4329375 0.638875 0.3457916671875 0.606734375 0.27008333281249997 0.5628124999999999 0.21581250000000002 0.530671875 0.2072291671875 0.523171875 0.2115208328125 0.514609375 0.2215208328125 0.50603125 0.24152083281249997 0.50175 0.2515208328125 0.49210937499999996 0.2786666671875 0.4878125 0.304375 0.48246874999999995 0.32437499999999997 0.4803125 0.34722916718749997 0.48246874999999995 0.3800833328125 0.526390625 0.3929375 0.534953125 0.4029375 0.549953125 0.42864583281249996
0 0.478234375 0 0.451765625 0.0447083328125 0.48 0.1176458328125 0.525875 0.1317708328125 0.5664687500000001 0.18116666718750002 0.6158750000000001 0.1788333328125 0.6670625 0.1435208328125 0.6229375 0 0.478234375 0
0 0.4066875 0.6880208328124999 0.40845312500000003 0.66925 0.42078125 0.6457708328125 0.45421875 0.6035208328125 0.49471875 0.6176041671875 0.49471875 0.6082083328125 0.498234375 0.5589166671875 0.48767187500000003 0.5119791671875 0.470078125 0.49789583281249994 0.44190625 0.4861458328125 0.41196875000000005 0.4697083328125 0.3855625 0.4697083328125 0.35915625 0.4814583328125 0.3433125 0.5072708328125 0.32746875000000003 0.5424791671875 0.32746875000000003 0.5894375000000001 0.336265625 0.627 0.35739062499999996 0.6504791671875 0.376765625 0.6762916671875 0.4066875 0.6880208328124999
1 0.097875 0 0.040359374999999996 0.0369375 0.00959375 0.0813125 0.000515625 0.1055416671875 0 0.2097708328125 0.012125 0.2400416671875 0.061046875 0.2602083328125 0.12662500000000002 0.2481041671875 0.16243749999999998 0.2259166671875 0.18462499999999998 0.1889375 0.212875 0.1667291671875 0.23304687500000001 0.115625 0.239109375 0.0658541671875 0.23960937499999999 0.03425 0.20984375000000002 0.0053333328125 0.161421875 0 0.097875 0
0 0.393640625 0.4625833328125 0.455578125 0.4916666671875 0.522421875 0.51325 0.547765625 0.5141875 0.57590625 0.48979166718749995 0.531578125 0.3978541671875 0.5041249999999999 0.39314583281250004 0.4499375 0.3603125 0.352125 0.41097916718749994 0.342984375 0.41566666718749995 0.36128125 0.4457083328125 0.393640625 0.4625833328125
0 0.7483125 0.1904791671875 0.6541406249999999 0.14339583281249998 0.628921875 0.1770208328125 0.660875 0.2644583328125 0.718046875 0.2622291671875 0.7516875 0.20391666718749998 0.7483125 0.1904791671875
0 0.5916406249999999 0.8927083328125001 0.600859375 0.9401041671874999 0.64034375 1 0.808796875 0.99275 0.854875 0.9330833328124999 0.717984375 0.6558125 0.586375 0.7435625 0.592953125 0.7523333328125 0.5837343749999999 0.8295416671875 0.5916406249999999 0.8927083328125001
0 0.57471875 0.8131041671875 0.5780937500000001 0.7546875 0.5494375 0.7232291671875 0.4955 0.7142291671875001 0.507296875 0.6288333328125 0.44157812500000004 0.6018749999999999 0.40954687500000003 0.7119791671875 0.42978125 0.7299583328125 0.458421875 0.797375 0.483703125 0.8760208328125 0.57471875 0.8131041671875
1 0.280515625 0.6675416671875001 0.323375 0.6389583328125 0.323375 0.6181875 0.323375 0.6026041671875 0.323375 0.5688333328125 0.32921875 0.5324583328125 0.3350625 0.4961041671875 0.333109375 0.48312499999999997 0.327265625 0.4623333328125 0.323375 0.4415625 0.31753125 0.43116666718749996 0.307796875 0.42077083281250005 0.292203125 0.4129791671875 0.2649375 0.4 0.24156249999999999 0.4 0.21234375 0.40779166718750004 0.19090625 0.4181875 0.17921875 0.4363541671875 0.157796875 0.4961041671875 0.153890625 0.529875 0.157796875 0.5662291671874999 0.169484375 0.6103958328125 0.19090625 0.6311666671875 0.198703125 0.6519583328125 0.21623437499999998 0.6909166671875 0.2551875 0.7142916671874999 0.245453125 0.6961041671875 0.27273437500000003 0.6909166671875 0.280515625 0.6675416671875001
1 0.845453125 0.1844166671875 0.8337656250000001 0.11687499999999999 0.8629843749999999 0.025979167187500003 0.915578125 0.012979167187499998 0.9681875 0.007791667187499999 0.68571875 0.007791667187499999 0.6818125 0.005187499999999999 0.7012968749999999 0.0935 0.73246875 0.14025 0.7987031250000001 0.17922916718749998 0.845453125 0.1844166671875
1 0.20806249999999998 0.7531041671875001 0.1990625 0.7736666671875 0.183640625 0.8010833328125001 0.16693750000000002 0.8045208328125 0.1489375 0.8147916671875001 0.129671875 0.8404999999999999 0.10010937499999999 0.8439375 0.069265625 0.8319375000000001 0.05254687500000001 0.8199375 0.0666875 0.8747708328125 0.07696875 0.8970625 0.09753125 0.905625 0.12453125000000001 0.8936249999999999 0.137375 0.8919166671875001 0.161796875 0.8730625 0.172078125 0.8490833328124999 0.193921875 0.8422291671875 0.21192187499999998 0.8199375 0.220921875 0.8028124999999999 0.22990624999999998 0.7856666671875 0.24148437500000003 0.7651041671875001 0.231203125 0.729125 0.250484375 0.7119791671875 0.20678125 0.688 0.20164062500000002 0.6828541671874999 0.202921875 0.6982708328125 0.20806249999999998 0.7531041671875001
0 0.512234375 0.6198750000000001 0.50615625 0.6886875 0.51071875 0.7109583328125 0.582046875 0.7332083328125 0.700453125 0.662375 0.698921875 0.5369166671875 0.53803125 0.5085833328125 0.54259375 0.5106041671875 0.494015625 0.5369166671875 0.512234375 0.6198750000000001
0 0.857609375 0.7763333328125 0.8787499999999999 0.7604791671875 0.9045156249999999 0.7490208328125 0.9164218749999999 0.726125 0.929625 0.6970625 0.9309531249999999 0.6600625 0.9283125 0.6292291671875 0.917078125 0.5939791671875 0.902546875 0.5693125 0.885359375 0.5693125 0.8450625 0.5728541671875 0.80278125 0.5719583328125 0.77634375 0.5737291671875 0.75653125 0.5816458328125 0.744640625 0.596625 0.736703125 0.6080833328125 0.731421875 0.6239375 0.730765625 0.6459583328125 0.730765625 0.6635833328125 0.736046875 0.6723958328124999 0.741328125 0.6856041671875001 0.755875 0.7155625 0.7664375 0.7322916671875 0.781640625 0.7675208328124999 0.806078125 0.7921875 0.8259062500000001 0.783375 0.847046875 0.7789791671875 0.857609375 0.7763333328125
0 0.84203125 0.22910416718749999 0.8107031250000001 0.22389583281249997 0.7950468749999999 0.2108333328125 0.753921875 0.17689583281250001 0.710828125 0.2917708328125 0.7030000000000001 0.3596666671875 0.7049531250000001 0.3831666671875 0.8635781250000001 0.4484375 0.80090625 0.5554791671875 0.80090625 0.5581041671875 0.793078125 0.5711458328125001 0.916453125 0.5789791671875 0.969328125 0.5137083328125 0.949734375 0.4536458328125 0.84203125 0.22910416718749999
0 0.06023437499999999 0.5622916671875 0.121921875 0.5537291671875 0.12834375 0.5897083328125 0.156625 0.5965625 0.147625 0.5194583328125 0.16046875 0.46118750000000003 0.18746875000000002 0.428625 0.192609375 0.3977708328125 0.174609375 0.3686458328125 0.154046875 0.3395208328125 0.11934375 0.334375 0.08978125 0.3446666671875 0.030671874999999998 0.4252083328125 0.049953125 0.5914166671875 0.06023437499999999 0.5845625 0.06023437499999999 0.5622916671875
0 0.056499999999999995 0.8541041671875 0.043187500000000004 0.8059375 0.0038906250000000004 0.7417083328125 0.003265625 0.9360625 0.048890625 0.8862083328124999 0.056499999999999995 0.8541041671875
0 0.448171875 0.3559583328125 0.48157812499999997 0.3782291671875 0.48801562499999995 0.313125 0.43531250000000005 0.30797916718749996 0.39675 0.3233958328125 0.349203125 0.3508125 0.331203125 0.3885208328125 0.328640625 0.4399375 0.341484375 0.49477083281249995 0.3530625 0.4810625 0.400609375 0.465625 0.35690625 0.4433541671875 0.340203125 0.4142291671875 0.448171875 0.3559583328125