1 0.70790625 0.7248505749999999 0.7085625 0.7368275859375 0.7110624999999999 0.744367815625 0.7165781250000001 0.7460919546875 0.720375 0.7406896546875 0.7294375 0.7211724140625 0.7482031250000001 0.707080459375 0.744921875 0.7022528734375 0.735078125 0.6976091953125 0.731796875 0.6980000000000001 0.725359375 0.6983908046875 0.718546875 0.7036091953125 0.708296875 0.7173103453125 0.70790625 0.7194482765625 0.70790625 0.7248505749999999
1 0.606765625 0.6808275859374999 0.603140625 0.700344828125 0.602234375 0.7211954015625001 0.60646875 0.7274022984374999 0.624859375 0.7305287359375 0.6260625 0.700781609375 0.62425 0.6577471265625 0.6179218750000001 0.6533103453125 0.6173124999999999 0.6599770109375 0.606765625 0.6808275859374999
1 0.792046875 0.6880459765625 0.7889062499999999 0.7007586203125 0.778703125 0.69728735625 0.7810625 0.7261609203125 0.77478125 0.7400229890625 0.777140625 0.7458160921875 0.7810625 0.757356321875 0.7700625 0.7793103453125 0.7810625 0.7966436781249999 0.782625 0.8024137937500001 0.79440625 0.8128045984375 0.8054062500000001 0.8208965515625 0.8462343750000001 0.845149425 0.884703125 0.85901149375 0.89334375 0.864781609375 0.8988437499999999 0.8555402296875 0.908265625 0.8474712640625001 0.93259375 0.8393793109375001 0.93653125 0.8058850578125 0.9318125 0.7804597703125 0.905125 0.771218390625 0.898046875 0.757356321875 0.9043281249999999 0.7342528734375 0.901984375 0.7284827593750001 0.891765625 0.7273333328125 0.870578125 0.7388735625 0.864296875 0.7319540234375 0.8446562500000001 0.7203908046875 0.82346875 0.7065287359375 0.7951875 0.6788045984375 0.792046875 0.6880459765625
1 0.7751406249999999 0.6434712640625 0.785921875 0.6308965515625 0.78665625 0.6199770109375 0.781453125 0.6123218390625 0.7844218749999999 0.6046666671875001 0.78703125 0.5877241375 0.782203125 0.5828045984375 0.77440625 0.586643678125 0.769203125 0.583356321875 0.7580625000000001 0.5888275859375 0.7554531250000001 0.5959310343750001 0.75434375 0.5899080453125001 0.74840625 0.5942758625 0.74171875 0.6002988499999999 0.74171875 0.5997471265625001 0.73875 0.5931954015625001 0.733171875 0.5942758625 0.72871875 0.6128505750000001 0.727234375 0.600850575 0.721296875 0.574068965625 0.7186874999999999 0.574068965625 0.710890625 0.5877241375 0.708296875 0.6052183906249999 0.69715625 0.5729655171875 0.694921875 0.57243678125 0.684890625 0.57570115 0.684515625 0.5855402296875 0.6796875 0.57843678125 0.67040625 0.580068965625 0.67115625 0.5910114937500001 0.6752343749999999 0.6150574718749999 0.6938125 0.636367815625 0.7034687500000001 0.6407356328125 0.712375 0.644 0.725 0.6467356328125 0.7443125 0.6483908046875 0.7703125 0.652206896875 0.7706875 0.652206896875 0.772171875 0.6500229890625 0.7751406249999999 0.6434712640625
1 0.497640625 0.606367815625 0.51209375 0.6116781609374999 0.5135468750000001 0.6297471265625 0.5236562499999999 0.6286896546875 0.5294375 0.6393333328125 0.550390625 0.6414482765625 0.56484375 0.6403908046875 0.5749531250000001 0.634 0.551109375 0.615931034375 0.556171875 0.6021149421875001 0.58290625 0.6053103453124999 0.573515625 0.580850575 0.5605 0.572367815625 0.556171875 0.572367815625 0.5475 0.5681149421875 0.520046875 0.562781609375 0.49909375 0.580850575 0.497640625 0.606367815625
1 0.64653125 0.65156321875 0.633578125 0.658367815625 0.6345 0.6719770109375001 0.652078125 0.7087356328125 0.668734375 0.7073563218750001 0.671515625 0.686942528125 0.64653125 0.65156321875
1 0.54496875 0.6880689656250001 0.511296875 0.6205057468749999 0.45925000000000005 0.6047356328125 0.45006250000000003 0.6520229890625 0.48832812499999995 0.679057471875 0.54496875 0.6880689656250001
1 0.8867499999999999 0.6827586203125 0.9108906250000001 0.7062758625 0.9196249999999999 0.7093793109375001 0.9307812500000001 0.7054022984375 0.9347031250000001 0.6871954015624999 0.9316875 0.6871954015624999 0.9235468750000001 0.6774482765625 0.8997187500000001 0.6614712640625 0.8837343750000001 0.6628045984375001 0.882234375 0.6698850578125 0.8867499999999999 0.6827586203125
1 0.937265625 0.7351724140625 0.9376093750000001 0.7351724140625 0.9430937500000001 0.723080459375 0.949265625 0.694344828125 0.949265625 0.680229884375 0.9389843750000001 0.6620919546875 0.9321406250000001 0.6560459765625 0.92596875 0.6550344828125 0.9156875 0.6550344828125 0.915 0.6550344828125 0.9064375 0.6590804593749999 0.891375 0.669655171875 0.8745937500000001 0.6807356328124999 0.87253125 0.683770115625 0.867046875 0.6938390796875 0.867046875 0.694850575 0.8667031250000001 0.6973793109375 0.860546875 0.6893103453125 0.850609375 0.67671264375 0.842734375 0.6751954015625 0.841359375 0.6993793109374999 0.842046875 0.705931034375 0.8365625 0.71098850625 0.8465 0.7260919546875 0.8677343750000001 0.740206896875 0.868078125 0.740206896875 0.878015625 0.733655171875 0.8927343750000001 0.7291264375 0.896171875 0.7291264375 0.9043906249999999 0.7356781609375 0.9043906249999999 0.7361839078125 0.9194531250000001 0.7442528734375 0.930765625 0.7366896546875 0.937265625 0.7351724140625
1 0.664515625 0.6484597703125 0.6500781250000001 0.64101149375 0.643578125 0.6420919546875 0.661640625 0.6718390796875 0.6912499999999999 0.670781609375 0.69053125 0.6420919546875 0.664515625 0.6484597703125
1 0.8425156250000001 0.70698850625 0.8422031249999999 0.698068965625 0.842984375 0.676505746875 0.8506406249999999 0.676505746875 0.858671875 0.6853103453125 0.8672656249999999 0.6811724140625001 0.868015625 0.6712873562499999 0.8616718750000001 0.662206896875 0.851390625 0.658367815625 0.842421875 0.6682528734375001 0.8437812499999999 0.6564597703125 0.836703125 0.65328735625 0.82346875 0.6618850578125001 0.8176249999999999 0.6849885062500001 0.8225468749999999 0.7026436781250001 0.827125 0.7024597703125 0.83296875 0.7011034484375 0.8425156250000001 0.70698850625
1 0.60215625 0.7085747125 0.6071718749999999 0.6852413796875 0.622203125 0.65698850625 0.618015625 0.6348735624999999 0.6105 0.63241379375 0.60215625 0.6618850578125001 0.57709375 0.6754022984375 0.5528906250000001 0.6901609203125 0.55121875 0.6938390796875 0.5695781249999999 0.7085747125 0.5787656250000001 0.7061149421875 0.592125 0.7245517234375 0.60215625 0.7085747125
3 0.3645 0.601655171875 0.3656875 0.5917701156249999 0.36134374999999996 0.5766666671875 0.351859375 0.566781609375 0.34040625 0.5691034484374999 0.335671875 0.5766666671875 0.33132812500000003 0.59698850625 0.34396875 0.61443678125 0.3558125 0.61501149375 0.356203125 0.6132643671875 0.362140625 0.6068735625 0.3645 0.601655171875
3 0.31421875 0.5687356328125001 0.325375 0.5679770109375 0.332984375 0.5679770109375 0.33804687499999997 0.55829885 0.340078125 0.5478390796875 0.33703125 0.5351724140624999 0.333484375 0.5277011500000001 0.325375 0.5239770109374999 0.31625000000000003 0.5239770109374999 0.308640625 0.5321839078124999 0.305609375 0.539632184375 0.305609375 0.5418850578125001 0.30407812500000003 0.5500919546875 0.30459375 0.5605287359375 0.307625 0.5672413796875 0.31421875 0.5687356328125001
1 0.6365000000000001 0.7236551718750001 0.6466406250000001 0.7236551718750001 0.6501875 0.712482759375 0.644609375 0.6953103453125 0.631421875 0.665494253125 0.624328125 0.6550344828125 0.62584375 0.7087586203125 0.6365000000000001 0.7236551718750001
3 0.23551562499999998 0.5611954015625 0.24565625 0.5674252875 0.25212500000000004 0.5690804593750001 0.258609375 0.56701149375 0.26678125 0.5595402296875001 0.271015625 0.5487586203125 0.26818749999999997 0.53841379375 0.26678125 0.530942528125 0.263125 0.52556321875 0.24987499999999999 0.518919540625 0.241703125 0.523057471875 0.238328125 0.5263908046875 0.23776562499999998 0.52928735625 0.238609375 0.540068965625 0.23889062499999997 0.5491724140625001 0.23889062499999997 0.5545747125 0.23551562499999998 0.5611954015625
1 0.0140625 0.7678160921875 0.0109375 0.82298850625 0.015625 0.8298850578125 0.025 0.8298850578125 0.034375 0.8068965515625001 0.031026785937500002 0.79573070625 0.046875 0.7908045984375 0.0578125 0.811494253125 0.0625 0.811494253125 0.065625 0.8160919546875001 0.0828125 0.8160919546875001 0.1046875 0.8 0.1125 0.786206896875 0.1234375 0.77701149375 0.125 0.7517241375 0.439806546875 0.6296661203125 0.5251984125 0.6095967890625 0.5234375 0.6436781609375 0.531875 0.6436781609375 0.5291666671875 0.6613026828125 0.5359375 0.6712643671875 0.5333333328125 0.6743295015624999 0.5375 0.6896551718749999 0.5421875 0.6827586203125 0.5453125 0.6888888890625 0.5609375 0.6873563218750001 0.5633928578125 0.691625615625 0.644494046875 0.7058565953125 0.6515625 0.710344828125 0.646875 0.72413793125 0.6484375 0.7448275859375 0.6671875 0.77471264375 0.6796875 0.7839080453125 0.7015625 0.7839080453125 0.7125 0.77701149375 0.725 0.79770115 0.7328125 0.8045977015625001 0.759375 0.8068965515625001 0.7765625 0.7954022984375 0.7703125 0.7793103453125 0.7796875 0.760919540625 0.778125 0.7494252875 0.7802734375 0.7462643671875 0.8905598953125 0.755651340625 0.8923150515625 0.7495191171875 0.9 0.7517241375 0.9 0.763218390625 0.9078125 0.77241379375 0.9296875 0.7816091953125001 0.9390625 0.7793103453125 0.94375 0.7701149421875 0.94375 0.7471264375 0.9375 0.735632184375 0.9453125 0.6712643671875 0.9484375 0.6712643671875 0.953125 0.662068965625 0.953125 0.6183908046875 0.9453125 0.5908045984375 0.9375 0.5793103453125 0.925 0.5701149421875 0.903125 0.5701149421875 0.890625 0.5793103453125 0.8828125 0.5908045984375 0.8734375 0.5839080453125 0.8515625 0.5839080453125 0.834375 0.6 0.81875 0.586206896875 0.790625 0.588505746875 0.7875 0.5908045984375 0.7828125 0.6091954015625001 0.7859375 0.6321839078125 0.7703125 0.6528735625000001 0.721875 0.6482758625 0.7 0.6413793109375 0.6921875 0.6367816093750001 0.6765625 0.6183908046875 0.671875 0.6068965515625 0.66875 0.6068965515625 0.6578125 0.5931034484375 0.6421875 0.5931034484375 0.6359375 0.59770115 0.615625 0.6 0.6 0.5793103453125 0.5875 0.5793103453125 0.58125 0.5908045984375 0.4320436515625 0.6314906046875 0.0982390875 0.709943440625 0.0953125 0.7195402296875 0.090476190625 0.7117679265625 0.0875 0.7195402296875 0.08125 0.710344828125 0.074950396875 0.71541689375 0.071875 0.710344828125 0.0671875 0.7172413796875 0.0328125 0.7203065125 0.028125 0.72643678125 0.02421875 0.7210727984374999 0.015625 0.7218390796875 0.0109375 0.7287356328125 0.0142857140625 0.739901478125 0.0109375 0.7448275859375 0.0140625 0.7678160921875