0 0.354296875 0.8422291671875 0.374125 0.8422291671875 0.38673437499999996 0.832625 0.39575 0.8133958328125 0.39575 0.7893541671875 0.39034375 0.7665416671874999 0.3723125 0.7593333328125 0.34978125000000004 0.7569166671875001 0.3335625 0.7677291671875001 0.327265625 0.7905625 0.330859375 0.8266041671875 0.3335625 0.8362291671875001 0.34078125 0.8422291671875 0.354296875 0.8422291671875
0 0.638765625 0.6629166671875 0.616859375 0.6314583328125 0.606734375 0.59775 0.589890625 0.6 0.57978125 0.5707916671875 0.561234375 0.5595416671875 0.54775 0.5573125 0.542703125 0.5438125 0.507296875 0.5528125 0.5005625 0.5280833328125001 0.47528125 0.5280833328125001 0.46517187499999996 0.5168541671875 0.439890625 0.5146041671875 0.41460937500000006 0.5101041671875 0.37921875 0.49437499999999995 0.34550000000000003 0.505625 0.32696875 0.503375 0.29493749999999996 0.49887499999999996 0.26965625000000004 0.5101041671875 0.24270312500000002 0.5213541671875 0.1938125 0.5370833328125 0.160109375 0.5573125 0.12640625 0.5617916671875001 0.10785937500000001 0.5752708328125 0.082578125 0.5707916671875 0.064046875 0.5775208328125 0.055625 0.6157291671875 0.038765625 0.6314583328125 0.026968750000000003 0.6696666671875 0.02021875 0.6696666671875 0.0033750000000000004 0.7033750000000001 0.0033750000000000004 0.7168541671875001 0.08090625 0.7617916671875 0.35729687499999996 0.9101041671875001 0.364046875 0.9191041671875 0.36909375 0.9191041671875 0.638765625 0.6629166671875
0 0.507296875 0.5505625000000001 0.52078125 0.5460625 0.5561875 0.5528125 0.5882031249999999 0.5887708328125 0.603375 0.6 0.62021875 0.6269583328125 0.6758437500000001 0.6359583328125 0.7786562499999999 0.5348333328125 0.7264062499999999 0.43595833281249996 0.66909375 0.4247291671875 0.52753125 0.3865208328125 0.443265625 0.4224791671875 0.39775 0.505625 0.43314062499999995 0.5168541671875 0.49887499999999996 0.5348333328125 0.507296875 0.5505625000000001
0 0.841984375 0.4387708328125 0.8286718750000001 0.40875000000000006 0.809234375 0.39237500000000003 0.76728125 0.3787291671875 0.68953125 0.36783333281249997 0.594359375 0.3992083328125 0.73146875 0.4373958328125 0.781609375 0.5288125 0.860390625 0.4701458328125 0.8573281250000001 0.46741666718749997 0.841984375 0.4387708328125
0 0.797265625 0.3528333328125 0.8178906250000001 0.3503333328125 0.8281875 0.3503333328125 0.844125 0.3453333328125 0.851625 0.3428333328125 0.8638125000000001 0.3515833328125 0.8656874999999999 0.3553333328125 0.874125 0.3553333328125 0.876 0.3553333328125 0.8797499999999999 0.3765625 0.8835000000000001 0.3853125 0.913484375 0.41281249999999997 0.921921875 0.4178125 0.928484375 0.4090625 0.9387968750000001 0.3915625 0.922859375 0.3528333328125 0.9153593750000001 0.3290833328125 0.9022343749999999 0.3140833328125 0.8797499999999999 0.2890833328125 0.8694375000000001 0.29533333281249996 0.8806875 0.3040833328125 0.8647500000000001 0.2990833328125 0.8460000000000001 0.3015833328125 0.8300625 0.3028333328125 0.811328125 0.3090833328125 0.7935156250000001 0.3190833328125 0.788828125 0.32283333281250004 0.785078125 0.3290833328125 0.792578125 0.3428333328125 0.797265625 0.3528333328125
3 0.470671875 0.3922083328125 0.46875 0.3844583328125 0.46439062499999995 0.3812291671875 0.457125 0.3812291671875 0.45276562499999995 0.38575 0.449875 0.397375 0.45276562499999995 0.4038333328125 0.457125 0.4102708328125 0.46584375 0.4057708328125 0.470671875 0.40189583281249996 0.470671875 0.3922083328125
3 0.55628125 0.35754166718749997 0.554609375 0.3545833328125 0.55196875 0.3521666671875 0.54878125 0.350875 0.5454375 0.3514166671875 0.5416875 0.35291666718750003 0.54015625 0.35420833281249997 0.538359375 0.3590208328125 0.5389062499999999 0.36143749999999997 0.545578125 0.3651458328125 0.554203125 0.3603125 0.55628125 0.360125 0.55628125 0.35754166718749997
3 0.54834375 0.3810833328125 0.5530781250000001 0.3810833328125 0.559546875 0.3804166671875 0.5645156250000001 0.38275000000000003 0.56825 0.3771041671875 0.56775 0.3724583328125 0.5647656249999999 0.3658125 0.559296875 0.36085416718749996 0.5530781250000001 0.36085416718749996 0.545859375 0.3645 0.5431250000000001 0.3724583328125 0.542875 0.3774375 0.544109375 0.3833958328125 0.54834375 0.3810833328125
3 0.58271875 0.384625 0.5835781250000001 0.3908125 0.584734375 0.3958333328125 0.5902499999999999 0.3958333328125 0.59328125 0.3937083328125 0.5934375000000001 0.386375 0.59128125 0.3713958328125 0.5822812500000001 0.3684583328125 0.578328125 0.3684583328125 0.5770625 0.37033333281249997 0.574890625 0.3774791671875 0.58271875 0.384625
3 0.6275625 0.3838125 0.6275625 0.3819791671875 0.627328125 0.3716041671875 0.6218281250000001 0.36885416718749997 0.6172500000000001 0.36885416718749997 0.611984375 0.3716041671875 0.61153125 0.3777083328125 0.61153125 0.3822708328125 0.6152031250000001 0.38747916718750003 0.6158750000000001 0.3892916671875 0.62275 0.38410416718749996 0.6275625 0.3838125
3 0.5718125 0.3888541671875 0.571421875 0.397125 0.5745312499999999 0.3973958328125 0.58034375 0.39660416718749997 0.5832499999999999 0.3917083328125 0.5838281249999999 0.3886041671875 0.581515625 0.381875 0.57725 0.378 0.5718125 0.378 0.5679375 0.3787708328125 0.565609375 0.3823958328125 0.567546875 0.381625 0.569296875 0.3862708328125 0.5718125 0.3888541671875
3 0.606140625 0.3357083328125 0.608984375 0.3343541671875 0.614125 0.3346041671875 0.614765625 0.3327708328125 0.6139375 0.328375 0.615859375 0.32237499999999997 0.61540625 0.3215208328125 0.61365625 0.3207916671875 0.61071875 0.3211458328125 0.608703125 0.3216458328125 0.6070625 0.3232708328125 0.604953125 0.3245 0.6021093750000001 0.3273125 0.6 0.3308541671875 0.6 0.3344166671875 0.601546875 0.3359375 0.60384375 0.3376666671875 0.606140625 0.3357083328125
3 0.6382656250000001 0.3165416671875 0.637890625 0.3115208328125 0.6341249999999999 0.3115208328125 0.62846875 0.3115208328125 0.625828125 0.3140208328125 0.6235625 0.3195625 0.6235625 0.32458333281249996 0.626953125 0.331125 0.633375 0.332625 0.633375 0.3331458328125 0.6382656250000001 0.32560416718749996 0.6382656250000001 0.3165416671875
3 0.245703125 0.3976458328125 0.234171875 0.3868125 0.22903125000000002 0.3868125 0.222203125 0.38737499999999997 0.21921875000000002 0.3902291671875 0.217078125 0.391375 0.21109375 0.39991666718749996 0.21109375 0.417 0.21109375 0.4204166671875 0.211515625 0.42895833281250006 0.212796875 0.43295833281249996 0.217078125 0.4301041671875 0.240140625 0.43295833281249996 0.243984375 0.4204166671875 0.25040625 0.41245833281250005 0.245703125 0.3976458328125
1 0.989109375 0.2694583328125 0.993125 0.26968749999999997 0.996984375 0.26795833281250003 0.995859375 0.2645416671875 0.997796875 0.2619791671875 0.9982656249999999 0.25768749999999996 0.996671875 0.2538333328125 0.9955468749999999 0.2512708328125 0.99378125 0.250625 0.9889531249999999 0.25275 0.98575 0.259625 0.9860625000000001 0.2653958328125 0.989109375 0.2694583328125
1 0.8814062500000001 0.271875 0.8845000000000001 0.2735208328125 0.888421875 0.2751666671875 0.8939843749999999 0.2757291671875 0.89665625 0.2666458328125 0.900578125 0.2641666671875 0.9032656250000001 0.26033333281250004 0.8952187500000001 0.2611458328125 0.8919218750000001 0.25895833281249997 0.8919218750000001 0.2592291671875 0.88965625 0.2652708328125 0.8814062500000001 0.271875
1 0.9027968749999999 0.2796666671875 0.905296875 0.27799999999999997 0.912171875 0.2771666671875 0.9156093750000001 0.2738333328125 0.9127968750000001 0.2684166671875 0.9090468749999999 0.2650833328125 0.904359375 0.2663333328125 0.898109375 0.2688333328125 0.895296875 0.2734166671875 0.8921718750000001 0.2788333328125 0.8931093750000001 0.2813333328125 0.894671875 0.2805 0.8999843750000001 0.2821666671875 0.9027968749999999 0.2796666671875
1 0.935734375 0.24602083281249998 0.9334843749999999 0.24881250000000002 0.9297812499999999 0.2537291671875 0.926734375 0.2560833328125 0.924796875 0.26187499999999997 0.92415625 0.2661666671875 0.9280156249999999 0.2659375 0.93075 0.2661666671875 0.932515625 0.2661666671875 0.9341250000000001 0.2674375 0.9376562500000001 0.2614583328125 0.9376562500000001 0.254375 0.9376562500000001 0.24945833281250002 0.935734375 0.24602083281249998
1 0.936671875 0.279875 0.9394843749999999 0.2802916671875 0.942296875 0.2769583328125 0.9394843749999999 0.268625 0.937296875 0.268625 0.934484375 0.2732083328125 0.933546875 0.274875 0.929171875 0.27570833281249996 0.927296875 0.2732083328125 0.9226093750000001 0.269875 0.919171875 0.27029166718750003 0.913859375 0.27570833281249996 0.912921875 0.2782083328125 0.920734375 0.278625 0.922296875 0.2769583328125 0.925421875 0.28112499999999996 0.936671875 0.279875
1 0.915078125 0.2679166671875 0.91734375 0.2665416671875 0.9192031249999999 0.26297916718750003 0.9189999999999999 0.2582916671875 0.918171875 0.2541666671875 0.9165156250000001 0.25554166718750004 0.914453125 0.2582916671875 0.9130156250000001 0.2605 0.91075 0.2657083328125 0.9113749999999999 0.2665416671875 0.9138437500000001 0.2679166671875 0.915078125 0.2679166671875
1 0.8960625 0.24441666718750002 0.8960625 0.248375 0.8960625 0.2535 0.89784375 0.2558541671875 0.9000625 0.25625 0.9021250000000001 0.254875 0.905375 0.254875 0.906125 0.2528958328125 0.907 0.2493541671875 0.907890625 0.24679166718749998 0.909375 0.2410833328125 0.90996875 0.2347708328125 0.906859375 0.23260416718750002 0.906421875 0.227875 0.90390625 0.2276666671875 0.9030156249999999 0.234375 0.90109375 0.2363333328125 0.8981406249999999 0.240875 0.8960625 0.24441666718750002
1 0.918328125 0.2460625 0.922078125 0.2458958328125 0.92434375 0.2457291671875 0.92659375 0.2443958328125 0.92796875 0.2437291671875 0.92871875 0.2418958328125 0.9284687500000001 0.2398958328125 0.9285937499999999 0.2372083328125 0.9288437500000001 0.23454166718749997 0.9282187499999999 0.231875 0.92634375 0.23454166718749997 0.92459375 0.23570833281249998 0.9212031250000001 0.23770833281249998 0.918328125 0.2460625
3 0.60884375 0.3926666671875 0.61615625 0.3890625 0.611921875 0.3829166671875 0.6076875 0.38035416718750004 0.599234375 0.386 0.6034531249999999 0.3931666671875 0.604234375 0.401375 0.604234375 0.4029166671875 0.605765625 0.40035416718750005 0.60884375 0.3926666671875
3 0.513015625 0.357375 0.514671875 0.35783333281249996 0.5193125000000001 0.35812499999999997 0.5259375000000001 0.35989583281250004 0.526828125 0.357375 0.5259375000000001 0.3542916671875 0.523953125 0.3516458328125 0.521625 0.34972916718749997 0.5179843749999999 0.3489791671875 0.516109375 0.3516458328125 0.514109375 0.3544375 0.51434375 0.354 0.5124531250000001 0.3569375 0.513015625 0.357375
3 0.65821875 0.35310416718750004 0.66025 0.3538125 0.660921875 0.34768750000000004 0.660109375 0.34425 0.6579531249999999 0.34045833281250004 0.6555156249999999 0.33858333281249997 0.653765625 0.3384791671875 0.6515625 0.3390208328125 0.649921875 0.3404375 0.6485624999999999 0.3429166671875 0.6480625 0.3460625 0.6480625 0.35291666718750003 0.6530781250000001 0.3534583328125 0.65821875 0.35310416718750004
1 0.98990625 0.2763125 0.9833437500000001 0.2841041671875 0.991859375 0.2983958328125 1 0.3016458328125 0.9996562499999999 0.2941666671875 0.99940625 0.2763125 0.98990625 0.2763125
1 0.9057031249999999 0.256125 0.9140625 0.256125 0.9174218749999999 0.2442291671875 0.9157343750000001 0.2442291671875 0.9123906249999999 0.24125000000000002 0.9096093749999999 0.24125000000000002 0.90346875 0.25314583281249997 0.9057031249999999 0.256125
1 0.93484375 0.2480833328125 0.937140625 0.24654166718749998 0.9414374999999999 0.2457916671875 0.942578125 0.2435 0.9431406250000001 0.2408333328125 0.940578125 0.2354791671875 0.9394218750000001 0.2320625 0.9394218750000001 0.229 0.9374218750000001 0.229 0.9365625 0.22937500000000002 0.9325625000000001 0.235875 0.9288437500000001 0.2396875 0.9314218750000001 0.24539583281250002 0.93484375 0.2480833328125
3 0.319953125 0.5018125 0.33799999999999997 0.49524999999999997 0.34784375 0.48650000000000004 0.33471875 0.4536875 0.32159375 0.45149999999999996 0.3051875 0.46025 0.30190625 0.482125 0.29862500000000003 0.4843125 0.3051875 0.504 0.319953125 0.5018125
3 0.0015625 0.7708333328125 0.009375 0.7729166671875001 0.015625 0.7625 0.015625 0.725 0.021875 0.725 0.0328125 0.7416666671875001 0.046875 0.7416666671875001 0.053125 0.75 0.0625 0.75 0.071875 0.74375 0.0859375 0.7604166671875 0.0953125 0.7604166671875 0.1 0.7520833328125 0.1 0.74375 0.0921875 0.7333333328125 0.0859375 0.7354166671875 0.084375 0.725 0.090625 0.7166666671875 0.0890625 0.7041666671875 0.092534721875 0.69976851875 0.0947916671875 0.6888888890625 0.09375 0.68125 0.11875 0.68125 0.125 0.7020833328125 0.2046875 0.69375 0.228125 0.6979166671875 0.23125 0.7020833328125 0.2375 0.7020833328125 0.2421875 0.70625 0.315625 0.70625 0.34375 0.7125 0.35 0.7166666671875 0.3546875 0.7145833328125 0.359375 0.71875 0.3640625 0.7166666671875 0.36875 0.7208333328125 0.3765625 0.7208333328125 0.378125 0.7291666671875 0.3546875 0.7416666671875001 0.353125 0.7583333328124999 0.3578125 0.7645833328125 0.48125 0.76875 0.559375 0.75 0.5671875 0.74375 0.5765625 0.7416666671875001 0.5828125 0.73125 0.5828125 0.7229166671875 0.578125 0.70625 0.571875 0.7 0.55625 0.7 0.503125 0.6875 0.4890625 0.6875 0.484375 0.6854166671875 0.48125 0.6791666671875001 0.484627015625 0.6766801078125 0.45438508125 0.4250672046875 0.45598958281249996 0.41979166718750005 0.46356336875000004 0.41675347343749997 0.4625 0.41041666718750003 0.47113715312500004 0.4137152765625 0.471875 0.40625 0.486284721875 0.4076388890625 0.5090060765625 0.39852430625 0.515625 0.40416666718750005 0.5703125 0.40416666718750005 0.5734375 0.39791666718749996 0.5671875 0.38333333281250004 0.56875 0.3770833328125 0.55625 0.38125 0.55625 0.3625 0.5640625 0.3541666671875 0.5640625 0.34375 0.559375 0.33541666718749996 0.5684185609375 0.29469696875 0.5984375 0.3083333328125 0.596875 0.325 0.6 0.3291666671875 0.60625 0.325 0.615625 0.34375 0.640625 0.3458333328125 0.646875 0.3541666671875 0.6515625 0.3541666671875 0.653125 0.3583333328125 0.6765625 0.3583333328125 0.6765625 0.3791666671875 0.68125 0.3854166671875 0.690625 0.3854166671875 0.703125 0.375 0.73125 0.3645833328125 0.7390625 0.3541666671875 0.7640625 0.3541666671875 0.7765625 0.3375 0.7859375 0.3375 0.790625 0.3291666671875 0.7890625 0.3166666671875 0.778125 0.3083333328125 0.7546875 0.3125 0.7375 0.2958333328125 0.6921875 0.2979166671875 0.6875 0.2958333328125 0.684375 0.2875 0.678125 0.28125 0.6625 0.2854166671875 0.64375 0.2958333328125 0.6046875 0.30416666718749996 0.560913825 0.2912878796875 0.1256392046875 0.09356060625 0.121875 0.0875 0.1203125 0.08125 0.1125 0.075 0.10625 0.0770833328125 0.103125 0.08333333281250001 0.11062973437500001 0.086742425 0.103125 0.0947916671875 0.103125 0.10625 0.1234375 0.3270833328125 0.115625 0.48125 0.1046875 0.5125 0.1046875 0.5270833328125 0.109375 0.5333333328125 0.103125 0.54375 0.0984375 0.5395833328124999 0.0890625 0.54375 0.0859375 0.55625 0.0765625 0.5625 0.040625 0.5708333328124999 0.003125 0.5958333328125 0.0015625 0.6854166671875 0.00625 0.7083333328125 0.0015625 0.725 0.0015625 0.7708333328125