3 0.078078125 0.26033333281250004 0.072421875 0.2465833328125 0.067359375 0.2543958328125 0.069984375 0.2589791671875 0.06979687500000001 0.2716458328125 0.07423437499999999 0.2762291671875 0.07665625000000001 0.2778541671875 0.092421875 0.27731249999999996 0.09767187499999999 0.26814583281250004 0.09828125 0.2611458328125 0.096875 0.2533333328125 0.090609375 0.2438958328125 0.090609375 0.24362499999999998 0.08757812499999999 0.2495416671875 0.0823125 0.254125 0.078078125 0.26033333281250004
3 0.59021875 0.22279166718750001 0.586078125 0.2252916671875 0.5834374999999999 0.23435416718750002 0.5841875 0.2428958328125 0.5849375 0.2504375 0.5879531250000001 0.25445833281249997 0.596640625 0.25445833281249997 0.602671875 0.2534583328125 0.603046875 0.2534583328125 0.6064375 0.2469166671875 0.6075781250000001 0.237875 0.6049375 0.2288125 0.60003125 0.22479166718750002 0.59965625 0.22479166718750002 0.5940000000000001 0.22429166718750002 0.5917343749999999 0.22279166718750001 0.59059375 0.22279166718750001 0.59021875 0.22279166718750001
3 0.12507812499999998 0.2321666671875 0.124390625 0.23460416718750002 0.1211875 0.24133333281249997 0.124390625 0.2486458328125 0.128515625 0.2532291671875 0.140875 0.2517083328125 0.14384375 0.24835416718749997 0.14910937500000002 0.2446875 0.14910937500000002 0.2395 0.144765625 0.2260625 0.137203125 0.21872916718750002 0.12989062499999998 0.21872916718750002 0.1253125 0.2239166671875 0.12325 0.2272916671875 0.12209375 0.23033333281249999 0.12507812499999998 0.2321666671875
3 0.191671875 0.23358333281250002 0.1886875 0.2311458328125 0.18365625000000002 0.22075 0.183203125 0.22381250000000003 0.184796875 0.23541666718749998 0.190296875 0.2399791671875 0.20037500000000003 0.23937499999999998 0.20334375 0.2375416671875 0.207015625 0.2326666671875 0.20998437499999997 0.2232083328125 0.20770312500000002 0.21800000000000003 0.20495312499999999 0.20825 0.20196874999999997 0.20274999999999999 0.193265625 0.20274999999999999 0.18915625 0.204875 0.18937500000000002 0.2109791671875 0.193734375 0.22839583281250003 0.191671875 0.23358333281250002
3 0.205328125 0.9228333328125 0.20321875 0.9078333328125 0.1940625 0.9078333328125 0.18 0.9078333328125 0.17859375 0.9162708328125 0.190546875 0.9397291671874999 0.19618750000000001 0.9322291671875 0.205328125 0.9228333328125
3 0.24451562500000001 0.3285 0.243640625 0.3383541671875 0.24421875 0.3420208328125 0.25465625 0.343375 0.260296875 0.3397083328125 0.2645 0.33160416718749997 0.2640625 0.3244583328125 0.261453125 0.315375 0.25710937500000003 0.31074999999999997 0.2521875 0.3103541671875 0.24493749999999997 0.3117083328125 0.24117187499999998 0.3146041671875 0.24465625000000002 0.3225208328125 0.24451562500000001 0.3285
3 0.593640625 0.4819583328125 0.596140625 0.48220833281250003 0.600953125 0.48172916718750003 0.605953125 0.4810208328125 0.608796875 0.4798125 0.61184375 0.47506250000000005 0.611125 0.46745833281250004 0.6093437500000001 0.4610416671875 0.60665625 0.459375 0.600953125 0.45841666718749996 0.59703125 0.4588958328125 0.593640625 0.4605625 0.588828125 0.46839583281249997 0.589 0.468875 0.5897187500000001 0.4798125 0.593640625 0.4819583328125
3 0.652234375 0.4652291671875 0.655296875 0.469125 0.65821875 0.4706041671875 0.6664218749999999 0.4707916671875 0.6696093750000001 0.4689375 0.6698906250000001 0.4609791671875 0.6679375000000001 0.4528125 0.664328125 0.4441041671875 0.6597500000000001 0.44318749999999996 0.65890625 0.4450416671875 0.6554375 0.4468958328125 0.652234375 0.45227083281249997 0.65084375 0.4604166671875 0.652234375 0.4652291671875
3 0.74696875 0.5778958328125 0.74753125 0.5821458328125 0.7487812500000001 0.5856666671874999 0.7517031249999999 0.58975 0.7560156250000001 0.5919791671875 0.759203125 0.5919791671875 0.76240625 0.5899375 0.76490625 0.5873333328125 0.766984375 0.584375 0.76796875 0.5795625 0.7678281250000001 0.5751041671875 0.766578125 0.5713958328125 0.7640781249999999 0.5676875 0.760875 0.5660208328125 0.758234375 0.5656458328125 0.757671875 0.5651041671875 0.75615625 0.5649166671875 0.7553124999999999 0.5660208328125 0.7500312499999999 0.567875 0.74809375 0.5706666671875 0.74725 0.5740000000000001 0.74696875 0.5778958328125
3 0.23003125 0.3076875 0.22751562500000003 0.3081041671875 0.22673437500000002 0.30874999999999997 0.22515625 0.309375 0.224359375 0.3102083328125 0.222796875 0.3114791671875 0.22153125 0.31314583281249997 0.22090625 0.314 0.21995312500000003 0.3150416671875 0.219328125 0.3162916671875 0.219015625 0.3169375 0.21837499999999999 0.3188125 0.21775000000000003 0.3230208328125 0.21728125 0.3272083328125 0.21759374999999997 0.3318333328125 0.22075 0.3383541671875 0.22546875000000002 0.34381249999999997 0.23176562500000003 0.34568750000000004 0.235546875 0.3448541671875 0.2416875 0.3402291671875 0.243890625 0.33708333281249997 0.244671875 0.32218749999999996 0.2410625 0.3144166671875 0.23948437500000003 0.3135625 0.238859375 0.3129375 0.23853125 0.3116875 0.2380625 0.3104166671875 0.23696875 0.3097916671875 0.234125 0.3072708328125 0.23176562500000003 0.3072708328125 0.23003125 0.3076875
3 0.080265625 0.2964583328125 0.08204687499999999 0.2986041671875 0.08275 0.2990833328125 0.08828125 0.30120833281250003 0.08935937499999999 0.3014583328125 0.0925625 0.30120833281250003 0.099703125 0.2986041671875 0.10112499999999999 0.2959791671875 0.10220312499999999 0.2950208328125 0.10470312500000001 0.2909791671875 0.09203125 0.27789583281249997 0.076328125 0.278375 0.07615625000000001 0.2895625 0.0779375 0.2926458328125 0.080265625 0.2964583328125
3 0.440609375 0.7834791671875 0.43590625000000005 0.7932708328125 0.435609375 0.8022916671875 0.438265625 0.8120833328125 0.44678125 0.8179583328125 0.45676562499999995 0.8167916671875 0.45735937499999996 0.8171666671875 0.4570625 0.7901458328125 0.440609375 0.7834791671875
3 0.127640625 0.34550000000000003 0.1159375 0.3434375 0.11046875 0.3475833328125 0.106578125 0.3631875 0.11281250000000001 0.3736041671875 0.121390625 0.3787916671875 0.122953125 0.37775 0.122953125 0.37047916718749996 0.127640625 0.34550000000000003