3 0.49995312500000005 0.4262708328125 0.454359375 0.3892083328125 0.40209374999999997 0.4099583328125 0.37540625 0.43220833281250004 0.347609375 0.5597083328125 0.33315625 0.6026875 0.36317187500000003 0.7005416671875 0.397640625 0.7376041671875 0.4576875 0.7672708328125 0.48548437499999997 0.7598541671875 0.509953125 0.7094375 0.513296875 0.608625 0.5466562500000001 0.5359791671874999 0.552203125 0.5063333328125 0.54109375 0.4826041671875 0.49995312500000005 0.4262708328125
3 0.77528125 0.27570833281249996 0.792140625 0.2150416671875 0.8022500000000001 0.11616666718749999 0.768546875 0.0015625 0.637078125 0 0.632015625 0.0127916671875 0.632015625 0.041999999999999996 0.632015625 0.1139166671875 0.608421875 0.2038125 0.589890625 0.27570833281249996 0.6016874999999999 0.2981875 0.660671875 0.3206666671875 0.701125 0.345375 0.738203125 0.3296458328125 0.77528125 0.27570833281249996
3 1 0.6270625 0.987390625 0.5933541671875 0.913234375 0.5686458328125 0.87953125 0.5529166671875 0.8609843749999999 0.5529166671875 0.8491875 0.5596458328125 0.8491875 0.6360625 0.82390625 0.7281875 0.845828125 0.8090833328124999 0.893015625 0.8855000000000001 0.8963906250000001 0.9394375 0.88121875 0.979875 0.871109375 1 1 0.9933541671875 1 0.6270625
3 0.82584375 0.592875 0.82584375 0.5883958328125 0.792140625 0.5097291671875 0.756734375 0.46704166718750006 0.692703125 0.5704166671875 0.78034375 0.5861458328125 0.82584375 0.592875
3 1 0.24493749999999997 0.9758437499999999 0.2314583328125 0.9471875000000001 0.2202291671875 0.9016875000000001 0.20224999999999999 0.857859375 0.2269583328125 0.82584375 0.24718749999999998 0.810671875 0.2741666671875 0.810671875 0.305625 0.8140468750000001 0.3303333328125 0.8325781250000001 0.3820208328125 0.8427031250000001 0.4 0.8747187500000001 0.4269583328125 0.918546875 0.48314583281249995 0.940453125 0.503375 0.9539375 0.5078750000000001 1 0.48764583281249996 1 0.24493749999999997
3 0.21315625 0.0389375 0.21800000000000003 0.050562499999999996 0.220421875 0.06281250000000001 0.22574999999999998 0.06733333281250001 0.23348437500000002 0.06475 0.23784375 0.0692708328125 0.24123437499999997 0.08283333281250001 0.246078125 0.0892708328125 0.246078125 0.10929166718750001 0.24559375 0.1286458328125 0.242203125 0.1454166671875 0.23784375 0.1538125 0.24704687500000003 0.1635 0.273171875 0.1622083328125 0.2935 0.1622083328125 0.301734375 0.1686666671875 0.31625000000000003 0.171875 0.34675 0.1641458328125 0.37046875 0.159625 0.3825625 0.1460625 0.38934375 0.1215416671875 0.38934375 0.10606249999999999 0.383046875 0.0596041671875 0.37289062500000003 0.0337916671875 0.370953125 0.0241041671875 0.366109375 0.0073333328125 0.357875 0.0008750000000000001 0.18703125 0.0008750000000000001 0.19234374999999998 0.008604167187500001 0.20445312499999999 0.0176458328125 0.209296875 0.029916667187500003 0.21315625 0.0389375
3 0.635390625 0.9123541671875 0.67246875 0.8898958328125 0.6674218749999999 0.8449375 0.6016874999999999 0.7662916671875 0.559546875 0.7662916671875 0.5005625 0.7662916671875 0.49887499999999996 0.7662916671875 0.456734375 0.7752708328125 0.42471875 0.8 0.37584375 0.8449375 0.3505625 0.9483124999999999 0.37415625 0.9797708328124999 0.439890625 0.9842708328124999 0.613484375 0.9842708328124999 0.6235937500000001 0.9752708328124999 0.618546875 0.9213541671875 0.635390625 0.9123541671875
3 0.405453125 0 0.41389062499999996 0.05095833281249999 0.390296875 0.1003958328125 0.366703125 0.1520833328125 0.3734375 0.16558333281249998 0.41725 0.19254166718750002 0.44928125 0.2150208328125 0.472875 0.18804166718749998 0.489734375 0.14310416718750002 0.49309375 0.127375 0.5285 0.0824375 0.563890625 0.0397291671875 0.577375 0 0.405453125 0
3 0.537640625 0.4292083328125 0.559546875 0.39775 0.586515625 0.35731250000000003 0.606734375 0.3146041671875 0.5949375 0.303375 0.57471875 0.292125 0.542703125 0.3280833328125 0.483703125 0.37752083281250004 0.4955 0.40675 0.5123593750000001 0.4224791671875 0.537640625 0.4292083328125
3 0.8561875000000001 0.19775 0.8764062499999999 0.2112291671875 0.8882031250000001 0.20224999999999999 0.9016875000000001 0.1460625 0.910109375 0.105625 0.8949374999999999 0.094375 0.864609375 0.0808958328125 0.792140625 0.07864583281250001 0.805625 0.20675 0.8292187500000001 0.19775 0.8561875000000001 0.19775
3 0 0.6500833328125 0.066734375 0.6545833328125 0.1004375 0.6388541671875 0.12740625 0.5939166671875 0.145953125 0.5714375 0.144265625 0.5579583328125 0.12909375 0.5175 0.140890625 0.4590833328125 0.09875 0.4815416671875 0.03471875 0.5085208328124999 0 0.5085208328124999 0 0.5309791671874999 0 0.6500833328125
3 0 0.2313958328125 0.011875 0.2622291671875 0.10259375 0.3322083328125 0.17376562499999998 0.3582916671875 0.2306875 0.3666041671875 0.2725 0.3535625 0.29295312500000004 0.31916666718750003 0.2991875 0.2693541671875 0.298296875 0.248 0.265390625 0.2254583328125 0.22535937499999997 0.22072916718750002 0.1693125 0.197 0.11682812499999999 0.1887083328125 0.085703125 0.1815833328125 0.011875 0.13533333281249998 0 0.146 0 0.1780208328125 0 0.2313958328125