0 0.638109375 0.6783333328125 0.554734375 0.7021830984374999 0.388 0.7399530515625 0.39990625 0.7996009390625 0.49915624999999997 0.8453286390624999 0.591796875 0.8353990609374999 0.650015625 0.7538732390625 0.638109375 0.6783333328125
0 0.860078125 0.516854459375 0.861578125 0.42920187812500005 0.8301562499999999 0.36629107968749997 0.7389218750000001 0.46291079843749994 0.709 0.50338028125 0.713484375 0.5550469484375 0.72096875 0.5460563375 0.761359375 0.57302816875 0.80771875 0.570798121875 0.83315625 0.564037559375 0.860078125 0.516854459375
0 0.735640625 0.4706807515625 0.78409375 0.41647887343749995 0.7706875 0.33126760625 0.726359375 0.2832629109375 0.65625 0.258474178125 0.59953125 0.25692488281250003 0.6005625 0.277065728125 0.6500625 0.26622065781250004 0.64903125 0.31269953125 0.643875 0.3467605640625 0.6294375 0.360704225 0.66759375 0.435070421875 0.680984375 0.40718309843749995 0.7129531250000001 0.4939201875 0.735640625 0.4706807515625
0 0.36346875 0.4314553984375 0.32009375 0.45169014062499996 0.2856875 0.678661971875 0.2886875 0.7415727703125 0.314109375 0.743826290625 0.353 0.7415727703125 0.35750000000000004 0.6719014078125001 0.372453125 0.6157277 0.37693750000000004 0.46291079843749994 0.36346875 0.4314553984375
0 0.38721875 0.3224413140625 0.399234375 0.29537558750000004 0.40164062500000003 0.26650234687499996 0.380015625 0.2196009390625 0.371609375 0.2105868546875 0.343984375 0.233122065625 0.30676562500000004 0.249366196875 0.26773437499999997 0.2746244125 0.2659375 0.2746244125 0.261125 0.3495070421875 0.288140625 0.35671361562500004 0.33378125000000003 0.3576291078125 0.365609375 0.34859155 0.38721875 0.3224413140625
0 0.3916953125 0.63018779375 0.39621875 0.64161971875 0.45960546874999997 0.5924154921875 0.45383984374999997 0.5826467140625 0.4612473953125 0.578634584375 0.46664843749999996 0.58694835625 0.4686549484375 0.5746224578125 0.47369140625000006 0.5814812203125 0.4760625 0.570610328125 0.48073437500000005 0.576014084375 0.4834700515625 0.5665981999999999 0.48777734375000004 0.5705469484375 0.56025 0.531173709375 0.57075 0.5447887328125 0.5818541671874999 0.566541471875 0.58415625 0.6035211265625 0.5857812499999999 0.5904694828125 0.5912109375 0.5972652578125001 0.598265625 0.5910093890625 0.600078125 0.565446009375 0.595015625 0.5099530515625 0.557359375 0.5246478875 0.5575455734375 0.5264769171875 0.5427304687500001 0.5345011734375 0.5370781250000001 0.5322769953125001 0.5353229171875 0.538513303125 0.5300351562500001 0.53774413125 0.52934765625 0.535295775 0.5279153640625001 0.5425254296875 0.5229921875 0.5432112671875 0.5216171875 0.5383145546875 0.5205078125 0.546537559375 0.51594921875 0.548678403125 0.51388671875 0.5413333328125 0.5131002609374999 0.5505496875 0.50890625 0.554145540625 0.5056927078125 0.5545618140624999 0.50615625 0.5443521125 0.49842578125000003 0.5473708921875 0.49828515624999997 0.55857394375 0.4948203125 0.5650798125 0.4908776046875 0.5625860734375 0.49069531250000004 0.550389671875 0.39019921874999997 0.589633803125 0.38246875 0.5926525828125 0.387171875 0.61875586875 0.3945794265625 0.6147437390625 0.3916953125 0.63018779375
0 0.535265625 0.5289201875 0.560921875 0.521502346875 0.597421875 0.5140845078125 0.591515625 0.4518075125 0.376375 0.487394365625 0.375390625 0.5289201875 0.38525 0.5585680749999999 0.416828125 0.577840375 0.535265625 0.5289201875
0 0.387109375 0.7418075125 0.52040625 0.708638496875 0.559671875 0.6705399062499999 0.58175 0.6250938968749999 0.58665625 0.595610328125 0.57540625 0.5473708921875 0.55515625 0.5220187796875 0.35275 0.676690140625 0.36584374999999997 0.7172300468749999 0.37239062500000003 0.7479577468749999 0.38873437499999997 0.7516431921875 0.387109375 0.7418075125
0 0.57709375 0.45518779374999996 0.59290625 0.449553990625 0.59590625 0.52302816875 0.608703125 0.55016431875 0.644078125 0.4710328640625 0.663640625 0.432582159375 0.658375 0.4133568078125 0.6388125 0.39302816875 0.606453125 0.371525821875 0.583875 0.355704225 0.583875 0.36023474218749996 0.578609375 0.42354460156249996 0.581609375 0.42129107968749996 0.57709375 0.44840375625 0.57709375 0.45518779374999996
0 0.717484375 0.563638496875 0.710578125 0.54286385 0.7123125 0.506502346875 0.71403125 0.48312206562500004 0.68290625 0.431173709375 0.686375 0.4077934265625 0.6708125 0.4207746484375 0.6448750000000001 0.45194835624999996 0.60684375 0.5506572765625 0.584359375 0.63375586875 0.582640625 0.6753286390625 0.582640625 0.7038967140625 0.64315625 0.6987089203125 0.6621718750000001 0.688309859375 0.68290625 0.6675352109375 0.69846875 0.628568075 0.717484375 0.563638496875
0 0.5699375 0.41981220625000004 0.510046875 0.415446009375 0.436640625 0.4183568078125 0.380625 0.427065728125 0.375796875 0.42852112656249997 0.375796875 0.4357746484375 0.401875 0.4880046953125 0.5747656250000001 0.45753521093750005 0.582484375 0.42852112656249997 0.5699375 0.41981220625000004