3 0.796651053125 0.56425 0.815011709375 0.5544374999999999 0.8199063234375 0.550765625 0.815620609375 0.53934375 0.81194379375 0.537703125 0.7991100703125 0.5368906250000001 0.7899297421875 0.538109375 0.785035128125 0.543421875 0.7764637 0.550359375 0.77032786875 0.55159375 0.7623887593750001 0.556078125 0.761147540625 0.562609375 0.7660655734375 0.567921875 0.7752224828125 0.569140625 0.7880796250000001 0.567921875 0.796651053125 0.56425
3 0.8367681499999999 0.565125 0.8410538640624999 0.564015625 0.8403981265624999 0.5585312499999999 0.8367681499999999 0.554796875 0.8308430906250001 0.5528125 0.821615925 0.5528125 0.814355971875 0.554578125 0.8094145203125 0.5583125 0.8087587828125 0.561828125 0.8163466046875 0.5631406250000001 0.82194379375 0.5655625 0.8281967218749999 0.569515625 0.829203746875 0.569296875 0.8318266984375 0.567984375 0.8367681499999999 0.565125
3 0.843747071875 0.555546875 0.8405854796875 0.55778125 0.841100703125 0.5635625 0.8435831374999999 0.5634375 0.8538173296875 0.566265625 0.8598126468749999 0.570984375 0.8682903984375001 0.5701562499999999 0.8681264640625 0.5643906249999999 0.8645901640625 0.555078125 0.8541686187499999 0.55271875 0.852412178125 0.552140625 0.8481733015625 0.5530781250000001 0.843747071875 0.555546875
1 0.7649882906250001 0.814390625 0.7265105390625 0.8201875 0.7054098359375 0.8417187500000001 0.67063231875 0.839234375 0.6979625296874999 0.8872656250000001 0.7140983609375 0.88146875 0.7699531609375 0.830125 0.7649882906250001 0.814390625
1 0.615152225 0.7878437500000001 0.6092740046875 0.7937031250000001 0.603419203125 0.8025156250000001 0.59901639375 0.8083750000000001 0.6429976578125001 0.800546875 0.65325526875 0.797625 0.6752459015625 0.7946875 0.700187353125 0.7868593749999999 0.71189695625 0.783921875 0.729508196875 0.7878437500000001 0.75002341875 0.79859375 0.7573536296875 0.8103281250000001 0.7617564406249999 0.81521875 0.7749414515625 0.816203125 0.7851990625 0.8171875 0.7910772828125 0.813265625 0.7896018734375 0.8083750000000001 0.7910772828125 0.80153125 0.8057377046875001 0.796640625 0.814543325 0.792734375 0.8189227171875 0.7849062499999999 0.8203981265625 0.78196875 0.8203981265625 0.76828125 0.8203981265625 0.761421875 0.814543325 0.7389375 0.8013348953125 0.7271875 0.7866744734375 0.7164375 0.76320843125 0.712515625 0.74709601875 0.70665625 0.7382903984375 0.702734375 0.7236299765624999 0.70665625 0.7060421546875 0.714484375 0.6928571421874999 0.7164375 0.6884543328125 0.71740625 0.6708665109374999 0.7330625000000001 0.64740046875 0.744796875 0.6312646375 0.75946875 0.619555034375 0.774140625 0.615152225 0.7878437500000001
1 0.9282669796875 0.877328125 0.9338173296875001 0.869 0.941451990625 0.85234375 0.941451990625 0.84078125 0.9268852453124999 0.829203125 0.900515221875 0.833375 0.890819671875 0.84078125 0.8929039812499999 0.84771875 0.8845667453124999 0.8643750000000001 0.8852693203124999 0.8791874999999999 0.8963700234375 0.8884375 0.9053864171875 0.8930624999999999 0.9199531609375 0.886125 0.9282669796875 0.877328125
1 0.5254332546875 0.8994375 0.59615925 0.97134375 0.653419203125 0.910671875 0.6096252921875001 0.8567343749999999 0.5254332546875 0.8994375
1 0.4119672125 0.9081093750000001 0.39388758749999997 0.914640625 0.38634660468750004 0.924703125 0.3825761125 0.9377812499999999 0.405948478125 0.9433125 0.42177985937500007 0.940796875 0.4436299765625 0.9312343750000001 0.4481498828125 0.9106249999999999 0.4481498828125 0.907609375 0.4247775171875 0.907609375 0.4119672125 0.9081093750000001
1 0.9540749421875001 0.76371875 0.9597189703125 0.744921875 0.9597189703125 0.7289218749999999 0.9526697890625 0.718578125 0.9273067921875 0.713890625 0.9146135828125 0.69884375 0.8906557375 0.697890625 0.8779625296875 0.7054218750000001 0.8652693203125 0.72140625 0.8286182671875 0.7035312499999999 0.7962060890625 0.7091875 0.797611240625 0.726109375 0.81030445 0.73928125 0.8244028109375 0.765609375 0.8117096015625 0.799453125 0.8018501171875 0.81075 0.835667446875 0.815453125 0.8991100703124999 0.8041562499999999 0.8991100703124999 0.8088593749999999 0.9371662765625001 0.7872343749999999 0.9540749421875001 0.76371875
1 0.09182669843749999 0.899640625 0.0797658078125 0.9018437499999999 0.078688525 0.9215781249999999 0.09292740000000001 0.945703125 0.1268852453125 0.948625 0.1236065578125 0.9171875 0.12580796249999998 0.891609375 0.1159250578125 0.89671875 0.09182669843749999 0.899640625
1 0.08482435625 0.893953125 0.10421545624999999 0.89684375 0.12592505781250002 0.897046875 0.13578454375 0.89665625 0.1490866515625 0.888921875 0.1444730671875 0.87328125 0.13201405156249998 0.86034375 0.11377049218749999 0.8568749999999999 0.0996018734375 0.85821875 0.07932084375000001 0.8701874999999999 0.0787587828125 0.880234375 0.08482435625 0.893953125
3 0.08962529218750001 0.9993124999999999 0.069836065625 0.9934062499999999 0.0391100703125 0.99396875 0.048384075 0.9877968750000001 0.05679156875 0.97065625 0.0521545671875 0.9585781250000001 0.04163934375 0.9462187500000001 0.0222716625 0.9397500000000001 0.007119437500000001 0.9377968750000001 0.0003747078125 0.938640625 0 1 0.090468384375 0.9995937500000001 0.08962529218750001 0.9993124999999999
3 0.8870023421875001 0.558890625 0.8835362999999999 0.55525 0.8760655734375 0.551265625 0.8666276343750001 0.553921875 0.86613583125 0.55790625 0.8681264640625 0.57084375 0.873091334375 0.57084375 0.8855269328125001 0.5671875 0.8889929750000001 0.5661875000000001 0.89 0.5642031249999999 0.8870023421875001 0.558890625
1 0.34929742343750003 0.72840625 0.3410772828125 0.73253125 0.3266744734375 0.7366406249999999 0.30711943750000004 0.740765625 0.2947775171875 0.7510625 0.29683840781250004 0.759296875 0.2947775171875 0.77028125 0.2885948484375 0.778515625 0.2731615921875 0.788125 0.271100703125 0.7929375000000001 0.2700936765625 0.797046875 0.2834660421875 0.7936093750000001 0.2885948484375 0.801171875 0.2896252921875 0.802546875 0.30608899375 0.8032187499999999 0.3132786890625 0.8059687500000001 0.315339578125 0.8190156249999999 0.315339578125 0.8231249999999999 0.31946135781249996 0.8251875 0.3328337234375 0.8251875 0.3462060890625 0.8244999999999999 0.36679156874999996 0.8244999999999999 0.37810304375000003 0.8238125000000001 0.39868852499999996 0.8251875 0.421311475 0.834796875 0.43777517499999996 0.84784375 0.44290398125 0.84921875 0.4552693203125 0.84921875 0.4737704921875 0.834796875 0.48508196718749996 0.84509375 0.4933255265625 0.84509375 0.5066978921875 0.8430312499999999 0.5128805625 0.8354843750000001 0.5200702578125 0.8265625 0.5200702578125 0.8258749999999999 0.5385948484374999 0.8224375 0.5447540984375 0.816265625 0.5426932078125 0.788125 0.5643091328125001 0.794296875 0.576651053125 0.797046875 0.588992975 0.7874375 0.5725292734375 0.7730312500000001 0.55709601875 0.7634218749999999 0.5180093671875 0.762734375 0.505667446875 0.760671875 0.48817330156249994 0.758609375 0.47789227187499994 0.7599843749999999 0.46451990624999995 0.762734375 0.4603981265625 0.7634218749999999 0.434683840625 0.757921875 0.41925058593750003 0.742140625 0.391475409375 0.73184375 0.35854800937500003 0.72703125 0.34929742343750003 0.72840625
1 0.811100703125 0.68946875 0.8295081968750001 0.690234375 0.8352459015625 0.6913750000000001 0.847892271875 0.690234375 0.8542154562500001 0.6886875 0.8616861828125 0.6913750000000001 0.8674238875 0.690609375 0.8760421546874999 0.687921875 0.88351288125 0.689078125 0.8886885250000001 0.69290625 0.9139812640624999 0.6940625 0.9254800937500001 0.6940625 0.9358313812500001 0.6940625 0.9427166281250001 0.69253125 0.9507728343749999 0.689078125 0.9616861828125 0.689078125 0.9760421546875 0.6921406250000001 0.984660421875 0.6829375 0.984660421875 0.680640625 0.9795081968750001 0.6764218750000001 0.9771896953124999 0.674125 0.9674238875000001 0.66990625 0.9628337234375 0.66721875 0.95709601875 0.663765625 0.9507728343749999 0.66415625 0.9444496484375 0.66415625 0.9386885250000001 0.6618593749999999 0.92836065625 0.663 0.92259953125 0.66453125 0.92030445 0.66453125 0.91224824375 0.66453125 0.9088056203124999 0.666453125 0.9076580796875 0.666453125 0.9030679156250001 0.664921875 0.8898360656250001 0.665296875 0.88583138125 0.662625 0.879508196875 0.662625 0.8680093671875 0.66415625 0.8639812640625 0.663 0.8599531609375 0.65840625 0.8513348953125 0.658015625 0.8484543328124999 0.65571875 0.8404215453124999 0.653796875 0.83583138125 0.656875 0.8381264640625 0.6603125000000001 0.8323653390624999 0.670296875 0.8260421546875 0.6714375 0.8203044500000001 0.670671875 0.81224824375 0.6710625 0.808243559375 0.67296875 0.8059250578125001 0.67296875 0.8007728343749999 0.6710625 0.79615925 0.673734375 0.792716628125 0.676046875 0.788688525 0.6764218750000001 0.7863934421875001 0.6825625 0.7933021078125 0.6871562499999999 0.808243559375 0.687546875 0.811100703125 0.68946875
1 0.2949414515625 1 0.3074941453125 0.982484375 0.321451990625 0.996453125 0.3521779859375 0.9983124999999999 0.3717330203125 0.99925 0.415011709375 1 0.423395784375 0.986203125 0.415011709375 0.97503125 0.40662763437500005 0.971296875 0.4136065578125 0.9591875 0.412224825 0.9498749999999999 0.40524590156249995 0.9442812500000001 0.39128805624999996 0.9405625000000001 0.38011709531250004 0.938703125 0.357775175 0.938703125 0.341007025 0.9452187500000001 0.3396252921875 0.9368281250000001 0.329836065625 0.93403125 0.3158782203125 0.9321718750000001 0.304707259375 0.93125 0.2907494140625 0.9405625000000001 0.2781733015625 0.93590625 0.2460655734375 0.9377656249999999 0.23629976562500002 0.942421875 0.23629976562500002 0.943359375 0.20836065625 0.939625 0.19997658125 0.93590625 0.19021077343749998 0.93496875 0.1846370015625 0.938703125 0.17065573750000002 0.9452187500000001 0.1455269328125 0.942421875 0.1497189703125 0.947078125 0.1483138171875 0.9573281250000001 0.1483138171875 0.9619843749999999 0.138548009375 0.96384375 0.12459016406250001 0.96478125 0.1148009375 0.9573281250000001 0.0941451984375 0.948625 0.0854332546875 0.941359375 0.08 0.931203125 0.058243559375 0.931203125 0.0310304453125 0.93265625 0.0266978921875 0.940640625 0.0484543328125 0.9529687499999999 0.0463934421875 0.9536875 0.0547775171875 0.967578125 0.0547775171875 0.976890625 0.0589695546875 0.991796875 0.0729274 0.996453125 0.0882903984375 0.9983124999999999 0.105035128125 1 0.10922716562499998 0.9778281249999999 0.113419203125 0.9778281249999999 0.1203981265625 0.9945937499999999 0.1441217796875 0.99925 0.16508196718749998 0.996453125 0.16508196718749998 0.9778281249999999 0.18323185 0.9796875 0.1860187359375 0.9927343750000001 0.19580796250000002 0.99925 0.215339578125 0.9936562500000001 0.23489461406249998 0.9843437500000001 0.2432786890625 0.9843437500000001 0.2432786890625 1 0.2949414515625 1
1 0.568384075 0.8233750000000001 0.545035128125 0.8207812499999999 0.5138875875 0.83896875 0.46716627656250004 0.8493437500000001 0.40098360624999996 0.877921875 0.41266978906249996 0.896109375 0.5177751749999999 0.8831093750000001 0.5177751749999999 0.90909375 0.541124121875 0.9272656250000001 0.5761826703125 0.8675312500000001 0.6267915687500001 0.8675312500000001 0.646252928125 0.9065 0.6968618265625001 0.9142812499999999 0.716323184375 0.870125 0.7669320843749999 0.8103906249999999 0.7007494140625 0.7818125 0.591756440625 0.8103906249999999 0.5761826703125 0.8337656250000001 0.568384075 0.8233750000000001
0 0.8237939109375001 0.5838593750000001 0.81391100625 0.58934375 0.8106089000000001 0.597046875 0.8151288062500001 0.602265625 0.8476814984375001 0.602828125 0.85098360625 0.5975937499999999 0.8468618265625001 0.59071875 0.8377985953125 0.58440625 0.8237939109375001 0.5838593750000001
0 0.8742622953125 0.5797343749999999 0.879836065625 0.5820937500000001 0.8869320843749999 0.5855 0.8960421546875 0.583125 0.8999531609375 0.576890625 0.8974707265624999 0.57128125 0.8903512875 0.56765625 0.8812412171874999 0.567578125 0.8755737703124999 0.5719218749999999 0.8752224828124999 0.5722343750000001 0.873091334375 0.577203125 0.8742622953125 0.5797343749999999
0 0.8007494140625001 0.6013437500000001 0.811920375 0.600609375 0.811920375 0.5953906250000001 0.8185948484375001 0.587203125 0.8152459015625 0.58275 0.8063466046875 0.5797656250000001 0.7918501171875 0.580515625 0.7784543328125 0.592421875 0.7795784546875 0.6013437500000001 0.78067915625 0.6013437500000001 0.7885011703125 0.600609375 0.8007494140625001 0.6013437500000001
0 0.8861592500000001 0.5941875 0.8830210765625001 0.585109375 0.8805854796875 0.58278125 0.8683606562499999 0.579984375 0.8603512875 0.581375 0.8561592499999999 0.58346875 0.8544028109375 0.5855625 0.8526697890625 0.58859375 0.8519672125 0.5930156249999999 0.8519672125 0.594640625 0.8519672125 0.5979062500000001 0.8526697890625 0.600234375 0.854051521875 0.60209375 0.8571896953125 0.602796875 0.8707962531250001 0.602796875 0.8812646375 0.602328125 0.8847540984375 0.5997656250000001 0.8861592500000001 0.5941875
0 0.8366978921875001 0.5833125 0.845995315625 0.5839531250000001 0.854028103125 0.5837343749999999 0.857236534375 0.580734375 0.8614051515625001 0.576671875 0.8611007031250001 0.570875 0.854660421875 0.5668124999999999 0.846651053125 0.563390625 0.8414988296875 0.56403125 0.8350819671874999 0.56553125 0.8273770484374999 0.570875 0.8270491796874999 0.576875 0.8302576109375 0.580515625 0.8366978921875001 0.5833125
0 0.788875878125 0.565953125 0.7892505859375001 0.5763906249999999 0.7892505859375001 0.579546875 0.7925058546875 0.581 0.8074238875 0.579546875 0.8183372359375 0.5829375 0.825620609375 0.58221875 0.828524590625 0.576640625 0.8277985953125 0.572265625 0.823419203125 0.565953125 0.8194379390625001 0.56353125 0.80451990625 0.56134375 0.788875878125 0.565953125
0 0.782107728125 0.578328125 0.7705386421875 0.578328125 0.7682669796875 0.579328125 0.7644964875 0.582515625 0.7642622953125 0.58503125 0.7629976578125001 0.586375 0.76224824375 0.59678125 0.76676815 0.59996875 0.77482435625 0.600140625 0.7755737703125 0.5992968750000001 0.7793442625 0.59175 0.7873770484375 0.5826875 0.785620609375 0.579328125 0.782107728125 0.578328125
1 0.14433255312499998 0.9459843749999999 0.2934894609375 0.9340937500000001 0.35185011718750003 0.9416718749999999 0.3810304453125 0.9340937500000001 0.4150819671875 0.9081250000000001 0.400491803125 0.878921875 0.44587822031249996 0.8562031250000001 0.4102107734375 0.862703125 0.398875878125 0.839984375 0.36159250625 0.827 0.3194379390625 0.83025 0.274028103125 0.8443125 0.2286416859375 0.857296875 0.20918032812499998 0.88865625 0.19946135781250002 0.8865000000000001 0.1313583140625 0.8875781249999999 0.14433255312499998 0.9459843749999999
1 0.9976580796875 1 0.9063231843749999 0.89375 0.922716628125 0.884375 0.93676815 0.8640625 0.9391100703124999 0.8390625 0.932084309375 0.834375 0.932084309375 0.83125 0.9578454328125 0.825 0.9976580796875 0.825 0.9156908671874999 0.659375 0.8829039812499999 0.646875 0.8665105390625 0.646875 0.8524590156249999 0.6421875 0.833723653125 0.6421875 0.824355971875 0.65 0.8149882906249999 0.65 0.8032786890624999 0.6421875 0.7681498828125 0.640625 0.5339578453125 0.3765625 0.54098360625 0.3703125 0.54098360625 0.353125 0.5339578453125 0.346875 0.5245901640625 0.34375 0.5128805625 0.34375 0.52224824375 0.3296875 0.52224824375 0.3203125 0.517564403125 0.315625 0.5152224828125 0.2921875 0.5199063234375 0.2859375 0.5199063234375 0.2734375 0.5105386421875 0.259375 0.5058548015625 0.25625 0.491803278125 0.25625 0.4847775171875 0.2609375 0.4800936765625 0.278125 0.454332553125 0.278125 0.44730679218749997 0.2828125 0.4402810296875 0.30625 0.4355971890625 0.3109375 0.4355971890625 0.325 0.4426229515625 0.3296875 0.468384075 0.3296875 0.4707259953125 0.3421875 0.47540983593749997 0.3453125 0.47540983593749997 0.3484375 0.46370023437499996 0.3546875 0.47423887656249997 0.35859375 0.471790503125 0.3634232953125 0.46370023437499996 0.365625 0.4643389390625 0.3694602265625 0.44943581093749996 0.381534090625 0.4558566609375 0.382415675 0.448421990625 0.38846726249999997 0.44198424531249997 0.3875710234375 0.44098732343749997 0.3945188484375 0.43453268125 0.3936079546875 0.43355265625 0.40057043593749997 0.4270811140625 0.3996448859375 0.4261179890625 0.4066220234375 0.41962954999999996 0.40568181875000003 0.41868332031250005 0.4126736109375 0.4121779859375 0.41171875 0.41124865312500003 0.4187251984375 0.40472642187499996 0.41775568124999996 0.3972748578125 0.4237926140625 0.403813984375 0.4247767859375 0.396379315625 0.4308283734375 0.389823290625 0.4298295453125 0.3889446484375 0.43687996093750003 0.3823717265625 0.4358664765625 0.38150998125 0.44293154687499997 0.3749201609375 0.44190340937499994 0.3740753140625 0.448983134375 0.367468596875 0.44794034062500004 0.366640646875 0.455034721875 0.36001703281249997 0.4539772734375 0.35920597656250003 0.461086309375 0.35256546875 0.4600142046875 0.3451139015625 0.46605113593749997 0.3443366421875 0.473189484375 0.33766233749999996 0.47208806875000003 0.336901975 0.47924107187500004 0.3302107734375 0.478125 0.32946730625 0.48529265937500005 0.3227592078125 0.48416193124999996 0.3220326390625 0.4913442453125 0.31530764375000003 0.4901988640625 0.31459797031250003 0.4973958328125 0.30785607656249997 0.4962357953125 0.3071633015625 0.5034474203125 0.3004045125 0.5022727265625 0.29972863437499997 0.5094990078125 0.2929529484375 0.508309659375 0.2922939671875 0.5155505953125 0.285501384375 0.514346590625 0.28485930000000004 0.5216021828125 0.27804982031250003 0.5203835234375 0.2774246296875 0.5276537703125 0.2705982546875 0.5264204546875 0.2631466890625 0.5324573859374999 0.2625552953125 0.5397569437499999 0.2556951234375 0.53849431875 0.25512062812499997 0.54580853125 0.248243559375 0.54453125 0.2476859609375 0.55186011875 0.2407919953125 0.55056818125 0.24025129218750002 0.55791170625 0.23334043124999998 0.5566051140625 0.23281662343749998 0.56396329375 0.2258888640625 0.5626420453125001 0.22538195625 0.57001488125 0.2184373 0.5686789765625 0.2179472875 0.57606646875 0.21098573593749997 0.574715909375 0.2105126203125 0.58211805625 0.20353417031249998 0.580752840625 0.203077953125 0.5881696421875 0.19608260625 0.5867897734375 0.1956432859375 0.5942212296875 0.1886310421875 0.5928267046875 0.188208615625 0.6002728171875 0.181179475 0.5988636359374999 0.1807739484375 0.6063244046875 0.1737279109375 0.60490056875 0.16627634687499998 0.6109375 0.1659046140625 0.6184275796875001 0.1588247828125 0.61697443125 0.158469946875 0.6244791671875001 0.15137321718750002 0.6230113640625 0.1510352765625 0.6305307546875001 0.1439216515625 0.6290482953125001 0.14360060937500002 0.636582340625 0.1364700859375 0.6350852265625 0.1361659421875 0.642633928125 0.12901852187500001 0.641122159375 0.1287312734375 0.648685515625 0.1215669578125 0.647159090625 0.12129660625000001 0.654737103125 0.11411539374999999 0.6531960234375 0.1138619390625 0.660788690625 0.10666382968749999 0.6592329546875 0.10642726875 0.666840278125 0.09921226250000001 0.6652698859374999 0.0989926015625 0.672891865625 0.0917606984375 0.67130681875 0.09155793437500001 0.678943453125 0.08430913281249999 0.67734375 0.08412326718749999 0.6849950390624999 0.07685756875000001 0.68338068125 0.0766886 0.6910466265624999 0.0694060046875 0.6894176140625 0.0692539328125 0.6970982140624999 0.0619544375 0.6954545453125001 0.061819262500000006 0.7031498015625 0.0545028734375 0.7014914765625 0.05438459531249999 0.7092013890625 0.047051309375 0.707528409375 0.046949928125 0.7152529765625 0.039599745312500004 0.713565340625 0.039515259375 0.7213045640625 0.0321481796875 0.7196022734375 0.009793484375 0.73771306875 0.0117096015625 0.74375 0.0023419203124999998 0.74375 0.0023419203124999998 0.8984375 0.0754098359375 0.906875 0.0819672125 0.928125 0.0796252921875 0.93125 0.032786885937499996 0.9328125 0.02810304375 0.9421875 0.0444964875 0.9515625 0.0023419203124999998 0.9671875 0.016393442187500003 0.971875 0.049180328125 0.971875 0.05386416875 0.9703125 0.05386416875 0.9671875 0.046838407812499996 0.953125 0.08430913281249999 0.940625 0.0960187359375 0.95 0.1053864171875 0.946875 0.1264637 0.9453125 0.131147540625 0.95 0.14754098437500002 0.9546875 0.1733021078125 0.94375 0.2365339578125 0.94375 0.2412177984375 0.9390625 0.3817330203125 0.9390625 0.3817330203125 0.934375 0.396955503125 0.9390625 0.410170625 0.9258928578125 0.41451990624999996 0.959375 0.4238875875 0.9625 0.43091334843749995 0.978125 0.4426229515625 0.99375 0.45199063281249996 1 0.9976580796875 1