1 0.10981250000000001 0.8853958328125 0.115234375 0.8974375 0.115234375 0.8733541671875 0.11071875 0.8577083328124999 0.12335937500000001 0.833625 0.18565625 0.7770416671875 0.25246875 0.7577708328125 0.263296875 0.7337083328125 0.2759375 0.7252708328125 0.292203125 0.7288958328125 0.31115624999999997 0.7409166671875 0.32109375 0.7505625 0.340953125 0.7469375 0.350890625 0.7433333328125 0.351796875 0.7337083328125 0.33553125 0.7048125 0.332828125 0.6855416671875 0.282265625 0.6614791671875 0.19920312499999998 0.6674791671875 0.1341875 0.7048125 0.09896875000000001 0.7505625 0.10078125 0.7890833328125 0.09084375 0.8191875 0.07279687500000001 0.8504791671874999 0.096265625 0.8721458328124999 0.10981250000000001 0.8853958328125
3 0.264078125 0.9061041671875 0.25528125 0.8896666671875 0.23767187500000003 0.882625 0.22359374999999998 0.9014166671874999 0.22359374999999998 0.9342708328124999 0.253515625 0.9460000000000001 0.2605625 0.9436666671875 0.26935937499999996 0.9131458328125 0.264078125 0.9061041671875
3 0.233203125 0.8276875 0.23298437500000002 0.8209166671875 0.22923437500000002 0.8171041671875001 0.224390625 0.8141666671875001 0.21754687499999997 0.8135625 0.209171875 0.81975 0.22548437500000001 0.8412083328125 0.232765625 0.8306250000000001 0.233203125 0.8276875
3 0.273734375 0.8197083328125 0.26921875 0.8159375000000001 0.25789062500000004 0.8057291671875 0.253078125 0.7978125 0.248828125 0.7868541671875 0.240625 0.7891250000000001 0.233546875 0.7966666671875 0.229015625 0.806875 0.22703125000000002 0.8132916671875 0.22759374999999998 0.8227291671874999 0.23128125000000002 0.8313958328125001 0.236375 0.8306458328125 0.24571874999999999 0.82725 0.25760937500000003 0.8265 0.26525 0.8340416671875 0.273171875 0.8321666671875001 0.274875 0.8249791671875 0.273734375 0.8197083328125
3 0.35578125 0.8418333328125 0.336609375 0.8292916671875 0.326859375 0.8339375 0.324765625 0.8385833328125001 0.342890625 0.8534583328125 0.33278125 0.8618124999999999 0.3289375 0.8664583328125 0.3289375 0.8715833328124999 0.338359375 0.874375 0.3470625 0.8724999999999999 0.35612499999999997 0.8618124999999999 0.35578125 0.8418333328125
3 0.300515625 0.9131875 0.303890625 0.8963749999999999 0.30175 0.8865208328125 0.296515625 0.8762708328125 0.28328125000000004 0.873 0.280515625 0.873 0.270671875 0.8807916671875 0.265125 0.8893958328125 0.2614375 0.8951458328124999 0.269125 0.9160625 0.274359375 0.9255000000000001 0.28912499999999997 0.9222083328125 0.300515625 0.9131875
0 0.29934375 0.7982916671875 0.30784375 0.8022291671874999 0.319640625 0.7727083328125001 0.314109375 0.7520416671875 0.30378125 0.7397291671875 0.28053125 0.7235 0.2705625 0.7205416671875 0.251359375 0.7520416671875 0.24767187499999999 0.7771250000000001 0.24878125 0.7889375000000001 0.2550625 0.8076458328125 0.273140625 0.8189583328125 0.277578125 0.8115833328125 0.284578125 0.7977916671874999 0.29934375 0.7982916671875
3 0.182390625 0.858125 0.18492187499999999 0.8680208328125 0.19165625 0.8808333328125 0.19503125 0.8646458328125 0.201609375 0.8525 0.211046875 0.8511666671875 0.22368749999999998 0.8536250000000001 0.22334375 0.8441875 0.21425 0.8239791671875001 0.20985937500000001 0.820375 0.2058125 0.8194791671875 0.20059375 0.8194791671875 0.19503125 0.8199166671875 0.19065625 0.8219583328125 0.185421875 0.8273333328125 0.18340625 0.8295833328125 0.18171874999999998 0.8327291671875001 0.182390625 0.858125
3 0.30721875 0.8039166671875 0.29493749999999996 0.8009375000000001 0.281546875 0.807625 0.27653125 0.8158125 0.2720625 0.8277083328125 0.26703125 0.8299375 0.257 0.8299375 0.246390625 0.8292083328125001 0.23021875 0.8336666671874999 0.222953125 0.8455625 0.21960937500000002 0.85375 0.20231249999999998 0.8515208328125 0.1950625 0.8663958328125 0.1939375 0.8805416671874999 0.1939375 0.8894583328125 0.18 0.901375 0.17496875 0.9222083328125 0.176640625 0.9341041671875001 0.188359375 0.9407916671875001 0.20175 0.9445208328125 0.21346875 0.9378333328125 0.22071875 0.931875 0.24304687500000002 0.9415416671875001 0.261453125 0.9385625 0.270390625 0.9244375 0.270390625 0.9214583328125 0.29159375 0.9207083328125 0.308328125 0.9050833328125 0.31390625 0.8961666671874999 0.32618749999999996 0.8738333328125 0.32675 0.869375 0.34181249999999996 0.8753333328125 0.34571874999999996 0.869375 0.355765625 0.8567291671874999 0.354640625 0.8426041671875 0.347390625 0.8403541671875001 0.3485 0.8366458328125 0.335671875 0.8321875000000001 0.323953125 0.8314375 0.32115625 0.8262291671875 0.30721875 0.8039166671875
3 0.171171875 0.8266875 0.16599999999999998 0.8252083328125 0.161953125 0.8237291671875001 0.155671875 0.8242291671875 0.150140625 0.8326041671875 0.14681249999999998 0.8424375 0.14534375 0.8542500000000001 0.14534375 0.8616250000000001 0.14754687500000002 0.8680208328125 0.1505 0.8719583328124999 0.157890625 0.8763958328125 0.167109375 0.8793541671874999 0.17228125 0.8793541671874999 0.177078125 0.8744166671875 0.17965625000000002 0.8650833328124999 0.182984375 0.8572083328125 0.18260937500000002 0.8508125 0.181875 0.8453958328125 0.181515625 0.846875 0.181875 0.8375208328125 0.179296875 0.8316041671875001 0.177078125 0.8296458328125 0.171171875 0.8266875
3 0.154578125 0.8952916671875 0.155828125 0.8811249999999999 0.150828125 0.8715416671874999 0.142390625 0.8677916671875 0.134265625 0.8682083328125 0.125828125 0.876125 0.121140625 0.8907083328125 0.126140625 0.907375 0.138953125 0.9102916671875001 0.140515625 0.9119583328124999 0.149890625 0.9065416671875001 0.154578125 0.8952916671875
3 0.156453125 0.9048541671875 0.156453125 0.9215 0.1658125 0.924625 0.179859375 0.9142291671875 0.18921875 0.8986041671875 0.19390625 0.892375 0.18765625 0.8850833328125001 0.181421875 0.8809374999999999 0.1705 0.883 0.159578125 0.8871666671874999 0.158015625 0.892375 0.156453125 0.9048541671875