0 0.51210784375 0.8686928109375 0.5452450984375 0.8703431374999999 0.575882353125 0.85047385625 0.5966013078125 0.802434640625 0.571748365625 0.7527450984375 0.54607843125 0.7353431375 0.5187418296875 0.7262418296875001 0.4972058828125 0.72789215625 0.4607679734375 0.73866013125 0.45 0.760196078125 0.44584967343750004 0.8007843140625001 0.45 0.8264542484374999 0.51210784375 0.8686928109375
0 0.2460620921875 0.7268790843749999 0.24156862812500002 0.7871895421875 0.2568627453125 0.8267973859375 0.3063725484375 0.842091503125 0.3792810453125 0.87629085 0.4017810453125 0.8654901953125 0.44227124218749997 0.7988888890625 0.4575817 0.75478758125 0.4440849671875 0.7142810453124999 0.398169934375 0.689983659375 0.3909803921875 0.6764705875 0.34147058750000003 0.665669934375 0.269460784375 0.6917810453125 0.2460620921875 0.7268790843749999
0 0.3125490203125 0.43383986874999997 0.2288235296875 0.5346895421875 0.264983659375 0.6165196078124999 0.31825163437500004 0.6260294125 0.3791503265625 0.6127124187499999 0.3753431375 0.6050980390625 0.45145424843750004 0.5327941171874999 0.445751634375 0.47000000000000003 0.3753431375 0.43194444374999996 0.3125490203125 0.43383986874999997
3 1 0.1348366015625 0.9528104578125 0.11910130781249999 0.860669934375 0.1101143796875 0.8044934640625 0.1168464046875 0.793251634375 0.1101143796875 0.757303921875 0.1011274515625 0.6988725484375 0.0674183 0.6539379078125 0.08539215624999999 0.6112418296875 0.1370751640625 0.6382026140625 0.242696078125 0.6764052281249999 0.43370915 0.6921405234375 0.6831535953125 0.7033660125 0.7280882359375 0.71460784375 0.7910130718749999 0.7438235296875 0.826960784375 0.8179738562500001 0.8494444437500001 0.8741503265624999 0.826960784375 0.887647059375 0.85168300625 0.9258496734375001 0.912352940625 0.9932516343750001 0.9191013078125 1 0.91460784375 1 0.7191013078124999 1 0.1348366015625
3 0.139068628125 0.7700326796875 0.17101307187499998 0.8056699343749999 0.2263071890625 0.811813725 0.250882353125 0.8154901953125 0.2533333328125 0.786013071875 0.258251634375 0.7466993468750001 0.27790849687499997 0.70736928125 0.29879085 0.68771241875 0.30616013125 0.6643790843749999 0.3073856203125 0.639803921875 0.2938725484375 0.6348856203125 0.24473856249999998 0.6311928109375 0.1869934640625 0.6311928109375 0.1476633984375 0.6434803921875 0.1292320265625 0.68771241875 0.12555555625 0.733186275 0.139068628125 0.7700326796875
3 0.1900980390625 0.9830718953125 0.296879084375 0.985669934375 0.33073529375 0.9830718953125 0.3229248359375 0.9414052281249999 0.3046895421875 0.8867156859374999 0.25521241875 0.8632843140625001 0.2005228765625 0.860669934375 0.171879084375 0.9023366015625 0.164068628125 0.9544281046875 0.1744771234375 0.98047385625 0.1900980390625 0.9830718953125
0 0.545686275 0.6313888890625 0.5570424843749999 0.6064052281250001 0.559313725 0.5850817 0.5515849671875 0.5428431375 0.5416013078125 0.534673203125 0.5243464046875 0.5242320265625 0.487565359375 0.5174183 0.4539705875 0.53013071875 0.40812091562499997 0.57418300625 0.3867810453125 0.5955228765625 0.37633986875000003 0.6036928109375 0.38021241875 0.6601633984374999 0.40493464062499995 0.6899509796875 0.4194771234375 0.6994934640625 0.4689542484375 0.6990359484375 0.5070915031250001 0.6731535953125001 0.545686275 0.6313888890625
0 0.43635620937499997 0.8051960781249999 0.3922058828125 0.875326796875 0.49091503281250004 0.9662418296874999 0.5506535953125 0.97142156875 0.5974019609375001 0.9402614375 0.6259803921875 0.8857189546875001 0.61039215625 0.81039215625 0.6025980390625 0.8155882359375 0.5324673203125 0.8831209156250001 0.43635620937499997 0.8051960781249999
0 0.4658986921875 0.4992320265625 0.4907679734375 0.503251634375 0.5332843140625 0.4920098046875 0.5693790843750001 0.4727614375 0.5934477125 0.42702614375000003 0.594248365625 0.38370915 0.58142156875 0.33959150312499997 0.5461274515625 0.3099019609375 0.511617646875 0.2858333328125 0.47392156874999997 0.2850326796875 0.4257843140625 0.3026797390625 0.39127450937499997 0.3355718953125 0.3824509796875 0.36926470624999996 0.38647058749999996 0.390931371875 0.39209150312499996 0.4358496734375 0.4089379078125 0.4430718953125 0.4273856203125 0.4631372546875 0.44743464062499994 0.48640522812500003 0.4658986921875 0.4992320265625
0 0.253856209375 0.73573529375 0.2747385625 0.7126143796875 0.3030882359375 0.6887418296875001 0.2978594765625 0.678300653125 0.2695098046875 0.641748365625 0.2404248359375 0.6342973859375001 0.2038725484375 0.626830065625 0.1703104578125 0.6395098046875 0.138986928125 0.663382353125 0.1285457515625 0.7126143796875 0.138986928125 0.773039215625 0.1524019609375 0.79392156875 0.1889542484375 0.8066013078125 0.220277778125 0.80883986875 0.2434150328125 0.7983986921875 0.24638888906249998 0.793169934375 0.251617646875 0.77228758125 0.253856209375 0.73573529375
0 0.537303921875 0.6484477125 0.474542484375 0.6978431375 0.48254902031249997 0.7298856203125 0.519934640625 0.724542484375 0.5617156859375 0.741748365625 0.59120915 0.7798366015625 0.62805555625 0.75650326875 0.63297385625 0.7196405234375 0.61823529375 0.6717156859375 0.6059477125 0.6287091499999999 0.5617156859375 0.5795751640625 0.56133986875 0.5910294125 0.5573366015625 0.6230718953125 0.537303921875 0.6484477125