1 0.58690625 1 0.592546875 0.9814953265625 0.591140625 0.9572663546875001 0.5904375 0.95095794375 0.5749375 0.9362149531249999 0.57353125 0.9425233640625 0.5569843750000001 0.9514719625 0.5488906250000001 0.9578037390624999 0.5509999999999999 0.9657009343749999 0.555921875 0.9714953265625 0.5569843750000001 0.9730607484375 0.55628125 0.9767523359375 0.547828125 0.9814953265625 0.548078125 0.9927570093750001 0.5524843749999999 0.9972663546874999 0.5603906249999999 0.9965654203125001 0.5643281250000001 0.9927570093750001 0.567359375 0.9962149531250001 0.575484375 0.995186915625 0.576875 0.9958644859374999 0.5759531250000001 1 0.58690625 1
1 0.451546875 0.7476401874999999 0.45421875 0.7480841125000001 0.457796875 0.7494158875 0.459890625 0.7498598125 0.46704687500000003 0.7498598125 0.469421875 0.7503037390625 0.470921875 0.7498598125 0.47240624999999997 0.7467523359375 0.4679375 0.74051401875 0.46585937499999996 0.737827103125 0.4640625 0.7351635515625 0.46287500000000004 0.7324766359375 0.459296875 0.730257009375 0.45332812499999997 0.72712616875 0.45034375000000004 0.7257943921875001 0.44737499999999997 0.7257943921875001 0.4446875 0.7253504671875 0.441703125 0.72712616875 0.439609375 0.731144859375 0.44318749999999996 0.7329205609375 0.442 0.7329205609375 0.446171875 0.739602803125 0.44796874999999997 0.7440654203125 0.44915625 0.7458644859375 0.451546875 0.7476401874999999
1 0.540453125 0.7215654203125 0.538375 0.7224532703125 0.5354062500000001 0.73088785 0.532734375 0.7361915890625 0.529765625 0.7424065421875 0.530953125 0.7495093453125 0.533625 0.751728971875 0.5395625 0.7472897203125 0.540453125 0.74507009375 0.542828125 0.738411215625 0.552625 0.7260046734375 0.5538125 0.7197897203125 0.556171875 0.7140186921875 0.55440625 0.712242990625 0.55321875 0.7149065421875 0.547875 0.7206775703125 0.540453125 0.7215654203125
1 0.719125 0.72154205625 0.7247656250000001 0.7239485984375 0.7400625 0.74081775625 0.7481093750000001 0.749228971875 0.76340625 0.784158878125 0.7770937499999999 0.816658878125 0.78434375 0.8275 0.791578125 0.8142523359375 0.7803125 0.7817523359375 0.791578125 0.778130840625 0.8012499999999999 0.7648831781250001 0.796421875 0.745630840625 0.785140625 0.7239485984375 0.7698437499999999 0.693855140625 0.75696875 0.68301401875 0.73603125 0.6794158875 0.7312031250000001 0.6673831781249999 0.72315625 0.6673831781249999 0.70946875 0.6709813078125 0.700609375 0.690257009375 0.707046875 0.7082943921875 0.719125 0.72154205625
1 0.8266718750000001 0.661425234375 0.8239375000000001 0.66448598125 0.8246249999999999 0.6869158875 0.82871875 0.69507009375 0.8314375 0.704228971875 0.8293906249999999 0.7164719625 0.834171875 0.72462616875 0.8403124999999999 0.7327803734375 0.852578125 0.73890186875 0.87165625 0.75418224375 0.877125 0.7603037390625 0.88803125 0.7735514015625 0.899609375 0.7776401875000001 0.9071093749999999 0.7725233640625 0.9125624999999999 0.7623364484375 0.9002968750000001 0.734813084375 0.8962031250000001 0.715443925 0.8846093749999999 0.712383178125 0.878484375 0.7113785046875 0.862125 0.6858878500000001 0.8546250000000001 0.675700934375 0.8430312499999999 0.6675467296875001 0.8266718750000001 0.661425234375
1 0.805125 0.8294626171875 0.8139531249999999 0.8347429906249999 0.8207812499999999 0.8354906546875001 0.8232968749999999 0.8328504671875001 0.8270937500000001 0.8200233640624999 0.8248125 0.8109579437500001 0.818 0.7988785046875 0.8139531249999999 0.79661215 0.804875 0.8015186921874999 0.810421875 0.8086915890625 0.804359375 0.811331775 0.80134375 0.8158644859375 0.7993125 0.8230373828124999 0.805125 0.8294626171875
1 0.63209375 0.9428037390625 0.6419374999999999 0.9501635515625001 0.656703125 0.9477102796875 0.6837500000000001 0.9452570093749999 0.694421875 0.93668224375 0.714921875 0.9231775703125 0.729671875 0.8729205609375 0.756734375 0.8324532703124999 0.758375 0.7686915890625 0.74115625 0.7294626171874999 0.69359375 0.707383178125 0.644390625 0.771144859375 0.62471875 0.8520794390624999 0.601765625 0.9060280374999999 0.588640625 0.9342289718749999 0.5960156249999999 0.9415887843749999 0.613234375 0.9317757015625 0.61815625 0.9428037390625 0.63209375 0.9428037390625
1 0.474078125 0.8150000000000001 0.47109375 0.8249299062500001 0.470015625 0.8335514015625 0.47257812499999996 0.842172896875 0.479 0.843785046875 0.48326562500000003 0.8405841125 0.48860937499999996 0.8332242984375 0.49353125000000003 0.8229906546875 0.49331250000000004 0.8127803734375 0.48840625 0.8050934578125 0.48092187500000005 0.8054205609375 0.47707812499999996 0.8105373828125 0.474078125 0.8150000000000001
1 0.297328125 0.828668225 0.30034375 0.8249766359375 0.30309375 0.8184112156250001 0.30309375 0.8110280375000001 0.302265625 0.801588784375 0.302265625 0.795841121875 0.30062500000000003 0.7966588781249999 0.288828125 0.8044626171875 0.28059375000000003 0.8147196265625001 0.2816875 0.8331775703125001 0.288 0.8335981312499999 0.297328125 0.828668225
1 0.2410625 0.7128504671875 0.25059375 0.719088784375 0.256859375 0.717757009375 0.26490625 0.70661215 0.266984375 0.7012616828125 0.263109375 0.6994859812499999 0.25178124999999996 0.695911215625 0.235984375 0.6950233640625 0.23390624999999998 0.7017056078125 0.23360937499999998 0.70661215 0.2410625 0.7128504671875
1 0.375953125 0.7614485984375 0.380296875 0.7554906546875 0.385546875 0.7481775703125 0.389703125 0.7446728968749999 0.391703125 0.740327103125 0.389890625 0.7357242984375 0.38265625000000003 0.7324766359375 0.37053125 0.73411215 0.36707812500000003 0.7389719625 0.367984375 0.743574765625 0.36907812500000003 0.752242990625 0.375953125 0.7614485984375
1 0.329359375 0.71462616875 0.32003125 0.708785046875 0.30467187500000004 0.70831775625 0.30407812500000003 0.7137383171875 0.28871875 0.7119392515625 0.286015625 0.7177803734375 0.275484375 0.7191355140625 0.275484375 0.72992990625 0.28421875 0.7335280375 0.281203125 0.739369159375 0.29114062500000004 0.7551401875 0.282703125 0.75962616875 0.295953125 0.777172896875 0.326953125 0.7861915890625 0.34440624999999997 0.772242990625 0.352234375 0.7555841125 0.357640625 0.7434345796875 0.360046875 0.732172896875 0.34771874999999997 0.7119392515625 0.338078125 0.7105841125000001 0.338078125 0.7209345796875 0.329359375 0.71462616875
1 0.26059375 0.740327103125 0.24562499999999998 0.737757009375 0.24904687499999997 0.7527803734375 0.259515625 0.7514953265625001 0.26059375 0.740327103125
1 0.508796875 0.7298598125 0.5105625 0.726331775 0.5133125 0.721331775 0.5162656250000001 0.7139953265625001 0.5158750000000001 0.7107476640625 0.5105625 0.7028037390625 0.50721875 0.7019392515625 0.5025000000000001 0.7089953265625 0.501515625 0.7295794390625 0.4999375 0.7310514015625 0.506046875 0.7316355140625 0.508796875 0.7298598125
1 0.45581250000000006 0.6653738312499999 0.451890625 0.6631775703125 0.444078125 0.66242990625 0.44603125 0.6485514015625 0.44456249999999997 0.6397663546875 0.43771875 0.6302803734375 0.431359375 0.6280841125000001 0.42207812499999997 0.6280841125000001 0.41571875 0.635397196875 0.42403124999999997 0.6427102796875 0.423046875 0.6587850468750001 0.421578125 0.6580607484375001 0.417671875 0.6543925234375 0.41278125 0.6470794390625 0.40496875 0.6470794390625 0.39909374999999997 0.6587850468750001 0.391765625 0.652943925 0.37953125 0.646355140625 0.380515625 0.6595093453125 0.391265625 0.6748598125 0.407890625 0.6792523359375 0.41571875 0.6799766359375 0.45043749999999994 0.6785280375 0.45531249999999995 0.671214953125 0.45581250000000006 0.6653738312499999
1 0.01875 0.707943925 0.0125 0.712616821875 0.0109375 0.733644859375 0.015625 0.74065420625 0.021875 0.74065420625 0.0234375 0.7523364484374999 0.028125 0.75934579375 0.040625 0.7570093453125 0.05 0.7733644859375 0.0671875 0.7733644859375 0.0703125 0.7780373828125 0.078125 0.7780373828125 0.0828125 0.7733644859375 0.096875 0.7733644859375 0.1078125 0.775700934375 0.1125 0.7827102796875 0.1203125 0.7827102796875 0.128125 0.796728971875 0.13125 0.82242990625 0.1296875 0.8364485984375 0.125 0.84345794375 0.125 0.8574766359374999 0.1296875 0.86448598125 0.1484375 0.86448598125 0.1640625 0.8691588781249999 0.18125 0.88551401875 0.19375 0.8831775703125 0.2015625 0.890186915625 0.228125 0.890186915625 0.240625 0.8831775703125 0.2484375 0.8995327109375 0.2828125 0.9042056078125 0.2890625 0.8948598125 0.2890625 0.88551401875 0.2828125 0.8668224296875 0.2921875 0.86448598125 0.3015625 0.8808411218750001 0.3078125 0.8995327109375 0.31875 0.9158878500000001 0.334375 0.9182242984375 0.3421875 0.9088785046875 0.35 0.9088785046875 0.365625 0.9205607484374999 0.4125 0.9205607484374999 0.4265625 0.9088785046875 0.434375 0.922897196875 0.4515625 0.9205607484374999 0.46875 0.9345794390625001 0.484375 0.9345794390625001 0.490625 0.9462616828125 0.496875 0.9509345796875 0.5171875 0.9532710281250001 0.553125 0.9532710281250001 0.5640625 0.9462616828125 0.5703125 0.9462616828125 0.5765625 0.9392523359375 0.5796875 0.9415887843749999 0.59375 0.9252336453125001 0.625 0.8528037390625001 0.725841346875 0.8702372390625 0.7296875 0.873831775 0.7203125 0.9112149531249999 0.728125 0.922897196875 0.7359375 0.92757009375 0.753125 0.92757009375 0.759375 0.922897196875 0.775 0.92757009375 0.9078125 0.92757009375 0.95 0.9252336453125001 0.9546875 0.9205607484374999 0.971875 0.9182242984375 0.9828125 0.922897196875 0.9984375 0.9205607484374999 0.975072115625 0.916247303125 0.9807291671874999 0.9064122515624999 0.9984375 0.7056074765625 0.9859375 0.6869158875 0.9765625 0.6845794390625 0.9453125 0.6471962609374999 0.93125 0.6378504671874999 0.9109375 0.63551401875 0.903125 0.626168225 0.8921875 0.6331775703125 0.8578125 0.6331775703125 0.8515625 0.6378504671874999 0.84375 0.6542056078125 0.8328125 0.6542056078125 0.821875 0.6378504671874999 0.8125 0.6425233640625 0.8078125 0.651869159375 0.8 0.6378504671874999 0.790625 0.63551401875 0.778125 0.6051401875 0.771875 0.598130840625 0.7625 0.6028037390625001 0.759375 0.6214953265625 0.746875 0.6168224296875 0.740625 0.609813084375 0.7296875 0.6168224296875 0.70625 0.619158878125 0.7015625 0.61448598125 0.690625 0.619158878125 0.684375 0.6121495328125001 0.671875 0.6168224296875 0.6625 0.609813084375 0.65625 0.61448598125 0.6515625 0.63551401875 0.6390625 0.6331775703125 0.634375 0.6378504671874999 0.6125 0.6378504671874999 0.6078125 0.6331775703125 0.575 0.6331775703125 0.5703125 0.6378504671874999 0.553125 0.6378504671874999 0.5453125 0.630841121875 0.5296875 0.6285046734375 0.51875 0.61448598125 0.5046875 0.61448598125 0.4921875 0.6074766359375 0.48125 0.609813084375 0.4765625 0.6051401875 0.453125 0.6004672890625 0.440625 0.609813084375 0.4390625 0.6285046734375 0.421875 0.6425233640625 0.4171875 0.6378504671874999 0.4203125 0.630841121875 0.4203125 0.623831775 0.4171875 0.619158878125 0.4109375 0.6168224296875 0.403125 0.6051401875 0.3875 0.6004672890625 0.3828125 0.6051401875 0.375 0.6051401875 0.35625 0.619158878125 0.3390625 0.6495327109375 0.31875 0.6471962609374999 0.3140625 0.651869159375 0.2984375 0.626168225 0.2640625 0.609813084375 0.2578125 0.61448598125 0.2546875 0.623831775 0.246875 0.6285046734375 0.24375 0.63551401875 0.2265625 0.6331775703125 0.21875 0.6425233640625 0.2109375 0.6378504671874999 0.2 0.6425233640625 0.1984375 0.661214953125 0.2 0.6705607484375 0.2046875 0.67757009375 0.2015625 0.6799065421875 0.19375 0.6728971968749999 0.1828125 0.6542056078125 0.1671875 0.6448598125 0.1578125 0.630841121875 0.1484375 0.63551401875 0.14375 0.6588785046875001 0.134375 0.661214953125 0.125 0.6705607484375 0.11875 0.6705607484375 0.1140625 0.6752336453125001 0.1 0.6728971968749999 0.0875 0.651869159375 0.078125 0.65654205625 0.0765625 0.661214953125 0.06875 0.65654205625 0.0578125 0.65654205625 0.05 0.6635514015624999 0.034375 0.6542056078125 0.0265625 0.6635514015624999 0.0265625 0.67757009375 0.0296875 0.6845794390625 0.021875 0.693925234375 0.01875 0.707943925