1 0.616625 0.6072248796874999 0.6242656249999999 0.5870334921875 0.61940625 0.56681818125 0.605515625 0.5710765546875 0.60065625 0.5902153109375 0.60621875 0.6072248796874999 0.616625 0.6072248796874999
1 0.701703125 0.410526315625 0.696078125 0.41366028750000006 0.6914687500000001 0.41287081406250004 0.686359375 0.424617225 0.687890625 0.4391148328125 0.68840625 0.447344496875 0.6853281250000001 0.4622248796875 0.6860937500000001 0.4735885171875 0.691734375 0.48102870781249996 0.6899375 0.500622009375 0.6899375 0.5017942578125 0.6930156249999999 0.50729665 0.698640625 0.505717703125 0.698375 0.5017942578125 0.698125 0.48220095625 0.708875 0.490047846875 0.710671875 0.5014114828125 0.7119375 0.5017942578125 0.7168125 0.5010287078125 0.71603125 0.49200956875 0.72090625 0.47789473750000006 0.7226874999999999 0.4669377984375 0.722953125 0.4547846890625 0.7226874999999999 0.44303827812499996 0.7226874999999999 0.42227272656250003 0.716296875 0.41638755937500005 0.710671875 0.41913875625 0.710671875 0.41875598125 0.705796875 0.4167942578125 0.701703125 0.410526315625
1 0.7208281249999999 0.4486602875 0.72 0.45760765625 0.71971875 0.46995215312500005 0.718890625 0.48059808593750003 0.7175 0.49038277499999994 0.7144375000000001 0.504856459375 0.715828125 0.5125358859375 0.71778125 0.5193540671875 0.727234375 0.5265789468750001 0.732796875 0.534665071875 0.7366875 0.5248803828125 0.743078125 0.5235885171875 0.7441875 0.5214593296875 0.7441875 0.513803828125 0.743640625 0.5031578953125 0.74503125 0.5005980859375 0.74809375 0.4942105265625 0.748640625 0.4869856453125 0.7483593749999999 0.47720095625000003 0.746140625 0.46399521562499996 0.746140625 0.455047846875 0.743640625 0.44483253593749994 0.74140625 0.4388755984375 0.7341875 0.4239712921875 0.727234375 0.4333492828125 0.721953125 0.4418421046875 0.7208281249999999 0.4486602875
1 0.6335625 0.5410765546875 0.6305 0.5334928234375 0.6224999999999999 0.5252153109375 0.621796875 0.5327751203125 0.62296875 0.538899521875 0.626265625 0.548995215625 0.6295625 0.5547846890625 0.6305 0.555143540625 0.6335625 0.5555023921875 0.6335625 0.5410765546875
1 0.64625 0.51471291875 0.64815625 0.510334928125 0.655296875 0.508133971875 0.6500625 0.48990430625 0.65196875 0.47531100468750004 0.653875 0.4621770328125 0.656734375 0.45270335 0.65625 0.4351913875 0.64434375 0.42279904375 0.6324375 0.42789473750000007 0.626234375 0.42425837343749995 0.612890625 0.4286363640625 0.604328125 0.416961721875 0.59575 0.42279904375 0.5914531249999999 0.4293540671875 0.59003125 0.443229665625 0.583359375 0.44904306250000003 0.585734375 0.536578946875 0.596703125 0.5394976078125 0.598609375 0.5373205734375001 0.621953125 0.5132535890625001 0.628625 0.5008373203125001 0.639578125 0.51105263125 0.64625 0.51471291875
1 0.59271875 0.594377990625 0.601921875 0.594377990625 0.6067812499999999 0.5471770328125001 0.5873125 0.53971291875 0.586765625 0.5355741625 0.585140625 0.5894019140625 0.59271875 0.594377990625
1 0.667796875 0.608612440625 0.672203125 0.577153109375 0.664859375 0.5344497609375 0.64871875 0.5052392343750001 0.623765625 0.4984928234375 0.6164375 0.50299043125 0.607625 0.529952153125 0.6105625 0.577153109375 0.619375 0.608612440625 0.6443125000000001 0.619856459375 0.667796875 0.608612440625
1 0.643 0.6490669859375 0.6413125 0.626483253125 0.6349843749999999 0.617440190625 0.621921875 0.6155023921875 0.6164375 0.6245454546875 0.615609375 0.641961721875 0.62065625 0.6490669859375 0.6265625 0.6587320578125 0.627828125 0.657440190625 0.6345625 0.6497129187499999 0.643 0.6490669859375
1 0.5843281250000001 0.6021291859375 0.58509375 0.62681818125 0.586890625 0.647559809375 0.58765625 0.6573684203125 0.5886875 0.6601196171875 0.593546875 0.6554066984375 0.595328125 0.6589234453125 0.597890625 0.6565789468750001 0.6025 0.6632535890625 0.604796875 0.6632535890625 0.6055625 0.6640191390625 0.6091562500000001 0.6671531093749999 0.6119687500000001 0.6554066984375 0.6114531249999999 0.6393540671875 0.61453125 0.62720095625 0.6140156250000001 0.6123205734375 0.6112031250000001 0.6056459328125 0.607875 0.6021291859375 0.59865625 0.6001674640625 0.5945625 0.5974162671875 0.588421875 0.5950717703125 0.586640625 0.5970334921875 0.5843281250000001 0.6021291859375
1 0.6471875 0.65576555 0.64171875 0.651961721875 0.636734375 0.650430621875 0.62728125 0.6580622015625 0.624796875 0.658803828125 0.6218125 0.6527272734375 0.618328125 0.66566985625 0.6178281250000001 0.66643540625 0.62728125 0.7037799046875 0.64271875 0.68624401875 0.6491875 0.6641387562500001 0.6471875 0.65576555
1 0.7840625 0.5295933015625 0.791578125 0.51423445 0.79471875 0.45760765625 0.772140625 0.44607655468749996 0.762109375 0.46143540625 0.760234375 0.5123205734375 0.76775 0.5267224875000001 0.7840625 0.5295933015625