1 0.30378125 0.729786325 0.32225000000000004 0.731346153125 0.346125 0.7292521375 0.35343749999999996 0.7208333328125 0.35343749999999996 0.707670940625 0.34381249999999997 0.69923076875 0.32610937500000003 0.697670940625 0.297609375 0.703974359375 0.2764375 0.7213461531250001 0.275671875 0.7308333328125001 0.285671875 0.731346153125 0.30378125 0.729786325
1 0.30215625 0.6456837609375 0.2936875 0.65305555625 0.27675 0.6783119656250001 0.27175 0.6899145296875 0.26559374999999996 0.708867521875 0.2644375 0.7283333328125 0.27135937499999996 0.7320299140625 0.27753125 0.727286325 0.2886875 0.7093803421875 0.300234375 0.6872649578125001 0.31871875 0.6556837609375 0.319109375 0.64305555625 0.313328125 0.6409401703125 0.30215625 0.6456837609375
1 0.62996875 0.463846153125 0.61909375 0.46955128281249997 0.606125 0.487286325 0.59440625 0.510170940625 0.588546875 0.52162393125 0.5914843750000001 0.5393589750000001 0.5973437500000001 0.5462179484374999 0.601515625 0.5439316234375 0.601109375 0.5364957265625 0.604453125 0.531346153125 0.62034375 0.511901709375 0.626625 0.4975854703125 0.62996875 0.49188034218750004 0.63834375 0.48042735 0.645453125 0.46955128281249997 0.653828125 0.45869658125 0.6584218749999999 0.42551282031250004 0.661359375 0.41521367500000006 0.64796875 0.427222221875 0.637921875 0.4478205125 0.63415625 0.45754273437500004 0.62996875 0.463846153125
1 0.212359375 0.6797435890625 0.21642187499999999 0.6530341875000001 0.20909375 0.6474572656250001 0.178984375 0.6708333328125 0.147234375 0.6886538468750001 0.13259375 0.6852991453125 0.128515625 0.684188034375 0.128515625 0.697542734375 0.1545625 0.7097863249999999 0.179796875 0.6953205125 0.196890625 0.6942094015625 0.212359375 0.6797435890625
1 0.1781875 0.6270299140625 0.1821875 0.6334615390625 0.19415625 0.63891025625 0.199328125 0.641474359375 0.204484375 0.64694444375 0.209421875 0.6482264953125 0.216703125 0.652713675 0.22328125000000001 0.6443589750000001 0.2284375 0.6398717953124999 0.2246875 0.6334615390625 0.21764062499999998 0.6292735046875 0.210828125 0.6189957265625 0.20214062500000002 0.6129059828125001 0.19275 0.6090384609374999 0.18687499999999999 0.61 0.1821875 0.6125854703125 0.174671875 0.6061538468750001 0.1744375 0.606474359375 0.171609375 0.61 0.17350000000000002 0.6173931625 0.1781875 0.6228632484375 0.1781875 0.6270299140625
1 0.41889062499999996 0.63412393125 0.399375 0.6236111109375 0.35559375000000004 0.6203632484375 0.32010937500000003 0.6236111109375 0.317734375 0.6583974359375 0.31832812499999996 0.6713247859375 0.3485 0.6721367515625001 0.394046875 0.6632478625 0.408234375 0.6486752140625 0.41889062499999996 0.63412393125
1 0.33523437500000003 0.6027350421875 0.332875 0.61566239375 0.34943749999999996 0.619722221875 0.38315625 0.6221367515625 0.37546875 0.6075854703125 0.346484375 0.5994871796875 0.33523437500000003 0.6027350421875
1 0.87815625 0.298974359375 0.884140625 0.30279914531249996 0.8929375 0.3033547015625 0.899328125 0.3033547015625 0.9009218750000001 0.3033547015625 0.904921875 0.295705128125 0.9089218750000001 0.2896794875 0.91171875 0.2853205125 0.9137187499999999 0.278760684375 0.9125156249999999 0.276581196875 0.9161093749999999 0.277115384375 0.92090625 0.278760684375 0.9252968750000001 0.2814957265625 0.9285 0.2814957265625 0.9285 0.2732905984375 0.92490625 0.2629059828125 0.9173125000000001 0.254722221875 0.9137187499999999 0.24433760625 0.9081250000000001 0.23559829062499998 0.903328125 0.23395299218750001 0.8989218749999999 0.23448717968750002 0.896125 0.236132478125 0.8901406250000001 0.23777777812499998 0.88175 0.2394230765625 0.870953125 0.2678205125 0.86815625 0.276581196875 0.8717499999999999 0.28805555625 0.87815625 0.298974359375
1 0.076828125 0.6891452984375 0.080578125 0.720641025 0.084859375 0.7308974359375 0.081640625 0.7345726499999999 0.0859375 0.74042735 0.09075 0.7360256406250001 0.099328125 0.713311965625 0.099859375 0.6744871796874999 0.09665625 0.6341880343749999 0.088609375 0.6210042734375001 0.088609375 0.6202564109375001 0.08271875 0.62173076875 0.077890625 0.626858975 0.076828125 0.6891452984375
1 0.31242187499999996 0.5422435890624999 0.30775 0.5592521374999999 0.3271875 0.5656196578125 0.324859375 0.572008546875 0.331078125 0.576260684375 0.33496875 0.581581196875 0.34895312500000003 0.57944444375 0.36371875 0.5677564109375 0.367609375 0.5868803421875 0.37615625 0.5922008546875001 0.379265625 0.5868803421875 0.386265625 0.608141025 0.3909375 0.6187820515625 0.39559375 0.6241025640625 0.4018125 0.6262179484375 0.409578125 0.629401709375 0.41503125 0.6283547015625001 0.430578125 0.6357905984375 0.43679687500000003 0.6432264953125 0.45078125 0.66130341875 0.45932812500000003 0.6729914531250001 0.46167187500000006 0.68042735 0.467890625 0.6698076921875 0.46478125 0.6570512828124999 0.455453125 0.6389743593749999 0.45078125 0.6208974359375 0.455453125 0.6187820515625 0.46321874999999996 0.6208974359375 0.467890625 0.617713675 0.467890625 0.6145299140625 0.45778125000000003 0.5932692312500001 0.45856250000000004 0.5847649578125 0.46478125 0.581581196875 0.43834375000000003 0.5528632484375 0.46399999999999997 0.5518162390625 0.46321874999999996 0.5496794875 0.45778125000000003 0.5411752140625 0.43834375000000003 0.528418803125 0.435234375 0.5252350421875 0.436015625 0.51566239375 0.434453125 0.509294871875 0.381609375 0.4965384609375 0.3660625 0.49972222187500004 0.34584375 0.501858975 0.329515625 0.5199145296875 0.31242187499999996 0.5422435890624999
1 0.260890625 0.723974359375 0.264234375 0.7110042734375 0.264796875 0.7087179484374999 0.264796875 0.7072008546874999 0.264234375 0.7049145296875 0.270921875 0.69042735 0.272046875 0.6873931625 0.275390625 0.6805341874999999 0.28596875 0.6736752140625 0.288765625 0.6675641031249999 0.294328125 0.659957265625 0.29990625 0.6515598296875 0.301578125 0.6424145296875 0.289875 0.6424145296875 0.275390625 0.650811965625 0.268140625 0.659957265625 0.260328125 0.6645299140625001 0.25196874999999996 0.692713675 0.25196874999999996 0.6934829062500001 0.250859375 0.7041452984375 0.250859375 0.720918803125 0.254765625 0.7300641031249999 0.254765625 0.7316025640625 0.2553125 0.7316025640625 0.25978124999999996 0.7270299140625001 0.260328125 0.726260684375 0.260890625 0.723974359375
1 0.1025625 0.7127350421875 0.1 0.72151709375 0.097421875 0.7426068375 0.09421874999999999 0.7461111109375 0.10192187500000001 0.748760684375 0.119265625 0.7180128203125 0.12634375 0.69076923125 0.12634375 0.6582478625 0.11734375 0.6494658125 0.109625 0.6406837609375 0.097421875 0.6398076921875 0.09678125 0.6494658125 0.09614062500000001 0.6591452984374999 0.10128124999999999 0.6626495718750001 0.10192187500000001 0.680213675 0.10320312499999999 0.6872435890624999 0.1025625 0.7127350421875
1 0.125828125 0.6082478625000001 0.123125 0.6254487171875 0.122234375 0.647564103125 0.124921875 0.6623076921875 0.13570312499999998 0.6807478625 0.154578125 0.679508546875 0.148296875 0.6610897437500001 0.140203125 0.6254487171875 0.13929687500000001 0.5996581203125 0.142 0.5984188031250001 0.13390625 0.5972008546875001 0.125828125 0.6082478625000001