1 0.745140625 0.185196078125 0.745265625 0.1931127453125 0.7462500000000001 0.20490196093750002 0.751046875 0.20816176406250003 0.75609375 0.2004411765625 0.7584375 0.194460784375 0.75965625 0.185 0.757203125 0.16375 0.7532656249999999 0.15931372500000002 0.7498125 0.15931372500000002 0.747234375 0.1606617640625 0.74403125 0.1647058828125 0.742671875 0.16857843125 0.745140625 0.185196078125
1 0.68146875 0.2684068625 0.6752343749999999 0.280147059375 0.6951875000000001 0.28210784375000003 0.688328125 0.29774509843749997 0.691453125 0.31732843125 0.703921875 0.2997058828125 0.7001875 0.32318627499999997 0.71015625 0.3202450984375 0.7245 0.311446078125 0.731984375 0.2899264703125 0.7369687500000001 0.2752696078125 0.7369687500000001 0.2654901953125 0.729484375 0.25960784375 0.7288593750000001 0.2508088234375 0.7245 0.23223039218750002 0.71015625 0.23612745156249998 0.6989375 0.2439705875 0.690203125 0.255686275 0.68146875 0.2684068625
1 0.738171875 0.3299019609375 0.740921875 0.342524509375 0.743671875 0.3395343140625 0.74746875 0.3302696078125 0.74875 0.3133333328125 0.7481093750000001 0.2877941171875 0.755296875 0.2581127453125 0.753609375 0.2504901953125 0.752125 0.24485294062500002 0.7457812500000001 0.252475490625 0.7415468749999999 0.25776960781249997 0.7400781249999999 0.26208333281249996 0.7347812499999999 0.282475490625 0.7311875 0.3047058828125 0.731828125 0.3179656859375 0.735 0.32857843125 0.738171875 0.3299019609375
1 0.769015625 0.2178431375 0.766046875 0.2070343140625 0.777875 0.276568628125 0.799546875 0.267303921875 0.7897031250000001 0.2162990203125 0.769015625 0.2178431375
1 0.989859375 0.5469852937499999 0.9858281249999999 0.5413725484375 0.967953125 0.558210784375 0.9701875 0.5841666671875 0.991203125 0.6024019609375 0.99925 0.607303921875 1 0.5441911765625 0.989859375 0.5469852937499999
1 0.8046562500000001 0.1140196078125 0.799796875 0.0832843140625 0.7971874999999999 0.0806372546875 0.7960625 0.08151960781249999 0.7949531249999999 0.0882598046875 0.7947656249999999 0.10874999999999999 0.7955 0.113725490625 0.80296875 0.1181127453125 0.8046562500000001 0.1140196078125
1 0.734796875 0.16999999999999998 0.738546875 0.167696078125 0.7351875 0.164975490625 0.7287656250000001 0.1620343140625 0.722609375 0.16517156875 0.714578125 0.1762990203125 0.711109375 0.18301470625 0.7123125 0.1910049015625 0.713640625 0.19835784375 0.7160624999999999 0.20379902031250002 0.7164531249999999 0.2061274515625 0.71671875 0.1964705875 0.726359375 0.18134803906250002 0.730375 0.1750490203125 0.7331875 0.171274509375 0.734796875 0.16999999999999998
1 0.753671875 0.15558823593749999 0.768578125 0.1534558828125 0.781453125 0.17259803906249999 0.7780625 0.1927941171875 0.80178125 0.21191176406249998 0.80990625 0.22468137187499998 0.82075 0.21191176406249998 0.83228125 0.2214950984375 0.828890625 0.2034068625 0.837015625 0.1949019609375 0.8329531250000001 0.18110294062500001 0.8397343749999999 0.157696078125 0.8241406250000001 0.136446078125 0.8119375 0.136446078125 0.816015625 0.10987745156249999 0.806515625 0.096053921875 0.804484375 0.1204901953125 0.796359375 0.11625 0.7970312500000001 0.06948529375 0.785515625 0.0715931375 0.764515625 0.095 0.75840625 0.10774509843749999 0.74825 0.136446078125 0.74553125 0.1311274515625 0.7516406250000001 0.11198529374999999 0.7462187499999999 0.11093137187499999 0.735375 0.121568628125 0.73740625 0.132181371875 0.717078125 0.1226225484375 0.70284375 0.10987745156249999 0.684546875 0.1045588234375 0.69809375 0.132181371875 0.706234375 0.14495097968749998 0.6831875000000001 0.1470833328125 0.6621875 0.1534558828125 0.653375 0.1715196078125 0.65946875 0.1747058828125 0.65065625 0.1927941171875 0.65065625 0.20235294062500003 0.666921875 0.187475490625 0.679796875 0.1715196078125 0.712328125 0.1502696078125 0.73875 0.143897059375 0.753671875 0.15558823593749999
1 0.733484375 0.264803921875 0.73778125 0.2670343140625 0.749234375 0.2512990203125 0.746375 0.208602940625 0.746375 0.17941176406249998 0.746375 0.16367647031250002 0.7349218750000001 0.16367647031250002 0.7306250000000001 0.1681617640625 0.724890625 0.19512254843750002 0.7263124999999999 0.2512990203125 0.72775 0.2558088234375 0.733484375 0.264803921875
1 0.682140625 0.269460784375 0.69425 0.2522303921875 0.70675 0.23977941249999998 0.723015625 0.227303921875 0.726046875 0.182181371875 0.715453125 0.20296568593750003 0.712421875 0.1898774515625 0.7146874999999999 0.1720833328125 0.69765625 0.1922549015625 0.69121875 0.1881127453125 0.6874374999999999 0.19879902031250002 0.67834375 0.24392156874999998 0.682140625 0.269460784375
1 0.764953125 0.2415196078125 0.766375 0.21887254843749998 0.759296875 0.19624999999999998 0.75646875 0.192696078125 0.750234375 0.20688725468750002 0.7519375 0.234852940625 0.75221875 0.2450735296875 0.759578125 0.2521568625 0.764953125 0.2415196078125
1 0.761609375 0.3244117640625 0.7670625 0.3266911765625 0.769234375 0.3056127453125 0.7670625 0.285686275 0.761609375 0.25833333281250004 0.760515625 0.2554901953125 0.7532656249999999 0.2606127453125 0.75471875 0.2839705875 0.75653125 0.3027696078125 0.7597968749999999 0.318725490625 0.761609375 0.3244117640625
1 0.794265625 0.6106862750000001 0.7799375000000001 0.6374264703125 0.786078125 0.6491911765625 0.796640625 0.6475980390625 0.801765625 0.6368872546875 0.8106249999999999 0.62085784375 0.8079062499999999 0.60960784375 0.806875 0.611225490625 0.794265625 0.6106862750000001