2 0.49740196093750005 0.618643790625 0.5239052281250001 0.4765522875 0.50944444375 0.41392156875 0.49740196093750005 0.4187418296875 0.4901797390625 0.4669117640625 0.481748365625 0.558431371875 0.4769281046875 0.6150326796875001 0.49740196093750005 0.618643790625
2 0.4019771234375 0.47145424843750006 0.3858660125 0.5036764703125 0.3987581703125 0.49723856250000004 0.4003758171875 0.5391176468750001 0.406813725 0.568120915625 0.4197058828125 0.56168300625 0.434199346875 0.5761764703125001 0.45514705937500005 0.5133496734375 0.48415032656249996 0.5342973859375 0.48254902031249997 0.46501634062499997 0.488986928125 0.4134477125 0.4938235296875 0.361895425 0.4938235296875 0.33127450937499997 0.4954248359375 0.300669934375 0.45838235312500003 0.3474019609375 0.44065359531250003 0.373169934375 0.426143790625 0.36833333281249997 0.41326797343750005 0.35383986875 0.40359477187500004 0.360277778125 0.408431371875 0.35062091562500003 0.3810457515625 0.402173203125 0.353643790625 0.4924019609375 0.382647059375 0.4827287578125 0.4019771234375 0.47145424843750006
2 0.43370915 0.4831535953125 0.3348366015625 0.5977450984375 0.3258496734375 0.642696078125 0.2741503265625 0.6943790843750001 0.339330065625 0.6516830062500001 0.3191013078125 0.7370751640625001 0.3348366015625 0.6831535953125 0.4044934640625 0.5797712421875 0.39550653593749996 0.5685457515625 0.4561764703125 0.4898856203125 0.43370915 0.4831535953125
2 0.1288071890625 0.44519607812500006 0.081960784375 0.4615849671875 0.0023366015625 0.49202614375 0 0.5037418296875 0.10772875781249999 0.473300653125 0.1288071890625 0.44519607812500006
2 0.3702450984375 0.502352940625 0.36692810468750003 0.499852940625 0.358643790625 0.500686275 0.35450980468750004 0.49406862812499996 0.3511928109375 0.490751634375 0.3222058828125 0.500686275 0.307303921875 0.51642156875 0.27831699374999996 0.5429248359375001 0.2551143796875 0.5636274515624999 0.24186274531250002 0.57357843125 0.22944444375 0.5951143796875 0.2186764703125 0.6075326796875 0.24517973906249999 0.5917973859375001 0.3321405234375 0.53879085 0.3528594765625 0.5139379078124999 0.365277778125 0.5056535953125 0.3702450984375 0.502352940625
2 0.007320260937500001 0.5647712421875 0.02459695 0.5535947718750001 0.0244771234375 0.5476225484375 0.03323529375 0.5480065359374999 0.052298475 0.5340359484375 0.0622058828125 0.5335294125 0.0782026140625 0.524379084375 0.10183006562500001 0.5022712421875 0.1048856203125 0.4938888890625 0.0888725484375 0.4900817 0.0835457515625 0.49236928124999996 0.0568627453125 0.5091339875 0.034460784375 0.5251437906249999 0.0423910671875 0.534542484375 0.032483659375 0.5350490203125 0.0269934640625 0.5304803921875 0.0251143796875 0.54013071875 0.01952614375 0.5358169937499999 0.017745098437500002 0.54521241875 0.0103758171875 0.5502941171875 0.001225490625 0.5617156859375 0.007320260937500001 0.5647712421875
2 0.317777778125 0.39689542499999997 0.2848366015625 0.40114379062500005 0.26356209218750004 0.4096568625 0.2327450984375 0.41815359531249996 0.21148692812499997 0.4266666671875 0.1891666671875 0.43728758125 0.19978758125 0.4447385625 0.21998365937500003 0.4394117640625 0.25506535937499997 0.43728758125 0.294395425 0.429852940625 0.31140522812500004 0.4224183 0.33478758124999997 0.4107189546875 0.3326633984375 0.41178104531250004 0.3316013078125 0.3990196078125 0.317777778125 0.39689542499999997
2 0.1775326796875 0.5280882359375 0.11910130781249999 0.5550490203125 0.11460784375 0.5730392156249999 0.11910130781249999 0.56629085 0.24495097968750001 0.5101143796875001 0.278643790625 0.45168300625 0.1775326796875 0.5280882359375
2 0.14452614375 0.38258169999999997 0.1344281046875 0.390800653125 0.1167320265625 0.40658496718750003 0.0946405234375 0.42111111093750003 0.0908496734375 0.425539215625 0.0958986921875 0.4375326796875 0.10916666718750001 0.431225490625 0.12241830000000001 0.4267973859375 0.1634803921875 0.40089869218749996 0.17674836562500001 0.39331699375 0.2001143796875 0.372483659375 0.2253758171875 0.3465849671875 0.23421568593750003 0.33331699375 0.2215849671875 0.3213235296875 0.2158986921875 0.32385620937500004 0.20263071875 0.32826797343749997 0.18620915 0.3446895421875 0.1634803921875 0.3649019609375 0.14452614375 0.38258169999999997
2 0 0.527696078125 0.0037418296875 0.5305882359375 0.035669934375000004 0.5233333328125 0.061781045312500005 0.5102777781250001 0.0864542484375 0.4899673203125 0.0922549015625 0.48271241875 0.057434640625 0.4870588234375 0.018251634375 0.4986764703125 0 0.5088235296875 0 0.527696078125
2 0.3211928109375 0.492091503125 0.35944444375 0.466225490625 0.3695588234375 0.43022875781250003 0.29982026093749997 0.466225490625 0.23122549062500003 0.5505882359375 0.29870915 0.5078431375 0.3211928109375 0.492091503125
2 0.09021241875 0.5233823531249999 0.115751634375 0.5033006531249999 0.1205228765625 0.49648692812500006 0.11779411718749999 0.4913725484375 0.1103104578125 0.48933006562500003 0.0997385625 0.4988725484375 0.08883986875 0.5107843140624999 0.0847549015625 0.513856209375 0.0857843140625 0.5203267968749999 0.09021241875 0.5233823531249999
2 0.85620915 1 0.8578431375 0.98039215625 0.8529411765624999 0.973856209375 0.8496732031249999 0.973856209375 0.848039215625 0.957516340625 0.83986928125 0.9264705875000001 0.83986928125 0.9052287578125 0.830065359375 0.8872549015625 0.830065359375 0.8186274515624999 0.8366013078125001 0.8055555562500001 0.8447712421875 0.812091503125 0.8627450984375 0.813725490625 0.8676470593750001 0.8071895421875 0.8676470593750001 0.8006535953125 0.8529411765624999 0.7859477125 0.8431372546875 0.784313725 0.831699346875 0.7728758171875 0.828431371875 0.76633986875 0.8298611109375 0.7630718953125 0.8251633984375 0.7614379078125 0.82883986875 0.7549019609375 0.828431371875 0.7483660125 0.831699346875 0.7483660125 0.8366013078125001 0.741830065625 0.8366013078125001 0.7091503265625 0.83986928125 0.69607843125 0.84150326875 0.6633986921874999 0.84150326875 0.6176470593750001 0.8333333328125001 0.598039215625 0.831699346875 0.5669934640625 0.8251633984375 0.527777778125 0.8251633984375 0.4787581703125 0.8039215687500001 0.44117647031249996 0.794117646875 0.44117647031249996 0.7892156859375 0.44607843125 0.7875816999999999 0.4526143796875 0.776143790625 0.454248365625 0.76960784375 0.4591503265625 0.7630718953125 0.44934640468750003 0.7385620921875 0.44281045781249995 0.7385620921875 0.4232026140625 0.73366013125 0.4166666671875 0.722222221875 0.4166666671875 0.6993464046875 0.428104575 0.6846405234375 0.41339869218749997 0.6633986921874999 0.41339869218749997 0.6372549015625 0.44281045781249995 0.6127450984375 0.439542484375 0.596405228125 0.4150326796875 0.578431371875 0.40032679687500006 0.560457515625 0.3709150328125 0.5392156859375 0.3692810453125 0.534313725 0.36274509843749997 0.5147058828125 0.36274509843749997 0.49673202656250004 0.37581699375 0.49673202656250004 0.40196078437500005 0.383986928125 0.3970588234375 0.382352940625 0.39379084999999997 0.37254902031250003 0.3970588234375 0.364379084375 0.38725490156250003 0.3545751640625 0.38725490156250003 0.3447712421875 0.3970588234375 0.3333333328125 0.3986928109375 0.328431371875 0.4150326796875 0.294117646875 0.43137254843750006 0.259803921875 0.437908496875 0.2205882359375 0.439542484375 0.20588235312499997 0.44444444375 0.19444444375 0.44281045781249995 0.1911764703125 0.439542484375 0.1928104578125 0.436274509375 0.2124183 0.4264705875 0.23692810468749997 0.41830065312500003 0.2647058828125 0.385620915625 0.2728758171875 0.37254902031250003 0.2875817 0.36274509843749997 0.295751634375 0.3513071890625 0.2990196078125 0.3431372546875 0.2973856203125 0.32516339843750003 0.292483659375 0.3202614375 0.26797385625 0.3169934640625 0.2565359484375 0.3267973859375 0.25326797343749996 0.3267973859375 0.2483660125 0.3202614375 0.23856209218750002 0.3202614375 0.23366013125 0.32516339843750003 0.23366013125 0.3349673203125 0.2254901953125 0.348039215625 0.19444444375 0.3790849671875 0.1797385625 0.3921568625 0.1650326796875 0.40032679687500006 0.1552287578125 0.41176470624999995 0.150326796875 0.41013071874999996 0.10620915 0.436274509375 0.08986928125 0.436274509375 0.080065359375 0.44281045781249995 0.0669934640625 0.44444444375 0.062091503125 0.44934640468750003 0.0490196078125 0.44934640468750003 0.0375817 0.4591503265625 0.01633986875 0.46568627500000004 0.0114379078125 0.46405228750000005 0.0016339875000000001 0.4705882359375 0.0016339875000000001 0.490196078125 0.009803921875 0.490196078125 0.01797385625 0.4869281046875 0.01960784375 0.48366013125 0.027777778125000003 0.48366013125 0.0490196078125 0.4754901953125 0.0588235296875 0.4689542484375 0.06535947656249999 0.4689542484375 0.1209150328125 0.44934640468750003 0.1209150328125 0.455882353125 0.1094771234375 0.47222222187499996 0.08986928125 0.48039215625000004 0.09150326875 0.491830065625 0.1045751640625 0.49509803906250005 0.1094771234375 0.490196078125 0.117647059375 0.491830065625 0.117647059375 0.5016339875 0.09477124218750001 0.5212418296875 0.08823529375 0.5228758171875 0.08333333281250001 0.51960784375 0.080065359375 0.526143790625 0.0751633984375 0.526143790625 0.063725490625 0.5326797390625 0.062091503125 0.5392156859375 0.0571895421875 0.5392156859375 0.052287581250000006 0.544117646875 0.0392156859375 0.563725490625 0.0359477125 0.563725490625 0.0310457515625 0.5686274515624999 0.01797385625 0.5866013078125001 0.0016339875000000001 0.5866013078125001 0.0016339875000000001 0.6176470593750001 0.014705882812500001 0.6192810453125001 0.01797385625 0.62418300625 0.01633986875 0.6307189546874999 0.009803921875 0.6323529406249999 0.0049019609375 0.6372549015625 0.0049019609375 0.6470588234375 0.008169934375 0.651960784375 0.0016339875000000001 0.6552287578125 0.0016339875000000001 0.6797385625000001 0.0049019609375 0.6830065359375 0.01633986875 0.6830065359375 0.0245098046875 0.6813725484375001 0.027777778125000003 0.678104575 0.0490196078125 0.678104575 0.0588235296875 0.6748366015625 0.060457515625 0.6846405234375 0.0506535953125 0.6928104578125 0.045751634375 0.7026143796875 0.026143790625000003 0.7189542484375 0.0245098046875 0.7254901953124999 0.013071895312500002 0.7385620921875 0.0114379078125 0.7565359484374999 0.01633986875 0.7614379078125 0.026143790625000003 0.7614379078125 0.0294117640625 0.758169934375 0.032679739062500004 0.7467320265625 0.0392156859375 0.7369281046875 0.0490196078125 0.7254901953124999 0.052287581250000006 0.7254901953124999 0.062091503125 0.715686275 0.071895425 0.6993464046875 0.08333333281250001 0.6928104578125 0.08823529375 0.6928104578125 0.0866013078125 0.707516340625 0.09150326875 0.7124183000000001 0.1078431375 0.7124183000000001 0.117647059375 0.707516340625 0.14379085 0.7009803921875 0.14379085 0.7271241828125 0.1405228765625 0.7352941171875 0.1405228765625 0.7467320265625 0.1454248359375 0.7516339875 0.150326796875 0.7516339875 0.150326796875 0.758169934375 0.1470588234375 0.7647058828125 0.12418300625 0.7794117640625 0.12418300625 0.7908496734375 0.1290849671875 0.795751634375 0.13888888906250002 0.795751634375 0.1552287578125 0.784313725 0.16013071875 0.776143790625 0.1666666671875 0.776143790625 0.18954248437500001 0.7630718953125 0.2026143796875 0.75 0.2140522875 0.7271241828125 0.23039215624999998 0.7107843140625 0.24279835468750002 0.711994675 0.240660475 0.7163742703125 0.371929825 0.7844857234375 0.3611111109375 0.810457515625 0.3578431375 0.831699346875 0.349673203125 0.8431372546875 0.3431372546875 0.8660130718750001 0.33169934687499997 0.8872549015625 0.330065359375 0.9052287578125 0.3349673203125 0.91013071875 0.3447712421875 0.91013071875 0.349673203125 0.9052287578125 0.364379084375 0.8692810453125001 0.367647059375 0.8545751640624999 0.37581699375 0.8431372546875 0.3888888890625 0.85620915 0.40032679687500006 0.85620915 0.41176470624999995 0.8611111109375 0.40359477187500004 0.87418300625 0.3986928109375 0.8921568625 0.39379084999999997 0.8986928109375001 0.39379084999999997 0.91013071875 0.3970588234375 0.9166666671874999 0.4232026140625 0.9248366015625 0.41274509843749996 0.9413398687500001 0.3970588234375 0.9460784312499999 0.40196078437500005 0.9509803921875 0.41339869218749997 0.9509803921875 0.4205882359375 0.9389705875000001 0.421568628125 0.9313725484375001 0.428431371875 0.9366013078125001 0.46764705937500006 0.9247549015625 0.47181372499999996 0.9342320265625 0.455882353125 0.957516340625 0.455882353125 0.9705882359375 0.4607843140625 0.9754901953124999 0.4705882359375 0.9754901953124999 0.4754901953125 0.9689542484375 0.4787581703125 0.9493464046875 0.48202614375 0.9526143796875 0.491830065625 0.9526143796875 0.5 0.939542484375 0.5016339875 0.9166666671874999 0.4990196078125 0.915277778125 0.5049019609375 0.91013071875 0.5068627453125 0.912908496875 0.5225490203125001 0.9081699343749999 0.5310457515625 0.9150326796874999 0.5310457515625 0.939542484375 0.5359477125 0.9444444437499999 0.545751634375 0.9444444437499999 0.5490196078125 0.9411764703125 0.55228758125 0.9232026140625 0.5735294125 0.9150326796874999 0.581699346875 0.9264705875000001 0.596405228125 0.9248366015625 0.5996732031249999 0.9281045750000001 0.6029411765625 0.937908496875 0.6029411765625 0.9624183000000001 0.6078431375 0.9673202609375 0.6176470593750001 0.9673202609375 0.6225490203125 0.9607843140625001 0.62581699375 0.9493464046875 0.635620915625 0.9411764703125 0.6470588234375 0.9428104578125 0.65849673125 0.9297385625000001 0.6636394906249999 0.9358445124999999 0.6928104578125 0.9509803921875 0.6911764703125 0.972222221875 0.69607843125 0.9771241828124999 0.705882353125 0.9771241828124999 0.7107843140625 0.9705882359375 0.7140522875 0.955882353125 0.7140522875 0.8888888890625 0.73202614375 0.8447712421875 0.759803921875 0.7565359484374999 0.7614379078125 0.7532679734375 0.76633986875 0.7516339875 0.7728758171875 0.7630718953125 0.7745098046875001 0.7745098046875001 0.7794117640625 0.7794117640625 0.7826797390625 0.7794117640625 0.777777778125 0.8071895421875 0.777777778125 0.846405228125 0.7826797390625 0.8513071890624999 0.7794117640625 0.8970588234375001 0.7875816999999999 0.9068627453125 0.7892156859375 0.936274509375 0.795751634375 0.957516340625 0.8006535953125 0.9624183000000001 0.8055555562500001 0.9624183000000001 0.828431371875 1 0.85620915 1