0 0.46180000000000004 0.6606666671875 0.44661999999999996 0.62472 0.42134 0.5910133328125 0.37584 0.5797866671875 0.32192 0.5910133328125 0.27978000000000003 0.6314666671875 0.26124 0.67416 0.24944000000000002 0.7325866671875 0.2646 0.7797866671875 0.2764 0.79776 0.29662 0.8179733328125 0.31854 0.82696 0.32696000000000003 0.8134933328124999 0.3337 0.7797866671875 0.33876 0.7573066671875 0.35056 0.77528 0.35224 0.7887733328125 0.3573 0.8067466671875 0.37584 0.8112266671875 0.40112 0.7550666671874999 0.41124 0.7078666671875 0.44494 0.67864 0.46180000000000004 0.6606666671875
0 0.37435999999999997 0.2232533328125 0.39254 0.19784 0.42374 0.1735733328125 0.41247999999999996 0.14122666718750002 0.39774 0.11581333281249999 0.37435999999999997 0.0938666671875 0.35182 0.0811733328125 0.3215 0.0777066671875 0.29203999999999997 0.10541333281250001 0.27298 0.1435466671875 0.26432 0.1724266671875 0.26258 0.2105333328125 0.26866 0.2301866671875 0.29897999999999997 0.29256000000000004 0.34144 0.3064266671875 0.35876 0.3064266671875 0.3605 0.2567466671875 0.37435999999999997 0.2232533328125
0 0.0033799999999999998 0.5056266671875 0.00674 0.9595466671875 0.03202 0.9595466671875 0.25786 0.9662933328125 0.24775999999999998 0.9438133328125 0.23258 0.9056266671875 0.23090000000000002 0.8809066671875 0.20562 0.8359466671875 0.17865999999999999 0.7730400000000001 0.14326 0.7932533328125 0.14494 0.7640533328125 0.1382 0.7056266671875 0.13652 0.70336 0.11798 0.6629333328125 0.09776 0.6157333328125 0.09606 0.6134933328125001 0.07922 0.59776 0.06573999999999999 0.5797866671875 0.04214 0.5146133328125 0.04044 0.48989333281249997 0.025280000000000004 0.4853866671875 0.0033799999999999998 0.5056266671875
0 0.4854 0.1662933328125 0.53258 0.20224000000000003 0.5814600000000001 0.2 0.62192 0.1797866671875 0.6455 0.11010666718749999 0.6438200000000001 0.0045066671875 0.44494 0 0.4264 0.0179733328125 0.44661999999999996 0.10112000000000002 0.4854 0.1662933328125
0 0.43987999999999994 0.07416 0.4382 0.0584266671875 0.42134 0.07416 0.41459999999999997 0.1348266671875 0.46180000000000004 0.1707733328125 0.47695999999999994 0.1617866671875 0.43987999999999994 0.07416
0 0.30918 0 0.24022000000000002 0.0038933328125 0.22261999999999998 0.017599999999999998 0.21308 0.06650666718750001 0.2138 0.1114933328125 0.22702 0.13986666718750002 0.25342 0.15648 0.26736 0.14669333281250002 0.27104 0.1232266671875 0.31872 0.0801866671875 0.3444 0.0762666671875 0.33926 0.027360000000000002 0.30918 0
0 0.12612 0.30506666718750003 0.16848000000000002 0.34981333281250004 0.2212 0.3594133328125 0.23878 0.3317066671875 0.26356 0.3104 0.28354 0.28696 0.27393999999999996 0.2443466671875 0.26596000000000003 0.21026666718749998 0.26356 0.16872 0.25316 0.15272 0.22200000000000003 0.1378133328125 0.19884 0.13888 0.17966 0.14952000000000001 0.15488 0.1750933328125 0.12692 0.21983999999999998 0.12212 0.23264 0.11972000000000001 0.2645866671875 0.12612 0.30506666718750003
0 0.13284 0.60224 0.18162 0.6336266671875 0.21692 0.6269066671875 0.2657 0.59328 0.27242 0.5439466671875001 0.24888 0.5327466671875001 0.22534 0.4990933328125 0.2102 0.42064 0.17152 0.41165333281249994 0.13284 0.43407999999999997 0.11098 0.4699466671875 0.10089999999999999 0.52152 0.10425999999999999 0.526 0.11434 0.5730933328125001 0.13284 0.60224
0 0.34116 0.5856533328125 0.3745 0.5796266671875 0.41773999999999994 0.5928533328125 0.41773999999999994 0.5724266671875 0.40424 0.5315733328125 0.379 0.5219466671874999 0.34206 0.5339733328125 0.3033 0.5472 0.27446000000000004 0.5496000000000001 0.26366 0.5976533328125 0.27355999999999997 0.6409066671875 0.27626 0.6361066671875 0.31772 0.5916533328125 0.34116 0.5856533328125
0 0.49214 0.1640533328125 0.47192 0.1573066671875 0.43484 0.1550666671875 0.40618 0.17751999999999998 0.37922 0.2045066671875 0.36741999999999997 0.23370666718750002 0.3573 0.2629333328125 0.35394000000000003 0.3078666671875 0.35394000000000003 0.34832 0.36574 0.37304 0.37584 0.39325333281249997 0.39944 0.42472000000000004 0.43651999999999996 0.4449333328125 0.48202 0.4426933328125 0.5073000000000001 0.42472000000000004 0.53258 0.3910133328125 0.5443800000000001 0.3573066671875 0.5443800000000001 0.3146133328125 0.5309 0.27192 0.51574 0.2045066671875 0.5073000000000001 0.19776 0.5039399999999999 0.1820266671875 0.49214 0.1640533328125
0 0.57512 0.36232000000000003 0.61378 0.3040266671875 0.63902 0.2592 0.66256 0.19192 0.68946 0.1313866671875 0.66424 0.11120000000000001 0.6407 0.12242666718749999 0.6121000000000001 0.1852 0.56334 0.2009066671875 0.5431600000000001 0.2143466671875 0.53476 0.26144 0.54148 0.3152533328125 0.56334 0.35784 0.57512 0.36232000000000003
0 0.41554 0.09797333281250001 0.43244 0.04616 0.43244 0.0056266671875 0.35642 0.0056266671875 0.3598 0.055173332812499996 0.38344 0.10472 0.40034000000000003 0.11599999999999999 0.41554 0.09797333281250001
0 0.5433 0.49992000000000003 0.53844 0.46109333281250003 0.51176 0.42714666718750005 0.49358 0.4352266671875 0.44202 0.4417066671875 0.42808 0.4417066671875 0.41231999999999996 0.4764533328125 0.40686 0.52416 0.40746000000000004 0.5354933328125 0.41716 0.5645866671875 0.42626 0.57672 0.4687 0.5848 0.50328 0.5831733328125 0.52146 0.5330666671875 0.5433 0.49992000000000003