0 0.74646 0.7637866671875 0.76204 0.7535999999999999 0.7776 0.7578933328125 0.7726200000000001 0.7449600000000001 0.75088 0.7375200000000001 0.73588 0.7512266671875001 0.73882 0.76024 0.7411800000000001 0.7692533328125 0.74646 0.7637866671875
3 0.7002200000000001 0.60696 0.70104 0.5988800000000001 0.69698 0.5918666671875 0.6925399999999999 0.58944 0.6885 0.5889066671875 0.68486 0.5891733328125001 0.68324 0.5964533328125 0.6899200000000001 0.6050666671875 0.69598 0.60616 0.7002200000000001 0.60696
3 0.72524 0.6134933328125001 0.72002 0.6078933328125 0.71132 0.6042133328125 0.70524 0.6092266671875 0.7249399999999999 0.6163733328125 0.72524 0.6134933328125001
3 0.7353799999999999 0.6067466671874999 0.72866 0.6075733328124999 0.7253000000000001 0.6086933328125 0.7251000000000001 0.6129066671875 0.72698 0.6212799999999999 0.7330599999999999 0.62184 0.73914 0.6215733328125 0.74586 0.6215733328125 0.74188 0.6129066671875 0.73978 0.6078666671875 0.7353799999999999 0.6067466671874999
0 0.74416 0.8667466671874999 0.76754 0.87712 0.7616799999999999 0.84856 0.74806 0.8173866671875001 0.71494 0.8148 0.71104 0.8121866671875001 0.72078 0.83816 0.74416 0.8667466671874999
0 0.77142 0.8805066671875 0.82402 0.9013066671875001 0.8181800000000001 0.8649333328125 0.79676 0.8467466671875 0.77338 0.8649333328125 0.77142 0.8805066671875
0 0.71662 0.7653066671875 0.71138 0.7687999999999999 0.70616 0.77288 0.6991799999999999 0.7804266671875 0.70704 0.7932 0.7175 0.7844800000000001 0.7270800000000001 0.7827466671875001 0.73536 0.7850666671875 0.74104 0.7902933328125 0.74932 0.8013333328125001 0.74932 0.7879733328125 0.748 0.7810133328125 0.73842 0.7687999999999999 0.72752 0.7629866671875 0.7270800000000001 0.7629866671875 0.72142 0.7635733328125001 0.71662 0.7653066671875
0 0.7360800000000001 0.7669333328125 0.7368 0.7597333328125 0.7321 0.7516266671875 0.72462 0.7466133328125 0.7096199999999999 0.7447466671875 0.69604 0.7541066671875 0.69416 0.76192 0.69978 0.7703466671875 0.70494 0.7734666671875 0.7145400000000001 0.7669333328125 0.7203999999999999 0.7641066671875001 0.72954 0.7631733328125 0.7360800000000001 0.7669333328125
0 0.7555799999999999 0.8050133328125 0.76518 0.8001066671875 0.7718200000000001 0.79912 0.78512 0.8015733328125 0.79138 0.8045333328125001 0.7984 0.8138666671875001 0.79878 0.8040266671875 0.79508 0.78928 0.7866 0.7784533328125 0.7718200000000001 0.7740266671875 0.7615000000000001 0.7730400000000001 0.75078 0.7873066671875 0.7489399999999999 0.79912 0.7522599999999999 0.8079733328125001 0.7555799999999999 0.8050133328125
0 0.7336 0.7535733328124999 0.73406 0.7476533328125 0.73336 0.7392266671875001 0.72774 0.7301599999999999 0.72282 0.7245333328125 0.7179 0.7220533328125 0.7113400000000001 0.7214133328125001 0.7066600000000001 0.7226666671875 0.69824 0.72736 0.69426 0.7345333328125 0.6930799999999999 0.7448533328125 0.69496 0.7554666671875 0.70878 0.7445333328125 0.7253999999999999 0.7470133328124999 0.7336 0.7535733328124999
0 0.78742 0.8397066671875001 0.80094 0.8460533328125001 0.80838 0.8559733328125001 0.80838 0.84888 0.80704 0.8308533328125 0.80306 0.8220000000000001 0.7945800000000001 0.8138666671875001 0.78822 0.8121066671875001 0.77388 0.8142133328125001 0.7654 0.81776 0.76036 0.8248266671875 0.75902 0.8329599999999999 0.75902 0.8411199999999999 0.76088 0.8502933328125 0.76406 0.84712 0.7752 0.8404 0.78742 0.8397066671875001
0 0.68476 0.7322666671875 0.67572 0.72824 0.67394 0.7275733328125 0.6732 0.7278933328125 0.6825 0.7453333328125 0.6915600000000001 0.7604266671875 0.69408 0.7610933328125 0.69458 0.7530666671875 0.6902999999999999 0.7399733328125 0.68778 0.7359466671875 0.68476 0.7322666671875