3 0.763390625 0.1964166671875 0.7695624999999999 0.2029375 0.774453125 0.20237500000000003 0.7772187500000001 0.19585416718749998 0.780828125 0.1901875 0.7806093749999999 0.185375 0.778484375 0.1813958328125 0.773390625 0.1782708328125 0.771046875 0.1794166671875 0.7716875 0.1788541671875 0.766578125 0.1794166671875 0.7636093749999999 0.18395833281250001 0.7621249999999999 0.1870625 0.763390625 0.1964166671875
3 0.77240625 0.2309583328125 0.774625 0.23595833281249998 0.780796875 0.24006249999999998 0.785875 0.23770833281249998 0.788953125 0.2336041671875 0.792484375 0.2247708328125 0.791828125 0.2197708328125 0.789625 0.2144791671875 0.78609375 0.21270833281249998 0.777265625 0.21477083281249998 0.7750625 0.2180208328125 0.773078125 0.22537500000000002 0.77240625 0.2309583328125
3 0.7673593750000001 0.1724375 0.764609375 0.167625 0.759625 0.1646458328125 0.7560156250000001 0.164875 0.752234375 0.1671666671875 0.748625 0.17175 0.7479375 0.1797708328125 0.7506875 0.1852708328125 0.758765625 0.18756250000000002 0.766328125 0.1816041671875 0.768046875 0.17725 0.7673593750000001 0.1724375
3 0.769015625 0.1764791671875 0.772265625 0.1782916671875 0.781765625 0.17791666718750002 0.7850312500000001 0.1739375 0.786125 0.1677916671875 0.78584375 0.1630833328125 0.783671875 0.1598125 0.780421875 0.1569166671875 0.7793281249999999 0.1565625 0.77796875 0.15618749999999998 0.772546875 0.1525833328125 0.7657499999999999 0.16018749999999998 0.764125 0.1641666671875 0.765484375 0.17139583281249998 0.769015625 0.1764791671875
3 0.781546875 0.15777083281249998 0.78659375 0.15231250000000002 0.786828125 0.1427083328125 0.78346875 0.1385416671875 0.778671875 0.1334166671875 0.7755468750000001 0.13468750000000002 0.77025 0.13885416718750002 0.769046875 0.1491041671875 0.77290625 0.1539166671875 0.776984375 0.1574375 0.781546875 0.15777083281249998
3 0.75346875 0.1592708328125 0.754625 0.16454166718750002 0.76353125 0.16585416718749998 0.7646875 0.16299999999999998 0.766671875 0.1599166671875 0.771109375 0.1539791671875 0.770296875 0.151125 0.767 0.14695833281249998 0.7630312499999999 0.145625 0.7572656249999999 0.145625 0.756765625 0.145625 0.7533125 0.152 0.75346875 0.1592708328125
3 0.793015625 0.2128958328125 0.79371875 0.20593750000000002 0.79128125 0.1934166671875 0.7878125 0.1901666671875 0.781203125 0.190625 0.7749375 0.20314583281249998 0.781546875 0.21381250000000002 0.786421875 0.21475 0.791984375 0.21475 0.793015625 0.2128958328125
3 0.7710781250000001 0.13814583281249998 0.7730937499999999 0.1273333328125 0.7730937499999999 0.117875 0.76853125 0.11381250000000001 0.761953125 0.1158541671875 0.755875 0.1334166671875 0.757890625 0.1455833328125 0.766515625 0.14625 0.7710781250000001 0.13814583281249998
3 0.756125 0.139625 0.75509375 0.139625 0.75221875 0.14795833281249998 0.75065625 0.1573333328125 0.747265625 0.17366666718749998 0.7514375 0.1920625 0.7514375 0.2104791671875 0.746484375 0.2226458328125 0.747015625 0.22922916718750003 0.7576875000000001 0.2361875 0.768375 0.2302708328125 0.774625 0.238625 0.788953125 0.2396666671875 0.79 0.22785416718749998 0.7933749999999999 0.20979166718750003 0.792859375 0.1965833328125 0.796515625 0.1667083328125 0.7931250000000001 0.13614583281249998 0.774359375 0.1156458328125 0.762640625 0.11322916718750001 0.753515625 0.12191666718750001 0.756125 0.139625
1 0.432734375 0.5433333328125001 0.42885937500000004 0.5472083328124999 0.42837500000000006 0.5556041671874999 0.42837500000000006 0.5614166671875 0.43128124999999995 0.5633541671875 0.43515625 0.5627083328125 0.438546875 0.5614166671875 0.44434375 0.5627083328125 0.44628125 0.5633541671875 0.4491875 0.5633541671875 0.450640625 0.5614166671875 0.44870312500000004 0.5491458328125 0.444828125 0.5381666671875001 0.44434375 0.5297916671875 0.442890625 0.5220416671875 0.43757812500000004 0.5175208328124999 0.4341875 0.5181666671875 0.43224999999999997 0.5181666671875 0.432734375 0.5220416671875 0.434671875 0.5291458328124999 0.43515625 0.5394583328125 0.432734375 0.5433333328125001
1 0.63053125 0.5235416671875 0.6108125 0.5323125 0.5954843750000001 0.5547083328125 0.59109375 0.5887916671875 0.590375 0.6131249999999999 0.597671875 0.62775 0.6020625 0.6384583328125 0.605703125 0.6501458328124999 0.621046875 0.6588958328125 0.6246875000000001 0.6384583328125 0.632 0.6472083328125 0.6415 0.6345625 0.658296875 0.6092291671875001 0.667046875 0.5907291671875 0.6794687500000001 0.5722291671875 0.6911562499999999 0.5683333328125 0.699921875 0.5683333328125 0.70721875 0.5751666671875 0.7232968750000001 0.5790625 0.735703125 0.5819791671875 0.74884375 0.6033958328125 0.75615625 0.6121666671875 0.761265625 0.6072916671875 0.762 0.5800208328124999 0.761265625 0.5586041671875 0.749578125 0.5216041671875 0.7386250000000001 0.5118541671875 0.725484375 0.5060208328125 0.70721875 0.507 0.70284375 0.5031041671875001 0.6948125 0.4943333328125 0.684578125 0.4943333328125 0.664859375 0.4953125 0.66121875 0.5128333328125 0.64953125 0.5128333328125 0.63053125 0.5235416671875
1 0.6261875 0.6920416671875 0.6268906249999999 0.7409583328125 0.635359375 0.7917291671875 0.640296875 0.8048958328125 0.660046875 0.8025625 0.6967187499999999 0.7940833328125 0.714359375 0.785625 0.727046875 0.7724583328125 0.734109375 0.7564791671875 0.746796875 0.7357916671875 0.758796875 0.7113333328125 0.760203125 0.663375 0.748921875 0.5994166671875 0.737625 0.5815625 0.712234375 0.584375 0.683328125 0.5716875 0.669921875 0.59425 0.64734375 0.6243333328125 0.632546875 0.6525624999999999 0.6261875 0.6920416671875
1 0.78340625 0.5646875 0.7807031249999999 0.5926041671875 0.78678125 0.6241041671875001 0.794203125 0.6286041671875 0.79353125 0.6412083328125 0.797578125 0.6393958328125 0.813109375 0.6547083328125 0.8205312499999999 0.6528958328125001 0.826609375 0.6628125 0.8347031250000001 0.6538125 0.8414531249999999 0.6267916671875 0.8529375 0.6123958328125 0.8684531249999999 0.6033958328125 0.885328125 0.5926041671875 0.8981562500000001 0.5746041671875 0.90490625 0.5656041671875001 0.9136875 0.5592916671875 0.9292187500000001 0.5566041671875 0.942046875 0.5727916671875 0.9339375000000001 0.5881041671875 0.9467656249999999 0.616 0.956890625 0.6286041671875 0.9575625000000001 0.5898958328125 0.9433906249999999 0.5547916671875 0.91909375 0.5268958328125 0.9001875 0.5151875 0.878578125 0.5115833328125 0.8563124999999999 0.5241875 0.856984375 0.5205833328125 0.8387499999999999 0.5305 0.823234375 0.5232916671875001 0.799609375 0.5395 0.78340625 0.5646875
1 0.941171875 0.5691458328125 0.91671875 0.5543125 0.893359375 0.581 0.8511093750000001 0.6106666671875 0.83109375 0.656625 0.8266406249999999 0.6892291671875 0.838875 0.7188958328124999 0.8555624999999999 0.677375 0.8833593750000001 0.6744166671875 0.9133749999999999 0.6358541671875 0.94784375 0.6299375 0.9534062499999999 0.6299375 0.933390625 0.592875 0.941171875 0.5691458328125
1 0.487203125 0.5576458328125 0.48984375 0.5625625000000001 0.50934375 0.5773333328125 0.5104062500000001 0.5773333328125 0.516203125 0.5520208328125 0.515671875 0.5133541671875 0.5109375 0.4957916671875 0.50725 0.4845416671875 0.499328125 0.4754166671875 0.48562500000000003 0.4754166671875 0.47667187499999997 0.47962499999999997 0.475078125 0.4845416671875 0.466125 0.48525 0.46559375000000003 0.4915833328125 0.467703125 0.49368749999999995 0.47824999999999995 0.4986041671875 0.48562500000000003 0.5098541671875 0.48931250000000004 0.5372708328125 0.487203125 0.5576458328125
1 0.38679687500000004 0.4878958328125 0.369375 0.4962916671875 0.355828125 0.5143541671875 0.345171875 0.5530833328125 0.35485937500000003 0.5524375 0.37809375 0.5537291671875 0.39454687499999996 0.5646875 0.4090625 0.5737291671875 0.41778125 0.5743750000000001 0.420203125 0.5717916671875 0.440046875 0.562125 0.46375 0.5627708328125001 0.471015625 0.5698541671874999 0.483109375 0.562125 0.496671875 0.5672708328125 0.508765625 0.5711458328125001 0.5339375000000001 0.6040625000000001 0.5378125 0.5930833328125 0.540234375 0.5459791671875001 0.5344218749999999 0.5156458328125 0.51409375 0.47887500000000005 0.4961875 0.46725000000000005 0.47973437499999994 0.4659583328125 0.46714062500000003 0.47952083281249996 0.4695625 0.4601458328125 0.45940624999999996 0.45949999999999996 0.44053125 0.46789583281249997 0.41051562500000005 0.46725000000000005 0.4090625 0.49435416718749997 0.40421874999999996 0.4898333328125 0.38679687500000004 0.4878958328125
1 0.340203125 0.5480208328125 0.3206875 0.5706458328124999 0.30457812500000003 0.6056874999999999 0.29440625 0.7300416671875001 0.308828125 0.7515416671875 0.33595312499999996 0.7594375 0.34359375000000003 0.7888333328125 0.373265625 0.8103125 0.385140625 0.7662291671875 0.40040624999999996 0.7583125 0.42074999999999996 0.7651041671875001 0.45042187499999997 0.8046666671875 0.47926562500000003 0.7685 0.50978125 0.7945 0.530984375 0.7300416671875001 0.54115625 0.6588333328125 0.5208125 0.5796875 0.48010937499999995 0.5616041671875001 0.4445 0.5616041671875001 0.42159375 0.5740208328125 0.397859375 0.568375 0.340203125 0.5480208328125
0 0.6872499999999999 0.3215 0.6850625 0.3176041671875 0.682875 0.3163125 0.67921875 0.3176041671875 0.67653125 0.3189166671875 0.6736093750000001 0.3306041671875 0.6706875 0.332875 0.66946875 0.3390416671875 0.694078125 0.3367708328125 0.6935781249999999 0.3331875 0.68846875 0.329625 0.6875 0.3273541671875 0.6872499999999999 0.3215
0 0.8234999999999999 0.32995833281250003 0.8201875 0.3270208328125 0.8205625 0.3255416671875 0.82203125 0.3167083328125 0.8176249999999999 0.3118125 0.8209375 0.307375 0.8190937500000001 0.2995416671875 0.81540625 0.2951041671875 0.8146718749999999 0.28872916718749997 0.80840625 0.2848125 0.8050937499999999 0.2872708328125 0.8010468749999999 0.28970833281249997 0.7969999999999999 0.2862708328125 0.789640625 0.28825 0.7866875 0.29020833281249997 0.78190625 0.2872708328125 0.777484375 0.29118750000000004 0.77565625 0.29854166718749997 0.778234375 0.3044375 0.77565625 0.3044375 0.7738125 0.29904166718749997 0.770859375 0.2956041671875 0.765703125 0.29118750000000004 0.7594531250000001 0.2916875 0.755765625 0.2975625 0.75209375 0.29118750000000004 0.7439843749999999 0.2926666671875 0.742515625 0.2970833328125 0.73884375 0.2995416671875 0.73884375 0.30935416718750003 0.7399375 0.3122916671875 0.7336875 0.31425000000000003 0.730734375 0.3235833328125 0.732953125 0.3270208328125 0.7333125 0.3358541671875 0.7336875 0.3373333328125 0.8234999999999999 0.33781249999999996 0.8234999999999999 0.32995833281250003
0 0.67378125 0.328375 0.673546875 0.323 0.668625 0.3134375 0.66234375 0.3113333328125 0.657203125 0.3113333328125 0.65271875 0.3134375 0.649578125 0.3167291671875 0.644421875 0.3167291671875 0.6399375 0.32179166718749996 0.638375 0.3295625 0.635453125 0.33464583281250004 0.636578125 0.3400208328125 0.652484375 0.3397291671875 0.6695156250000001 0.3403333328125 0.670640625 0.3358333328125 0.67378125 0.328375