1 0.230375 0.7689375 0.22365624999999997 0.7084166671875 0.21189062500000003 0.717375 0.20179687500000001 0.7958541671875 0.21692187500000001 0.8137916671875001 0.22534375 0.8093125000000001 0.230375 0.7689375
1 0.46281249999999996 0.7346874999999999 0.44957812500000005 0.7268333328125001 0.447359375 0.737625 0.44515625 0.7621249999999999 0.43928124999999996 0.7846666671875 0.43339062500000003 0.7915416671875 0.44075 0.8052708328125 0.45325 0.8072291671875 0.467953125 0.7836875 0.4686875 0.75625 0.46281249999999996 0.7346874999999999
1 0.385875 0.8900833328125 0.38053125 0.882375 0.371625 0.8758333328125 0.381421875 0.8675208328125 0.381421875 0.8633541671874999 0.3685 0.8514791671875 0.35203125 0.8407916671875 0.3395625 0.8336666671874999 0.32442187499999997 0.8289166671875 0.312828125 0.8307083328125 0.30615625 0.8295208328125 0.308828125 0.8396041671875001 0.315515625 0.8550416671875001 0.322640625 0.8639583328124999 0.31640625 0.8669166671875 0.31640625 0.8734583328125 0.319078125 0.8829583328125 0.3324375 0.8924583328125 0.347125 0.9001875 0.363609375 0.9037499999999999 0.38053125 0.9114583328125001 0.38854687499999996 0.9090833328124999 0.388109375 0.8995833328125 0.385875 0.8900833328125
1 0.40996875 0.9226875 0.41723437499999994 0.9220416671875 0.42303125 0.9142916671875 0.42400000000000004 0.9065416671875001 0.42303125 0.8917083328125001 0.42109375 0.8800833328125 0.4220625 0.8717083328124999 0.422546875 0.8626666671875001 0.42109375 0.8574999999999999 0.42012499999999997 0.8503958328125 0.41626562500000003 0.8420208328125 0.41432812500000005 0.8316874999999999 0.410453125 0.8175000000000001 0.407546875 0.8162083328125 0.40125 0.8175000000000001 0.399796875 0.8194375 0.398828125 0.8232916671874999 0.398828125 0.8362083328125 0.39834375 0.833625 0.3959375 0.8252291671875 0.39303125 0.8181458328125 0.389640625 0.8129791671875 0.38528125 0.80975 0.379953125 0.8071666671875001 0.37560937499999997 0.8103958328124999 0.376578125 0.8200833328125 0.379953125 0.8381458328125 0.38528125 0.8633124999999999 0.390125 0.8878333328125001 0.39109375 0.9097708328125 0.3959375 0.9175208328125001 0.40609375 0.9220416671875 0.40996875 0.9226875
1 0.18071874999999998 0.6674166671874999 0.18071874999999998 0.662125 0.174375 0.6599999999999999 0.159296875 0.6589375000000001 0.15215625 0.6642291671875 0.14659375 0.6663541671875 0.14025 0.6674166671874999 0.13309375 0.6642291671875 0.13309375 0.6705833328125 0.14103125 0.6853958328124999 0.156125 0.6843541671875 0.167234375 0.675875 0.18071874999999998 0.6674166671874999
1 0.8277187500000001 0.4218958328125 0.831640625 0.43658333281250006 0.816421875 0.44699999999999995 0.8119375 0.4531875 0.809609375 0.4589791671875 0.815703125 0.46362500000000006 0.833375 0.45202083281250005 0.842359375 0.4408333328125 0.84278125 0.43677083281250006 0.841921875 0.43097916718749996 0.837578125 0.42654166718750003 0.8365625 0.4153333328125 0.8329375000000001 0.41089583281250003 0.82975 0.41302083281249996 0.8277187500000001 0.4218958328125
1 0.94909375 0.6676249999999999 0.93925 0.6653541671875 0.9399218749999999 0.6590208328125 0.9361875 0.6572083328125 0.9304218750000001 0.6608333328125 0.9304218750000001 0.6730625 0.9331406250000001 0.6775833328124999 0.9426406249999999 0.6780416671875 0.9460468750000001 0.6793958328125 0.94740625 0.6830208328125 0.950796875 0.6898125 0.9721875000000001 0.6848333328125 0.9616562500000001 0.6626458328125 0.953171875 0.6599375000000001 0.9494374999999999 0.6658125 0.94909375 0.6676249999999999
1 0.942359375 0.2907916671875 0.940234375 0.29425 0.94015625 0.2996875 0.9432656250000001 0.3056666671875 0.943609375 0.3027916671875 0.9438906250000001 0.2969166671875 0.94828125 0.29125 0.945921875 0.2892083328125 0.942359375 0.2907916671875
1 0.884640625 0.3109166671875 0.8918593749999999 0.3002083328125 0.8947499999999999 0.2872708328125 0.899078125 0.2724375 0.9001875 0.2607291671875 0.898203125 0.2529791671875 0.9006093749999999 0.24635416718749997 0.900328125 0.24304166718750003 0.8946406250000001 0.2444375 0.8946406250000001 0.2359166671875 0.888625 0.23374999999999999 0.8845000000000001 0.2364166671875 0.883875 0.24293749999999997 0.8776093749999999 0.2496041671875 0.8758593749999999 0.24777083281249998 0.8782500000000001 0.2404375 0.8761093750000001 0.23841666718750001 0.871984375 0.2439375 0.870484375 0.2511041671875 0.870484375 0.26329166718749997 0.863046875 0.2673333328125 0.862484375 0.2748958328125 0.8648906249999999 0.278125 0.861390625 0.2823541671875 0.8605625 0.2966666671875 0.86096875 0.30325 0.859796875 0.3135416671875 0.86340625 0.315875 0.8743437500000001 0.315875 0.884640625 0.3109166671875
1 0.8065625000000001 0.47010416718750003 0.8161250000000001 0.4927083328125 0.813515625 0.5002291671875 0.819171875 0.5147291671875001 0.8343906249999999 0.5071875 0.849171875 0.5060416671875 0.857421875 0.4956041671875 0.8643750000000001 0.4851666671875 0.8656874999999999 0.47300000000000003 0.8817656250000001 0.47241666718750003 0.8830781249999999 0.46662499999999996 0.8830781249999999 0.45502083281249994 0.887421875 0.44691666718749995 0.882203125 0.44516666718750003 0.87003125 0.43995833281249996 0.8656874999999999 0.4324166671875 0.86134375 0.42835416718749997 0.853515625 0.43995833281249996 0.8513437500000001 0.43589583281250005 0.8469843750000001 0.4306666671875 0.843953125 0.4324166671875 0.83959375 0.44285416718750004 0.81525 0.46256250000000004 0.819171875 0.46256250000000004 0.8165625000000001 0.47241666718750003 0.8065625000000001 0.47010416718750003
1 0.6286562499999999 0.591375 0.632578125 0.5977708328125 0.64609375 0.603 0.6539375 0.603 0.667890625 0.5989375 0.6661406249999999 0.5925416671875 0.669203125 0.585 0.6705 0.5768541671875 0.671375 0.5722083328124999 0.67790625 0.5669791671875 0.67790625 0.56175 0.676171875 0.5565208328125 0.682265625 0.5547708328125001 0.692296875 0.5570833328125 0.7010156249999999 0.5565208328125 0.702328125 0.548375 0.686203125 0.5385 0.674859375 0.5379166671875 0.6726875 0.5332708328125 0.67225 0.5291875 0.666578125 0.5245416671875 0.66178125 0.5233749999999999 0.6535 0.5228125 0.654375 0.5204791671875 0.654375 0.5140833328125 0.649140625 0.5129166671875 0.6399843749999999 0.5117708328125 0.632578125 0.5117708328125 0.62734375 0.5146666671875 0.624296875 0.5135 0.620375 0.5106041671875 0.6164531249999999 0.5164166671875 0.6164531249999999 0.525125 0.6155781250000001 0.528625 0.61121875 0.5321041671875 0.605984375 0.5385 0.605984375 0.5460416671874999 0.605984375 0.5536041671875 0.6042500000000001 0.5570833328125 0.6077343749999999 0.56175 0.6216875 0.585 0.6286562499999999 0.591375
1 0.2421875 0.8971458328124999 0.220703125 0.8867291671875 0.205078125 0.9283958328124999 0.19921875 0.884125 0.181640625 0.9023541671875 0.142578125 0.8658958328124999 0.109375 0.884125 0.13671875 0.9674583328124999 0.16796875 0.9804791671875 0.21875 0.9726666671875 0.2421875 0.8971458328124999
1 0.04828125 0.6315416671875 0.034687499999999996 0.6305833328125 0.025374999999999998 0.6420416671875 0.02609375 0.666875 0.026796874999999998 0.6840625 0.019640625000000002 0.7088958328125 0.024656249999999998 0.7289375 0.031093749999999996 0.7279791671875 0.02609375 0.7604583328125 0.035390624999999995 0.767125 0.047578125 0.7757291671875 0.049 0.791 0.061171875 0.7957708328125 0.0740625 0.8015000000000001 0.08409375 0.8015000000000001 0.104859375 0.7957708328125 0.114890625 0.7556666671875 0.11273437500000001 0.7528125 0.11273437500000001 0.7413541671874999 0.12490625 0.7260833328125 0.1285 0.7050625 0.12778125 0.6993333328125 0.12634375 0.687875 0.1084375 0.6869166671875 0.0848125 0.6745208328125 0.06690625 0.66975 0.070484375 0.6582916671875 0.08553125 0.6449166671875 0.10271875 0.6296458328125001 0.105578125 0.6200833328125 0.105578125 0.6153125 0.11059375 0.601 0.09984375 0.5952708328125 0.06476562500000001 0.6181875 0.054734375 0.6420416671875 0.041125 0.6535 0.04828125 0.6315416671875