2 0.157359375 0.6660742187500001 0.156984375 0.6484960937500001 0.1514375 0.64109375 0.14440625 0.6415625 0.1421875 0.64619140625 0.142921875 0.6646875 0.14921875 0.695234375 0.14921875 0.7017187500000001 0.1518125 0.71095703125 0.159578125 0.7095703125 0.157734375 0.6906054687500001 0.157359375 0.6660742187500001
2 0.1626875 0.65693359375 0.159578125 0.6562890625 0.156484375 0.66466796875 0.1590625 0.71048828125 0.17559375 0.71048828125 0.17196875 0.6795117187499999 0.16784375 0.6640234375 0.1626875 0.65693359375
2 0.068546875 0.6544726562500001 0.07129687500000001 0.67810546875 0.080359375 0.70712890625 0.087046875 0.7056640625 0.07759374999999999 0.67564453125 0.081140625 0.6534960937500001 0.078 0.645625 0.068546875 0.6544726562500001
2 0.11181250000000001 0.66384765625 0.11595312499999999 0.6696875 0.119015625 0.6687890624999999 0.12062500000000001 0.66564453125 0.111453125 0.64115234375 0.108578125 0.64115234375 0.108578125 0.6454296875 0.11181250000000001 0.66384765625
2 0.10885937500000001 0.6391796875 0.104625 0.6385546875 0.09715625 0.6416796875 0.09640625 0.64353515625 0.108359375 0.6746875 0.11509375 0.67001953125 0.11284374999999999 0.6641015625 0.10885937500000001 0.6391796875
2 0.079328125 0.6329687500000001 0.08479687500000001 0.65134765625 0.096765625 0.6790625 0.10821875 0.67533203125 0.098015625 0.6491796875 0.09328125000000001 0.6329687500000001 0.09253125 0.63017578125 0.08928125 0.62986328125 0.079328125 0.6329687500000001
2 0.188234375 0.70826171875 0.189453125 0.69828125 0.19190625 0.68333984375 0.189453125 0.6676171875 0.187609375 0.65763671875 0.18425 0.65341796875 0.18240625 0.6526562499999999 0.18025 0.65341796875 0.1771875 0.65611328125 0.1775 0.6660742187500001 0.17903125 0.67412109375 0.179953125 0.707109375 0.18209375 0.7109375 0.1873125 0.7109375 0.188234375 0.70826171875
2 0.129390625 0.66671875 0.128375 0.6515625 0.120296875 0.63134765625 0.1101875 0.6370312499999999 0.1223125 0.6698828125 0.11828125 0.6705078125 0.122828125 0.67240234375 0.129390625 0.66671875
2 0.080203125 0.68271484375 0.08745312499999999 0.7067187500000001 0.09034375 0.70716796875 0.08745312499999999 0.68271484375 0.094328125 0.6791015625 0.09215625 0.6695898437500001 0.086 0.65283203125 0.08056250000000001 0.6546484375 0.078390625 0.6546484375 0.077671875 0.673203125 0.080203125 0.68271484375
2 0.137625 0.6388281250000001 0.129140625 0.64025390625 0.1305625 0.6427343750000001 0.13084374999999998 0.6618359375 0.138484375 0.6590039062499999 0.139890625 0.6430859375 0.137625 0.6388281250000001
2 0.163671875 0.65939453125 0.168828125 0.66884765625 0.17209375 0.68453125 0.17415624999999998 0.6989062500000001 0.17621875 0.70943359375 0.1779375 0.70857421875 0.173125 0.67314453125 0.17278125 0.6585351562499999 0.17295312499999999 0.65552734375 0.170203125 0.6533789062500001 0.16539062499999999 0.65681640625 0.163671875 0.65939453125
2 0.16396875 0.65869140625 0.16493750000000001 0.65669921875 0.164296875 0.6455078125 0.162703125 0.6423046875 0.16014062499999998 0.64111328125 0.15565625 0.64111328125 0.15278125 0.6423046875 0.15757812499999999 0.6491015625000001 0.156296875 0.66109375 0.1598125 0.6575 0.16396875 0.65869140625
2 0.179203125 0.68642578125 0.17879687500000002 0.6751367187499999 0.176328125 0.6592382812500001 0.17385937499999998 0.6694921875000001 0.17385937499999998 0.6818164062500001 0.17879687500000002 0.70900390625 0.17960937500000002 0.7115625 0.179203125 0.7002734375 0.179203125 0.68642578125