1 0.9802500000000001 0.2977708328125 0.9706718750000001 0.2909583328125 0.960125 0.27777083281250003 0.9540625 0.2722291671875 0.946078125 0.27479166718750003 0.9384218750000001 0.2862708328125 0.9368281250000001 0.3118333328125 0.930109375 0.3165 0.93203125 0.3211875 0.9614062499999999 0.3365208328125 0.9789687499999999 0.3458958328125 0.9946249999999999 0.3348125 0.9946249999999999 0.3250208328125 0.995578125 0.3088541671875 0.9990937499999999 0.3109791671875 0.9901406250000001 0.3045833328125 0.9802500000000001 0.2977708328125
1 1 0.27258333281249997 0.9958125000000001 0.2779791671875 0.9841562500000001 0.26447916718750003 0.9846562499999999 0.25433333281250003 0.981625 0.2523125 0.97503125 0.25906250000000003 0.9730000000000001 0.26447916718750003 0.966421875 0.2861041671875 0.9963124999999999 0.30975 1 0.3090625 1 0.27258333281249997
2 0.056671875000000003 0.3406875 0.053109375 0.3461041671875 0.050062499999999996 0.3596458328125 0.053109375 0.3745625 0.051078124999999995 0.3853958328125 0.042953124999999995 0.3969166671875 0.038375 0.4375416671875 0.044984375 0.445 0.04853125 0.4429583328125 0.046 0.432125 0.04803125 0.41993749999999996 0.050062499999999996 0.411125 0.054640625 0.399625 0.05565625 0.40368750000000003 0.053625 0.4219583328125 0.056671875000000003 0.4267083328125 0.058703125 0.42331250000000004 0.06073437499999999 0.42602083281249997 0.06834375000000001 0.42737499999999995 0.070890625 0.42737499999999995 0.0739375 0.4226458328125 0.0744375 0.4138333328125 0.07648437500000001 0.39758333281249997 0.08409375 0.3569375 0.08206250000000001 0.3515208328125 0.078 0.3488125 0.07240625 0.3406875 0.072921875 0.3393333328125 0.064796875 0.3386666671875 0.056671875000000003 0.3406875
2 0.039281250000000004 0.47466666718750006 0.029390624999999997 0.4997708328125 0.03128125 0.5179791671875 0.0326875 0.5298958328125 0.035046875 0.5255 0.041171875000000004 0.5255 0.04821875 0.5305208328125001 0.05340625 0.523 0.061875 0.5148333328125 0.070359375 0.522375 0.076 0.4872083328125 0.073171875 0.47152083281249996 0.06659375 0.4545833328125 0.06659375 0.42883333281249997 0.04821875 0.43637499999999996 0.044453124999999996 0.4696458328125 0.039281250000000004 0.47466666718750006
2 0.030015625 0.3938125 0.027640625000000002 0.41237500000000005 0.027328124999999998 0.42377083281249994 0.027484375 0.43472916718750004 0.0290625 0.4383125 0.031125000000000003 0.43472916718750004 0.03175 0.42502083281249997 0.0335 0.41237500000000005 0.034437499999999996 0.40099999999999997 0.037296875 0.3775833328125 0.035859375 0.3725208328125 0.031906250000000004 0.3775833328125 0.030015625 0.3938125
2 0.031078125 0.343375 0.019265625 0.343375 0.017578125 0.3929166671875 0.0074375 0.45822916718749995 0.0125 0.4537291671875 0.03278125 0.3906666671875 0.031078125 0.343375
0 0.9307812500000001 0.1873333328125 0.9301406249999999 0.1806666671875 0.925953125 0.1774583328125 0.917734375 0.1811041671875 0.917734375 0.1866875 0.918546875 0.1927083328125 0.9206406250000001 0.1963541671875 0.925953125 0.1974166671875 0.9303125 0.1920625 0.9307812500000001 0.1873333328125
0 0.552140625 0.3641041671875 0.545671875 0.3668333328125 0.541921875 0.37364583281249997 0.539890625 0.3790833328125 0.542953125 0.3868125 0.548734375 0.38908333281249996 0.555203125 0.3895208328125 0.565078125 0.3818125 0.565421875 0.3731875 0.559625 0.3654583328125 0.552140625 0.3641041671875
0 0.9530468750000001 0.1626458328125 0.9497656250000001 0.1520208328125 0.944140625 0.1529583328125 0.9415625000000001 0.15545833281250002 0.94015625 0.1595208328125 0.9413281250000001 0.1648333328125 0.9425000000000001 0.1685625 0.94859375 0.1691875 0.952109375 0.1660833328125 0.9530468750000001 0.1626458328125
0 0.973171875 0.1897083328125 0.971890625 0.1825208328125 0.9690468750000001 0.1775833328125 0.9654999999999999 0.1760625 0.962375 0.1773958328125 0.960234375 0.18345833281249999 0.9612343750000001 0.18895833281250002 0.96365625 0.1935 0.9660624999999999 0.1952083328125 0.973171875 0.19368749999999998 0.973171875 0.1897083328125
0 0.650671875 0.3728125 0.644515625 0.3705833328125 0.636125 0.3758125 0.633890625 0.38625 0.633328125 0.39147916718750003 0.6366875000000001 0.3974375 0.643953125 0.40041666718749996 0.65459375 0.3922083328125 0.65515625 0.3825208328125 0.650671875 0.3728125
0 0.7263124999999999 0.60575 0.73665625 0.6025 0.7488125 0.5976458328125 0.754890625 0.5887291671875 0.754890625 0.574125 0.7488125 0.5619791671875001 0.7421249999999999 0.5514375 0.74759375 0.5376458328125 0.736046875 0.5327916671875 0.733 0.52225 0.730578125 0.5100833328125 0.72084375 0.5003541671875 0.720234375 0.49387499999999995 0.71171875 0.4801041671875 0.6971406250000001 0.47522916718749997 0.6782812500000001 0.48658333281250005 0.664296875 0.49225 0.664296875 0.4930625 0.670390625 0.5165833328125 0.683765625 0.5554791671875 0.6892343750000001 0.57575 0.68740625 0.5919583328125 0.6892343750000001 0.5952083328125 0.6940937500000001 0.6000625 0.714765625 0.6073541671875 0.7263124999999999 0.60575
3 0.354109375 0.9090208328125 0.378125 0.9236666671875 0.39678125 0.9175416671875001 0.40290625 0.9066458328125 0.405453125 0.8889374999999999 0.40239062499999995 0.8620208328125001 0.40009375 0.85725 0.385796875 0.851125 0.375828125 0.8487500000000001 0.365609375 0.8497708328125 0.357953125 0.8514791671875 0.3513125 0.858625 0.345171875 0.8718958328124999 0.34415625 0.8807499999999999 0.3459375 0.8933541671875 0.354109375 0.9090208328125
3 0.40326562499999996 0.5841875 0.40378125000000004 0.5877083328125 0.403515625 0.5905416671875 0.40378125000000004 0.5933541671875 0.40617187499999996 0.6025416671875 0.41067187499999996 0.6081875 0.417015625 0.6117083328125 0.423109375 0.6134791671875 0.4291875 0.6124166671875 0.43475 0.6106458328125 0.43634375 0.6092291671875001 0.43792187499999996 0.6064166671875 0.43765625 0.605 0.43685937499999994 0.6004166671875 0.437125 0.5965416671875 0.437125 0.5916041671875 0.435015625 0.5856041671875001 0.432109375 0.5813541671875 0.42945312500000005 0.5778333328125 0.42415624999999996 0.5736041671875001 0.419140625 0.5736041671875001 0.40854687500000003 0.5746666671875 0.40617187499999996 0.575375 0.40326562499999996 0.5774791671874999 0.40326562499999996 0.5841875
3 0.337484375 0.7920416671875 0.31953125 0.7816458328125 0.293796875 0.7816458328125 0.28053125 0.8055625 0.2781875 0.8378125000000001 0.307046875 0.8440625 0.325 0.8409375000000001 0.339046875 0.8253333328125001 0.337484375 0.7920416671875
3 0.444640625 0.8456041671875001 0.44009375000000006 0.8112708328125 0.42646875 0.7911041671875 0.39165625 0.7971458328125001 0.384078125 0.8476041671875001 0.41284375000000006 0.8536666671875001 0.444640625 0.8456041671875001
3 0.45671875 1 0.48385937500000004 0.9141041671875 0.50390625 0.8511875 0.498015625 0.8338958328125001 0.49210937499999996 0.8134583328125 0.48621875000000003 0.7898541671875 0.473234375 0.7568333328125 0.46734375000000006 0.7489583328125 0.44964062499999996 0.7379583328125 0.43784375000000003 0.725375 0.42251562500000006 0.7222291671875001 0.41779687499999996 0.7222291671875001 0.398921875 0.725375 0.390671875 0.736375 0.3776875 0.7332291671875 0.357640625 0.7316666671875 0.34584375 0.7395208328125 0.33640625 0.7615416671874999 0.32696875 0.7694166671875 0.31753125 0.7615416671874999 0.29512499999999997 0.7489583328125 0.278609375 0.7678333328125 0.2750625 0.7662708328125001 0.24910937500000002 0.7709791671875 0.24085937500000001 0.7898541671875 0.250296875 0.8040208328125 0.2479375 0.8103125 0.2479375 0.8181666671875 0.26209375 0.8370416671875001 0.25973437499999996 0.8653541671875 0.2668125 0.8936666671875001 0.2750625 0.9125416671875 0.278609375 0.9282708328125 0.29276562500000003 0.9424166671875 0.282140625 0.9565625000000001 0.29276562500000003 0.9848750000000001 0.29984375 1 0.45671875 1
2 0.028640624999999996 0.42835416718749997 0.0191875 0.42835416718749997 0.0168125 0.44095833281249996 0.015640625 0.4535833328125 0.015640625 0.4677708328125 0.018 0.4819583328125 0.029828125 0.4677708328125 0.029828125 0.4472708328125 0.028640624999999996 0.42835416718749997
2 0.04725 0.3609791671875 0.03746875 0.3659583328125 0.034890624999999995 0.37287499999999996 0.037765625000000004 0.3709583328125 0.043515625 0.39625 0.0515625 0.3855208328125 0.050421875000000005 0.3628958328125 0.04725 0.3609791671875
2 0.0163125 0.3845208328125 0.01553125 0.355375 0.007734375 0.355375 0.003046875 0.35954166718749997 0 0.3699583328125 0.001484375 0.40531249999999996 0.002265625 0.4188541671875 0.007734375 0.4427708328125 0.011625 0.42716666718749996 0.01553125 0.4136458328125 0.0163125 0.3845208328125
2 0.00775 0.49039583281250004 0.00775 0.46802083281250006 0.00775 0.45549999999999996 0.0037968750000000003 0.4462916671875 0.003296875 0.41993749999999996 0.00034375 0.4686666671875 0.0037968750000000003 0.48972916718750004 0.00775 0.49039583281250004
1 1 0.30924999999999997 0.9963124999999999 0.313125 0.9907812500000001 0.3173541671875 0.9844375 0.3261458328125 0.98259375 0.3338958328125 0.9820625 0.3437291671875 0.98971875 0.33845833281250004 0.994734375 0.3349375 1 0.3310625 1 0.313125 1 0.30924999999999997
0 0.6233593749999999 0.4846666671875 0.612015625 0.476375 0.6017812499999999 0.4768541671875 0.595203125 0.4880833328125 0.5955625 0.5080625000000001 0.5999531250000001 0.5100208328125 0.627390625 0.49393750000000003 0.6233593749999999 0.4846666671875