0 0.534703125 0.8729374999999999 0.5364687499999999 0.8423541671875 0.522359375 0.8235208328124999 0.49940625 0.814125 0.46587500000000004 0.8305833328125001 0.45353125 0.8635208328124999 0.455296875 0.8847083328125 0.474703125 0.8941250000000001 0.46940625 0.8941250000000001 0.5170625 0.905875 0.541765625 0.9035208328125 0.545296875 0.8917708328125 0.534703125 0.8729374999999999
0 0.844109375 0.8662916671875 0.847265625 0.8772916671875001 0.8645468749999999 0.8867291671875 0.870453125 0.8856875000000001 0.877515625 0.8820208328125 0.8979531250000001 0.8961666671874999 0.9033493296874999 0.8792425609375 0.909805803125 0.8862797625000001 0.911328125 0.8961666671874999 0.9195781249999999 0.8903958328125 0.9227187499999999 0.9003541671875 0.9164375 0.9108333328124999 0.9211406249999999 0.9129375 0.9301875000000001 0.9056041671875 0.954953125 0.9040208328125001 0.977734375 0.8772916671875001 0.9855937499999999 0.8479583328125001 0.985203125 0.827 0.981671875 0.8149374999999999 0.9588749999999999 0.7850625 0.949046875 0.7745833328125 0.912890625 0.7719791671875 0.9003125000000001 0.7803541671875001 0.8963906250000001 0.7856041671875 0.87958984375 0.7892708328125 0.874765625 0.791875 0.8621874999999999 0.7866458328125 0.8627890624999999 0.7929375000000001 0.854388671875 0.7947708328124999 0.849625 0.7845416671875001 0.84598828125 0.7966041671874999 0.84096875 0.7876875 0.8375878906249999 0.7984375 0.8315468750000001 0.7950208328125 0.8323281250000001 0.8018333328124999 0.8291875 0.8002708328124999 0.822890625 0.8154583328125 0.820140625 0.8332916671874999 0.8236718749999999 0.8442916671875 0.839796875 0.8589583328125 0.844109375 0.8662916671875
0 0.43209375000000005 0.8406874999999999 0.422953125 0.8219166671875 0.41100000000000003 0.8116041671875 0.40043749999999995 0.8031666671875 0.380046875 0.8012916671875001 0.3701875 0.8087916671875 0.361046875 0.8153541671875001 0.352609375 0.8294166671875001 0.344859375 0.8444375000000001 0.3399375 0.8678750000000001 0.4306875 0.8875833328124999 0.43209375000000005 0.8669375 0.43209375000000005 0.8406874999999999
0 0.5718593750000001 0.7300833328125 0.572171875 0.7423333328124999 0.5798281249999999 0.7492708328125001 0.59696875 0.7545833328125 0.595140625 0.78725 0.609828125 0.7831666671875 0.62025 0.7639791671875 0.62453125 0.7513124999999999 0.6233125 0.7329375 0.620859375 0.7231458328125 0.61228125 0.7129375 0.60584375 0.7100833328125 0.60003125 0.7096666671875 0.589015625 0.7064166671875001 0.582265625 0.7084583328125 0.5798281249999999 0.7096666671875 0.574609375 0.7174375000000001 0.5718593750000001 0.7300833328125
0 0.785359375 1 0.794640625 0.99225 0.8074999999999999 0.9713125 0.8310625 0.9655833328125001 0.8410624999999999 0.9636875 0.8367812499999999 0.9446458328125 0.8310625 0.9160625 0.798921875 0.8903541671875 0.78678125 0.8836875 0.7575000000000001 0.8941666671874999 0.749640625 0.9008333328125 0.730359375 0.93225 0.7289218749999999 0.9646458328125 0.735359375 0.9865416671875 0.739640625 0.9960625000000001 0.7474999999999999 1 0.785359375 1
0 0.447078125 0.8421458328125 0.45745312499999996 0.8283333328125 0.463109375 0.8151249999999999 0.465 0.8019375 0.43765625 0.7956666671875 0.427296875 0.7956666671875 0.399015625 0.8000624999999999 0.401375 0.8019375 0.4206875 0.8163958328125 0.43059375 0.8352499999999999 0.434828125 0.8503125 0.447078125 0.8421458328125
0 0.57478125 0.74175 0.57609375 0.7180833328125 0.583984375 0.7102083328125001 0.59121875 0.7084583328125 0.600421875 0.7102083328125001 0.604359375 0.7102083328125001 0.601078125 0.7005625 0.597125 0.6970625 0.582015625 0.6874166671874999 0.57675 0.6856666671875 0.5682031249999999 0.6830416671874999 0.564921875 0.6821666671875 0.562296875 0.6830416671874999 0.5603281250000001 0.6909166671875 0.5583437499999999 0.7119583328125 0.564921875 0.7303541671875 0.568859375 0.7408750000000001 0.57478125 0.74175
0 0.5565156250000001 0.6802708328125 0.55984375 0.6866666671874999 0.56796875 0.6748541671875 0.576453125 0.6679583328125 0.586421875 0.6664791671875 0.58346875 0.6605833328124999 0.578296875 0.6512291671875 0.574234375 0.6497499999999999 0.5690625 0.6497499999999999 0.564640625 0.6492708328125001 0.564265625 0.6561458328125 0.5613125 0.657625 0.5605781249999999 0.6532083328125 0.56021875 0.6443333328125 0.546921875 0.6532083328125 0.5461875 0.6630416671875 0.546921875 0.6743541671875 0.5565156250000001 0.6802708328125
0 0.598640625 0.6871458328125 0.59815625 0.6991458328125 0.5999218749999999 0.6993541671875 0.605390625 0.7109166671875 0.6094062499999999 0.7087916671875 0.613734375 0.6942083328125 0.6110156250000001 0.679 0.604265625 0.6727916671874999 0.599125 0.6751458328125 0.59928125 0.6706458328125 0.58803125 0.6715 0.587078125 0.6670208328125 0.584828125 0.666375 0.576796875 0.6691458328125 0.58675 0.6809375 0.58321875 0.6882083328124999 0.572453125 0.6846770828125 0.5650625 0.679 0.5644218750000001 0.6826458328125 0.587875 0.6901458328125 0.590453125 0.6925 0.598640625 0.6871458328125
0 0.4583125 0.6734166671875 0.450765625 0.6880208328124999 0.45175 0.6948333328125 0.4583125 0.6932291671875 0.467328125 0.6899791671875 0.474640625 0.6867291671875 0.478046875 0.6844583328125 0.47634375 0.6717916671874999 0.47609375 0.6682291671875 0.465625 0.6682291671875 0.4583125 0.6734166671875
0 0.79078125 0.9868333328125001 0.784671875 0.9999375 0.886296875 1 0.8802031250000001 0.9908958328124999 0.874109375 0.9845625 0.8639374999999999 0.976 0.85175 0.9687708328125 0.83853125 0.9651458328125001 0.820921875 0.9660624999999999 0.805 0.970125 0.803984375 0.9719166671874999 0.797890625 0.9773541671875 0.79078125 0.9868333328125001