2 0.61803125 0.696125 0.6171249999999999 0.7166875 0.5935312500000001 0.7445208328125 0.581734375 0.763875 0.580828125 0.7856458328125 0.58809375 0.8001666671875001 0.608953125 0.7916875 0.629828125 0.76025 0.648875 0.7312083328125001 0.65159375 0.7203333328125 0.662484375 0.7058125000000001 0.68878125 0.6731458328125 0.675171875 0.6525833328124999 0.661578125 0.6525833328124999 0.631640625 0.6767916671875 0.61803125 0.696125
2 0.8514843750000001 0.36983333281249997 0.8693593749999999 0.3785 0.945671875 0.337375 0.9213125 0.3048958328125 0.89371875 0.311375 0.8547343749999999 0.3481875 0.8514843750000001 0.36983333281249997
2 0.66540625 0.39391666718749996 0.664109375 0.3835208328125 0.6595625 0.3705 0.6595625 0.36183333281249996 0.655 0.3488333328125 0.645890625 0.34275 0.639390625 0.33581249999999996 0.63353125 0.31675 0.6179218750000001 0.29072916718749997 0.6068749999999999 0.27337500000000003 0.591265625 0.2638333328125 0.584765625 0.2638333328125 0.5821562499999999 0.2707708328125 0.590609375 0.28725 0.604265625 0.31066666718749997 0.608171875 0.3323541671875 0.616625 0.356625 0.6315937500000001 0.371375 0.640046875 0.3670416671875 0.65565625 0.3679166671875 0.655 0.3843958328125 0.649796875 0.3965208328125 0.660859375 0.4060625 0.668015625 0.4017291671875 0.6693125 0.3965208328125 0.66540625 0.39391666718749996
2 0.511640625 0.5057916671875 0.526359375 0.4951041671875 0.550765625 0.4888541671875 0.55978125 0.47458333281250004 0.5701562499999999 0.4612083328125 0.56446875 0.4576458328125 0.5467500000000001 0.4505208328125 0.518328125 0.4531875 0.47385937499999997 0.4741458328125 0.45414062499999996 0.48752083281249997 0.42337499999999995 0.5191666671874999 0.419359375 0.5334375 0.42103124999999997 0.5436875 0.42671875000000004 0.5485833328124999 0.44209375 0.5423541671875001 0.48021874999999997 0.523625 0.48823437500000005 0.5200625 0.511640625 0.5057916671875
2 0.41465625 0.5408958328125 0.41825 0.5225416671875001 0.42543749999999997 0.5153541671874999 0.43499999999999994 0.5057708328125 0.415859375 0.5041875 0.397296875 0.5057708328125 0.368578125 0.5025833328125 0.32846875 0.48902083281250003 0.318890625 0.4993958328125 0.2955625 0.4946041671875 0.3153125 0.5041875 0.3165 0.5097708328125 0.3206875 0.5153541671874999 0.329078125 0.524125 0.35121875 0.5361041671875 0.373359375 0.548875 0.40746874999999994 0.5504583328125 0.44159375 0.55925 0.454765625 0.55925 0.45415625000000004 0.5512708328125 0.44278125 0.5424791671875 0.43499999999999994 0.548875 0.44278125 0.5416875 0.427234375 0.548875 0.41465625 0.5408958328125
2 0.5254218749999999 0.7189791671875 0.536578125 0.7069583328125 0.546875 0.6978125000000001 0.5739062500000001 0.6783541671875 0.5825 0.6640416671875 0.5799218749999999 0.6543125 0.561890625 0.6526041671875 0.528421875 0.6703333328125 0.49539062500000003 0.6920833328125 0.45590624999999996 0.7298541671875001 0.43703125 0.7550208328125 0.43401562499999996 0.7704583328125 0.43659375 0.7819166671875 0.44775 0.787625 0.449890625 0.787625 0.47521874999999997 0.7813333328125001 0.49623437499999995 0.7738958328125001 0.49195312500000005 0.7561666671875 0.50525 0.7372916671875 0.5254218749999999 0.7189791671875
2 0.7075781250000001 0.1847916671875 0.71015625 0.1962291671875 0.723890625 0.20652083281250003 0.738484375 0.2099583328125 0.75478125 0.2099583328125 0.78053125 0.2076666671875 0.8028437500000001 0.20252083281250002 0.8075625000000001 0.197375 0.8109999999999999 0.1910833328125 0.8114375 0.1739166671875 0.808421875 0.1664791671875 0.800265625 0.15904166718749999 0.79040625 0.1584583328125 0.7728125 0.1584583328125 0.7444843750000001 0.1653333328125 0.71703125 0.16933333281250001 0.711015625 0.17620833281249998 0.7075781250000001 0.1847916671875
2 0.633859375 0.5661458328125 0.6013437500000001 0.5599583328125 0.578109375 0.5599583328125 0.551390625 0.5738958328125 0.543265625 0.589375 0.551390625 0.6126041671875 0.58740625 0.6188125 0.63734375 0.6188125 0.642 0.5940208328125001 0.64315625 0.5738958328125 0.633859375 0.5661458328125
2 0.481765625 0.32 0.478234375 0.3247083328125 0.4729375 0.3317708328125 0.46940625 0.3411666671875 0.49412500000000004 0.3576458328125 0.515296875 0.3576458328125 0.49235937500000004 0.3505833328125 0.5364687499999999 0.3576458328125 0.5470625 0.34587500000000004 0.5364687499999999 0.3317708328125 0.481765625 0.32
2 0.41146874999999994 0.3936666671875 0.397359375 0.4054375 0.41853125 0.42660416718749994 0.43089062499999997 0.4336666671875 0.450296875 0.4407291671875 0.43442187499999996 0.4454375 0.48912500000000003 0.4407291671875 0.490890625 0.41954166718749997 0.46442187500000004 0.40072916718749996 0.41146874999999994 0.3936666671875
2 0.67753125 0.694375 0.6539375 0.7460625000000001 0.6286562499999999 0.7752708328125 0.62190625 0.8067500000000001 0.637078125 0.8067500000000001 0.682578125 0.7842708328125 0.717984375 0.701125 0.707859375 0.6898958328125 0.691015625 0.6719166671875 0.67753125 0.694375
2 0.739109375 0.429875 0.75628125 0.4361041671875 0.7679843749999999 0.4413125 0.778125 0.44235416718750004 0.783578125 0.4381875 0.789828125 0.4350833328125 0.7945156250000001 0.42883333281249997 0.79840625 0.4205 0.79840625 0.41218750000000004 0.797625 0.40489583281249997 0.79528125 0.397625 0.7906093750000001 0.391375 0.7734375 0.3861875 0.767203125 0.3861875 0.762515625 0.3892916671875 0.7570625 0.3924166671875 0.7539374999999999 0.3924166671875 0.7437968749999999 0.3934583328125 0.7375468749999999 0.39449999999999996 0.72896875 0.4101041671875 0.72740625 0.41947916718749995 0.73209375 0.4257083328125 0.739109375 0.429875
2 0.64953125 0.5488958328125 0.660765625 0.5511666671875 0.6825625 0.5707083328125 0.707421875 0.5720625 0.70196875 0.5629791671875 0.704015625 0.5525416671875 0.706734375 0.5361875 0.683578125 0.5216666671875 0.663484375 0.5098541671875 0.65190625 0.5071458328125 0.646125 0.5166666671875 0.6331875 0.5189375 0.6325000000000001 0.5266666671875 0.6325000000000001 0.5321041671875 0.642375 0.5398333328125 0.64953125 0.5488958328125
2 0.24375 0.5645833328125 0.23125 0.5645833328125 0.221875 0.575 0.2203125 0.5791666671875 0.22713942343750002 0.5844230765625 0.2203125 0.5958333328125 0.23125 0.6104166671875 0.2546875 0.6083333328125 0.259375 0.6208333328125 0.2421875 0.6416666671875 0.2375 0.65625 0.2390625 0.6854166671875 0.25 0.7041666671875 0.259375 0.7104166671875001 0.2890625 0.7104166671875001 0.296875 0.7354166671875 0.3140625 0.75625 0.346875 0.7708333328125 0.3546875 0.7770833328125 0.38125 0.7791666671875 0.3828125 0.8 0.390625 0.8125 0.4078125 0.825 0.4203125 0.825 0.428125 0.8354166671875 0.4375 0.8375 0.440625 0.8729166671874999 0.44375 0.88125 0.45625 0.8958333328125001 0.484375 0.8958333328125001 0.4953125 0.9125 0.5046875 0.91875 0.5578125 0.91875 0.5671875 0.9229166671875 0.5953125 0.9229166671875 0.6203125 0.9083333328125001 0.640625 0.9229166671875 0.6640625 0.9208333328125 0.6703125 0.9458333328125 0.678125 0.95625 0.6875 0.9625 0.7078125 0.9625 0.7234375 0.9479166671874999 0.734375 0.9270833328125001 0.7375 0.9145833328125 0.7390625 0.7958333328125 0.7578125 0.7875 0.7671875 0.775 0.7734375 0.75625 0.778125 0.7145833328125 0.7953125 0.6854166671875 0.7984375 0.6729166671875 0.7984375 0.6458333328125 0.79375 0.6229166671875 0.7953125 0.6125 0.8359375 0.6020833328124999 0.8453125 0.5958333328125 0.8546875 0.58125 0.871875 0.58125 0.8796875 0.5666666671875 0.8796875 0.5541666671875001 0.8765625 0.5458333328125 0.8671875 0.5375 0.8671875 0.51875 0.875 0.5104166671875 0.878125 0.5020833328125 0.878125 0.4895833328125 0.871875 0.475 0.8875 0.45 0.890625 0.4375 0.890625 0.42083333281249996 0.8875 0.40833333281249995 0.878125 0.39375 0.86875 0.3875 0.853125 0.3875 0.84375 0.3770833328125 0.8421875 0.3625 0.8515625 0.3604166671875 0.8578125 0.3458333328125 0.8828125 0.3229166671875 0.8828125 0.2708333328125 0.8890625 0.25833333281250004 0.8890625 0.24583333281250003 0.8859375 0.2375 0.878125 0.22916666718749998 0.865625 0.22916666718749998 0.85625 0.23958333281250002 0.8375 0.23125 0.8390625 0.20208333281250002 0.8359375 0.1895833328125 0.8265625 0.175 0.8171875 0.16875 0.809375 0.16875 0.8109375 0.1916666671875 0.803125 0.20416666718749998 0.771875 0.2104166671875 0.7328125 0.2104166671875 0.7203125 0.20416666718749998 0.7171875 0.20625 0.7109375 0.1979166671875 0.7078125 0.1854166671875 0.71875 0.1666666671875 0.71875 0.1541666671875 0.715625 0.1458333328125 0.7078125 0.1375 0.6921875 0.1395833328125 0.68125 0.1604166671875 0.6734375 0.1604166671875 0.665625 0.1541666671875 0.6515625 0.1541666671875 0.6453125 0.15 0.578125 0.15 0.5640625 0.15625 0.546875 0.15625 0.5328125 0.16458333281249998 0.5203125 0.17916666718750002 0.5125 0.20833333281250002 0.496875 0.21458333281250003 0.490625 0.2208333328125 0.4640625 0.22291666718749997 0.4515625 0.2375 0.446875 0.2520833328125 0.4453125 0.26875 0.440625 0.275 0.4359375 0.28958333281250004 0.4359375 0.3104166671875 0.440625 0.325 0.4484375 0.33541666718749996 0.4484375 0.3416666671875 0.371875 0.3416666671875 0.359375 0.35 0.346875 0.36666666718749996 0.346875 0.4 0.3515625 0.40833333281249995 0.3515625 0.41875 0.340625 0.4291666671875 0.3375 0.45 0.325 0.4583333328125 0.309375 0.4583333328125 0.3046875 0.4625 0.2796875 0.46666666718750005 0.2703125 0.4770833328125 0.2671875 0.4916666671875 0.2546875 0.4916666671875 0.24375 0.50625 0.24375 0.5229166671875001 0.253125 0.5375 0.253125 0.55 0.24375 0.5645833328125