1 0.37336574218749996 0.8600937500000001 0.36472916718750004 0.8645781250000001 0.391625 0.916140625 0.4394583328125 0.918390625 0.4783333328125 0.943046875 0.5142083328125 0.936328125 0.5979166671875 0.9295937500000001 0.6756249999999999 0.8668125 0.6846041671875 0.8645781250000001 0.7204791671875 0.8040312500000001 0.6875833328125001 0.792828125 0.7055208328125 0.765921875 0.6850208328125 0.719796875 0.6875833328125001 0.712109375 0.6816041671875 0.712109375 0.67811805625 0.7065026046875 0.6307916671875 0.6784687500000001 0.571 0.649328125 0.50225 0.64259375 0.4334791671875 0.6739843750000001 0.3826666671875 0.6852031249999999 0.3736875 0.709859375 0.3408125 0.7434999999999999 0.3348333328125 0.774890625 0.32985069375 0.819734375 0.3288541671875 0.828703125 0.3617291671875 0.855609375 0.3714479171875 0.85224609375 0.37336574218749996 0.8600937500000001
2 0.3001875 0.164375 0.2935416671875 0.18067187499999998 0.280875 0.195609375 0.2754375 0.201953125 0.28450000000000003 0.210109375 0.30320833281250004 0.194703125 0.2995833328125 0.186109375 0.30622916718750004 0.169796875 0.3001875 0.164375
2 0.6908958328125 0.2856875 0.6393125000000001 0.32734375 0.6492291671875 0.33628125 0.6998333328124999 0.29759375 0.7196666671874999 0.267828125 0.6978333328125 0.279734375 0.6859375 0.267078125 0.70975 0.23434375 0.6968541671875 0.232125 0.6879166671875 0.2380625 0.6194791671875 0.30353125 0.6403125000000001 0.31171875 0.6730416671875 0.278984375 0.6908958328125 0.2856875
2 0.5651041671875 0.054921874999999995 0.5742916671875 0.0308125 0.573625 0.02096875 0.5670625 0.019 0.5539583328125001 0.021953125 0.5519791671875 0.03375 0.5460833328125 0.051468749999999994 0.5329583328124999 0.06721875000000001 0.5421458328125001 0.070671875 0.5559166671875 0.06575 0.5651041671875 0.054921874999999995
2 0.4182916671875 0.31328125 0.4182916671875 0.279984375 0.40441666718749997 0.2820625 0.4057916671875 0.312234375 0.3822083328125 0.3465625 0.40856250000000005 0.34240624999999997 0.4182916671875 0.31328125
2 0.41529166718750005 0.35034375 0.4295833328125 0.35034375 0.4330416671875 0.34678125 0.42525 0.33865625 0.4166041671875 0.3143125 0.41616666718750006 0.31203125 0.4062083328125 0.3393125 0.41529166718750005 0.35034375
2 0.44333333281250004 0.31478125 0.445875 0.309046875 0.4599166671875 0.31 0.4739583328125 0.307125 0.4471666671875 0.2946875 0.43949999999999995 0.2946875 0.42802083281250003 0.28893749999999996 0.4177916671875 0.2946875 0.4177916671875 0.313828125 0.42418750000000005 0.316703125 0.4497083328125 0.326265625 0.45737500000000003 0.33584375 0.45481249999999995 0.32340625 0.44333333281250004 0.31478125
2 0.6304791671875 0.239984375 0.63725 0.26370312500000004 0.6508125 0.26964062499999997 0.6655 0.26370312500000004 0.6756666671875 0.25015624999999997 0.6575833328125 0.23914062500000002 0.6508125 0.234046875 0.63725 0.232359375 0.6304791671875 0.239984375
2 0.6096041671875 0.0520625 0.6061458328125 0.0504375 0.60225 0.051734375 0.5992291671875 0.05304687500000001 0.5970625 0.058234375000000005 0.6091875 0.075125 0.6109166671875 0.076421875 0.6347083328124999 0.0868125 0.6096041671875 0.0520625
2 0.38727083281249997 0.310265625 0.377375 0.2956875 0.3740625 0.29596875 0.3623333328125 0.30146875 0.371875 0.314109375 0.3744375 0.313015625 0.3810416671875 0.313015625 0.38727083281249997 0.310265625
2 0.36364583281249996 0.24118750000000003 0.3515625 0.23756249999999998 0.3473333328125 0.244359375 0.357 0.2593125 0.3624375 0.2593125 0.3727083328125 0.25206249999999997 0.36364583281249996 0.24118750000000003