2 0.126953125 0.770376175 0.14254687500000002 0.770376175 0.16475 0.766771159375 0.169546875 0.7535423203125 0.184546875 0.6921316609375 0.183953125 0.687304075 0.17975000000000002 0.6812852671875 0.17675000000000002 0.6825078375 0.16595312499999998 0.6776802515625 0.16534374999999998 0.660815046875 0.16534374999999998 0.6415673984375 0.16534374999999998 0.6283385578125 0.16715625 0.6223197484375 0.130546875 0.6186833859374999 0.11195312500000001 0.6620376171875 0.11134375 0.7198119125 0.11495312499999999 0.7451097171875001 0.126953125 0.770376175
2 0.844765625 0.5352037625 0.86934375 0.5399059562499999 0.870515625 0.568087775 0.88571875 0.5985893421874999 0.9009375000000001 0.6244200625 0.9313593750000001 0.6103134796874999 0.94890625 0.5328526640625 0.9418906249999999 0.4741692796875 0.91146875 0.46009404375 0.926671875 0.422539184375 0.9360312499999999 0.382633228125 0.9360312499999999 0.3591536046875 0.9196562500000001 0.3215987453125 0.9009375000000001 0.32394984375 0.8880625 0.3521003140625 0.878703125 0.373228840625 0.87284375 0.4107836984375 0.850625 0.40846394999999996 0.8283906249999999 0.422539184375 0.809671875 0.3967084640625 0.792125 0.41548589375 0.772234375 0.4295924765625 0.75584375 0.4765203765625 0.7593593750000001 0.5211285265625001 0.786265625 0.5610344828125 0.8108437500000001 0.5610344828125 0.8120156250000001 0.5563322890625 0.8330624999999999 0.5305015671875 0.844765625 0.5352037625
2 0.211234375 0.8930721 0.22153125 0.8770846390625 0.22340624999999997 0.864858934375 0.22996875 0.8375862062499999 0.22996875 0.8093730406249999 0.22949999999999998 0.79153605 0.22762500000000002 0.7727272734375 0.22528125000000002 0.759561128125 0.21404687500000003 0.7388714734375 0.207015625 0.7313479625 0.191546875 0.7304075234375 0.177484375 0.7351097171875 0.17279687500000002 0.742633228125 0.16998437500000002 0.7623824453125 0.156390625 0.7717868343750001 0.152640625 0.79529780625 0.149828125 0.8206583078125 0.152171875 0.8592163015625 0.17935937500000002 0.9043573671875 0.190140625 0.90153605 0.203265625 0.8977742953125001 0.211234375 0.8930721
2 0.12196875 0.79529780625 0.104375 0.7529467078125001 0.080921875 0.7364576796875 0.05746875 0.7482445140625 0.039875 0.8 0.041046875 0.8470532921875 0.053953125000000005 0.8800000000000001 0.078578125 0.9082445140625 0.11025 0.8941065828125 0.11962500000000001 0.8517554859375001 0.12196875 0.79529780625
2 0.21696875000000002 0.597648903125 0.229875 0.5294043890625 0.22400000000000003 0.48705329218750004 0.20993750000000003 0.45645767968750006 0.199375 0.44235109687499996 0.187640625 0.44235109687499996 0.14776562499999998 0.47764890312499997 0.14190624999999998 0.52 0.14425 0.5364576796875 0.143078125 0.5505956109375 0.158328125 0.6 0.182953125 0.6070532921875 0.21696875000000002 0.597648903125
2 0.607703125 0.740532915625 0.61615625 0.7393103453125 0.622171875 0.738119121875 0.62940625 0.7332601875 0.63484375 0.723605015625 0.6390625 0.709090909375 0.642078125 0.6933542312500001 0.64328125 0.6715673984375 0.640265625 0.6606896546875001 0.634234375 0.6570532921875001 0.625796875 0.6582758625 0.61615625 0.6606896546875001 0.611328125 0.6631034484375 0.6071093750000001 0.6691536046875 0.599875 0.6776175546875 0.5962500000000001 0.687304075 0.5962500000000001 0.69818181875 0.5962500000000001 0.704231975 0.5962500000000001 0.7223824453125001 0.593234375 0.7163322890625 0.5980624999999999 0.72721003125 0.607703125 0.740532915625
2 0.69221875 0.6869278999999999 0.6947656249999999 0.6429153609375 0.68915625 0.608087775 0.673328125 0.594764890625 0.661078125 0.5957993734375 0.64678125 0.614231975 0.644234375 0.6234482765625 0.6406562499999999 0.6644200625 0.65290625 0.700250784375 0.6498437499999999 0.6992163015624999 0.675875 0.7115360500000001 0.69221875 0.6869278999999999
2 0.32903125 0.7472727265625 0.32784375 0.7648275859375 0.33023437499999997 0.7815987453125001 0.337390625 0.7999373046875 0.3469375 0.8055485890625 0.354890625 0.803134796875 0.35728125 0.796771159375 0.3600625 0.7823824453125 0.362046875 0.7560501562499999 0.362453125 0.7416927906249999 0.357671875 0.7321316609374999 0.348921875 0.722539184375 0.34215625 0.7249216296875 0.334609375 0.7313166140625 0.32903125 0.7472727265625
2 0.77246875 0.7040438875 0.7743125 0.7319435734375 0.79 0.7283385578125 0.785515625 0.749467084375 0.7951406249999999 0.7532288406250001 0.798359375 0.7658516203125 0.781296875 0.782068965625 0.7732187500000001 0.8313793109375001 0.7775937500000001 0.8719435734375001 0.7924218749999999 0.905047021875 0.8318125000000001 0.9003134796875001 0.8510156249999999 0.8611285265624999 0.87190625 0.9003134796875001 0.8941250000000001 0.9023510968749999 0.907015625 0.8945768031249999 0.922765625 0.8545768031250001 0.9243281250000001 0.816677115625 0.9203906249999999 0.7961442 0.929328125 0.7798119125 0.9411250000000001 0.7429467078124999 0.943234375 0.7108463953124999 0.925390625 0.66818181875 0.909640625 0.6571473359375 0.893890625 0.66028213125 0.88759375 0.6671473359375 0.8726406250000001 0.69241379375 0.8681875 0.7043573671875001 0.8684375 0.7103134796874999 0.84490625 0.715721003125 0.842546875 0.706677115625 0.842796875 0.6761442 0.84096875 0.6708777421875001 0.8407031249999999 0.6603448281250001 0.833359375 0.63664576875 0.8134062500000001 0.6145454546875 0.78559375 0.616112853125 0.775890625 0.6350783703125 0.77234375 0.6521786828125 0.7687968749999999 0.6692789968749999 0.77090625 0.679278996875 0.781390625 0.6987774296875 0.77246875 0.7040438875
2 0.9119999999999999 0.243510971875 0.907875 0.25711598750000003 0.906390625 0.279561128125 0.907578125 0.29316614375 0.9273125 0.2943573671875 0.9323281250000001 0.2174921625 0.9243750000000001 0.19739811875 0.9181874999999999 0.20213166093749999 0.913171875 0.2305015671875 0.9119999999999999 0.243510971875
2 0.60596875 0.8265830718749999 0.6115625 0.7704075234375 0.581328125 0.7569279 0.566765625 0.7973667718749999 0.572359375 0.837836990625 0.59028125 0.8535736671875 0.60596875 0.8265830718749999
2 0.14965625 0.2238244515625 0.16829687499999998 0.2224764890625 0.1849375 0.179749215625 0.18559375 0.16106583125 0.174953125 0.1463636359375 0.16696875 0.12902821250000002 0.14765625 0.1343573671875 0.128359375 0.1517241375 0.12237499999999998 0.1717554859375 0.128359375 0.1584012546875 0.12237499999999998 0.1730721 0.121703125 0.21181818125000001 0.13568750000000002 0.226489028125 0.14965625 0.2238244515625
2 0.353875 0.5905956109375 0.36034375 0.5713166140625 0.361234375 0.5515987453125 0.357890625 0.5323197484375 0.350078125 0.52605015625 0.34046875 0.5255799375 0.336671875 0.5336677109375 0.325953125 0.556959246875 0.32571875 0.563228840625 0.330640625 0.5901253921875 0.33778125000000003 0.5959561124999999 0.34784375 0.596865203125 0.353875 0.5905956109375