3 0.6088281249999999 0.7196041671875 0.631765625 0.6984375 0.6547031249999999 0.6231458328125 0.645875 0.5478333328125 0.62646875 0.5007916671875 0.575296875 0.44666666718750003 0.524125 0.4443125 0.48 0.46314583281250005 0.44293750000000004 0.5031458328125 0.42176562500000003 0.55725 0.432359375 0.6396041671875 0.44293750000000004 0.6866666671874999 0.46587500000000004 0.7148958328125 0.49940625 0.7384375000000001 0.518828125 0.7431458328125 0.57353125 0.7407916671875 0.6088281249999999 0.7196041671875
3 0.6013124999999999 0.4459791671875 0.6365937500000001 0.4675416671875 0.665265625 0.4675416671875 0.70496875 0.45481249999999995 0.7365781250000001 0.41658333281250004 0.7505468750000001 0.32247916718749997 0.734375 0.2636666671875 0.7064375 0.23133333281250001 0.6777656249999999 0.21858333281250003 0.637328125 0.21956250000000002 0.598375 0.2391666671875 0.5829375 0.2626875 0.566765625 0.30681250000000004 0.558671875 0.3558125 0.5601406250000001 0.3597291671875 0.569703125 0.40089583281249996 0.6013124999999999 0.4459791671875
3 0.29893749999999997 0.5483541671875 0.30536931875 0.5421363640625 0.306788925 0.5471542390625 0.6051430921875001 0.5015570171875 0.7530610796875 0.48681818125 0.818984375 0.5554166671874999 0.8525937499999999 0.49175 0.8366718750000001 0.39268749999999997 0.79421875 0.3549583328125 0.75884375 0.3455208328125 0.74646875 0.3526041671875 0.7323125 0.41156249999999994 0.67746875 0.4681666671875 0.683657346875 0.4895577484375 0.6129945171875 0.5003570921875 0.375528125 0.44740833281250003 0.38915625 0.37145833281249996 0.35554687500000004 0.3172083328125 0.2865625 0.2747708328125 0.221109375 0.3125 0.1849427078125 0.38587037031250004 0.180421875 0.3950416671875 0.19634374999999998 0.5106041671875 0.28478125 0.5530625 0.29893749999999997 0.5483541671875
0 0.7045 0.7213541671875 0.75 0.692125 0.8039375 0.6449374999999999 0.83090625 0.6089791671875 0.82415625 0.5662916671875 0.8005625000000001 0.5123541671875 0.7213437500000001 0.46966666718749994 0.6758437500000001 0.4808958328125 0.65225 0.503375 0.6438125 0.5325833328125 0.648875 0.5595416671875 0.6471875 0.5842708328125 0.6471875 0.6314583328125 0.6455 0.6674166671874999 0.65225 0.692125 0.6809062499999999 0.707875 0.7045 0.7213541671875
0 0.432046875 0.36404166718750003 0.42290625000000004 0.3875 0.41023437500000004 0.469125 0.419390625 0.5001041671875 0.43698437500000004 0.522625 0.48060937499999995 0.46256250000000004 0.522828125 0.4456875 0.55028125 0.4475625 0.5685781249999999 0.44662499999999994 0.572796875 0.4259791671875 0.571390625 0.4043958328125 0.560125 0.3621666671875 0.5355000000000001 0.3368333328125 0.507359375 0.3237083328125 0.474984375 0.3255833328125 0.470765625 0.3283958328125 0.451765625 0.3443333328125 0.432046875 0.36404166718750003
0 0.532578125 0.2715416671875 0.537640625 0.2243541671875 0.52584375 0.1838958328125 0.5039374999999999 0.1591666671875 0.47190624999999997 0.1322083328125 0.439890625 0.1164791671875 0.412921875 0.1322083328125 0.364046875 0.195125 0.35729687499999996 0.23558333281250002 0.36067187500000003 0.29175 0.434828125 0.3569375 0.48707812500000003 0.3412083328125 0.5174218749999999 0.303 0.532578125 0.2715416671875
0 0.6932343750000001 0.22291666718749997 0.70028125 0.21258333281250003 0.70875 0.1740208328125 0.7066250000000001 0.12041666718749999 0.68759375 0.0799791671875 0.662203125 0.0630625 0.620578125 0.0630625 0.57896875 0.0846875 0.55640625 0.11383333281250001 0.5465312499999999 0.1552083328125 0.5479375 0.19095833281250002 0.562046875 0.2210416671875 0.580375 0.25114583281249997 0.58884375 0.2548958328125 0.60646875 0.23420833281250003 0.6389218750000001 0.2219791671875 0.66925 0.2182291671875 0.6932343750000001 0.22291666718749997
0 0.537640625 0.33258333281249997 0.5545 0.35731250000000003 0.57471875 0.2786458328125 0.586515625 0.2584166671875 0.5578593749999999 0.24493749999999997 0.535953125 0.24943749999999998 0.515734375 0.2696666671875 0.5039374999999999 0.3168541671875 0.537640625 0.33258333281249997
0 0.514953125 0.1831041671875 0.531421875 0.23970833281249998 0.537484375 0.2524166671875 0.562609375 0.24895833281250002 0.585140625 0.2512708328125 0.5730000000000001 0.21197916718749998 0.560015625 0.1415208328125 0.5582812500000001 0.11841666718749999 0.534015625 0.11841666718749999 0.510625 0.13227083281250002 0.49935937499999994 0.1542291671875 0.514953125 0.1831041671875
0 0.33968750000000003 0.30404166718750003 0.378359375 0.3309375 0.378359375 0.3085208328125 0.353140625 0.2838541671875 0.34978125000000004 0.1941666671875 0.32623437499999997 0.17622916718749998 0.29259375 0.1829583328125 0.252234375 0.2143541671875 0.23879687500000002 0.2591875 0.243828125 0.30404166718750003 0.252234375 0.2950625 0.301015625 0.2838541671875 0.33968750000000003 0.30404166718750003
3 0.41212499999999996 0.39597916718750004 0.419390625 0.3974791671875 0.42721875000000004 0.37733333281250003 0.43729687500000003 0.3557083328125 0.44400000000000006 0.34750000000000003 0.41659375 0.3430208328125 0.397578125 0.3310833328125 0.385828125 0.31766666718750003 0.38303125 0.3161666671875 0.378546875 0.3370625 0.386390625 0.3557083328125 0.397015625 0.37733333281250003 0.41212499999999996 0.39597916718750004
0 0.43442187499999996 0.5220833328125 0.42078125 0.49870833281250004 0.3565 0.5038958328125 0.333109375 0.5220833328125 0.296109375 0.5896041671875001 0.303890625 0.6623333328125 0.422734375 0.7220833328125 0.448046875 0.7065 0.44415625 0.6935 0.422734375 0.5948125 0.43442187499999996 0.5220833328125
3 0.41803125 0.49495833281249996 0.4103125 0.47027083281250004 0.4103125 0.44299999999999995 0.41340625 0.40700000000000003 0.40684375 0.393625 0.394109375 0.3797291671875 0.3879375 0.37716666718749997 0.367875 0.48312499999999997 0.358234375 0.4959791671875 0.353609375 0.5078125 0.38446875 0.5006041671875 0.42034374999999996 0.5062708328125 0.424203125 0.5078125 0.41803125 0.49495833281249996