0 0.186765625 0.4255633796875 0.184375 0.434201878125 0.182453125 0.452230046875 0.18748437499999998 0.4659389671875 0.19828125000000002 0.481431925 0.2035625 0.4781924875 0.223484375 0.47241784062500003 0.23523437500000002 0.4785446015625 0.24987499999999999 0.4648591546875 0.250359375 0.434201878125 0.23859375 0.4089671359375 0.22325 0.39598591562499996 0.20740625000000001 0.40140845 0.20740625000000001 0.40103286406249994 0.19732812500000002 0.413309859375 0.186765625 0.4255633796875
0 0.49210937499999996 0.59551643125 0.46967187499999996 0.597746478125 0.451734375 0.597746478125 0.44425 0.61124413125 0.44125 0.6337089203125 0.44575 0.66516431875 0.45471874999999995 0.67640845 0.46967187499999996 0.6876291078125 0.48464062500000005 0.69213615 0.502578125 0.6853990609375 0.514546875 0.64269953125 0.5070781249999999 0.61124413125 0.49210937499999996 0.59551643125
0 0.536015625 0.5432394359375 0.536015625 0.52410798125 0.528234375 0.5092253515625 0.521859375 0.4996478875 0.516203125 0.4953990609375 0.518328125 0.48159624375 0.518328125 0.47840375625 0.50559375 0.4603286390625 0.49709375 0.45607981249999996 0.490015625 0.45502347343749994 0.468078125 0.4581924875 0.4581875 0.4730751171875 0.4581875 0.48159624375 0.458890625 0.502840375 0.464546875 0.5113615031250001 0.46525 0.5389906109375 0.468078125 0.5411032859375 0.474453125 0.5442957749999999 0.48153125 0.5506807515625 0.490015625 0.5613145546875 0.49709375 0.57194835625 0.502046875 0.5900234734375001 0.502046875 0.5910798125000001 0.50275 0.600633803125 0.506296875 0.600633803125 0.507 0.600633803125 0.511953125 0.5995774640625 0.51690625 0.5953286390625 0.5246875 0.5900234734375001 0.5310625 0.580446009375 0.53459375 0.57194835625 0.536015625 0.557065728125 0.536015625 0.5432394359375
0 0.39578125000000003 0.685821596875 0.39578125000000003 0.6497652578124999 0.38078124999999996 0.61373239375 0.3448125 0.6092253515625 0.3298125 0.63626760625 0.3268125 0.6813145546875 0.359796875 0.7083333328125 0.359796875 0.7015727703125 0.38078124999999996 0.7060798125 0.39578125000000003 0.685821596875
0 0.294671875 0.5299530515625 0.303640625 0.5299530515625 0.308125 0.5232159625 0.308125 0.5074882625 0.308125 0.4895070421875 0.303640625 0.46929577499999997 0.294671875 0.44906103281250004 0.28718750000000004 0.44232394375000006 0.273734375 0.44232394375000006 0.258765625 0.44680751250000006 0.25578124999999996 0.45131455468750004 0.249796875 0.467042253125 0.249796875 0.5052347421875 0.258765625 0.520962440625 0.26775000000000004 0.520962440625 0.2856875 0.5254694828125 0.294671875 0.5299530515625
0 0.3784375 0.440446009375 0.3545 0.4202347421875 0.3335625 0.42697183125000004 0.32309375 0.440446009375 0.32159375 0.46516431875 0.324578125 0.5011267609375001 0.34553124999999996 0.4988732390625 0.36346875 0.5146009390625 0.37693750000000004 0.5101173703125 0.3799375 0.467417840625 0.3784375 0.440446009375
0 0.20642187500000003 0.6247183093750001 0.194453125 0.6067370890625 0.161546875 0.6134741781249999 0.1540625 0.6292018781250001 0.14509375 0.66516431875 0.151078125 0.68089201875 0.161546875 0.7078638500000001 0.20193750000000002 0.716854459375 0.20792187499999998 0.6898826296875 0.20792187499999998 0.6539436624999999 0.20642187500000003 0.6247183093750001
0 0.37693750000000004 0.40225352187499996 0.370953125 0.3932629109375 0.350015625 0.3528169015625 0.308125 0.3618075125 0.29765625 0.3370892015625 0.240828125 0.3393192484375 0.22735937499999997 0.3685446015625 0.194453125 0.364037559375 0.173515625 0.370798121875 0.14509375 0.3842723 0.10320312499999999 0.3910093890625 0.050859375 0.370798121875 0.029921874999999997 0.4067370890625 0.0194375 0.45394366249999996 0.005984375 0.48089201875 0.007484375 0.651690140625 0.028421875000000003 0.73483568125 0.569890625 0.73483568125 0.562421875 0.69661971875 0.5519375 0.667417840625 0.535484375 0.635962440625 0.5175468750000001 0.61124413125 0.5295156249999999 0.5932629109375 0.534 0.5393192484375 0.5295156249999999 0.50338028125 0.5175468750000001 0.4696713609375 0.49210937499999996 0.4494366203125 0.4636875 0.45394366249999996 0.462203125 0.4314553984375 0.44125 0.42920187812500005 0.41134375 0.4 0.37693750000000004 0.40225352187499996
3 0.9445 0.6746244124999999 0.951375 0.66626760625 0.95596875 0.65838028125 0.957265625 0.6377230046875 0.9500624999999999 0.6214788734375001 0.940890625 0.6126291078125 0.93434375 0.6116431921875 0.9238593749999999 0.615093896875 0.9146875 0.6269014078125 0.91796875 0.6446009390625 0.9143593750000001 0.65838028125 0.9235312499999999 0.664295775 0.9399062499999999 0.6761032859375 0.9445 0.6746244124999999
3 0.80096875 0.5253521125 0.7950625 0.5204225359375 0.782625 0.517957746875 0.7786875 0.517957746875 0.7737812500000001 0.52140845 0.768859375 0.5258450703124999 0.7655937500000001 0.53518779375 0.763625 0.5435446015625 0.76296875 0.554389671875 0.763953125 0.562253521875 0.76625 0.5676760562500001 0.7718125 0.5696244125 0.7786875 0.570610328125 0.7829531249999999 0.5760328640625 0.79015625 0.5848826296875 0.791796875 0.5853755875 0.794734375 0.584389671875 0.7986718749999999 0.5814553984375 0.80096875 0.5770187796874999 0.802609375 0.570610328125 0.80390625 0.559295775 0.80390625 0.5371596249999999 0.8042343750000001 0.5391314546875 0.80390625 0.532230046875 0.80096875 0.5253521125
3 0.81465625 0.5810093890625 0.8238125000000001 0.5705868546875 0.829640625 0.567253521875 0.8335156250000001 0.564741784375 0.8321406250000001 0.548497653125 0.8235312499999999 0.5360093890625001 0.817984375 0.5330751171875 0.8130000000000001 0.5318309859375 0.804671875 0.5351643187499999 0.8032812500000001 0.5384976531250001 0.8035625 0.54640845 0.8038437500000001 0.5580751171875 0.80190625 0.57516431875 0.79940625 0.5830751171874999 0.8121562499999999 0.59267605625 0.8135468749999999 0.593497653125 0.8143750000000001 0.589741784375 0.81465625 0.5810093890625
3 0.7395937499999999 0.5537558687499999 0.746171875 0.5584037562499999 0.756234375 0.5595774640625 0.760875 0.5554929578125 0.761640625 0.547934271875 0.769390625 0.5281924874999999 0.765515625 0.51481220625 0.7523593749999999 0.5084272296875 0.743078125 0.5084272296875 0.7395937499999999 0.513661971875 0.74075 0.526431925 0.7426875 0.5235446015624999 0.743859375 0.5403990609375 0.7395937499999999 0.5537558687499999
3 0.7813125000000001 0.5202347421875 0.78671875 0.519178403125 0.7890625 0.518474178125 0.7914218749999999 0.5117605640625 0.793765625 0.502934271875 0.794 0.5018779343750001 0.7916562500000001 0.4980046953125 0.78859375 0.49553990625 0.7813125000000001 0.49446009375 0.775203125 0.49624413125 0.768875 0.5032863843750001 0.772625 0.50859155 0.77615625 0.5142253515624999 0.7813125000000001 0.5202347421875
3 0.75934375 0.5129107984375 0.7637968749999999 0.51713615 0.76590625 0.5199765265625 0.7708437499999999 0.524906103125 0.7731874999999999 0.5224413140624999 0.77390625 0.51786385 0.77390625 0.5143192484375 0.772015625 0.5083333328124999 0.76803125 0.50232394375 0.766390625 0.4998591546875 0.7637968749999999 0.4998591546875 0.7598125 0.5009154921875 0.75253125 0.5061971828125 0.751359375 0.5086854453125 0.75440625 0.5104460093750001 0.75934375 0.5129107984375
3 0.845875 0.50802816875 0.835046875 0.4955868546875 0.81528125 0.5070892015624999 0.8114687500000001 0.521431925 0.813375 0.5300469484375 0.821015625 0.538661971875 0.83121875 0.5511267609375 0.8401406250000001 0.5539906109375 0.8445937499999999 0.546338028125 0.8503281250000001 0.5453755874999999 0.851609375 0.5367605640625001 0.845875 0.50802816875
3 0.886953125 0.612840375 0.8778124999999999 0.6219248828125 0.8737812500000001 0.6331924875 0.873421875 0.6461032859375 0.874875 0.6568309859375 0.88165625 0.6595774640625 0.8856718750000001 0.6628873234375 0.888609375 0.6664553984375 0.8898906249999999 0.6700234734375 0.8913437500000001 0.6755164312499999 0.893171875 0.6769014078125 0.8975781250000001 0.6769014078125 0.89940625 0.6769014078125 0.90453125 0.6738732390625 0.90525 0.672230046875 0.908375 0.668661971875 0.9145937500000001 0.6603990609375 0.913859375 0.6565492953125001 0.917328125 0.6428169015625 0.9145937500000001 0.6282394359375 0.9144062500000001 0.62659624375 0.909828125 0.616690140625 0.9047031249999999 0.613122065625 0.893734375 0.6106572765625 0.886953125 0.612840375
3 0.990875 0.7117605640625 0.990875 0.7110798125 0.992015625 0.704929578125 0.987703125 0.6926760562500001 0.9768281249999999 0.6861971828125 0.96684375 0.6861971828125 0.960046875 0.6892723000000001 0.95325 0.6974413140625 0.950296875 0.7046009390625 0.94803125 0.71481220625 0.990875 0.7117605640625
3 0.946890625 0.7024882625 0.9516875 0.7035211265625 0.9585625 0.699389671875 0.9843437500000001 0.6911267609375 0.9805624999999999 0.6710093890625 0.9705937499999999 0.6606807515625001 0.9571875000000001 0.661713615625 0.9496249999999999 0.667394365625 0.9403593750000001 0.6751173703125 0.9389843750000001 0.6885446015625 0.942421875 0.6968075125000001 0.946890625 0.7024882625
3 0.772578125 0.7135211265625 0.7808437500000001 0.7193896718749999 0.7812812499999999 0.71481220625 0.783890625 0.6997887328125 0.785640625 0.6900000000000001 0.783890625 0.686713615625 0.778234375 0.6847652578125001 0.7665 0.686713615625 0.75996875 0.698474178125 0.758671875 0.700446009375 0.7638906249999999 0.704366196875 0.772578125 0.7135211265625
3 0.9118906250000001 0.5814788734375 0.9149375 0.573638496875 0.9145 0.5612206578125 0.90928125 0.5455399062499999 0.9018906250000001 0.5278873234375 0.8897031249999999 0.5292018781250001 0.8766562499999999 0.5318075125 0.8723124999999999 0.5507511734375 0.87796875 0.578849765625 0.9031874999999999 0.5886619718749999 0.90928125 0.584741784375 0.9118906250000001 0.5814788734375
3 0.730859375 0.6812441312499999 0.741671875 0.687042253125 0.748234375 0.6957511734375 0.75440625 0.6951643187500001 0.755953125 0.6887793421875 0.757484375 0.675446009375 0.754015625 0.660962440625 0.74590625 0.643568075 0.7281718749999999 0.6400938968750001 0.72546875 0.6644366203125001 0.726234375 0.6818309859375 0.730859375 0.6812441312499999