1 0.20812499999999998 0.29306074843749996 0.20721875 0.29306074843749996 0.203609375 0.2910280375 0.198640625 0.28831775625 0.194578125 0.286285046875 0.1905 0.28560747656249996 0.187796875 0.28560747656249996 0.185078125 0.28560747656249996 0.18328125 0.286285046875 0.179203125 0.2889953265625 0.176953125 0.2903504671875 0.174234375 0.29507009375000004 0.16971875 0.299813084375 0.162484375 0.3065654203125 0.15615625 0.3139953265625 0.1489375 0.32345794375 0.14485937499999998 0.33088785 0.14125000000000001 0.3389953265625 0.14034375 0.3443925234375 0.138984375 0.351168225 0.13673437500000002 0.357242990625 0.134015625 0.3626401875 0.132671875 0.367383178125 0.134921875 0.37007009375 0.139890625 0.37007009375 0.147125 0.37007009375 0.15390625 0.3667056078125 0.15887500000000002 0.36467289687500004 0.167453125 0.360630840625 0.17559375 0.3599532703125 0.184171875 0.360630840625 0.188703125 0.3626401875 0.195484375 0.3660280375 0.20134375000000002 0.37007009375 0.20587499999999997 0.3707476640625 0.212203125 0.3680607484375 0.21717187500000001 0.3639953265625 0.22078125 0.361285046875 0.22393749999999998 0.3579205609375 0.227109375 0.3531775703125 0.230265625 0.346425234375 0.23162500000000003 0.339672896875 0.23343750000000002 0.33156542031249997 0.233890625 0.3254906546875 0.232078125 0.3187383171875 0.23071875 0.31331775624999997 0.230265625 0.3092757015625 0.22981250000000003 0.30859813125 0.228921875 0.30588785 0.22756249999999997 0.30317757031250003 0.22756249999999997 0.3025 0.227109375 0.30184579375 0.226203125 0.29845794375 0.22484375 0.29574766406249997 0.223046875 0.29306074843749996 0.221234375 0.2910280375 0.218515625 0.28831775625 0.211296875 0.2991355140625 0.211296875 0.29507009375000004 0.21084375 0.29306074843749996 0.20903125 0.29306074843749996 0.20812499999999998 0.29306074843749996
2 0.330828125 0.5287616828124999 0.3278125 0.52095794375 0.32287499999999997 0.5217757015625 0.316015625 0.526285046875 0.273765625 0.5529672890625 0.280625 0.5603504671875 0.324796875 0.5402336453125 0.330828125 0.5287616828124999
2 0.351125 0.521588784375 0.370015625 0.5145327109375 0.36843750000000003 0.5004205609375 0.35428125 0.48630841093750005 0.33382812500000003 0.4839485984375 0.31651562499999997 0.48158878437499997 0.3055 0.47453271093750005 0.2881875 0.4627803734375 0.26773437499999997 0.46042056093749995 0.25671875 0.46983644843750005 0.25987499999999997 0.4839485984375 0.26615625 0.4980607484375 0.280328125 0.4980607484375 0.31179687500000003 0.505116821875 0.31809375 0.5168925234375 0.34168750000000003 0.521588784375 0.351125 0.521588784375
2 0.2390625 0.5243925234375 0.247734375 0.5109813078125 0.250515625 0.49894859843750006 0.25206249999999997 0.4929205609375 0.251140625 0.48644859843750005 0.24340625 0.48088784999999995 0.22421875 0.47904205624999996 0.20224999999999999 0.4998598125 0.199453125 0.512827103125 0.200390625 0.5132943921875001 0.21771875000000002 0.5142056078125 0.2390625 0.5243925234375
2 0.31778125 0.517616821875 0.3163125 0.5132710281249999 0.24959375 0.502897196875 0.242296875 0.5219859812500001 0.24157812500000003 0.52962616875 0.256890625 0.54161215 0.277296875 0.547056075 0.297359375 0.537242990625 0.32360937500000003 0.5219859812500001 0.32396875 0.5159813078125 0.31778125 0.517616821875
2 0.21585937500000002 0.4592523359375 0.22349999999999998 0.4642523359375 0.22954687499999998 0.46471962656250004 0.236375 0.4673364484375 0.23971874999999998 0.46661215 0.240515625 0.4663785046875 0.24401562499999999 0.4632943921875 0.24671875000000001 0.4585280375 0.24720312500000002 0.45759345781249994 0.24703124999999998 0.4549766359375 0.246875 0.45448598125000006 0.24321874999999998 0.449742990625 0.23542187499999997 0.44331775625000003 0.23271875 0.44140186875 0.22921874999999997 0.4440186921875 0.22190625000000003 0.4452102796875 0.220640625 0.44497663593750003 0.21204687500000002 0.446168225 0.210296875 0.44640186875000004 0.21284375 0.45140186875 0.21585937500000002 0.4592523359375
2 0.1840625 0.47242990625000003 0.181203125 0.46815420625000004 0.175890625 0.465397196875 0.1695625 0.4580607484375 0.162015625 0.4538084109375 0.14915625 0.4522663546875 0.137515625 0.4559345796875 0.130171875 0.46081775625 0.128734375 0.46357476562500005 0.12546875 0.4705841125 0.126484375 0.4828037390625 0.14078125 0.4867757015625 0.15814062499999998 0.48614485937499996 0.175890625 0.4892056078125 0.18426562500000002 0.478831775 0.18426562500000002 0.473341121875 0.1840625 0.47242990625000003
2 0.10346875 0.5210280375 0.109671875 0.5140186921875001 0.11285937500000001 0.517383178125 0.12957812500000002 0.5207476640625 0.13371875 0.525257009375 0.15231250000000002 0.5027803734375 0.13315625 0.49434579375 0.12225 0.487616821875 0.115125 0.4873364484375 0.111359375 0.49070093437500006 0.112484375 0.4895794390625 0.0824375 0.495186915625 0.076421875 0.498855140625 0.07698437500000001 0.5036214953125 0.10346875 0.5210280375
2 0.105640625 0.5669626171875 0.11771875000000001 0.5514719625 0.13670312499999998 0.5295327109375 0.127640625 0.5217757015625 0.11771875000000001 0.5198364484375 0.1065 0.5179205609374999 0.091390625 0.5359813078125 0.09053125 0.5392056078125 0.09614062500000001 0.5598598124999999 0.105640625 0.5669626171875
2 0.19353125 0.5131308406249999 0.19740625 0.512827103125 0.199453125 0.5021495328125 0.198015625 0.49329439218750004 0.19475 0.4841355140625 0.19128125 0.47742990625 0.18617187500000001 0.4728504671875 0.183734375 0.4728504671875 0.1839375 0.48109813125 0.1755625 0.4893224296875 0.175359375 0.48992990625 0.169234375 0.51831775625 0.174546875 0.5192523359375001 0.184546875 0.5149766359375 0.19353125 0.5131308406249999
2 0.103390625 0.47677570156250004 0.11356250000000001 0.48714953281250006 0.1244375 0.4895794390625 0.132078125 0.49649532656249995 0.146171875 0.49995327031250003 0.1521875 0.49822429843749994 0.153578125 0.4861214953125 0.135765625 0.4875 0.12998437499999999 0.48336448593750003 0.12675 0.47990654218750006 0.12328125000000001 0.4747196265625 0.123984375 0.46883177500000006 0.12698437499999998 0.4674532703125 0.120046875 0.4667523359375 0.107328125 0.4650233640625 0.101546875 0.4705607484375 0.103390625 0.47677570156250004
2 0.16090625 0.48483644843749996 0.1549375 0.48654205624999997 0.15237499999999998 0.5005841125 0.164890625 0.5227336453125 0.1734375 0.509088784375 0.175140625 0.489088784375 0.16090625 0.48483644843749996
2 0.18325 0.4360280375 0.17181249999999998 0.43852803749999997 0.158359375 0.449602803125 0.179203125 0.4692056078125 0.191984375 0.4707242984375 0.206453125 0.4677102796875 0.21754687499999997 0.46467289687499996 0.211484375 0.4531074765625 0.2044375 0.446588784375 0.18325 0.4360280375
2 0.19343749999999998 0.48114485937499996 0.198828125 0.49724299062500005 0.2034375 0.499158878125 0.22370312499999997 0.47962616875 0.24471875 0.48154205625 0.25215624999999997 0.49112149531249993 0.250359375 0.500700934375 0.258828125 0.500327103125 0.270625 0.5056775703125 0.298578125 0.5102803734375 0.280109375 0.49878504687499997 0.266265625 0.499556075 0.260875 0.4865186921875 0.22934375 0.4646495328125 0.192671875 0.471168225 0.18292187499999998 0.46925233593750004 0.18728125 0.47079439218749997 0.18471875 0.47193925156249994 0.19343749999999998 0.48114485937499996