3 0.3761875 0.14684971093750002 0.378375 0.1306069359375 0.382390625 0.1191329484375 0.395171875 0.106300578125 0.395546875 0.10494219687499999 0.392984375 0.0921098265625 0.37910937499999997 0.074537571875 0.3615625 0.07520231250000001 0.354625 0.07994219687500001 0.34878125 0.0907514453125 0.345125 0.106300578125 0.347328125 0.12927745625 0.35353124999999996 0.14615606875 0.364859375 0.1583237 0.3758125 0.1684682078125 0.3761875 0.163063584375 0.3761875 0.14684971093750002
3 0.314546875 0.1143641625 0.32246874999999997 0.1308670515625 0.33040625 0.1327167625 0.338328125 0.13453757187499998 0.346265625 0.13635838125 0.346265625 0.1327167625 0.346265625 0.12537572187499998 0.34725 0.1143641625 0.34725 0.1052023125 0.349234375 0.0941907515625 0.3541875 0.08502890156250001 0.36112500000000003 0.07219653125 0.36112500000000003 0.0612138734375 0.35815625 0.052023121875 0.34725 0.05387283281250001 0.335359375 0.0556936421875 0.324453125 0.0612138734375 0.321484375 0.07037572187499999 0.31851562499999997 0.0905491328125 0.31553125 0.097861271875 0.31553125 0.1015317921875 0.314546875 0.1143641625
3 0.46939062500000006 0.0352890171875 0.4503125 0.070578034375 0.454125 0.105895953125 0.45921874999999995 0.1247109828125 0.482109375 0.129421965625 0.4935625 0.1247109828125 0.508828125 0.0870520234375 0.50628125 0.089421965625 0.483375 0.030578034375 0.46939062500000006 0.0352890171875
3 0.396671875 0.10069364218750002 0.40248437499999995 0.10786127187500001 0.417671875 0.11086705156250001 0.42446875000000006 0.11265895937499999 0.43512500000000004 0.101300578125 0.43965624999999997 0.07797687812500001 0.4386875 0.055867051562500006 0.43060937499999996 0.0331502890625 0.421875 0.023583815624999997 0.407328125 0.024768785937500003 0.396015625 0.036734104687500005 0.391171875 0.0594508671875 0.391828125 0.085144509375 0.396671875 0.10069364218750002
3 0.364484375 0.0747976875 0.37960937499999997 0.07407514375 0.385171875 0.08364161875000001 0.39234375 0.090260115625 0.391140625 0.0696531796875 0.39432812500000003 0.0468497109375 0.398703125 0.0321098265625 0.397109375 0.030635837500000002 0.38359375 0.019595375 0.37243750000000003 0.0203468203125 0.36409375 0.030635837500000002 0.361703125 0.0416763 0.35931250000000003 0.051242775 0.358515625 0.0593641625 0.35931250000000003 0.077023121875 0.364484375 0.0747976875
3 0.49787499999999996 0.140462428125 0.5041249999999999 0.1410115609375 0.5138125 0.1362716765625 0.52690625 0.1330924859375 0.5274687499999999 0.1330924859375 0.5300312500000001 0.12205202343749999 0.534296875 0.099942196875 0.5323125 0.0925722546875 0.5251875 0.0873121390625 0.516375 0.0888728328125 0.5035624999999999 0.0988728328125 0.49957812500000004 0.109942196875 0.49729687499999997 0.12572254375 0.49787499999999996 0.140462428125
3 0.375484375 0.15936416250000002 0.376015625 0.17315028906250002 0.3808125 0.188901734375 0.38879687500000004 0.19875722499999998 0.390921875 0.1977745671875 0.400515625 0.11210982656249999 0.39251562500000003 0.110144509375 0.38453125 0.115057803125 0.37760937499999997 0.1308092484375 0.375484375 0.15936416250000002
3 0.4425 0.03864161875 0.44104687499999995 0.034537571875 0.43709375 0.030780346874999996 0.42907812500000003 0.030780346874999996 0.43053125000000003 0.033641618750000005 0.43940625000000005 0.057023121875000006 0.4425 0.03864161875
1 0.507828125 0.8420231218750001 0.5175468750000001 0.8375144515624999 0.5309062499999999 0.8375144515624999 0.5369843750000001 0.8442485546875 0.5430625 0.8442485546875 0.547921875 0.8442485546875 0.55278125 0.8397687859375 0.555203125 0.848757225 0.5564218750000001 0.8510115609375 0.5564218750000001 0.877976878125 0.553984375 0.8824566468749999 0.563703125 0.8824566468749999 0.586796875 0.8510115609375 0.5952968750000001 0.8375144515624999 0.609875 0.8038150281249999 0.6244531249999999 0.761098265625 0.626875 0.6914450859375 0.622015625 0.6554913296875 0.6365937500000001 0.6262716765625 0.61959375 0.5858381500000001 0.5989375 0.5813294796874999 0.5807187500000001 0.5858381500000001 0.567359375 0.574595375 0.547921875 0.5948265890625 0.535765625 0.6240462421874999 0.515109375 0.74988439375 0.504171875 0.8375144515624999 0.507828125 0.8420231218750001
1 0.8783593749999999 0.9213583812499999 0.882015625 0.9303468203125 0.8905156249999999 0.94156069375 0.899015625 0.9325722546874999 0.9233125 0.943815028125 0.9306093750000001 0.9483237000000001 0.936671875 0.9505491328125 0.940328125 0.943815028125 0.9476093750000001 0.91011560625 0.9706875 0.9213583812499999 0.976765625 0.9123699421874999 0.981625 0.8988728328125 0.981625 0.8719075140625 0.9792031250000001 0.8179768781250001 0.9731249999999999 0.7685260109375001 0.946390625 0.6943930640625 0.9148125 0.6292196531250001 0.89415625 0.6359537578125 0.8844375 0.662919075 0.86621875 0.6808959531250001 0.8309843750000001 0.74156069375 0.82734375 0.7977456640625 0.8358437500000001 0.8741618499999999 0.860140625 0.8921387281250001 0.8698593750000001 0.9011271671875001 0.8783593749999999 0.9213583812499999
1 0.71946875 0.7283526015625 0.719131696875 0.7416721703125 0.7247994796875 0.7416666671875001 0.7301302078125 0.75498073125 0.7203883921875 0.7564657312499999 0.726671875 0.8304335265624999 0.739453125 0.86739884375 0.7510546875 0.869624278125 0.758921875 0.8437475921875001 0.76265625 0.861502890625 0.76265625 0.8718497109375001 0.794 0.851144509375 0.79784375 0.8955202312500001 0.813828125 0.9014161843749999 0.822625 0.8762716765624999 0.837828125 0.892543353125 0.8466250000000001 0.8895953750000001 0.8370312500000001 0.86 0.8282343750000001 0.81416185 0.8282343750000001 0.781618496875 0.8316874999999999 0.7712427749999999 0.8340781249999999 0.738699421875 0.8436718750000001 0.712080925 0.8420781249999999 0.6972832375 0.8244843749999999 0.6514450859375 0.8100937500000001 0.6366473984375001 0.7956875 0.6011271671875 0.7714531250000001 0.5937283234375 0.7667272734374999 0.60596689375 0.76265625 0.5974277453125 0.753859375 0.6011271671875 0.73546875 0.6144508671875 0.720265625 0.6662138734374999 0.735859375 0.6839739890625001 0.7241946015625 0.71611403125 0.717875 0.7268786125 0.71946875 0.7283526015625
1 0.6596875 0.9123699421874999 0.681546875 0.9011271671875001 0.6852031249999999 0.7550578031249999 0.6985625 0.896618496875 0.7131406250000001 0.9056069359375 0.724078125 0.9033815031250001 0.7264999999999999 0.8741618499999999 0.718 0.723583815625 0.7544375 0.8045086703125 0.7653749999999999 0.885404625 0.7908906250000001 0.885404625 0.79453125 0.8359537578125 0.7593125 0.7168497109375 0.71921875 0.6606647406249999 0.7070624999999999 0.6269653171875 0.6657656249999999 0.6269653171875 0.63053125 0.68988439375 0.612296875 0.7977456640625 0.625671875 0.896618496875 0.632953125 0.9033815031250001 0.6487499999999999 0.9056069359375 0.6596875 0.9123699421874999
1 0.320734375 0.6674277453124999 0.31829687500000003 0.7056069359375 0.309796875 0.7505491328125 0.28064062500000003 0.788757225 0.26728125 0.8089884390625001 0.268484375 0.833699421875 0.277 0.8404624281249999 0.291578125 0.8426878609375 0.3134375 0.8314739890625 0.329234375 0.813497109375 0.34625 0.7752890171875 0.35596875 0.743815028125 0.35596875 0.6876300578125 0.349890625 0.6382080921875 0.315875 0.5954913296875 0.301296875 0.6045086703125 0.315875 0.6292196531250001 0.320734375 0.6674277453124999
1 0.25415625 0.6600289015625 0.24253125 0.7099132953125 0.23776562499999998 0.7402312140625 0.24674999999999997 0.7519653171875 0.25415625 0.7539306359375 0.27160937500000004 0.7255491328125 0.28325 0.6932947984375 0.28959375 0.6482947984375 0.284828125 0.6052601156249999 0.284296875 0.5964450859375 0.2684375 0.5798265890625001 0.264203125 0.5749132953125 0.252578125 0.5758959531250001 0.244640625 0.572976878125 0.238828125 0.5671098265625 0.238296875 0.5553757218750001 0.23934375000000002 0.542658959375 0.238296875 0.5397109828125 0.2086875 0.52407514375 0.20392187499999997 0.544595375 0.20603125000000003 0.5436127171875 0.22825 0.5768786125 0.24040625000000002 0.5925433531250001 0.250984375 0.6199132953125 0.25415625 0.6600289015625
1 0.07284375 0.7832658953125 0.0806875 0.7961271671875 0.11640625 0.7719653171874999 0.1364375 0.7365317921875 0.152984375 0.670462428125 0.146015625 0.6044219656250001 0.12859375 0.5882947984375 0.10332812499999999 0.5383526015625 0.12162500000000001 0.5995664734374999 0.119890625 0.680144509375 0.07371875 0.768757225 0.07284375 0.7832658953125
1 0.021875 0.6674277453124999 0.013359375000000001 0.6943930640625 0.0194375 0.7348265890625 0.046171875 0.723583815625 0.07653125 0.6651734109375 0.10204687500000001 0.5775144515624999 0.09596875 0.52583815 0.0886875 0.49213872812500004 0.063171875 0.4831502890625 0.06803125 0.52135838125 0.055890625000000006 0.5932658953125001 0.021875 0.6674277453124999
1 0.583171875 0.58384393125 0.60615625 0.5827745671875 0.623984375 0.5849132953125 0.633171875 0.6082947984375 0.636625 0.6316763 0.6515625 0.6242485546875 0.655578125 0.597658959375 0.67053125 0.5678901734374999 0.664203125 0.5519653171875001 0.65328125 0.5243063578125 0.64121875 0.5073121390625001 0.63546875 0.5179479765624999 0.628 0.49560693593750005 0.61765625 0.4945664734375 0.6136250000000001 0.49774566406250004 0.59525 0.4871098265625 0.587203125 0.49349710937499996 0.5797343749999999 0.5126300578125 0.5716875 0.5593930640625 0.57340625 0.5647109828125 0.5802968749999999 0.5732080921875 0.583171875 0.58384393125
1 0.221875 0.518063584375 0.22354687499999998 0.5288728328125 0.238578125 0.536618496875 0.24025 0.564421965625 0.258640625 0.573699421875 0.267828125 0.573699421875 0.273671875 0.5860693640625 0.28203125 0.5860693640625 0.290390625 0.5520520234374999 0.30459375 0.56907514375 0.32882812499999997 0.555144509375 0.33718750000000003 0.544335259375 0.348046875 0.5567052015625 0.366421875 0.544335259375 0.37310937499999997 0.5149710984375 0.36893750000000003 0.46395953749999996 0.353890625 0.3975144515625 0.33801562500000004 0.3727745671875 0.32046874999999997 0.363497109375 0.306265625 0.346502890625 0.299578125 0.3418786125 0.287890625 0.3418786125 0.261984375 0.35887283281250004 0.242765625 0.42222543281249997 0.2285625 0.4778901734375 0.221875 0.518063584375
1 0.664546875 0.5456936421874999 0.664546875 0.5479479765625 0.67790625 0.55468208125 0.673046875 0.56592485625 0.6681874999999999 0.6041329484375 0.654828125 0.6265895953125 0.642671875 0.631098265625 0.626875 0.6423121390625 0.623234375 0.6760404624999999 0.6244531249999999 0.694017340625 0.6378125 0.66927745625 0.64996875 0.64907514375 0.6596875 0.6333236999999999 0.6681874999999999 0.6265895953125 0.68640625 0.6153468203125 0.69978125 0.6108670515625 0.704640625 0.6131213875 0.71921875 0.6400867046875 0.722859375 0.662543353125 0.72528125 0.6513005781250001 0.73621875 0.619855490625 0.756875 0.5973699421875 0.76659375 0.583901734375 0.760515625 0.55468208125 0.74471875 0.53219653125 0.7459374999999999 0.49176300624999997 0.739859375 0.4760404625 0.7289375 0.4760404625 0.703421875 0.5007514453125 0.691265625 0.5074855484375 0.674265625 0.5277167625 0.664546875 0.5456936421874999
3 0.304828125 0.1617919078125 0.323765625 0.175780346875 0.335125 0.1705491328125 0.33984375 0.175780346875 0.3493125 0.1810404625 0.34553124999999996 0.16352601093750002 0.344578125 0.1460115609375 0.33984375 0.14078034687500002 0.33795312499999997 0.13552023124999998 0.32659375 0.133757225 0.31996875 0.12676300625 0.3161875 0.130260115625 0.30293749999999997 0.13552023124999998 0.295359375 0.14777456718749998 0.295359375 0.1617919078125 0.29346875 0.1582658953125 0.2963125 0.1652890171875 0.304828125 0.1617919078125
3 0.346046875 0.14583815 0.34581249999999997 0.1471098265625 0.345125 0.1586127171875 0.34557812499999996 0.172658959375 0.34581249999999997 0.1828901734375 0.3559375 0.1990462421875 0.35754687500000004 0.1930924859375 0.367453125 0.185 0.373671875 0.1799132953125 0.37159375 0.167976878125 0.36790625 0.1632947984375 0.35939062499999996 0.1543641625 0.34973437500000004 0.1441329484375 0.350640625 0.142861271875 0.348578125 0.1424277453125 0.346046875 0.14583815
3 0.36065625 0.2049710984375 0.364171875 0.20543352656249997 0.367921875 0.20635838125 0.375921875 0.206820809375 0.382671875 0.20867052031250002 0.388671875 0.21052023125 0.388171875 0.199421965625 0.3805625 0.18947976875 0.37609375 0.1778901734375 0.358171875 0.1944508671875 0.3559375 0.198583815625 0.35690625 0.198497109375 0.35815625 0.20265895937499998 0.36065625 0.2049710984375
1 0.438984375 0.8076589593750001 0.45267187499999995 0.78552023125 0.474890625 0.7791907515625 0.487703125 0.7791907515625 0.506515625 0.7649710984375 0.526171875 0.71280346875 0.538984375 0.6416473984375 0.536421875 0.5958092484375 0.521046875 0.5657514453125 0.486859375 0.548381503125 0.46804687500000003 0.5199132953125 0.45009375 0.513583815625 0.44240625 0.5199132953125 0.44070312500000003 0.549942196875 0.44839062500000004 0.5863294796875 0.44839062500000004 0.6226878609375001 0.44496874999999997 0.6574566468749999 0.43728125 0.6938150281250001 0.427015625 0.73176300625 0.41078125 0.7791907515625 0.40821874999999996 0.817138728125 0.41846875 0.8202890171874999 0.42959375 0.817138728125 0.438984375 0.8076589593750001
3 0.51034375 0.0913294796875 0.514328125 0.07658959531250001 0.5189843749999999 0.060606935937499995 0.5289375 0.058150289062500006 0.5389062499999999 0.060606935937499995 0.5408906250000001 0.052023121875 0.525625 0.021300578125 0.511671875 0.021300578125 0.5017031249999999 0.021300578125 0.49440625000000005 0.028670520312499996 0.489078125 0.04219653125 0.486421875 0.04219653125 0.50503125 0.0950289015625 0.51034375 0.0913294796875
1 0.40960937499999994 0.6583526015625 0.416421875 0.6267919078124999 0.42495312500000004 0.5921098265625 0.431765625 0.560578034375 0.43603125 0.5416473984375 0.44115624999999997 0.5227456640625 0.447109375 0.5101156062500001 0.4565 0.491184971875 0.46331249999999996 0.4769942203125 0.46842187500000004 0.4659537578125 0.474390625 0.44072254375000003 0.47525000000000006 0.42968208125 0.46928125 0.42182080937500005 0.46331249999999996 0.4265317921875 0.454796875 0.43286127187499995 0.44370312500000003 0.4423121390625 0.42921875 0.46754335312500006 0.4113125 0.5243063578125 0.39596875 0.606300578125 0.3968125 0.64572254375 0.397671875 0.6536127171875 0.399375 0.661502890625 0.40960937499999994 0.6583526015625
3 0.45615625 0.016936415625 0.442078125 0.048179190625 0.439265625 0.092456646875 0.45475000000000004 0.09505780312499999 0.45334375 0.06641618437499999 0.478671875 0.027341040625 0.45615625 0.016936415625
1 0.1125 0.3554913296875 0.10859375 0.35874277499999996 0.1109375 0.36416185 0.104296875 0.370845375 0.1010416671875 0.3680154140625 0.1 0.3829479765625 0.095703125 0.395050578125 0.08125 0.37572254374999997 0.0765625 0.3843930640625 0.0765625 0.4132947984375 0.0703125 0.4393063578125 0.07421875 0.455563584375 0.06875 0.4566473984375 0.069921875 0.46766618437499996 0.0671875 0.47109826562499996 0.0578125 0.5202312140625 0.05625 0.5375722546875 0.0579861109375 0.5463230578125 0.053125 0.55780346875 0.05729166718749999 0.5645472046875 0.053125 0.5780346828125 0.053125 0.60115606875 0.0859375 0.6329479765625 0.0828125 0.6445086703125 0.0828125 0.653179190625 0.0859375 0.6589595375 0.0953125 0.6589595375 0.1015625 0.64739884375 0.10625 0.6560693640624999 0.1067708328125 0.6348747593749999 0.1203125 0.6502890171875 0.1171875 0.6560693640624999 0.14781249999999999 0.6329479765625 0.1515625 0.676300578125 0.1359375 0.7398843937499999 0.115625 0.7745664734375 0.1078125 0.7803468203125 0.1078125 0.7947976875 0.1125 0.8034682078125 0.1234375 0.8034682078125 0.1328125 0.7947976875 0.153125 0.7919075140625 0.165625 0.765895953125 0.171875 0.7716763 0.1734375 0.7861271671875001 0.178125 0.7947976875 0.1921875 0.7947976875 0.2015625 0.7774566468749999 0.2109375 0.7976878609375 0.2234375 0.7976878609375 0.234375 0.78323699375 0.240625 0.7630057796874999 0.2453125 0.7572254328125 0.2453125 0.7514450859374999 0.2390625 0.7427745671875 0.2390625 0.734104046875 0.253125 0.664739884375 0.25 0.618497109375 0.2421875 0.5982658953125 0.23125 0.58092485625 0.240625 0.5664739890625 0.2515625 0.5780346828125 0.253125 0.5722543359375 0.3234375 0.5606936421875 0.325 0.583815028125 0.3296875 0.5924855484375 0.3390625 0.6271676296875001 0.35 0.6416184968749999 0.3578125 0.682080925 0.3546875 0.7485549140625001 0.35 0.7774566468749999 0.35 0.7976878609375 0.3546875 0.8063583812499999 0.3671875 0.8063583812499999 0.3734375 0.7861271671875001 0.3765625 0.7919075140625 0.3859375 0.7919075140625 0.3890625 0.7861271671875001 0.390625 0.7687861265625 0.3859375 0.710982659375 0.3890625 0.6416184968749999 0.393852459375 0.6099687281249999 0.534938525 0.6236141390625 0.5375 0.6156069359375 0.5427766390625 0.6243722171874999 0.8092725406250001 0.6501468781249999 0.8140625 0.6416184968749999 0.8171875 0.6445086703125 0.81711065625 0.65090495625 0.8203125 0.64739884375 0.8249487703125 0.6516630343750001 0.8265625 0.6589595375 0.8375 0.6589595375 0.8453125 0.6502890171875 0.846875 0.67052023125 0.8609375 0.687861271875 0.88125 0.6676300578125 0.8953125 0.63583815 0.9140625 0.6300578031249999 0.9546875 0.7138728328124999 0.9671875 0.7138728328124999 0.9734375 0.7023121390625 0.978125 0.676300578125 0.9796875 0.6098265890625 0.975 0.5867052015625001 0.978125 0.58092485625 0.9796875 0.563583815625 0.975 0.552023121875 0.9671875 0.552023121875 0.95 0.5057803468750001 0.9328125 0.482658959375 0.93125 0.46242774531249997 0.925 0.44508670468749995 0.921875 0.424855490625 0.909375 0.4132947984375 0.90625 0.3843930640625 0.8984375 0.36994219687499996 0.8875 0.3323699421875 0.875 0.3323699421875 0.8671875 0.3497109828125 0.8546875 0.3497109828125 0.8453125 0.36127167656250003 0.7859375 0.358381503125 0.76875 0.3728323703125 0.7546875 0.346820809375 0.740625 0.346820809375 0.734375 0.3265895953125 0.721875 0.3265895953125 0.715625 0.3381502890625 0.7109375 0.3323699421875 0.7 0.3323699421875 0.6875 0.3439306359375 0.68125 0.3381502890625 0.665625 0.3381502890625 0.65625 0.3497109828125 0.6515625 0.3843930640625 0.646875 0.3901734109375 0.640625 0.3728323703125 0.6265625 0.35260115625 0.6140625 0.35260115625 0.6109375 0.358381503125 0.584375 0.3554913296875 0.5765625 0.3323699421875 0.5625 0.335260115625 0.55625 0.317919075 0.54375 0.317919075 0.5390625 0.3265895953125 0.534375 0.32080924843749997 0.5203125 0.32080924843749997 0.5109375 0.3381502890625 0.50625 0.3554913296875 0.4984375 0.3554913296875 0.49375 0.36416185 0.4921875 0.3786127171875 0.4890625 0.3843930640625 0.465625 0.3786127171875 0.4609375 0.38728323750000004 0.45625 0.41040462499999997 0.446875 0.4132947984375 0.4453125 0.39884393125 0.440625 0.38728323750000004 0.4328125 0.38728323750000004 0.421875 0.37572254374999997 0.3953125 0.36994219687499996 0.3875 0.3410404625 0.378125 0.3410404625 0.3048076921875 0.2891655546875 0.29635416718749996 0.29383429843750003 0.2974759609375 0.2839780640625 0.2942708328125 0.2755298640625 0.2921875 0.2572254328125 0.2875 0.2485549140625 0.2796875 0.2485549140625 0.2703125 0.21676300624999997 0.2703125 0.049132948437500004 0.265625 0.0375722546875 0.2546875 0.0375722546875 0.25 0.046242775 0.2453125 0.1213872828125 0.2265625 0.1271676296875 0.221875 0.0780346828125 0.2171875 0.0664739890625 0.20625 0.0549132953125 0.20625 0.028901734374999998 0.2015625 0.017341040625 0.1921875 0.017341040625 0.1859375 0.028901734374999998 0.1796875 0.0260115609375 0.175 0.017341040625 0.165625 0.017341040625 0.1203125 0.1387283234375 0.115625 0.1387283234375 0.1140625 0.1156069359375 0.1109375 0.10982658906250001 0.1015625 0.10982658906250001 0.096875 0.11849710937499999 0.0953125 0.1329479765625 0.0921875 0.1387283234375 0.0875 0.26011560624999996 0.0828125 0.2919075140625 0.1125 0.346820809375 0.1125 0.3554913296875
3 0.3609375 0 0.35 0.0028901734375 0.346875 0.0086705203125 0.340625 0.005780346875 0.328125 0.017341040625 0.3234375 0.017341040625 0.31875 0.0260115609375 0.31875 0.046242775 0.3234375 0.0549132953125 0.3185763890625 0.0671162484375 0.3046875 0.0693641625 0.3 0.0780346828125 0.29375 0.1040462421875 0.28125 0.13005780312499998 0.2796875 0.141618496875 0.2845486109375 0.15253693125 0.2796875 0.164739884375 0.2890625 0.176300578125 0.2953125 0.17052023125 0.29375 0.1589595375 0.3015625 0.1387283234375 0.31171875 0.137644509375 0.3171875 0.13005780312499998 0.3197265625 0.1366510109375 0.423828125 0.12373554843750001 0.4265625 0.11849710937499999 0.43125 0.1271676296875 0.4453125 0.1271676296875 0.4671875 0.141618496875 0.475 0.1329479765625 0.476171875 0.1221098265625 0.4798828125 0.11678106875000001 0.48359375 0.1286127171875 0.4984375 0.141618496875 0.4984375 0.15317919062500002 0.503125 0.1618497109375 0.521875 0.1618497109375 0.5265625 0.1589595375 0.53125 0.14739884375 0.53125 0.13583815 0.528125 0.1329479765625 0.5296875 0.13005780312499998 0.5279296875 0.11082008593749999 0.5359375 0.10982658906250001 0.5453125 0.083815028125 0.54375 0.0549132953125 0.5515625 0.040462428125 0.55 0.0086705203125 0.5484375 0.0028901734375 0.44375 0.005780346875 0.4375 0 0.3609375 0