1 0.32955078125 0.623859375 0.34625 0.597140625 0.34904296874999996 0.5815625 0.33373046875 0.5804375 0.32121093749999996 0.584890625 0.26277343750000004 0.574875 0.2196484375 0.562640625 0.17234375 0.557078125 0.15705078125 0.56375 0.150078125 0.57821875 0.16259765625 0.586015625 0.1584375 0.579328125 0.18486328125 0.5993593749999999 0.23912109374999999 0.61271875 0.29060546875000004 0.629421875 0.32955078125 0.623859375
1 0.25587890625 0.6564687499999999 0.28529296875 0.644703125 0.28234375 0.625875 0.23824218749999998 0.6094062499999999 0.16470703125 0.5929375 0.08234375000000001 0.602359375 0.008828125000000001 0.644703125 0.008828125000000001 0.665875 0.02646484375 0.661171875 0.08234375000000001 0.637640625 0.15 0.6329374999999999 0.23234375 0.644703125 0.25587890625 0.6564687499999999
1 0.1882421875 0.8 0.16470703125 0.778828125 0.12353515625 0.771765625 0.04412109375 0.788234375 0.10882812500000001 0.8070625 0.15294921875 0.8400000000000001 0.19705078125 0.844703125 0.18529296875 0.835296875 0.191171875 0.8235312499999999 0.1882421875 0.8
1 0.1794140625 0.73575 0.191171875 0.709875 0.208828125 0.691046875 0.2294140625 0.676921875 0.24117187499999998 0.6628125 0.22353515625 0.65575 0.208828125 0.6486875000000001 0.19412109375 0.64634375 0.16765625 0.64634375 0.12646484375 0.6439843749999999 0.09412109375 0.6439843749999999 0.03529296875 0.64634375 0.02353515625 0.660453125 0.014707031249999999 0.667515625 0.0058789062500000005 0.676921875 0.0058789062500000005 0.698109375 0.0058789062500000005 0.71928125 0.0058789062500000005 0.73575 0.014707031249999999 0.7428125 0.029414062499999998 0.7498750000000001 0.03234375 0.754578125 0.052949218750000006 0.761640625 0.0705859375 0.7639843749999999 0.07941406250000001 0.76634375 0.09412109375 0.7686875 0.10294921875 0.7686875 0.11175781250000001 0.7686875 0.12353515625 0.7686875 0.12646484375 0.7686875 0.13234375 0.7498750000000001 0.1382421875 0.8134062500000001 0.19705078125 0.796921875 0.208828125 0.771046875 0.1794140625 0.78515625 0.1705859375 0.78515625 0.15 0.771046875 0.15 0.75928125 0.1794140625 0.73575
1 0.36453125000000003 0.585125 0.34849609375 0.5722968749999999 0.34849609375 0.552125 0.36912109375 0.54846875 0.38056640625 0.533796875 0.40349609375 0.513625 0.38287109375 0.49712500000000004 0.39890625 0.491625 0.41953125 0.47512499999999996 0.42869140625 0.467796875 0.43328125 0.45496875000000003 0.40806640625 0.44762500000000005 0.36224609375 0.423796875 0.28890625000000003 0.43296875 0.27974609375 0.45862499999999995 0.22931640625 0.489796875 0.24765625 0.495296875 0.20369140625 0.5071718749999999 0.21099609375 0.535625 0.17421875 0.551953125 0.18806640624999998 0.55946875 0.34162109375 0.596125 0.36453125000000003 0.585125
1 0.43023437500000006 0.34871875 0.41792968750000004 0.352 0.40203125 0.36267187500000003 0.38460937500000003 0.372515625 0.38615234374999996 0.38153125 0.397421875 0.386453125 0.401015625 0.38728125 0.38921875 0.3934375 0.39537109375 0.40449999999999997 0.4005078125 0.407796875 0.40818359375 0.408203125 0.4369140625 0.408203125 0.4661328125 0.40368750000000003 0.47689453125 0.39671875 0.46458984374999995 0.37907812500000004 0.4661328125 0.36471875 0.47177734375 0.35528125 0.477421875 0.351171875 0.49638671875 0.351171875 0.5097265625 0.352 0.51587890625 0.34953124999999996 0.52818359375 0.351171875 0.5543359375 0.3585625 0.57740234375 0.37292187499999996 0.58408203125 0.370875 0.5861328125 0.3556875 0.58150390625 0.350765625 0.5656054687500001 0.33723437500000003 0.5471484375 0.32903125 0.54869140625 0.32903125 0.523046875 0.321640625 0.49894531249999996 0.32410937500000003 0.44716796875 0.340921875 0.43023437500000006 0.34871875
1 0 0.8157187499999999 0.0076757812499999994 0.81853125 0.031132812500000002 0.82321875 0.07685546875 0.826984375 0.11554687500000001 0.841984375 0.12494140625000001 0.8644999999999999 0.14720703125 0.8729374999999999 0.17183593749999998 0.8748125 0.13666015625 0.842921875 0.12494140625000001 0.81759375 0.08154296875 0.797890625 0.026445312500000002 0.781015625 0.00533203125 0.776328125 0.00181640625 0.780078125 0 0.7913281249999999 0 0.8157187499999999
1 0.53529296875 0.29665625 0.47431640625 0.29771875 0.44117187500000005 0.323171875 0.44117187500000005 0.33696875 0.53 0.329546875 0.5631445312500001 0.33059375 0.5724218750000001 0.310453125 0.53529296875 0.29665625
1 0.040507812500000004 0.8855000000000001 0.08207031249999999 0.8855000000000001 0.11142578125 0.8796250000000001 0.12732421875 0.8933125000000001 0.13955078125 0.8933125000000001 0.150546875 0.8855000000000001 0.150546875 0.871796875 0.12732421875 0.8581093750000001 0.11263671875 0.835609375 0.08453125 0.826796875 0.013613281250000001 0.818984375 0 0.82190625 0.0038281250000000004 0.8796250000000001 0.040507812500000004 0.8855000000000001
1 0.05673828125 0.881921875 0 0.8780468750000001 0.00189453125 0.910953125 0.0373828125 0.9290312500000001 0.060781249999999995 0.95096875 0.08013671875 0.972265625 0.10595703125 0.98646875 0.12208984375000001 0.96775 0.10595703125 0.9561249999999999 0.093046875 0.948390625 0.093046875 0.9400000000000001 0.08740234375 0.9051562499999999 0.05673828125 0.881921875
1 0.5917382812499999 0.2863125 0.60212890625 0.27978125 0.61548828125 0.27028125 0.60435546875 0.27087500000000003 0.59693359375 0.26196875 0.56724609375 0.259 0.51453125 0.25959374999999996 0.507109375 0.2649375 0.5019140625 0.26968749999999997 0.5019140625 0.27740624999999997 0.49078125000000006 0.27859375000000003 0.47000000000000003 0.27740624999999997 0.4588671875 0.28453125 0.4662890625 0.2910625 0.47296875 0.29700000000000004 0.5093359375000001 0.29700000000000004 0.55759765625 0.30115625 0.56279296875 0.30353125 0.57912109375 0.29165625 0.5917382812499999 0.2863125
0 0.76994140625 0.3433125 0.77439453125 0.3384375 0.77400390625 0.330984375 0.7707421875 0.325453125 0.76466796875 0.317671875 0.7484375 0.31246874999999996 0.73462890625 0.315390625 0.72001953125 0.3166875 0.715546875 0.323828125 0.719609375 0.325453125 0.725703125 0.327734375 0.73462890625 0.330328125 0.7399023437500001 0.334875 0.746796875 0.3433125 0.75044921875 0.34981249999999997 0.75208984375 0.35175 0.75654296875 0.3530625 0.761015625 0.352078125 0.7642578125 0.348515625 0.76994140625 0.3433125
0 0.6880859375 0.369328125 0.702890625 0.3838125 0.7177148437499999 0.3838125 0.73087890625 0.3765625 0.73828125 0.36339062499999997 0.7498046875 0.35681250000000003 0.76462890625 0.35484375 0.7498046875 0.34825 0.74076171875 0.333765625 0.73087890625 0.3285 0.7160546875 0.325203125 0.715234375 0.323890625 0.6946679687499999 0.33575 0.6856054687500001 0.344953125 0.68396484375 0.35945312500000004 0.6880859375 0.369328125