0 1 0.3580533328125 0.9940599999999999 0.3207733328125 0.9754200000000001 0.28930666718750003 0.9505800000000001 0.2810133328125 0.9294600000000001 0.29344000000000003 0.9132999999999999 0.2810133328125 0.8772800000000001 0.286 0.86174 0.27936 0.83442 0.27192 0.8126599999999999 0.2868266671875 0.79652 0.28184 0.77416 0.27936 0.7549 0.2876533328125 0.7288 0.28847999999999996 0.70086 0.28352 0.68532 0.2810133328125 0.65552 0.26776 0.63252 0.27936 0.62942 0.3406666671875 0.64806 0.3456266671875 0.65116 0.3572266671875 0.6375 0.38456 0.64432 0.41272000000000003 0.6300399999999999 0.42264 0.6232 0.4516533328125 0.62508 0.46904 0.63252 0.4872533328125 0.6437 0.5005066671875 0.6406 0.5121066671875 0.64184 0.5576533328125 0.67974 0.5717333328125 0.71018 0.5717333328125 0.75366 0.5717333328125 0.7958999999999999 0.57504 0.8219799999999999 0.57256 0.8375199999999999 0.5651200000000001 0.8573999999999999 0.57752 0.8859600000000001 0.5783733328125 0.91206 0.57504 0.9338 0.5825066671875 0.9542999999999999 0.5791999999999999 0.97604 0.5576533328125 0.9747999999999999 0.53528 0.97108 0.5129333328125 1 0.51128 1 0.3580533328125
0 0.9193 0.10410666718749999 0.9276199999999999 0.1027733328125 0.9385999999999999 0.0996533328125 0.94858 0.08856 0.94626 0.0664 0.94026 0.0548533328125 0.9239599999999999 0.0450933328125 0.90832 0.0419733328125 0.8986599999999999 0.0473066671875 0.88834 0.057066667187499996 0.8840199999999999 0.0664 0.87836 0.0805866671875 0.88602 0.1009866671875 0.91164 0.10410666718749999 0.9193 0.10410666718749999
0 0.65014 0 0.6416999999999999 0.0779466671875 0.65856 0.14312 0.7226 0.1813333328125 0.8153 0.19032 0.9332800000000001 0.1745866671875 1 0.1543466671875 1 0 0.65014 0
0 0.02534 0.1655466671875 0.05574 0.1858133328125 0.10980000000000001 0.19032 0.13852 0.2015733328125 0.15202 0.1948266671875 0.17736000000000002 0.19706666718750002 0.20270000000000002 0.1880533328125 0.21960000000000002 0.20384000000000002 0.24832 0.1768 0.24662 0.1430133328125 0.27196 0.1430133328125 0.29392 0.09346666718749999 0.27027999999999996 0.0641866671875 0.27027999999999996 0.0326666671875 0.24323999999999998 0.0101333328125 0.21452 0.0394133328125 0.19088 0.0236533328125 0.16721999999999998 0.0484266671875 0.1419 0.0304 0.12668 0.0484266671875 0.1081 0.0371733328125 0.08614000000000001 0.0484266671875 0.057440000000000005 0.0394133328125 0.0456 0.0709333328125 0.02028 0.09797333281250001 0.01014 0.1272533328125 0.02534 0.1655466671875
0 0.9977600000000001 0.7325866671875 0.9842599999999999 0.70336 0.9691000000000001 0.70336 0.9236000000000001 0.7123466671875 0.91516 0.7101066671875 0.8629200000000001 0.7078666671875 0.82752 0.70112 0.8039400000000001 0.7078666671875 0.77866 0.6988800000000001 0.74662 0.70112 0.72472 0.6921333328125 0.67416 0.6809066671874999 0.62192 0.6674133328125 0.5814600000000001 0.9101066671875 0.60506 0.94832 0.61012 0.9887733328125 0.61348 0.9842666671875 0.9994400000000001 0.9887733328125 0.9977600000000001 0.7325866671875
0 0.09944 0.7617866671875 0.09944 0.7707733328125 0.0809 0.7617866671875 0.062360000000000006 0.7527999999999999 0.06742000000000001 0.7280800000000001 0.07078 0.70112 0.07078 0.6988800000000001 0.0455 0.6921333328125 0.021920000000000002 0.6988800000000001 0.025280000000000004 0.6853866671875 0.00674 0.6876533328125001 0.0034000000000000002 0.9025333328125 0.014660000000000001 0.9094666671875 0.03112 0.906 0.038919999999999996 0.90136 0.040639999999999996 0.9129066671875 0.0753 0.9163733328125 0.09090000000000001 0.91984 0.12467999999999999 0.93488 0.13508 0.91984 0.14114 0.8863466671875001 0.15242 0.8701866671875 0.16368 0.8493866671875001 0.1706 0.8413066671875 0.1758 0.8332 0.18534 0.8077866671875 0.181 0.7939466671875001 0.181 0.7927733328125 0.18273999999999999 0.7870133328125 0.19226000000000001 0.7708266671875 0.19226000000000001 0.7500266671875 0.19054 0.7280800000000001 0.19054 0.71424 0.16888 0.7026666671874999 0.14722 0.7026666671874999 0.12208000000000001 0.6980533328125 0.10216 0.71424 0.09609999999999999 0.73272 0.1028 0.7617866671875 0.09437999999999999 0.7325866671875 0.09944 0.7595466671875 0.09944 0.7617866671875
3 0.21742 0.79288 0.1854 0.8265866671875 0.22078000000000003 0.8985066671874999 0.21404 0.9412 0.22416 0.9501866671875 0.52416 0.9861333328124999 0.52248 0.93896 0.5528 0.9254666671875 0.5595600000000001 0.8962666671875 0.5595600000000001 0.8580533328125 0.5528 0.84008 0.5427 0.8153600000000001 0.52584 0.7726666671875 0.57472 0.7412 0.56292 0.6737866671875 0.44494 0.66704 0.3691 0.6602933328125 0.29158 0.6580533328125 0.22583999999999999 0.63784 0.22752 0.71648 0.23764 0.7726666671875 0.21742 0.79288
3 0.5398 0.4046666671875 0.53086 0.4208 0.5240199999999999 0.44954666718749997 0.52824 0.4733866671875 0.53454 0.48392 0.55874 0.49232 0.57714 0.48602666718750004 0.5924 0.46426666718750004 0.58978 0.42991999999999997 0.58346 0.4095733328125 0.56504 0.39976 0.5398 0.4046666671875
3 0.5633 0.2992533328125 0.5569200000000001 0.27586666718749997 0.5362 0.2620266671875 0.52264 0.2620266671875 0.5043 0.2726666671875 0.50032 0.2960533328125 0.5051 0.3428266671875 0.52344 0.3428266671875 0.55374 0.3396266671875 0.5633 0.2992533328125
3 0.49888000000000005 0.48989333281249997 0.47866 0.48090666718749997 0.45506 0.47192 0.43484 0.48989333281249997 0.42977999999999994 0.5168533328125 0.43146000000000007 0.5393333328125001 0.44158 0.5662933328124999 0.4854 0.5685333328125 0.49888000000000005 0.5438133328125 0.49888000000000005 0.5303466671875 0.49888000000000005 0.48989333281249997
3 0.47253999999999996 0.1300533328125 0.47422000000000003 0.2017866671875 0.5078400000000001 0.2040266671875 0.5280199999999999 0.1838666671875 0.53308 0.16592 0.53308 0.1434933328125 0.52634 0.1278133328125 0.5179400000000001 0.11882666718749998 0.5128999999999999 0.11882666718749998 0.4843 0.11882666718749998 0.47253999999999996 0.1300533328125
3 0.39942 0.3524533328125 0.40279999999999994 0.34858666718750003 0.41247999999999996 0.34344 0.42554 0.34344 0.42990000000000006 0.3473066671875 0.43620000000000003 0.3427733328125 0.44442000000000004 0.33632 0.44974 0.3208533328125 0.44878 0.30728 0.44539999999999996 0.2930933328125 0.44104 0.2827733328125 0.43426 0.27632 0.42168 0.27114666718749997 0.40668 0.27114666718749997 0.39506 0.2795466671875 0.38924 0.28664 0.3849 0.2982666671875 0.38344 0.31309333281249996 0.38732 0.33181333281250003 0.39312 0.34472 0.39942 0.3524533328125
3 0.37078 0.4813333328125 0.39402 0.48575999999999997 0.4051 0.4739466671875 0.4051 0.43263999999999997 0.4051 0.42229333281250003 0.39402 0.40605333281249995 0.38405999999999996 0.40015999999999996 0.38073999999999997 0.40015999999999996 0.35196 0.41344000000000003 0.34531999999999996 0.42672 0.34531999999999996 0.46805333281249994 0.37078 0.4813333328125
3 0.32866 0.3348266671875 0.33033999999999997 0.29888 0.30674 0.2809066671875 0.29158 0.2831466671875 0.27134 0.29888 0.26966 0.31234666718750004 0.28146 0.3528 0.29158 0.3550666671875 0.31854 0.35056 0.32866 0.3348266671875
3 0.47164 0.4144 0.46136 0.43983999999999995 0.46504 0.46821333281250005 0.49363999999999997 0.48288000000000003 0.50612 0.48776 0.51932 0.47896 0.52298 0.45743999999999996 0.52518 0.4281066671875 0.50978 0.41344000000000003 0.4951 0.4017066671875 0.47164 0.4144
3 0.38192 0.54608 0.3887 0.5583466671874999 0.39984000000000003 0.5654399999999999 0.41773999999999994 0.5615733328125 0.42548 0.5486666671875 0.42888000000000004 0.5415733328125001 0.43322000000000005 0.5286666671875 0.43468 0.5009066671875 0.43372 0.4841333328125 0.42162 0.4725066671875 0.41194 0.47058666718750003 0.39692 0.47122666718749995 0.38239999999999996 0.4854133328125 0.37998 0.49962666718750004 0.37902 0.51576 0.3795 0.5305866671875 0.38192 0.54608
3 0.5595 0.3969066671875 0.56434 0.3820533328125 0.56094 0.3581866671875 0.54982 0.34269333281250003 0.5323800000000001 0.3356 0.51206 0.3414133328125 0.5019 0.35301333281249997 0.49802 0.3807733328125 0.5023799999999999 0.4065866671875 0.51642 0.42272 0.529 0.43304 0.53094 0.4272266671875 0.544 0.4072266671875 0.5595 0.3969066671875
0 0.02644 0.2927466671875 0.019819999999999997 0.2997866671875 0.01784 0.31477333281250003 0.01784 0.33325333281249997 0.00728 0.34384000000000003 0.00198 0.34296000000000004 0.00066 0.5235466671875 0.01652 0.51296 0.04096 0.5314666671875 0.06674 0.5191466671875 0.07268 0.5332266671875 0.10638 0.5314666671875 0.11495999999999999 0.5402666671875 0.13213999999999998 0.5438133328125 0.15592 0.5314666671875 0.1698 0.5429333328125 0.20482 0.5393866671875001 0.20812 0.5041599999999999 0.21472000000000002 0.4874133328125 0.23852 0.46629333281249996 0.24115999999999999 0.43016 0.23918 0.41256000000000004 0.24775999999999998 0.3825866671875 0.24710000000000001 0.3658666671875 0.24115999999999999 0.34384000000000003 0.25106 0.34208 0.25966 0.28570666718750004 0.25568 0.27599999999999997 0.23454000000000003 0.26632 0.20944 0.28570666718750004 0.19952 0.2909866671875 0.18368 0.2901066671875 0.17243999999999998 0.2927466671875 0.16188 0.28658666718750003 0.14206000000000002 0.28304 0.12422 0.2909866671875 0.1176 0.2901066671875 0.09844 0.27864 0.07598 0.29450666718749996 0.061439999999999995 0.28658666718750003 0.03766 0.28570666718750004 0.02644 0.2927466671875
3 0.49916 0.5327200000000001 0.50492 0.5518666671875 0.5099400000000001 0.5614399999999999 0.51856 0.5690933328125001 0.5379400000000001 0.5710133328125 0.55158 0.5662133328125 0.55948 0.55664 0.56522 0.5374933328125 0.56594 0.5221866671875001 0.56522 0.5078133328125001 0.5616399999999999 0.4992 0.55374 0.4925066671875 0.53506 0.48581333281249994 0.52932 0.48101333281249997 0.51424 0.4877066671875 0.50492 0.49824 0.49916 0.5154666671875 0.49916 0.5327200000000001
3 0.34822000000000003 0.4181333328125 0.36588 0.40818666718749996 0.38082 0.4000266671875 0.38523999999999997 0.3796533328125 0.38523999999999997 0.3728533328125 0.38354 0.3646933328125 0.37606 0.34568 0.35806 0.3348266671875 0.34006 0.3397866671875 0.32988 0.3484 0.32614 0.36378666718749997 0.32511999999999996 0.38237333281249997 0.3258 0.3968533328125 0.33564 0.4117866671875 0.34822000000000003 0.4181333328125
3 0.296 0 0.27999999999999997 0.016 0.27999999999999997 0.032 0.286 0.04 0.294 0.04 0.294 0.0533333328125 0.288 0.061333332812499995 0.288 0.0773333328125 0.294 0.088 0.286 0.0986666671875 0.286 0.1146666671875 0.292 0.1226666671875 0.292 0.128 0.286 0.1226666671875 0.262 0.12 0.256 0.128 0.2621904765625 0.13879365 0.256 0.14666666718750002 0.264 0.1653333328125 0.272 0.17333333281250002 0.27599999999999997 0.192 0.282 0.2 0.292 0.2 0.292 0.2106666671875 0.294 0.2053333328125 0.3 0.2133333328125 0.298 0.2213333328125 0.32799999999999996 0.2746666671875 0.322 0.2826666671875 0.322 0.29333333281249996 0.32999999999999996 0.2986666671875 0.32999999999999996 0.3066666671875 0.32599999999999996 0.3386666671875 0.32799999999999996 0.3413333328125 0.324 0.3546666671875 0.32 0.3493333328125 0.29 0.3573333328125 0.282 0.3546666671875 0.27799999999999997 0.344 0.266 0.344 0.258 0.3546666671875 0.258 0.3946666671875 0.27599999999999997 0.4186666671875 0.27799999999999997 0.45066666718750004 0.292 0.472 0.292 0.4773333328125 0.272 0.48266666718750006 0.266 0.49066666718749996 0.258 0.5066666671875 0.258 0.5253333328124999 0.264 0.5333333328125 0.268 0.5333333328125 0.27 0.5466666671875 0.282 0.5626666671875 0.316 0.5653333328125 0.32599999999999996 0.5493333328125 0.33199999999999996 0.5573333328125 0.368 0.5573333328125 0.378 0.528 0.376 0.488 0.40800000000000003 0.46666666718750005 0.43200000000000005 0.48266666718750006 0.434 0.49066666718749996 0.45199999999999996 0.47466666718750006 0.46799999999999997 0.47466666718750006 0.462 0.4453333328125 0.46799999999999997 0.42400000000000004 0.46799999999999997 0.41333333281250006 0.46399999999999997 0.40800000000000003 0.466 0.4026666671875 0.47400000000000003 0.4026666671875 0.48200000000000004 0.3946666671875 0.488 0.4 0.5 0.4 0.5 0.368 0.502 0.3546666671875 0.508 0.3466666671875 0.502 0.3173333328125 0.492 0.3066666671875 0.45199999999999996 0.3066666671875 0.44800000000000006 0.32799999999999996 0.44400000000000006 0.3386666671875 0.438 0.344 0.41200000000000003 0.344 0.398 0.352 0.388 0.3386666671875 0.384 0.3173333328125 0.386 0.296 0.398 0.2773333328125 0.388 0.2773333328125 0.38 0.264 0.37 0.2613333328125 0.37 0.2293333328125 0.376 0.21600000000000003 0.372 0.1946666671875 0.386 0.2026666671875 0.4 0.2026666671875 0.40800000000000003 0.192 0.45 0.1946666671875 0.472 0.1893333328125 0.518 0.2053333328125 0.528 0.1946666671875 0.5740000000000001 0.1973333328125 0.5780000000000001 0.192 0.5860000000000001 0.192 0.606 0.16799999999999998 0.62 0.1386666671875 0.618 0.1253333328125 0.61 0.1173333328125 0.604 0.1173333328125 0.6 0.11200000000000002 0.5980000000000001 0.0986666671875 0.5900000000000001 0.0933333328125 0.5900000000000001 0.088 0.602 0.06933333281250001 0.61 0.06933333281250001 0.614 0.064 0.624 0.032 0.624 0.008 0.62 0 0.418 0 0.41200000000000003 0.0053333328125 0.40599999999999997 0.0053333328125 0.40199999999999997 0 0.296 0