3 0.784359375 0.793777778125 0.7857031250000001 0.7881944437499999 0.78390625 0.7786111109375 0.775828125 0.780222221875 0.775390625 0.7858055562499999 0.77628125 0.7913888890624999 0.7780781250000001 0.7953611109375001 0.784359375 0.793777778125
3 0.26949999999999996 0.567777778125 0.269765625 0.5731111109375 0.27503125 0.57625 0.272765625 0.57980555625 0.26949999999999996 0.58469444375 0.270015625 0.5878333328124999 0.270765625 0.5896111109375 0.273765625 0.5936111109375 0.27578125 0.5980833328124999 0.27603125 0.5994166671875 0.27703125 0.602972221875 0.27878125 0.602527778125 0.27953125 0.602527778125 0.28254687500000003 0.6056666671875 0.28454687500000003 0.6020833328124999 0.284796875 0.5922777781249999 0.2855625 0.594972221875 0.2855625 0.598527778125 0.2888125 0.59630555625 0.2868125 0.6020833328124999 0.2890625 0.604777778125 0.2890625 0.60655555625 0.2895625 0.6038888890624999 0.290328125 0.6074444437500001 0.293328125 0.605222221875 0.292828125 0.5980833328124999 0.2870625 0.5936111109375 0.294328125 0.594972221875 0.29609375 0.594527778125 0.29634375 0.5905 0.293828125 0.58425 0.29609375 0.5753333328125 0.29709375 0.5713333328125 0.29584375 0.5646388890625 0.29684374999999996 0.55975 0.292828125 0.5508333328125 0.29107812499999997 0.5459166671875 0.2895625 0.54725 0.27978125 0.5503888890625 0.27753125 0.5526111109375 0.27753125 0.561972221875 0.272765625 0.5650833328125 0.26949999999999996 0.567777778125
1 0.6890468750000001 0.5546388890625 0.6763281250000001 0.5144166671875 0.670671875 0.52194444375 0.678015625 0.5566388890625 0.687640625 0.5631666671875 0.6890468750000001 0.5546388890625
1 0.6134062499999999 0.5163611109375 0.618296875 0.5341388890625 0.621234375 0.54744444375 0.6223124999999999 0.5650277781249999 0.6273125 0.56425 0.62959375 0.5553611109375 0.62959375 0.5478333328125 0.62775 0.5358611109375 0.623734375 0.5256388890625 0.618078125 0.515777778125 0.613734375 0.5123055562500001 0.6129687500000001 0.5138611109375 0.6134062499999999 0.5163611109375
1 0.53196875 0.5226111109375 0.534296875 0.5358611109375 0.535234375 0.5391666671875 0.539421875 0.5333888890625 0.544546875 0.54 0.546421875 0.548277778125 0.5478125 0.5491111109375 0.5501406249999999 0.548277778125 0.552015625 0.548277778125 0.555265625 0.54580555625 0.5580625 0.542472221875 0.5589999999999999 0.5391666671875 0.559921875 0.5391666671875 0.565984375 0.5441388890625001 0.56784375 0.5383333328125001 0.56878125 0.535027778125 0.56971875 0.53255555625 0.571109375 0.53255555625 0.57903125 0.5408333328125 0.577625 0.52344444375 0.577625 0.5176388890625 0.57996875 0.5201111109375 0.58415625 0.5250833328125 0.586015625 0.5126666671875 0.586953125 0.50769444375 0.587875 0.50605555625 0.590671875 0.505222221875 0.592078125 0.5010833328125 0.593 0.49775 0.575296875 0.47125000000000006 0.566921875 0.47125000000000006 0.564125 0.487 0.561328125 0.4936111109375 0.55759375 0.4936111109375 0.551546875 0.4845 0.551078125 0.478722221875 0.53709375 0.487 0.53196875 0.49858333281249995 0.5291875 0.5176388890625 0.53196875 0.5226111109375
1 0.585421875 0.373472221875 0.585859375 0.37869444375 0.585421875 0.3858333328125 0.583890625 0.39394444375000004 0.5817187500000001 0.40497222187500004 0.591171875 0.400722221875 0.594875 0.3900833328125 0.594875 0.3756111109375 0.5915 0.3678888890625 0.587265625 0.362472221875 0.584765625 0.36324999999999996 0.5843281250000001 0.36613888906250003 0.585421875 0.373472221875
1 0.575734375 0.28700000000000003 0.573203125 0.2928888890625 0.569890625 0.303277778125 0.5679531250000001 0.30775 0.5700937500000001 0.3126111109375 0.572625 0.3070833328125 0.575140625 0.31330555625 0.5774843749999999 0.3081111109375 0.5802031249999999 0.319527778125 0.582921875 0.31675 0.585453125 0.3181388890625 0.58759375 0.31536111093749997 0.5899375 0.320222221875 0.59265625 0.31466666718749997 0.5951875 0.31466666718749997 0.59615625 0.31225 0.600234375 0.31155555625 0.600234375 0.306027778125 0.602375 0.3025833328125 0.602375 0.2980833328125 0.5955781250000001 0.2818333328125 0.59109375 0.285972221875 0.5899375 0.2915 0.58565625 0.28805555625 0.583703125 0.29080555625 0.583125 0.285972221875 0.5815625 0.28494444375 0.578640625 0.28494444375 0.575734375 0.28700000000000003
1 0.24300000000000002 0.42286111093749995 0.25259375 0.42286111093749995 0.26278125 0.413277778125 0.26696875000000003 0.40580555625 0.26696875000000003 0.40049999999999997 0.265171875 0.38769444375 0.261578125 0.3791666671875 0.254984375 0.3749166671875 0.24720312500000002 0.3749166671875 0.23940625 0.3749166671875 0.234015625 0.371722221875 0.22562500000000002 0.4026111109375 0.23221875 0.42180555625 0.23940625 0.4271111109375 0.24300000000000002 0.42286111093749995
1 0.45795312499999996 0.3005 0.4599375 0.308527778125 0.46529687500000005 0.314527778125 0.46925 0.31905555625000004 0.47629687499999995 0.31805555625 0.48053125 0.315527778125 0.483078125 0.307 0.48221875000000003 0.295472221875 0.47996875 0.28994444375 0.474609375 0.28994444375 0.47009375000000003 0.295472221875 0.46557812500000006 0.294472221875 0.46218750000000003 0.293972221875 0.459359375 0.293972221875 0.45795312499999996 0.3005
1 0.36929687499999997 0.4643333328125 0.37301562499999996 0.46349999999999997 0.37628125 0.46266666718750005 0.379546875 0.4618333328125 0.383734375 0.456027778125 0.381875 0.44858333281249996 0.379546875 0.43616666718749997 0.37487499999999996 0.43036111093749996 0.368359375 0.43616666718749997 0.36462500000000003 0.44858333281249996 0.36509375 0.45686111093750004 0.367421875 0.4643333328125 0.36929687499999997 0.4643333328125
1 0.7114843750000001 0.51325 0.714015625 0.5196666671875 0.717625 0.5241666671874999 0.7187187500000001 0.52225 0.721609375 0.5196666671875 0.721609375 0.5158333328125 0.717625 0.50105555625 0.710765625 0.4914166671875 0.70859375 0.48819444375 0.706421875 0.4914166671875 0.707875 0.4933333328125 0.708234375 0.50105555625 0.7089531250000001 0.50619444375 0.7114843750000001 0.51325
1 0.699125 0.49488888906249995 0.69484375 0.5019166671875 0.6932968749999999 0.5138333328125 0.694328125 0.5236111109375 0.698953125 0.528777778125 0.7025625 0.53 0.70496875 0.53 0.705828125 0.528472221875 0.7085781250000001 0.5278611109375 0.711328125 0.52969444375 0.71321875 0.5275555562500001 0.715265625 0.526027778125 0.71440625 0.5205555562499999 0.7111562499999999 0.5123055562500001 0.70875 0.504972221875 0.70875 0.49611111093750004 0.708234375 0.4930833328125 0.7073750000000001 0.49124999999999996 0.70909375 0.4875833328125 0.706515625 0.48544444374999995 0.7039375 0.48819444375 0.7011875 0.489722221875 0.699125 0.4921666671875 0.699125 0.49488888906249995
0 0.42281250000000004 0.6235277781249999 0.42331250000000004 0.6193333328125 0.422953125 0.6144722218750001 0.42173437500000005 0.6126944437499999 0.41764062500000004 0.61319444375 0.415984375 0.6180555562500001 0.41764062500000004 0.6236666671875 0.41792187500000005 0.6241666671874999 0.42281250000000004 0.6235277781249999
0 0.4663125 0.6349166671875001 0.474984375 0.6307222218749999 0.478546875 0.6244166671875 0.47223437500000004 0.61319444375 0.46473437500000003 0.605472221875 0.44975 0.5998611109375 0.4245 0.59775 0.412265625 0.605472221875 0.394125 0.605472221875 0.38584375 0.6103888890625 0.37084375 0.6251111109374999 0.371234375 0.6314166671875 0.396484375 0.634222221875 0.39925 0.6328333328125 0.44225000000000003 0.6328333328125 0.4663125 0.6349166671875001
0 0.40512499999999996 0.7057777781250001 0.405296875 0.70425 0.40787500000000004 0.700277778125 0.412328125 0.694777778125 0.412671875 0.687777778125 0.40598437499999995 0.6856388890625 0.39928125 0.687472221875 0.394125 0.6883888890625001 0.39053125 0.7005833328125 0.392078125 0.7024166671875001 0.399109375 0.7024166671875001 0.40512499999999996 0.7057777781250001
0 0.47015624999999994 0.65525 0.46703124999999995 0.6537499999999999 0.46448437499999995 0.65575 0.46392187500000004 0.65775 0.462796875 0.6627777781249999 0.467890625 0.66680555625 0.46929687500000006 0.662277778125 0.47043749999999995 0.659277778125 0.47015624999999994 0.65525
0 0.46895312499999997 0.6131111109375 0.48159375000000004 0.6198611109375001 0.48159375000000004 0.6041111109374999 0.48034375 0.5816388890625 0.474015625 0.5681666671875 0.45884375000000005 0.5659166671875 0.446203125 0.55469444375 0.43735937500000005 0.5501944437499999 0.42725 0.5501944437499999 0.41334375 0.55244444375 0.3994375 0.5569166671875 0.38553125 0.5569166671875 0.3766875 0.5659166671875 0.370359375 0.5726666671875 0.36278125 0.5793888890625001 0.364046875 0.5951388890625 0.36657812500000003 0.5973888890625 0.370359375 0.5973888890625 0.381734375 0.5973888890625 0.38932812499999997 0.5973888890625 0.3994375 0.6063611109375 0.40449999999999997 0.6086111109375001 0.41460937500000006 0.6108611109375001 0.42978125 0.6131111109375 0.45 0.5906388890625001 0.453796875 0.5906388890625001 0.46895312499999997 0.6131111109375
0 0.39253125 0.6421111109375001 0.380046875 0.6465555562499999 0.375796875 0.653222221875 0.39603125 0.653222221875 0.399515625 0.6754166671874999 0.41950000000000004 0.6754166671874999 0.42523437499999994 0.6709722218749999 0.430984375 0.6740833328125 0.430984375 0.6505555562499999 0.454453125 0.6518888890625 0.46218750000000003 0.6523333328125 0.4614375 0.67675 0.48165625 0.67805555625 0.48490625 0.6669722218749999 0.48315625000000006 0.651 0.47592187499999994 0.63944444375 0.470421875 0.6425555562499999 0.454453125 0.635027778125 0.42923437499999995 0.63280555625 0.397515625 0.63280555625 0.40251562500000004 0.631472221875 0.39653125 0.63280555625 0.39253125 0.6421111109375001
0 0.37834375 0.687027778125 0.3793125 0.69255555625 0.3819375 0.6900000000000001 0.384328125 0.68744444375 0.38840625 0.6848888890625 0.38601562500000003 0.6806388890624999 0.382171875 0.6789166671875 0.379546875 0.681472221875 0.37834375 0.687027778125
1 0.303515625 0.363777778125 0.30415625 0.3796111109375 0.307328125 0.3796111109375 0.309875 0.376222221875 0.31178125 0.38525 0.31559375 0.3909166671875 0.316875 0.39430555625 0.323875 0.39655555625 0.32578125 0.39769444374999996 0.3283125 0.39769444374999996 0.33340625 0.3909166671875 0.342953125 0.3863888890625 0.342953125 0.3796111109375 0.344859375 0.36830555625 0.33023437499999997 0.34569444374999997 0.323234375 0.3490833328125 0.31432812499999996 0.34569444374999997 0.31178125 0.3468333328125 0.3060625 0.352472221875 0.303515625 0.363777778125
1 0.6301249999999999 0.3673333328125 0.632421875 0.3748888890625 0.63371875 0.37255555625 0.637640625 0.38069444375 0.639609375 0.38416666718750003 0.6415625 0.3748888890625 0.6455 0.377777778125 0.6471250000000001 0.38186111093749997 0.648765625 0.38127777812499997 0.651046875 0.375472221875 0.654 0.3766111109375 0.6546406250000001 0.3713888890625 0.65759375 0.370222221875 0.6585625 0.3655833328125 0.66184375 0.36094444375 0.659875 0.3551111109375 0.65759375 0.3516388890625 0.653015625 0.34755555625 0.6471250000000001 0.346972221875 0.64353125 0.3458333328125 0.6425468750000001 0.3464166671875 0.639609375 0.348722221875 0.636015625 0.3464166671875 0.637640625 0.346972221875 0.63371875 0.3446666671875 0.631765625 0.34755555625 0.627515625 0.35452777812499997 0.6301249999999999 0.3673333328125
1 0.6404687499999999 0.57294444375 0.64925 0.5833611109375 0.6591875 0.581277778125 0.662125 0.581277778125 0.666796875 0.5833611109375 0.67265625 0.5708888890625 0.6773281250000001 0.575027778125 0.68084375 0.561527778125 0.6685625 0.52405555625 0.66796875 0.516777778125 0.6574375 0.5146944437500001 0.641046875 0.5417500000000001 0.6381249999999999 0.56775 0.6404687499999999 0.57294444375