1 0.733140625 0.7412083328125 0.716296875 0.69625 0.694375 0.6850208328125 0.6893281250000001 0.6198541671875 0.638765625 0.6333333328124999 0.62696875 0.6782708328125 0.616859375 0.6221041671875 0.603375 0.6400833328125 0.603375 0.6805208328125001 0.57134375 0.6355833328125 0.562921875 0.6805208328125001 0.566296875 0.6985 0.535953125 0.6782708328125 0.52921875 0.7164791671875 0.510671875 0.70075 0.45337500000000003 0.9704166671875001 0.483703125 0.9883958328125001 0.664046875 0.9749166671875 0.733140625 0.7412083328125
1 0.42942187499999995 0.7226666671875 0.430921875 0.7126041671875 0.42753125000000003 0.7060625 0.41848437499999996 0.696 0.40904687500000003 0.6904791671875 0.407546875 0.6940000000000001 0.40565625 0.7141041671874999 0.40717187499999996 0.7291875 0.41621874999999997 0.7427708328125 0.421875 0.7362291671875 0.42904687499999994 0.7347291671875 0.42942187499999995 0.7226666671875
1 0.550703125 0.4833541671875 0.546359375 0.5148333328125 0.554421875 0.5413333328125 0.576796875 0.5645208328125 0.58921875 0.562875 0.6128125 0.5537708328125001 0.617171875 0.5388541671875 0.636421875 0.5330625 0.6333125 0.520625 0.6271093750000001 0.4991041671875 0.601640625 0.48254166718749997 0.615921875 0.47839583281250003 0.60846875 0.45022916718749995 0.584859375 0.44775 0.575546875 0.45602083281250005 0.56934375 0.4527083328125 0.560640625 0.4667916671875 0.550703125 0.4833541671875
1 0.684265625 0.292125 0.75 0.2719166671875 0.7550625 0.2674166671875 0.7483125 0.2696666671875 0.746625 0.2674166671875 0.758421875 0.25393750000000004 0.783703125 0.23370833281249997 0.7971874999999999 0.2224791671875 0.8039375 0.21347916718749999 0.835953125 0.26516666718750004 0.8460625 0.1752708328125 0.8477499999999999 0.1640416671875 0.8477499999999999 0.0808958328125 0.692703125 0.00225 0.640453125 0.0224791671875 0.62190625 0.0224791671875 0.6101093750000001 0.0179791671875 0.5646093750000001 0.044937500000000005 0.5561875 0.0494375 0.52246875 0.094375 0.514046875 0.1325833328125 0.514046875 0.1550625 0.52584375 0.19102083281249999 0.583140625 0.21347916718749999 0.586515625 0.22472916718749997 0.5949375 0.2561875 0.642140625 0.292125 0.684265625 0.292125
1 0.736153125 0.7015708328125 0.7323906250000001 0.70736011875 0.7584531250000001 0.7691458328125 0.761828125 0.8096875000000001 0.78209375 0.8502291671875 0.793921875 0.8614791671875001 0.804046875 0.8209375 0.827703125 0.8344583328124999 0.827984375 0.8239479171875 0.8365703124999999 0.8293906249999999 0.8631718749999999 0.8141875000000001 0.9054062500000001 0.8232083328125 0.8969531249999999 0.760125 0.91046875 0.7376041671875 0.90203125 0.6677916671874999 0.918921875 0.625 0.918921875 0.5326666671875 0.91046875 0.510125 0.8783749999999999 0.46960416718750003 0.864859375 0.45608333281249996 0.8260156249999999 0.3975208328125 0.822640625 0.45608333281249996 0.80575 0.4425625 0.804046875 0.44706250000000003 0.790546875 0.46508333281249997 0.766890625 0.6114791671875001 0.783109375 0.6371541671875 0.728046875 0.6970625 0.736153125 0.7015708328125
1 0.250375 0.1009791671875 0.241828125 0.0964166671875 0.229015625 0.1061041671875 0.222609375 0.1197708328125 0.21662499999999998 0.12945833281250002 0.212359375 0.1323125 0.20765625000000001 0.1288958328125 0.2089375 0.14141666718749998 0.20935937500000001 0.15225 0.200828125 0.1437083328125 0.19484375 0.1465416671875 0.19484375 0.15225 0.1905625 0.147125 0.18757812499999998 0.1562291671875 0.18928125 0.1653541671875 0.19740625 0.1750208328125 0.192703125 0.18414583281250002 0.1986875 0.18812500000000001 0.20125 0.1898333328125 0.2089375 0.1949583328125 0.21192187499999998 0.1978125 0.21834375 0.18927083281249998 0.23500000000000001 0.1664791671875 0.24739062500000003 0.1636458328125 0.25678125 0.1619166671875 0.263625 0.1590833328125 0.263203125 0.1408541671875 0.258921875 0.12547916718750002 0.25421875 0.10725 0.250375 0.1009791671875
1 0.1263125 0.1294166671875 0.111453125 0.1078125 0.110109375 0.1330208328125 0.09323437500000001 0.1078125 0.09323437500000001 0.1177083328125 0.08715625 0.12491666718750001 0.095921875 0.1618125 0.077703125 0.1420208328125 0.07229687500000001 0.14922916718749998 0.08445312499999999 0.1735208328125 0.078375 0.1807291671875 0.07162500000000001 0.1717291671875 0.06690625 0.1834166671875 0.07703125 0.2365208328125 0.096609375 0.30133333281249997 0.10874999999999999 0.3193333328125 0.129 0.312125 0.14656249999999998 0.30222916718750004 0.16343749999999999 0.2932291671875 0.175578125 0.2743333328125 0.1600625 0.21672916718750002 0.15465625 0.1735208328125 0.14656249999999998 0.12402083281250001 0.1330625 0.114125 0.1263125 0.1294166671875
1 0.020624999999999998 0.1518125 0.015703125000000002 0.187375 0.015703125000000002 0.2210833328125 0.020624999999999998 0.23981249999999998 0.026937499999999996 0.2763125 0.02834375 0.3043958328125 0.026937499999999996 0.3203125 0.051515624999999995 0.3315625 0.066265625 0.3325 0.071875 0.3147083328125 0.093640625 0.3165833328125 0.09434375 0.2875625 0.07890625 0.2444791671875 0.061343749999999996 0.1686666671875 0.051515624999999995 0.1621041671875 0.035375000000000004 0.147125 0.020624999999999998 0.1518125
1 0.34895312500000003 0.1450625 0.3606875 0.1450625 0.36701562499999996 0.1450625 0.36971875 0.1414583328125 0.36971875 0.12097916718749999 0.36339062499999997 0.0884791671875 0.358875 0.053541667187499996 0.36339062499999997 0.024645832812499997 0.3525625 0.024645832812499997 0.33359375 0.031875 0.329078125 0.0556041671875 0.32365625 0.1342291671875 0.338109375 0.143875 0.34895312500000003 0.1450625
1 0.44381250000000005 0.7678333328125 0.4404375 0.7588333328125 0.431765625 0.7453541671874999 0.41971875000000003 0.7453541671874999 0.41490625000000003 0.7530625 0.41345312500000003 0.7620625000000001 0.41779687499999996 0.7761875 0.42212500000000003 0.7813333328125001 0.43079687499999997 0.7896875 0.44140625 0.7858125 0.44381250000000005 0.7806875 0.44381250000000005 0.7678333328125
1 0.398203125 0.8738958328124999 0.40554687500000003 0.8798958328125 0.41656250000000006 0.8722708328125 0.42228125 0.8641041671874999 0.4226875 0.8554166671875001 0.419421875 0.8461666671874999 0.414125 0.8505208328125 0.40228125 0.8488749999999999 0.39453125 0.8521458328125 0.39290625 0.8613958328125 0.398203125 0.8738958328124999
1 0.578890625 0.3585 0.5607656249999999 0.356875 0.553515625 0.3794375 0.528125 0.356875 0.519671875 0.3649375 0.51121875 0.4068333328125 0.520875 0.43904166718750004 0.5003437500000001 0.4455 0.48825 0.4519375 0.48825 0.472875 0.51484375 0.46966666718749994 0.506375 0.5083333328124999 0.512421875 0.5196041671875 0.52934375 0.5147708328125 0.539015625 0.5486041671875 0.5547187499999999 0.5518333328125 0.54746875 0.5018958328124999 0.566796875 0.4487083328125 0.607890625 0.4503333328125 0.5873437499999999 0.3875 0.578890625 0.3585
1 0.43125 0.1270833328125 0.434375 0.13125 0.43038194374999994 0.1775462953125 0.30815972187499996 0.8293981484374999 0.3125 0.83125 0.30625 0.8395833328125001 0.30625 0.8541666671874999 0.31588541718749996 0.8715277765625 0.3109375 0.8770833328125001 0.3203125 0.9104166671874999 0.3265625 0.9229166671875 0.3296875 0.9375 0.334375 0.94375 0.340625 0.9666666671874999 0.346875 0.9770833328125 0.346875 1 0.4421875 0.9979166671874999 0.4453125 0.99375 0.45 0.9729166671874999 0.453125 0.9708333328125001 0.4609375 0.9354166671874999 0.4609375 0.925 0.465625 0.9125 0.4671875 0.8854166671874999 0.4734375 0.8479166671874999 0.4796875 0.8375 0.5078125 0.7145833328125 0.50625 0.68125 0.4953125 0.6645833328124999 0.4921875 0.6270833328125 0.4875 0.61875 0.4765625 0.6166666671875001 0.4671875 0.60625 0.4609375 0.5875 0.46875 0.5645833328125 0.4765625 0.55625 0.478125 0.55 0.4828125 0.525 0.48125 0.5041666671875 0.4765625 0.49583333281249997 0.4625 0.49583333281249997 0.4578125 0.5020833328125 0.4515625 0.5020833328125 0.4484375 0.50625 0.43125 0.50625 0.43686708906250005 0.17531645625 0.4322916671875 0.1673611109375 0.43702531718750004 0.164820675 0.4342013890625 0.157175925 0.43718354374999996 0.15432489375 0.4375 0.13333333281249998 0.44635416718750004 0.13333333281249998 0.45078125 0.12835648125000002 0.45520833281249995 0.13333333281249998 0.4578125 0.1340277765625 0.5375 0.21875 0.5375 0.25 0.54375 0.2604166671875 0.55625 0.2645833328125 0.5640625 0.275 0.571875 0.2791666671875 0.5890625 0.2791666671875 0.5921875 0.2833333328125 0.6046875 0.2833333328125 0.6078125 0.2791666671875 0.609375 0.26875 0.5921875 0.2541666671875 0.578125 0.2541666671875 0.56875 0.24375 0.559375 0.23958333281250002 0.5546875 0.20625 0.5515625 0.20208333281250002 0.5421875 0.20208333281250002 0.5375 0.20833333281250002 0.53515625 0.1964120375 0.46484375 0.139699075 0.4640625 0.13333333281249998 0.4671875 0.1291666671875 0.4765625 0.1291666671875 0.490625 0.1166666671875 0.4984375 0.1166666671875 0.5046875 0.1 0.5015625 0.0625 0.4859375 0.0333333328125 0.471875 0.0270833328125 0.46875 0.01875 0.4625 0.014583332812499999 0.45625 0.0041666671875 0.446875 0.0041666671875 0.4421875 0.010416667187500001 0.4328125 0.05 0.428125 0.05625 0.4234375 0.08541666718749999 0.415625 0.1 0.42265625 0.1056712953125 0.415625 0.1166666671875 0.421875 0.125 0.43125 0.1270833328125