1 0.43666666718749997 0.609578125 0.42064583281249995 0.6187343750000001 0.4252291671875 0.629609375 0.4381875 0.650203125 0.4465833328125 0.66965625 0.4481041671875 0.701125 0.44887499999999997 0.7234375 0.46260416718749997 0.722296875 0.48472916718750003 0.71371875 0.49770833281250004 0.697125 0.5015208328125 0.683390625 0.5030416671875 0.6679375000000001 0.5015208328125 0.657640625 0.48702083281249997 0.631328125 0.4725208328125 0.6193125 0.4717708328125 0.6210312499999999 0.4481041671875 0.6118750000000001 0.43666666718749997 0.609578125
1 0.5305625 0.824640625 0.5883333328125 0.8459375 0.6147708328125 0.85328125 0.6284791671875001 0.8503437500000001 0.6382708328125 0.83859375 0.61575 0.804078125 0.586375 0.790125 0.5638541671875 0.77690625 0.5403541671875 0.7673593750000001 0.5139166671875001 0.7673593750000001 0.4659375 0.78425 0.4639791671875 0.79746875 0.4943333328125 0.8121562499999999 0.5305625 0.824640625
1 0.45885416718750005 0.80859375 0.45493750000000005 0.821078125 0.4686458328125 0.8291562499999999 0.4911666671875 0.838703125 0.528375 0.84825 0.5773333328125 0.889375 0.6116041671875 0.915078125 0.6321458328125 0.891578125 0.6292083328125 0.8798281250000001 0.6008333328125001 0.84678125 0.5646041671875001 0.826953125 0.5215208328125 0.8100625000000001 0.48235416718749996 0.8071249999999999 0.4921458328125 0.8034531250000001 0.4725625 0.8005156250000001 0.45885416718750005 0.80859375
1 0.5237708328124999 0.704421875 0.5380416671875 0.695046875 0.5451666671875001 0.687921875 0.5528958328125 0.6723125 0.5517083328125 0.656265625 0.5469583328125001 0.6415625 0.5356666671875 0.631296875 0.5213958328125 0.62684375 0.5124791671875 0.627734375 0.5053541671875 0.637984375 0.5 0.65671875 0.49524999999999997 0.678109375 0.48929166718749995 0.704421875 0.48929166718749995 0.721796875 0.5029583328125 0.7173437500000001 0.5237708328124999 0.704421875
1 0.3193958328125 0.6386406250000001 0.3122916671875 0.663828125 0.3245625 0.686125 0.35041666718750003 0.7055 0.3788333328125 0.7113125 0.418875 0.7243906250000001 0.4259791671875 0.72390625 0.42533333281249996 0.7113125 0.4098333328125 0.696296875 0.3852916671875 0.67109375 0.3710833328125 0.658015625 0.353 0.6371875 0.3510625 0.63621875 0.3213333328125 0.6371875 0.3193958328125 0.6386406250000001
1 0.4316458328125 0.8257031250000001 0.449875 0.83709375 0.4483541671875 0.84678125 0.4605 0.858734375 0.4726458328125 0.87240625 0.4931458328125 0.888921875 0.5227708328125 0.9116875 0.5493333328125 0.93446875 0.5804791671875 0.948140625 0.5941458328125 0.9464375 0.6047708328125 0.9430156249999999 0.6108541671875 0.9321875000000001 0.6062916671874999 0.9128281250000001 0.5842708328125 0.892328125 0.5652916671875 0.874109375 0.5387083328125 0.850765625 0.5174583328125 0.8410781249999999 0.4969583328125 0.827984375 0.4848125 0.8240000000000001 0.4627916671875 0.8268437499999999 0.4574583328125 0.8217187499999999 0.43393750000000003 0.81375 0.429375 0.8143125 0.42785416718749997 0.82228125 0.4316458328125 0.8257031250000001
1 0.6282083328125 0.8083750000000001 0.6422916671875 0.8071406250000001 0.6489166671875 0.80153125 0.6505833328125 0.788484375 0.6447708328124999 0.77790625 0.6282083328125 0.7716875 0.6016666671875 0.76796875 0.5519375 0.769203125 0.5842708328125 0.788484375 0.6124583328125001 0.80215625 0.6282083328125 0.8083750000000001
1 0.4221458328125 0.70578125 0.441125 0.71196875 0.4460833328125 0.7212500000000001 0.4502083328125 0.7193906250000001 0.4477291671875 0.68103125 0.4427708328125 0.6587500000000001 0.42874999999999996 0.641421875 0.4147291671875 0.62346875 0.399875 0.6148125 0.3883125 0.612328125 0.383375 0.609859375 0.3767708328125 0.61046875 0.3676875 0.612953125 0.358625 0.618515625 0.3545 0.622859375 0.35202083281249996 0.627796875 0.3511875 0.63028125 0.3536666671875 0.632140625 0.3693333328125 0.6544218749999999 0.391625 0.678546875 0.40316666718749994 0.695265625 0.4221458328125 0.70578125
1 0.5218541671875 0.749734375 0.5638541671875 0.741140625 0.6058749999999999 0.687671875 0.6007916671875 0.6628437500000001 0.5791458328125 0.6399375 0.5511250000000001 0.64375 0.5587708328125001 0.6676249999999999 0.5383958328125 0.699140625 0.495125 0.72109375 0.48110416718750004 0.7296875 0.49002083281250003 0.741140625 0.5218541671875 0.749734375
1 0.5145416671875 0.41290625 0.526625 0.41567187499999997 0.5331875 0.409078125 0.534 0.401859375 0.5321458328124999 0.395703125 0.5235624999999999 0.395703125 0.5139375 0.39725 0.509625 0.40062499999999995 0.5083958328125 0.403703125 0.509625 0.40800000000000003 0.5145416671875 0.41290625
1 0.5420416671875 0.4105625 0.5598958328125 0.411296875 0.5688333328125 0.399390625 0.5469999999999999 0.39642187500000003 0.5440208328125 0.39790625 0.5370833328125 0.40609375 0.5420416671875 0.4105625
1 0.47495833281250005 0.726046875 0.47074999999999995 0.717828125 0.46568750000000003 0.7172031249999999 0.45220833281250006 0.73046875 0.4530625 0.741203125 0.45137499999999997 0.74309375 0.4884375 0.776578125 0.5044375 0.769625 0.5246458328125 0.77025 0.47495833281250005 0.726046875