1 0.56321875 0.7386072421875001 0.5604843749999999 0.7523676874999999 0.5736718749999999 0.773649025 0.6057812499999999 0.7825348187500001 0.6244531249999999 0.7869637890625001 0.6266875 0.7851810578125 0.621453125 0.7714484671874999 0.614484375 0.7563509749999999 0.601296875 0.7452646234375 0.57715625 0.72618384375 0.5691875 0.7270752093749999 0.565203125 0.7332869078125 0.56321875 0.7386072421875001
1 0.538203125 0.7742618390625 0.52609375 0.7588300828125 0.50965625 0.7449582171875 0.49928125 0.765013928125 0.50965625 0.8112813375 0.546859375 0.8282451249999999 0.571078125 0.8035654593749999 0.563296875 0.7881337046875 0.538203125 0.7742618390625
1 0.41685937500000003 0.8135376046875 0.42212500000000003 0.8257381609375001 0.4458125 0.83509749375 0.45528124999999997 0.8247910859375001 0.471078125 0.766601671875 0.477921875 0.75253481875 0.483703125 0.704679665625 0.48003125 0.6765459609375 0.471609375 0.6755988859375 0.452125 0.7337883015625 0.432125 0.7759888578125 0.420546875 0.7957103062499999 0.41685937500000003 0.8135376046875
1 0.34559375000000003 0.7470194984375 0.351421875 0.7322562671874999 0.34835937499999997 0.7082172703125 0.342234375 0.7000278546875001 0.3284375 0.7049582171875 0.314640625 0.716434540625 0.299625 0.734456825 0.30759375 0.7295264625 0.32321875 0.7322562671874999 0.33271875 0.736100278125 0.33210937500000004 0.754679665625 0.32873437499999997 0.783091921875 0.32996875000000003 0.7814484671875 0.338234375 0.7661559890625 0.34559375000000003 0.7470194984375
1 0.70503125 0.7649303625 0.699203125 0.78841225625 0.6829531249999999 0.8354039 0.67253125 0.8556267406250001 0.6869375 0.85125348125 0.699515625 0.8283008359374999 0.710546875 0.79935933125 0.715453125 0.7736768796875 0.719734375 0.740891365625 0.718515625 0.7365181062499999 0.71146875 0.75016713125 0.70503125 0.7649303625
1 0.7091093749999999 0.825933146875 0.729546875 0.8295821734375 0.749984375 0.8295821734375 0.768375 0.8344289687499999 0.792890625 0.835654596875 0.805828125 0.8332033421875 0.8146875 0.8174373265625 0.8153750000000001 0.8089136484375 0.807203125 0.804066853125 0.7888124999999999 0.79922005625 0.767015625 0.7967688015625 0.739765625 0.79922005625 0.71728125 0.8089136484375 0.713875 0.8162116984375001 0.7070624999999999 0.8247075203125 0.7091093749999999 0.825933146875
1 0.81875 0.807047353125 0.813625 0.823871865625 0.79475 0.8484401109374999 0.792390625 0.86807799375 0.79553125 0.8715598890624999 0.8049687499999999 0.874373259375 0.8175625 0.8652646234375 0.815984375 0.8715598890624999 0.81875 0.8898050140624999 0.827796875 0.8933147625 0.8521875 0.8757938718749999 0.8608437500000001 0.884206128125 0.84903125 0.909442896875 0.8627968750000001 0.913649025 0.8934843750000001 0.8849025062500001 0.902921875 0.8470194984375 0.899390625 0.8175766015624999 0.882859375 0.79442896875 0.8832656249999999 0.792311978125 0.8659531250000001 0.792311978125 0.81875 0.807047353125
1 0.956328125 0.8320055703125 0.943296875 0.8139554312499999 0.9375 0.8171866296875001 0.93353125 0.8242618390625 0.949453125 0.8862395546874999 0.9668281249999999 0.8946239546875001 0.9744375 0.8959052921874999 0.956328125 0.8320055703125
1 0.87290625 0.7901114203125 0.8744687499999999 0.7901114203125 0.8893906250000001 0.8054596093749999 0.897234375 0.8180501390625 0.903125 0.8362395546875 0.908625 0.83476323125 0.9101874999999999 0.8151810578124999 0.9262812500000001 0.8207799437500001 0.9290312500000001 0.8067966578125001 0.9298125 0.78300835625 0.940796875 0.740250696875 0.937265625 0.7325626734374999 0.926671875 0.7227576609375 0.91921875 0.7227576609375 0.909796875 0.7388579390625 0.8952656250000001 0.7549582171875 0.8948750000000001 0.7565181062499999 0.874859375 0.7768245125 0.87290625 0.7901114203125
1 0.6783750000000001 0.735793871875 0.7004374999999999 0.732618384375 0.70996875 0.7517548749999999 0.720703125 0.732618384375 0.719515625 0.764512534375 0.7224999999999999 0.770891365625 0.743953125 0.7528133703125001 0.75409375 0.7443175484375 0.736796875 0.7230362109375 0.724875 0.67841225625 0.719515625 0.6582172703125 0.71771875 0.6316434546874999 0.709375 0.6252646234375 0.69625 0.6528969359375 0.682546875 0.6645961 0.6783750000000001 0.7209192203125 0.6783750000000001 0.735793871875
1 0.259 0.8182172703124999 0.2683125 0.8104178265625 0.27926562499999996 0.797715878125 0.28965625 0.7850417828125 0.29459375 0.778189415625 0.30334374999999997 0.7752646234375 0.309921875 0.77428969375 0.318125 0.7733147625 0.32360937500000003 0.7752646234375 0.32853125 0.7908913656250001 0.329078125 0.7879665734375 0.331265625 0.7713649031250001 0.329625 0.7489136484375 0.32360937500000003 0.7333147624999999 0.308828125 0.730389971875 0.290203125 0.74111420625 0.26503125 0.76649025 0.24860937500000002 0.8025905296875001 0.249703125 0.8025905296875001 0.25134375000000003 0.8143175484375 0.259 0.8182172703124999
1 0.215296875 0.7428690812500001 0.20290625 0.746350975 0.186921875 0.7672701953125001 0.184 0.7823676875000001 0.18203125 0.78760445625 0.185953125 0.8620055703125 0.19475 0.8730362109375 0.22931249999999997 0.8730362109375 0.22214062499999998 0.850947075 0.21953125 0.8428133703125 0.22082812500000001 0.8340947078125 0.22735937499999997 0.8300278546875001 0.23321874999999997 0.8178272984375001 0.23615624999999998 0.8114484671875 0.24104687500000002 0.8015598890625 0.24528124999999998 0.795153203125 0.24332812499999998 0.777158775 0.2475625 0.767855153125 0.2459375 0.753899721875 0.23224999999999998 0.7445961 0.2234375 0.7469359328125 0.21985937500000002 0.7474930359374999 0.215296875 0.7428690812500001
1 0.47353125 0.7600278546875 0.466171875 0.7836768796875 0.45806250000000004 0.7935376046875 0.457703125 0.8125905296875 0.465796875 0.8198050140625 0.465796875 0.828328690625 0.46948437500000006 0.8388579390625001 0.47759375000000004 0.8394986078125 0.48128125 0.84935933125 0.49121875 0.8690529250000001 0.499328125 0.8532869078124999 0.5022656249999999 0.8388579390625001 0.502640625 0.8198050140625 0.5066875 0.81192200625 0.508171875 0.799442896875 0.5070625 0.7823676875000001 0.5022656249999999 0.7646239546875 0.5052187499999999 0.7528133703125001 0.50190625 0.7521727015625 0.49564062499999995 0.7436211703125 0.48421875 0.7455988859375 0.47906250000000006 0.7508356546875 0.477953125 0.7508356546875 0.47648437499999996 0.7541225625 0.47353125 0.7600278546875
1 0.2125 0.743732590625 0.2203125 0.749303621875 0.234375 0.74651810625 0.2453125 0.7548746515625 0.246875 0.7715877437499999 0.24375 0.777158775 0.24375 0.799442896875 0.228125 0.830083565625 0.228125 0.855153203125 0.2375 0.880222840625 0.2453125 0.8885793874999999 0.2515625 0.8885793874999999 0.2640625 0.9108635093749999 0.275 0.91922005625 0.2984375 0.91922005625 0.33125 0.8997214484375 0.3421875 0.91922005625 0.353125 0.9275766015625001 0.4390625 0.9247910859375 0.44375 0.91922005625 0.46875 0.91922005625 0.478125 0.913649025 0.4828125 0.91922005625 0.5234375 0.916434540625 0.540625 0.9247910859375 0.575 0.9220055703125001 0.5828125 0.916434540625 0.6265625 0.916434540625 0.6328125 0.9247910859375 0.7359375 0.9220055703125001 0.7484375 0.9331476328124999 0.778125 0.9331476328124999 0.796875 0.91922005625 0.83125 0.91922005625 0.84375 0.9052924796875 0.8515625 0.9052924796875 0.853125 0.913649025 0.8578125 0.916434540625 0.88125 0.916434540625 0.8859375 0.9108635093749999 0.8984375 0.916434540625 0.9265625 0.916434540625 0.9375 0.9080779937499999 0.965625 0.9080779937499999 0.9875 0.9025069640625001 0.9984375 0.8913649031249999 0.9734375 0.8941504171875 0.95625 0.8328690812499999 0.946875 0.8189415046875 0.940625 0.8161559890625 0.934375 0.824512534375 0.928125 0.8133704734375 0.9265625 0.8217270187500001 0.91875 0.8189415046875 0.9192708328125001 0.8096564546874999 0.9296875 0.7883008359375 0.9390625 0.749303621875 0.9390625 0.738161559375 0.9984375 0.7214484671875 0.9875 0.71030640625 0.965625 0.713091921875 0.95 0.6963788296875 0.921875 0.6991643453124999 0.9046875 0.7242339828125 0.8984375 0.743732590625 0.884375 0.743732590625 0.875 0.7520891359374999 0.8761677625000001 0.7462542140624999 0.871875 0.7520891359374999 0.8683059203125 0.7458730390625 0.8671875 0.749303621875 0.8609375 0.749303621875 0.8604440796875 0.7454918640625 0.859375 0.749303621875 0.8546875 0.749303621875 0.8453125 0.707520890625 0.8390625 0.6963788296875 0.8203125 0.6768802234375 0.765625 0.6768802234375 0.7546875 0.6796657374999999 0.73125 0.6963788296875 0.734375 0.7158774375 0.740625 0.7298050140625 0.7346546046875 0.73939305 0.7203125 0.7353760453125 0.7110690796875 0.7382495234374999 0.709375 0.74651810625 0.70625 0.74651810625 0.7015625 0.7353760453125 0.6828125 0.7353760453125 0.6796875 0.7047353765625 0.68125 0.682451253125 0.684375 0.6657381609375 0.6875 0.662952646875 0.684375 0.6462395546875 0.671875 0.632311978125 0.6546875 0.632311978125 0.646875 0.6406685234375 0.6390625 0.6573816156250001 0.634375 0.6935933140625 0.6171875 0.6963788296875 0.603125 0.688022284375 0.5953125 0.6685236765625 0.584375 0.6573816156250001 0.565625 0.6573816156250001 0.5609375 0.662952646875 0.5359375 0.662952646875 0.53125 0.6490250703125 0.5234375 0.6378830078125 0.49375 0.63509749375 0.4859375 0.6434540390625 0.4609375 0.6545961 0.4546875 0.662952646875 0.446875 0.662952646875 0.4421875 0.6573816156250001 0.4078125 0.6601671312499999 0.384375 0.682451253125 0.36875 0.688022284375 0.3546875 0.707520890625 0.346875 0.707520890625 0.3453125 0.7047353765625 0.3484375 0.6991643453124999 0.34375 0.6852367687500001 0.33125 0.6713091921875 0.2734375 0.6713091921875 0.26875 0.6768802234375 0.246875 0.6740947078125 0.2359375 0.688022284375 0.2265625 0.6796657374999999 0.209375 0.6796657374999999 0.2015625 0.688022284375 0.19375 0.7047353765625 0.1921875 0.740947075 0.196875 0.7548746515625 0.203125 0.74651810625 0.2125 0.743732590625