0 0.25096875 0.3898541671875 0.24695312500000002 0.3983333328125 0.243609375 0.4130416671875 0.25196874999999996 0.43177083281249995 0.263 0.43443750000000003 0.27571875 0.43043750000000003 0.278390625 0.4166041671875 0.27771875 0.40056250000000004 0.272375 0.3894166671875 0.271703125 0.39075000000000004 0.267359375 0.38675000000000004 0.260671875 0.38675000000000004 0.25096875 0.3898541671875
0 0.266984375 0.3719166671875 0.266984375 0.3657291671875 0.26565625000000004 0.3592708328125 0.26168749999999996 0.3542708328125 0.26037499999999997 0.35162499999999997 0.25815625 0.34808333281250003 0.256390625 0.3472083328125 0.251546875 0.3463333328125 0.24889062499999998 0.3454375 0.24514062499999997 0.3469166671875 0.24271875 0.3513333328125 0.23962500000000003 0.35220833281249997 0.23875000000000002 0.3557291671875 0.23698437499999997 0.3601458328125 0.236328125 0.3636666671875 0.236328125 0.3692708328125 0.236328125 0.3725 0.23940625 0.3825 0.24162499999999998 0.3875 0.2466875 0.3907291671875 0.251109375 0.3898541671875 0.251546875 0.3889791671875 0.2570625 0.3863333328125 0.26125 0.3822083328125 0.2645625 0.3775 0.266984375 0.3719166671875
0 0.313375 0.42856249999999996 0.31721875 0.42037500000000005 0.31875 0.4213958328125 0.3210625 0.4142291671875 0.325671875 0.42445833281249995 0.334890625 0.4255 0.34640624999999997 0.42241666718750004 0.35025 0.41831250000000003 0.353328125 0.4111458328125 0.35409375 0.40397916718750004 0.353328125 0.388625 0.3395 0.38145833281249997 0.32873437499999997 0.3804375 0.32029687500000004 0.3855416671875 0.31875 0.3947708328125 0.3156875 0.3906666671875 0.3085104171875 0.3940833328125 0.3049375 0.3865833328125 0.29878125 0.3865833328125 0.2982708328125 0.3933958328125 0.292640625 0.388625 0.28803125 0.3927083328125 0.2841875 0.4029583328125 0.283421875 0.41320833281249997 0.2895625 0.4234375 0.29725 0.42856249999999996 0.313375 0.42856249999999996
0 0.43328125 0.7417291671874999 0.46293749999999995 0.7389791671875 0.5084375 0.69025 0.5043124999999999 0.677375 0.427078125 0.6507083328125 0.396734375 0.6764583328125 0.365703125 0.69575 0.35121875 0.7049583328125 0.43328125 0.7417291671874999
1 0.57803125 0.3906458328125 0.5775781249999999 0.3930416671875 0.6078125 0.4008541671875 0.701640625 0.4062708328125 0.7034374999999999 0.3978541671875 0.694875 0.3894375 0.700734375 0.3804166671875 0.7034374999999999 0.3713958328125 0.6917187499999999 0.3756041671875 0.684046875 0.372 0.6628437500000001 0.35875 0.63578125 0.3671875 0.6285624999999999 0.3725833328125 0.628109375 0.372 0.62584375 0.35875 0.60690625 0.3593541671875 0.5861562499999999 0.3743958328125 0.57803125 0.3906458328125
1 0.7865624999999999 0.372375 0.78603125 0.3646041671875 0.78471875 0.3624791671875 0.782328125 0.362125 0.775984375 0.36706249999999996 0.7735937500000001 0.3674166671875 0.76884375 0.3586041671875 0.765921875 0.3586041671875 0.762484375 0.3656666671875 0.75665625 0.3624791671875 0.751109375 0.36072916718750003 0.747671875 0.3628333328125 0.74290625 0.36706249999999996 0.73946875 0.36672916718750004 0.737609375 0.36672916718750004 0.731 0.3698958328125 0.729140625 0.37306249999999996 0.725171875 0.3716666671875 0.7164375 0.3850625 0.73575 0.3910625 0.7537499999999999 0.3907083328125 0.77228125 0.3903541671875 0.787890625 0.3875416671875 0.79371875 0.3850625 0.792390625 0.3776666671875 0.7886875 0.3755416671875 0.7873593750000001 0.3755416671875 0.7865624999999999 0.372375
3 0.664953125 0.7022083328125001 0.66559375 0.6998541671875 0.667046875 0.6841666671875 0.66221875 0.6755833328125 0.653359375 0.6712916671875 0.649 0.6721458328125001 0.64353125 0.6751458328125 0.639671875 0.684375 0.64128125 0.6944791671874999 0.6445000000000001 0.7000625 0.651421875 0.6994166671875 0.65721875 0.6996249999999999 0.664953125 0.7022083328125001
3 0.67834375 0.70925 0.689375 0.705875 0.6910624999999999 0.6934375 0.685984375 0.6855208328125 0.674953125 0.6809999999999999 0.668171875 0.682125 0.665625 0.6934375 0.661390625 0.6934375 0.668171875 0.708125 0.67834375 0.70925
3 0.6251562500000001 0.690625 0.6174999999999999 0.6947291671875 0.62975 0.7059583328125 0.6323125 0.7195833328125001 0.635625 0.721625 0.644828125 0.7168541671875001 0.6463593750000001 0.6984583328125 0.6463593750000001 0.6899583328125 0.636390625 0.6899583328125 0.6251562500000001 0.690625
3 0.617 0.67725 0.614046875 0.6816666671875 0.6136874999999999 0.6890625 0.6129374999999999 0.6934791671875 0.6166406249999999 0.6934791671875 0.61921875 0.6920208328124999 0.625859375 0.6895416671875 0.632140625 0.6890625 0.6369374999999999 0.6885625 0.6398906249999999 0.6890625 0.64025 0.6890625 0.636203125 0.6811875 0.631390625 0.6762708328125 0.623640625 0.6738125 0.617 0.67725
3 0.684359375 0.7245625 0.691765625 0.7182916671874999 0.706546875 0.7102291671875001 0.707890625 0.6979791671875 0.69625 0.6884166671874999 0.69759375 0.675875 0.6915312499999999 0.6687083328125001 0.68190625 0.665125 0.676296875 0.669 0.672484375 0.6603333328125001 0.665546875 0.65675 0.6595 0.6564583328125 0.6568125 0.662125 0.651875 0.6627291671875 0.64628125 0.6642291671875 0.645375 0.6669166671875 0.63865625 0.669 0.636859375 0.6737708328124999 0.63103125 0.669 0.62565625 0.6687083328125001 0.62028125 0.6710833328125 0.614453125 0.6782708328125 0.606390625 0.6872291671874999 0.6028125 0.6961875 0.61109375 0.6964791671875 0.617375 0.697375 0.62184375 0.7006666671875 0.63059375 0.7093333328125 0.629921875 0.723375 0.637765625 0.7209791671875 0.64628125 0.7015625 0.645609375 0.7191875 0.6415625 0.7186041671875001 0.66353125 0.7263541671875 0.684359375 0.7245625
3 0.44140625 0.5169583328125 0.45285937499999995 0.5044583328125001 0.45285937499999995 0.4891875 0.446609375 0.4614166671875 0.430984375 0.44614583281250003 0.407046875 0.4475416671875 0.396625 0.4614166671875 0.39454687499999996 0.4891875 0.40599999999999997 0.5183541671875 0.41537499999999994 0.5238958328125001 0.44140625 0.5169583328125
3 0.35534374999999996 0.5242291671875 0.37689062500000003 0.5280416671875 0.3855 0.5271041671875001 0.404890625 0.529 0.40990624999999997 0.5261458328125 0.40774999999999995 0.5098541671875 0.394828125 0.49070833281250004 0.38046875 0.49070833281250004 0.366828125 0.4945416671875 0.35175 0.5079583328124999 0.35534374999999996 0.5242291671875
3 0.31510937499999997 0.24118750000000003 0.2979375 0.2456041671875 0.295953125 0.2588125 0.30057812500000003 0.2720208328125 0.30653125000000003 0.2755416671875 0.31578125 0.2808333328125 0.32040625 0.27731249999999996 0.324359375 0.25968749999999996 0.31510937499999997 0.24118750000000003
3 0.24792187499999999 0.2691458328125 0.24978125 0.2744375 0.2575 0.2731875 0.26240625 0.271625 0.2645 0.2694375 0.262171875 0.257 0.26496875000000003 0.24983333281250003 0.26240625 0.2448333328125 0.25703125 0.2436041671875 0.24932812499999998 0.2454583328125 0.24792187499999999 0.2545 0.24698437499999998 0.26135416718750004 0.24792187499999999 0.2691458328125
0 0.23309375000000002 0.39191666718749996 0.231984375 0.394875 0.230875 0.39979166718750003 0.23162500000000003 0.410625 0.23309375000000002 0.4145625 0.23678125 0.4185 0.24084374999999997 0.4185 0.245640625 0.41752083281249996 0.24528124999999998 0.4121041671875 0.24528124999999998 0.4061875 0.24674999999999997 0.39979166718750003 0.24748437499999998 0.39437500000000003 0.2426875 0.3865 0.23751562499999998 0.38797916718750003 0.23531249999999998 0.3884791671875 0.23309375000000002 0.39191666718749996
0 0.228125 0.3751041671875 0.232234375 0.3833125 0.239015625 0.3841458328125 0.239015625 0.381125 0.2359375 0.3687916671875 0.236546875 0.3602916671875 0.24025 0.352875 0.24334375000000003 0.35041666718750003 0.24539062500000003 0.3487708328125 0.242109375 0.34631249999999997 0.2359375 0.34575 0.230796875 0.3506875 0.230171875 0.36002083281249997 0.228125 0.3751041671875
0 0.27934375 0.3497708328125 0.275484375 0.3508125 0.27164062499999997 0.3544166671875 0.267390625 0.362125 0.267390625 0.3657291671875 0.267390625 0.3760208328125 0.268546875 0.3796041671875 0.275875 0.38733333281250004 0.283203125 0.38835416718750004 0.28976562499999997 0.38835416718750004 0.294 0.38268749999999996 0.29478125 0.3796041671875 0.29670312499999996 0.3682916671875 0.294390625 0.358 0.29284374999999996 0.3559583328125 0.28821875 0.3518333328125 0.27934375 0.3497708328125
0 0.346 0.3450208328125 0.336875 0.3450208328125 0.3273125 0.3473333328125 0.324265625 0.3531458328125 0.325578125 0.3542916671875 0.3264375 0.3798125 0.34209375 0.3844375 0.35296875 0.3624166671875 0.346 0.3450208328125
0 0.29590625 0.3731458328125 0.301296875 0.3839375 0.31090625 0.3891041671875 0.31765625000000003 0.38933333281250004 0.32421875 0.3850625 0.328265625 0.3740416671875 0.32625000000000004 0.35583333281249996 0.323046875 0.3493333328125 0.31765625000000003 0.3461875 0.31209375 0.34550000000000003 0.30653125000000003 0.3459583328125 0.299625 0.3508958328125 0.29674999999999996 0.3574166671875 0.29557812499999997 0.3648333328125 0.29590625 0.3731458328125