3 0.26165714218749997 0.2084 0.25708571406249997 0.2145142859375 0.248228571875 0.22398095312500002 0.2589142859375 0.23220952343749998 0.271123809375 0.235276190625 0.2787619046875 0.232819046875 0.2839428578125 0.22855238125000002 0.2918857140625 0.2242857140625 0.2934095234375 0.218780953125 0.2818095234375 0.21725714218749997 0.285771428125 0.2111619046875 0.2992 0.203219046875 0.297980953125 0.1974095234375 0.286380953125 0.1827619046875 0.2808952375 0.19895238125 0.27539047656250004 0.198019046875 0.268380953125 0.18580952343749998 0.26683809531249997 0.18154285781249999 0.2604380953125 0.1824571421875 0.2586095234375 0.188571428125 0.2634857140625 0.198019046875 0.26165714218749997 0.2084
3 0.9144380953125 0.076 0.919523809375 0.0826666671875 0.9257904765625 0.0857904765625 0.932076190625 0.08775238125 0.9399047625 0.0904952375 0.9520571421874999 0.08619047656249999 0.9591047625 0.07912380937499999 0.965371428125 0.0740380953125 0.9684952375 0.0662095234375 0.969676190625 0.057580953125 0.9673333328125 0.04975238125 0.9602666671875 0.0419047625 0.94735238125 0.036419046875 0.939123809375 0.036419046875 0.9289333328125 0.0376 0.926971428125 0.038 0.92775238125 0.038 0.9179619046875 0.0466095234375 0.914819046875 0.0583619046875 0.9136571421875 0.06815238125 0.9144380953125 0.076
3 0.18184761875 0.4063047625 0.179428571875 0.41331428593749997 0.18022857187500002 0.4216571421875 0.18184761875 0.42571428593749994 0.189123809375 0.43055238124999995 0.19881904687500002 0.43405714218749997 0.20986666718749997 0.43325714218750006 0.21822857187500003 0.429219046875 0.2230857140625 0.4200571421875 0.22173333281250002 0.4108952375 0.2184952375 0.4063047625 0.21445714218749998 0.40144761874999996 0.2096 0.398228571875 0.20340952343750002 0.39714285781249997 0.1956 0.39714285781249997 0.18939047656250002 0.39956190468749997 0.18535238125 0.40226666718750004 0.18184761875 0.4063047625
3 0.2992 0.33870476250000003 0.297523809375 0.3456571421875 0.2992 0.3519619046875 0.3071619046875 0.3602666671875 0.3187619046875 0.3625904765625 0.32639999999999997 0.3605904765625 0.331371428125 0.34832380937499996 0.32937142812500003 0.33670476250000003 0.32108571406249997 0.3310666671875 0.3098095234375 0.3320571421875 0.3091428578125 0.3320571421875 0.302171428125 0.334723809375 0.2992 0.33870476250000003
3 0.32780952343749997 0.70624761875 0.32580952343749997 0.705923809375 0.3211619046875 0.7065904765625 0.3165142859375 0.707580953125 0.3122095234375 0.708571428125 0.309219046875 0.710228571875 0.3075619046875 0.7135428578125 0.3075619046875 0.7185333328125 0.3079047625 0.72184761875 0.3125333328125 0.7274857140625001 0.315523809375 0.7311428578125 0.3185142859375 0.7321333328125 0.32415238125 0.7314666671875 0.3284571421875 0.7298095234375 0.332780953125 0.7278095234374999 0.335771428125 0.7235047625 0.33609523750000003 0.7155428578125 0.332780953125 0.7069142859374999 0.33211428593750003 0.7069142859374999 0.3317904765625 0.70624761875 0.32780952343749997 0.70624761875
3 0.466 0.30908571406249996 0.47373333281249996 0.3098666671875 0.47643809531250003 0.30792380937499997 0.4812571421875 0.306380953125 0.48165714218750005 0.3015619046875 0.4799047625 0.2920952375 0.47276190468749996 0.28900952343749997 0.46948571406250006 0.288419046875 0.4634857140625 0.305619046875 0.466 0.30908571406249996
3 0.51335238125 0.3364380953125 0.5155238093750001 0.3393142859375 0.519428571875 0.3400380953125 0.5241904765625 0.3386095234375 0.5263428578125 0.3357142859375 0.5275047625 0.3312380953125 0.5270666671875001 0.3280571421875 0.5240380953125 0.32575238125 0.51624761875 0.3260380953125 0.513219046875 0.3295047625 0.5127809531249999 0.33297142812499997 0.51335238125 0.3364380953125
3 0.39495238125 0.7579428578125 0.3842666671875 0.7646666671875 0.3873142859375 0.7796190468749999 0.393428571875 0.7860380953125 0.399219046875 0.788171428125 0.4117333328125 0.7857333328125 0.413276190625 0.7622285718749999 0.4038095234375 0.7555047625 0.39495238125 0.7579428578125
3 0.5928 0.3311428578125 0.590476190625 0.3246857140625 0.5860761906249999 0.31977142812500003 0.5840190468750001 0.3190095234375 0.5752380953125 0.3192571421875 0.5721333328125 0.32055238125 0.5700571421875 0.333219046875 0.5721333328125 0.336323809375 0.5845333328125 0.3360571421875 0.58944761875 0.33399999999999996 0.5928 0.3311428578125
3 0.9167428578125 0.23630476250000002 0.9167428578125 0.25310476249999997 0.922323809375 0.26268571406249996 0.9347238093750001 0.2678857140625 0.9519047625000001 0.2638857140625 0.9611047625 0.2542857140625 0.9615047625 0.23630476250000002 0.9519047625000001 0.224723809375 0.938323809375 0.22432380937500002 0.9295238093749999 0.225923809375 0.9191428578125 0.2311047625 0.9167428578125 0.23630476250000002
3 0.46828571406249997 0.184 0.4399428578125 0.1892380953125 0.4235428578125 0.19295238125 0.418323809375 0.2116 0.43249523749999996 0.23100952343749998 0.44293333281249997 0.236971428125 0.46828571406249997 0.23024761875 0.47723809531250005 0.22653333281250002 0.480971428125 0.199676190625 0.46828571406249997 0.184
3 0.1434095234375 0.3115428578125 0.14935238125 0.306228571875 0.151219046875 0.29624761875 0.14902857187500002 0.2875047625 0.142171428125 0.2775047625 0.1368571421875 0.27500952343749996 0.1303047625 0.2756380953125 0.1240571421875 0.276876190625 0.11624761875 0.2981142859375 0.1243619046875 0.30935238125 0.1318666671875 0.312476190625 0.1434095234375 0.3115428578125
3 0.4106095234375 0.40131428593749996 0.4145904765625 0.39908571406250004 0.4148952375 0.39510476250000004 0.4138666671875 0.3878666671875 0.41135238125000007 0.3837333328125 0.406323809375 0.38299047656249996 0.39849523750000004 0.38535238125000004 0.3962857140625 0.3952571421875 0.3992380953125 0.399980953125 0.399980953125 0.4010095234375 0.40544761874999996 0.4016 0.4106095234375 0.40131428593749996