1 0.6287311828125 0.6422343749999999 0.6328817203125 0.6286562499999999 0.6287311828125 0.6155781250000001 0.6273548390625 0.605515625 0.6273548390625 0.599984375 0.6183440859375 0.598484375 0.6155913984375 0.6025 0.6183440859375 0.620109375 0.6197419359375 0.637703125 0.6232043015625 0.6427343750000001 0.6287311828125 0.6422343749999999
1 0.45845161250000005 0.6158125 0.45522580625 0.631609375 0.46651612968749995 0.628109375 0.47860215000000006 0.623421875 0.48021505312499996 0.60965625 0.48021505312499996 0.59853125 0.470537634375 0.594734375 0.45924731249999995 0.59384375 0.45683870937500004 0.59678125 0.45845161250000005 0.605859375 0.45845161250000005 0.6158125
1 0.5292473125 0.632359375 0.5339569890625 0.6381875 0.5455913984375 0.639609375 0.551698925 0.64 0.56307526875 0.6394062500000001 0.5724946234375 0.637984375 0.574709678125 0.63215625 0.5702795703125 0.620671875 0.5694408609375 0.6091875 0.5716559140624999 0.60375 0.5688817203125 0.59971875 0.56307526875 0.5973124999999999 0.5505806453125001 0.5971093749999999 0.5425591390625 0.593078125 0.5453333328125 0.5952968750000001 0.5345161296875001 0.60696875 0.5261935484375 0.6156406249999999 0.5234193546875 0.6228906249999999 0.5292473125 0.632359375
1 0.36692473125 0.58975 0.3743440859375 0.58525 0.380537634375 0.578046875 0.3731182796875 0.569046875 0.34832258125000004 0.560046875 0.32232258125 0.56815625 0.308688171875 0.57715625 0.2801935484375 0.584359375 0.274 0.592453125 0.2789677421875 0.605046875 0.3024946234375 0.606859375 0.308688171875 0.614046875 0.32232258125 0.6131562500000001 0.3384301078125 0.60865625 0.34337634375000003 0.59425 0.3520430109375 0.5951562499999999 0.3594838703125 0.592453125 0.36692473125 0.58975
1 0.6340430109375 0.651109375 0.6340430109375 0.656015625 0.619763440625 0.66640625 0.6167526875 0.671875 0.6265161296875 0.6724218750000001 0.6302795703124999 0.67078125 0.6355483875 0.6702343749999999 0.6415698921875 0.6702343749999999 0.652086021875 0.6713281249999999 0.665634409375 0.671875 0.67539785 0.6696875 0.6806666671875 0.66640625 0.6957204296875 0.662578125 0.70247311875 0.6565624999999999 0.6987311828125 0.6483749999999999 0.6927096781250001 0.640171875 0.68367741875 0.63471875 0.6581075265624999 0.63525 0.652838709375 0.639625 0.6558494625 0.64071875 0.64832258125 0.644 0.6340430109375 0.651109375
1 0.7180430109375 0.625625 0.7166666671875 0.635671875 0.7208172046875 0.6432187500000001 0.7388172046875 0.64775 0.7429677421875 0.6467343750000001 0.7471182796875 0.644734375 0.7526451609375 0.6432187500000001 0.7567956984374999 0.644734375 0.7658064515625 0.6462343749999999 0.7699569890625 0.644734375 0.7858709671875 0.63215625 0.7865591390625 0.627625 0.7824086015625 0.61103125 0.7637204296875 0.5959531250000001 0.7395053765624999 0.58890625 0.7381075265625 0.58690625 0.7159784953125 0.59846875 0.7159784953125 0.6090312499999999 0.7235913984375 0.62009375 0.7180430109375 0.625625
1 0.6467956984375001 0.593328125 0.629913978125 0.59978125 0.6290322578125 0.6404375 0.661010753125 0.62946875 0.6654408609375 0.607515625 0.6467956984375001 0.593328125
1 0.5352688171875 0.6611875 0.52939785 0.669734375 0.5415698921875001 0.67125 0.548301075 0.666375 0.548709678125 0.6556875 0.544086021875 0.644390625 0.5335913984375 0.645609375 0.5352688171875 0.6611875
1 0.501290321875 0.67040625 0.5236989249999999 0.67125 0.5291182796875 0.666203125 0.53337634375 0.661421875 0.53337634375 0.6513125 0.53260215 0.64653125 0.5322150531250001 0.644 0.5298924734375 0.6423125 0.52447311875 0.64175 0.519462365625 0.6420312499999999 0.5148172046874999 0.64596875 0.5144301078125 0.64596875 0.504387096875 0.649625 0.503612903125 0.659171875 0.501290321875 0.665359375 0.501290321875 0.67040625
1 0.8527526875 0.668953125 0.86417204375 0.65684375 0.86417204375 0.6447499999999999 0.8527526875 0.643015625 0.845612903125 0.636796875 0.83847311875 0.639203125 0.8356129031249999 0.637140625 0.8289462359374999 0.638171875 0.826086021875 0.642671875 0.8246666671874999 0.64578125 0.8222795703125 0.64646875 0.8165806453125001 0.6447499999999999 0.8113333328125 0.641984375 0.80277419375 0.64025 0.7984946234375 0.64025 0.7884946234375 0.637140625 0.7780215046875 0.63575 0.7756344093750001 0.64578125 0.7704086015625 0.658578125 0.7627956984375001 0.6699843750000001 0.77660215 0.6706875 0.8527526875 0.668953125
1 0.45756989218750005 0.5706875 0.44582795624999993 0.571765625 0.45462365625 0.58028125 0.4824946234375 0.58134375 0.4927526875 0.594125 0.5015483875 0.5888125 0.527935484375 0.584546875 0.5235483875 0.57921875 0.5059569890625 0.5547187499999999 0.4927526875 0.55684375 0.48101075312499997 0.572828125 0.45756989218750005 0.5706875
1 0.6732043015625 0.555515625 0.6668817203125 0.563953125 0.6626451609374999 0.57278125 0.6589677421875 0.581984375 0.6547311828125 0.594625 0.655784946875 0.6015312500000001 0.66582795625 0.600765625 0.66582795625 0.6011562500000001 0.668989246875 0.6034531249999999 0.6784946234375 0.6015312500000001 0.69062365625 0.5973124999999999 0.6964301078124999 0.596171875 0.7064516125 0.589640625 0.710688171875 0.58121875 0.7122580640625 0.573546875 0.710688171875 0.5689375 0.706989246875 0.563953125 0.6958924734374999 0.559359375 0.687462365625 0.5570468749999999 0.675311828125 0.553609375 0.6732043015625 0.555515625
1 0.466989246875 0.6335 0.45378494687500004 0.636 0.44634408593749997 0.65434375 0.44634408593749997 0.6685156250000001 0.46870967812500003 0.671421875 0.4744301078125 0.671015625 0.4841935484375 0.668921875 0.493935484375 0.671421875 0.5036774187499999 0.661015625 0.5036774187499999 0.6485000000000001 0.49909677343750003 0.6385 0.48647311875000004 0.63309375 0.485913978125 0.631421875 0.4744301078125 0.628921875 0.466989246875 0.6335
1 0.243010753125 0.634375 0.243010753125 0.6375 0.2365591390625 0.6421875 0.2365591390625 0.671875 0.243010753125 0.6765625 0.255913978125 0.6765625 0.2645161296875 0.6671875 0.26881720468750003 0.6671875 0.2817204296875 0.675 0.3225806453125 0.675 0.3311827953125 0.66875 0.34408602187500004 0.6734375 0.3677419359375 0.671875 0.3763440859375 0.68125 0.41075268749999994 0.68125 0.43225806406249995 0.6765625 0.455913978125 0.678125 0.46021505312500005 0.671875 0.447311828125 0.66875 0.447311828125 0.6453125 0.440860215625 0.6390625 0.440860215625 0.634375 0.455913978125 0.634375 0.458064515625 0.63125 0.4795698921875 0.628125 0.4860215046875 0.6328125 0.50107526875 0.6328125 0.5139784953125 0.6421875 0.5268817203125 0.6421875 0.5311827953125 0.6390625 0.544086021875 0.640625 0.548387096875 0.66875 0.554838709375 0.6703125 0.5634408609375 0.678125 0.5784946234375 0.678125 0.5870967734375 0.6734375 0.6150537640625 0.6734375 0.6279569890625 0.6609375 0.6279569890625 0.6578125 0.6172043015625001 0.653125 0.6215053765625 0.646875 0.6172043015625001 0.6140625 0.6193548390625 0.6 0.6365591390625001 0.5984375 0.647311828125 0.59375 0.649462365625 0.596875 0.6645161296875 0.6046875 0.6645161296875 0.6265625 0.6731182796875 0.6328125 0.7032258062500001 0.6328125 0.7032258062500001 0.6421875 0.69892473125 0.6453125 0.69892473125 0.6609375 0.6774193546875 0.66875 0.6774193546875 0.68125 0.6838709671875 0.6859375 0.70537634375 0.6859375 0.7225806453125 0.671875 0.7564516125 0.671875 0.7655913984375 0.6671875 0.7677419359375001 0.671875 0.7698924734375 0.65859375 0.7741935484375 0.65 0.7677419359375001 0.646875 0.7849462359375 0.6359375 0.7956989250000001 0.640625 0.8258064515625 0.6421875 0.8301075265625 0.6390625 0.8494623656250001 0.6390625 0.860215053125 0.6328125 0.860215053125 0.6140625 0.853763440625 0.609375 0.840860215625 0.609375 0.8365591390624999 0.5984375 0.8150537640625 0.5859375 0.8129032265625 0.5734375 0.8086021499999999 0.5703125 0.8021505375 0.5703125 0.8 0.5453125 0.7935483875 0.5390625 0.7763440859374999 0.5390625 0.7720430109375 0.5421875 0.7139784953125 0.540625 0.69892473125 0.55625 0.69892473125 0.5609375 0.6881720437500001 0.5576308140624999 0.6129032265625 0.5672965109375 0.6086021500000001 0.56640625 0.6021505375 0.568677325 0.5935483875 0.5671875 0.59139785 0.5700581390624999 0.5806451609375001 0.571438953125 0.5784946234375 0.565625 0.5698924734374999 0.5728197671874999 0.5661290328125 0.565625 0.5290322578125 0.565625 0.5225806453125 0.5703125 0.5225806453125 0.578125 0.5161290328125 0.5797238375 0.5150537640625 0.58671875 0.50322580625 0.5890625 0.50537634375 0.5811046515625 0.49462365625000004 0.582485465625 0.4860215046875 0.58828125 0.4838709671875 0.5838662796875 0.4795698921875 0.58125 0.47311827968750003 0.58524709375 0.4645161296875 0.58046875 0.462365590625 0.58662790625 0.451612903125 0.5880087203125 0.44946236562499997 0.5796875 0.443010753125 0.584375 0.4365591390625 0.584375 0.4215053765625 0.5671875 0.3827956984375 0.5671875 0.3763440859375 0.571875 0.3763440859375 0.584375 0.3677419359375 0.590625 0.3763440859375 0.5976744187499999 0.354838709375 0.600436046875 0.354838709375 0.5953125 0.346236559375 0.5953125 0.34408602187500004 0.6018168609375001 0.340860215625 0.603125 0.3333333328125 0.603197675 0.30322580625 0.6078125 0.29139784999999996 0.60703125 0.29032258125 0.6087209296875 0.2795698921875 0.61010174375 0.2795698921875 0.60625 0.2752688171875 0.6 0.2666666671875 0.60625 0.258064515625 0.60625 0.258064515625 0.612863371875 0.2365591390625 0.615625 0.23010752656250003 0.6203125 0.23010752656250003 0.6296875 0.2365591390625 0.634375 0.243010753125 0.634375