3 0.606276346875 0.9011250000000001 0.599531615625 0.87190625 0.5826932078125 0.8516875 0.5658548015625 0.840453125 0.5288056203125 0.8292187500000001 0.49512880625 0.831453125 0.458079625 0.831453125 0.43112412187500004 0.8427031250000001 0.42103044531249995 0.8561875000000001 0.39744730625 0.892140625 0.407540984375 0.9550625 0.48838407500000003 0.9820156250000001 0.569227165625 0.9438124999999999 0.59615925 0.9348281249999999 0.606276346875 0.9011250000000001
3 0.552388759375 0.606359375 0.54901639375 0.586140625 0.5119672125 0.563671875 0.4749180328125 0.5546875 0.4412177984375 0.5546875 0.39744730625 0.57940625 0.3940749421875 0.613109375 0.407540984375 0.6288437499999999 0.43112412187500004 0.6288437499999999 0.4648009375 0.635578125 0.47154566718749996 0.6445624999999999 0.4782669796875 0.62209375 0.5254332546875 0.6153593749999999 0.552388759375 0.606359375
3 0.6131147546875 0.49821875000000004 0.6256908671875 0.52015625 0.6469555031249999 0.52015625 0.669203746875 0.52275 0.678875878125 0.52275 0.678875878125 0.517578125 0.687587821875 0.50596875 0.702084309375 0.49434374999999997 0.721428571875 0.483375 0.715644028125 0.469828125 0.702084309375 0.454984375 0.683723653125 0.44659375 0.665339578125 0.44337499999999996 0.633419203125 0.44659375 0.623747071875 0.45240625 0.6227868859375 0.45240625 0.612131146875 0.462734375 0.602459015625 0.4795 0.6034426234375 0.48403124999999997 0.6053629984375 0.489828125 0.6131147546875 0.49821875000000004
3 0.31519906249999996 0.7675468750000001 0.2984309140625 0.796640625 0.30512880625 0.8257187500000001 0.318548009375 0.87046875 0.335316159375 0.886125 0.3587822015625 0.8950781250000001 0.3889695546875 0.8950781250000001 0.429203746875 0.843609375 0.46271662812500003 0.8324374999999999 0.5029742390624999 0.8234843749999999 0.5029742390624999 0.8100625000000001 0.49290398125 0.7720312500000001 0.4359016390625 0.7451875 0.3587822015625 0.7451875 0.31519906249999996 0.7675468750000001
3 0.647564403125 0.7981874999999999 0.6672131140625 0.797625 0.6637939109375 0.789640625 0.6561124125 0.766296875 0.650140515625 0.75546875 0.615971896875 0.7304062499999999 0.5877985953125 0.722421875 0.5451053859375 0.72584375 0.5237704921875 0.7326875 0.4947306796875 0.746921875 0.47936768125 0.76115625 0.48023419218749996 0.764578125 0.49901639375 0.7725625 0.504988290625 0.8209687499999999 0.57840749375 0.8460468750000001 0.6313348953125 0.801609375 0.647564403125 0.7981874999999999
3 0.14433255312499998 0.611859375 0.14557377031250002 0.60275 0.18032786875 0.59446875 0.21259953125000003 0.5894999999999999 0.2101170953125 0.5795625 0.1939812640625 0.55803125 0.1641920375 0.545609375 0.10583138125 0.548921875 0.0673536296875 0.565484375 0.062388759375000005 0.588671875 0.06487119375 0.60771875 0.0797658078125 0.63340625 0.1219672125 0.632578125 0.1331615921875 0.622625 0.14433255312499998 0.611859375
3 0.3879859484375 0.709703125 0.3542622953125 0.697953125 0.30882903906250003 0.699921875 0.26044496562499997 0.7145937499999999 0.23697892343750002 0.737078125 0.22964871250000002 0.765453125 0.25163934375 0.8065312499999999 0.29124121718749996 0.817296875 0.29416861875 0.7996875 0.314683840625 0.7752343749999999 0.34548009375 0.755671875 0.376252928125 0.748828125 0.411451990625 0.742953125 0.414379390625 0.7361093750000001 0.40997658125 0.7253437500000001 0.3879859484375 0.709703125
3 0.6739344265625 0.681171875 0.6831147546875 0.687296875 0.6836533953124999 0.68621875 0.690140515625 0.67359375 0.7025761125 0.66459375 0.7171662765625 0.656296875 0.7511943796875 0.65053125 0.7511943796875 0.641515625 0.7387822015625 0.623484375 0.7198594843749999 0.612671875 0.68906323125 0.607625 0.6620374703125 0.608703125 0.6398829046875 0.6148281250000001 0.6312412171874999 0.6198750000000001 0.62098360625 0.62853125 0.6128805625 0.6382656250000001 0.611803278125 0.65196875 0.6144964875000001 0.668546875 0.626932084375 0.6681874999999999 0.6588056203125 0.6743125 0.6739344265625 0.681171875
3 0.753372365625 0.65034375 0.7587587828125 0.647640625 0.783044496875 0.647640625 0.79384075 0.65125 0.8073302109375 0.6584531250000001 0.81002341875 0.649453125 0.8208196718749999 0.6386406250000001 0.8464636999999999 0.62425 0.8585948484375001 0.61975 0.8518501171875 0.6125468749999999 0.8329742390625 0.60175 0.8046370015625 0.5963437500000001 0.7857377046875 0.5963437500000001 0.769555034375 0.5999375 0.75067915625 0.6089375 0.7371896953125 0.626046875 0.7439344265625001 0.626046875 0.753372365625 0.64134375 0.753372365625 0.65034375
3 0.8450819671875 0.62284375 0.861756440625 0.6205 0.8977283375 0.617875 0.9288758781249999 0.629 0.945995315625 0.61815625 0.9784543328125 0.6123125 0.9806557375 0.5941562499999999 0.967939109375 0.5762968749999999 0.9464402812499999 0.564890625 0.921428571875 0.557265625 0.8977283375 0.55521875 0.8700936765625 0.55903125 0.8485948484374999 0.5725 0.8340983609375 0.5965 0.8354332546875 0.61084375 0.8450819671875 0.62284375
3 0.39070257656249996 0.5955 0.346908665625 0.582015625 0.3065105390625 0.586515625 0.262716628125 0.60225 0.2593442625 0.62021875 0.2728103046875 0.6494375 0.32334894687500004 0.6584218749999999 0.3637704921875 0.62696875 0.39744730625 0.611234375 0.39070257656249996 0.5955
3 0.4037704921875 0.7441718749999999 0.41421545625 0.747671875 0.4368618265625 0.745921875 0.4777985953125 0.7668437499999999 0.4804215453125 0.761609375 0.4882669796875 0.750578125 0.5056908671875 0.741265625 0.544004684375 0.7284843750000001 0.5631850109375 0.727328125 0.5570725999999999 0.712796875 0.5431381734375 0.698265625 0.520491803125 0.68315625 0.4882669796875 0.6732812499999999 0.476932084375 0.6738593749999999 0.44730679218749997 0.679078125 0.42466042187499997 0.690125 0.4081264640625 0.702328125 0.3976580796875 0.7191875 0.41421545625 0.7261562500000001 0.41594847812499997 0.741265625 0.4037704921875 0.7441718749999999
0 0.478852459375 0.360984375 0.4857142859375 0.35359375000000004 0.500468384375 0.354296875 0.520515221875 0.36203124999999997 0.5321311468750001 0.36520312499999996 0.535292740625 0.351125 0.5294847781249999 0.343390625 0.5226229515624999 0.33353125 0.5110304453125 0.328953125 0.48992974218749996 0.327203125 0.471475409375 0.32965625 0.45088992968749997 0.341984375 0.44878220156250004 0.3616875 0.4566978921875 0.36275 0.4719906328125 0.366265625 0.49730679218749996 0.374703125 0.48306791562500007 0.368375 0.478852459375 0.360984375
3 0.2187587828125 0.6478906249999999 0.1993911 0.6583125 0.18128805625 0.6712343749999999 0.1731615921875 0.686234375 0.16941452031249998 0.709984375 0.18128805625 0.73665625 0.19878220156249998 0.750828125 0.22812646406249998 0.756234375 0.23498829062499998 0.74040625 0.2374941453125 0.7341562500000001 0.24936768125 0.722484375 0.26810304375 0.713734375 0.29182669843750003 0.704984375 0.3168149890625 0.698734375 0.3374238875 0.6974843749999999 0.331803278125 0.67915625 0.3255503515625 0.6716562500000001 0.3118266984375 0.656640625 0.2893442625 0.6458125 0.264964871875 0.6420625 0.2187587828125 0.6478906249999999
3 0.9976580796875 1 0.656919215625 0.8090371624999999 0.6557377046874999 0.7984375 0.6651053859375 0.7984375 0.6651053859375 0.79375 0.6557377046874999 0.765625 0.64871194375 0.7546875 0.6206089 0.734375 0.681811084375 0.6935416671875 0.6814988296875 0.6875 0.68384075 0.6859375 0.6905542546875 0.6877083328125 0.7342701 0.6585416671875 0.7330210765625 0.6546875 0.7587822015625 0.6484375 0.784543325 0.6484375 0.8032786890624999 0.6578125 0.8079625296874999 0.6578125 0.8173302109374999 0.6421875 0.8407494140624999 0.628125 0.8454332546875 0.6284226187499999 0.843091334375 0.6265625 0.8501170953124999 0.6234375 0.8571428578125 0.6261160718750001 0.8571428578125 0.621875 0.868852459375 0.6238095234375 0.868852459375 0.6203125 0.8805620609375 0.6215029765625 0.887587821875 0.61875 0.8992974234375 0.61875 0.9297423890625 0.6296875 0.94613583125 0.61875 0.976580796875 0.6140625 0.985948478125 0.5984375 0.9976580796875 0.5984375 0.887587821875 0.5578125 0.887587821875 0.53125 0.878220140625 0.51875 0.8665105390625 0.5109375 0.847775175 0.5046875 0.8220140515625 0.503125 0.81030445 0.4984375 0.80093676875 0.4984375 0.7822014046875 0.4875 0.7634660421875 0.48125 0.721311475 0.48125 0.7189695546875 0.4859375 0.69320843125 0.5015625 0.6768149890624999 0.5234375 0.6252927406250001 0.5203125 0.6042154562500001 0.4875 0.6042154562500001 0.475 0.5925058546875 0.4625 0.580796253125 0.4546875 0.562060890625 0.4484375 0.5339578453125 0.44375 0.4988290390625 0.44375 0.482435596875 0.45 0.45199063281249996 0.4453125 0.4121779859375 0.4453125 0.3840749421875 0.4546875 0.3629976578125 0.46875 0.35128805625 0.465625 0.28805620625 0.4671875 0.26229508125 0.4765625 0.2412177984375 0.4796875 0.2224824359375 0.478125 0.215456675 0.475 0.152224825 0.475 0.131147540625 0.4578125 0.112412178125 0.4515625 0.0796252921875 0.4515625 0.067915690625 0.45625 0.058548009375 0.45 0.03512880625 0.4421875 0.0023419203124999998 0.4421875 0.0113087328125 0.44721283749999996 0.0023419203124999998 0.4546875 0.0046838406249999995 0.6640625 0.0210772828125 0.678125 0.0210772828125 0.6890625 0.030444965624999997 0.7015625 0.07494145156250001 0.7359375 0.1077283375 0.7875 0.1428571421875 0.8140625 0.17798594843749999 0.85 0.238875878125 0.890625 0.238875878125 0.8953125 0.215456675 0.921875 0.2014051515625 0.95 0.1967213109375 0.96875 0.19906323125 1 0.9976580796875 1