3 0.46848437499999995 0.53098360625 0.47496875000000005 0.53932084375 0.474671875 0.62676815 0.477140625 0.6253864171875 0.507703125 0.6253864171875 0.5932031249999999 0.6212177984375 0.588890625 0.6045667453125 0.573453125 0.5948477750000001 0.570671875 0.5804918031249999 0.565734375 0.5763466046875 0.558015625 0.5689227171875 0.563265625 0.5615222484375 0.565421875 0.552740046875 0.565421875 0.53932084375 0.5589375000000001 0.5254332546875 0.549984375 0.5217330203125 0.5385625 0.5203512875 0.535484375 0.5235831375 0.530546875 0.513419203125 0.5181875 0.5050819671875 0.5070781249999999 0.5087822015625 0.49998437500000004 0.488899296875 0.486390625 0.4861124125 0.474671875 0.4953629984375 0.46540625 0.49583138125000004 0.46571875 0.49351288125000004 0.464171875 0.4731615921875 0.456453125 0.465292740625 0.44440625 0.461124121875 0.431140625 0.46159250625 0.423734375 0.45002341875 0.41879687499999996 0.4453864171875 0.41137499999999994 0.4449414515625 0.402734375 0.44770491874999996 0.39965625 0.4282669796875 0.390078125 0.41299765781250003 0.38020312500000003 0.415316159375 0.36075 0.42318501093750005 0.34903125 0.4273536296875 0.346859375 0.4203981265625 0.33884375 0.3963466046875 0.32742187500000003 0.3912646375 0.317234375 0.3995784546875 0.30857812500000004 0.41440281093750003 0.29562499999999997 0.408852459375 0.2848125 0.41208430937499996 0.27740624999999997 0.4236533953125 0.267828125 0.425971896875 0.25425 0.41625292812500003 0.24621875000000001 0.41625292812500003 0.23450000000000001 0.43381732968750003 0.22554687499999998 0.4278220140625 0.212890625 0.42688524531249994 0.205484375 0.4305854796875 0.20084375 0.44679156875 0.197140625 0.45437939062500005 0.199984375 0.618079625 0.17585937499999998 0.6223185015625 0.17303125 0.6425058546875 0.197140625 0.6403981265625001 0.275078125 0.6329039812499999 0.30660937499999996 0.636908665625 0.30593750000000003 0.53836065625 0.320359375 0.5398829046875 0.32075 0.6347775171875 0.45621875 0.6273302109375 0.45676562499999995 0.623067915625 0.458609375 0.5333021078125 0.46848437499999995 0.53098360625
3 0.470921875 0.864964871875 0.47776562499999997 0.8786416859375 0.48346875 0.8826229515625 0.49334375 0.8831850109375001 0.499421875 0.8803512874999999 0.5058906249999999 0.8740749421875 0.510828125 0.862107728125 0.508171875 0.8313583140624999 0.49296875 0.8250819671875 0.4724375 0.83648711875 0.470546875 0.85355971875 0.470921875 0.864964871875
3 0.6110156250000001 0.8103981265625 0.6155781250000001 0.826908665625 0.6227968749999999 0.8383138171875 0.632296875 0.8417330203125 0.636859375 0.841147540625 0.648265625 0.835456675 0.650921875 0.82578454375 0.64940625 0.8007025765625 0.6448437499999999 0.7824824359375 0.6285000000000001 0.7813348953125 0.61671875 0.7859016390625 0.610640625 0.80128805625 0.6110156250000001 0.8103981265625
3 0.8318749999999999 0.3683138171875 0.8275781249999999 0.372412178125 0.824265625 0.38266978906250004 0.8299218749999999 0.401100703125 0.838125 0.4110538640625 0.850625 0.410187353125 0.86215625 0.3987587828125 0.864296875 0.38559718906249996 0.8650781249999999 0.3735831375 0.8553124999999999 0.36421545625 0.85375 0.3528103046875 0.851796875 0.34929742343750003 0.846140625 0.34929742343750003 0.84203125 0.356323184375 0.8365625 0.36421545625 0.8318749999999999 0.3683138171875
3 0.251234375 0.10255269375 0.222640625 0.09053864218749999 0.228359375 0.143676815625 0.214640625 0.160796253125 0.21807812499999998 0.2002107734375 0.24893749999999998 0.2139344265625 0.24665625000000002 0.25676815 0.26609375 0.2790398125 0.300390625 0.25163934375 0.29353125 0.2087822015625 0.300390625 0.18480093749999998 0.336984375 0.1710772828125 0.331265625 0.1299531609375 0.347265625 0.09911007031249999 0.33582812500000003 0.06997658125 0.327828125 0.05969555 0.3575625 0.0425761125 0.36898437500000003 0.0202810296875 0.358703125 0.00487119375 0.21692187500000001 0.00487119375 0.21921875000000002 0.027142857812499997 0.21692187500000001 0.015152225 0.206640625 0.051124121875 0.2249375 0.073419203125 0.24893749999999998 0.0802576109375 0.251234375 0.10255269375
3 0.8712031250000001 0.7459250578125001 0.8816875 0.7319906328125 0.8845468750000001 0.72098360625 0.883046875 0.7041451984375 0.878390625 0.692224825 0.8652031250000001 0.68840749375 0.858609375 0.6886416859375 0.85275 0.6949180328125 0.850359375 0.6989695546875 0.84840625 0.7041451984375 0.8478125000000001 0.7090866515625 0.8478125000000001 0.71583138125 0.84690625 0.7216627640625 0.8449687499999999 0.72615925 0.8515625 0.73740046875 0.8604062499999999 0.744355971875 0.8712031250000001 0.7459250578125001
3 0.100515625 0.27014051562499997 0.100515625 0.26234192031250003 0.100515625 0.23377049218749998 0.11264062500000001 0.0051990625 0.0017343750000000002 0.0051990625 0.0034687500000000005 0.26494145156250004 0 0.329859484375 0.026000000000000002 0.322084309375 0.100515625 0.27014051562499997
3 0.72584375 0.86255269375 0.7405 0.86255269375 0.7487812500000001 0.8539578453125 0.7538750000000001 0.8348477750000001 0.75196875 0.8176814984374999 0.7405 0.8052693203124999 0.72265625 0.8090866515625 0.71309375 0.8176814984374999 0.709921875 0.838688525 0.70928125 0.846323184375 0.711828125 0.8558548015625 0.72584375 0.86255269375
3 0.7005 0.8542622953125001 0.703359375 0.8574707265624999 0.710140625 0.8473067921874999 0.710484375 0.8307259953124999 0.6980000000000001 0.82163934375 0.69978125 0.811475409375 0.6972968749999999 0.801311475 0.688375 0.8093208437499999 0.69015625 0.8207338015625 0.6773125 0.8189461359375001 0.6755312499999999 0.8339344265624999 0.68015625 0.8547775171875 0.6972968749999999 0.8622716625000001 0.7005 0.8542622953125001
3 0.6332187499999999 0.9083138171874999 0.646921875 0.8749414515625 0.6400781249999999 0.8552459015625 0.6286562499999999 0.848384075 0.620078125 0.854379390625 0.605234375 0.8646604218749999 0.60409375 0.8809133484375 0.609234375 0.9048946140625 0.6332187499999999 0.9083138171874999
3 0.49143749999999997 0.7905854796875 0.496859375 0.7853629984375 0.5007343750000001 0.7772131140625 0.500359375 0.765011709375 0.49996875 0.75512880625 0.49609375 0.7481498828125 0.49259375 0.7406089 0.491046875 0.738852459375 0.481734375 0.7353629984375 0.471265625 0.7353629984375 0.46699999999999997 0.7365339578125 0.463515625 0.741756440625 0.45925000000000005 0.7586182671875 0.45925000000000005 0.76674473125 0.45925000000000005 0.7754800937499999 0.46003125 0.7754800937499999 0.46390624999999996 0.7882669796874999 0.47282812500000004 0.7969789234375 0.482125 0.7963934421875 0.49143749999999997 0.7905854796875
3 0.510859375 0.96290398125 0.5093125 0.9299297421875 0.493453125 0.923044496875 0.4811875 0.9237939109375001 0.47043749999999995 0.937611240625 0.47043749999999995 0.96290398125 0.47453124999999996 0.978243559375 0.495 0.9843793906249999 0.510859375 0.96290398125
3 0.266625 0.743044496875 0.26284375 0.7531147546875 0.26368749999999996 0.7732786890625001 0.2683125 0.7902810296875 0.27714062500000003 0.795316159375 0.290171875 0.7972131140625 0.29940625 0.7896487125 0.306984375 0.7776814984375 0.306984375 0.769508196875 0.30656249999999996 0.753747071875 0.30067187500000003 0.742412178125 0.29353125 0.7342154562500001 0.2880625 0.7342154562500001 0.286796875 0.734847775 0.2741875 0.7361124125 0.266625 0.743044496875
3 0.7390625 1 0.7515625 0.9836065578125 0.759375 0.960187353125 0.7734375 0.9437939109375 0.78125 0.9180327875 0.79375 0.9274004687499999 0.8 0.9484777515625 0.803125 0.9812646375 0.8078125 0.995316159375 0.8125 1 0.8984375 0.9976580796875 0.90625 0.9718969562499999 0.9171875 0.9789227171875 0.921875 0.995316159375 0.9984375 1 0.9984375 0.770491803125 0.9890625 0.7634660421875 0.99375 0.7400468390625 0.99375 0.7189695546875 0.9890625 0.697892271875 0.978125 0.679156909375 0.965625 0.6697892265625 0.94375 0.6697892265625 0.93125 0.679156909375 0.921875 0.69320843125 0.915625 0.7142857140625 0.915625 0.742388759375 0.9265625 0.77517564375 0.9125 0.79391100625 0.90625 0.8149882906249999 0.8859375 0.8079625296874999 0.8859375 0.7868852453125 0.88125 0.7658079625 0.8703125 0.7470726 0.859375 0.7447306796875 0.8453125 0.7283372359375 0.8484375 0.7025761125 0.84375 0.6955503515625 0.83125 0.6861826703125 0.809375 0.6861826703125 0.796875 0.6955503515625 0.7875 0.7096018734375 0.78125 0.73067915625 0.75625 0.7283372359375 0.75625 0.7049180328125 0.753125 0.6885245906249999 0.740625 0.6651053859375 0.7375 0.662763465625 0.7327008921875 0.66389260625 0.7328125 0.6604215453125 0.7368303578125001 0.65373034375 0.74140625 0.6569086656249999 0.744609375 0.653747071875 0.7453125 0.6463700234374999 0.7485937500000001 0.642388759375 0.74921875 0.6358313812499999 0.752578125 0.6310304453125 0.753125 0.6252927406250001 0.7565625 0.61967213125 0.75703125 0.6147540984375001 0.760546875 0.6083138171875 0.7609375 0.6042154562500001 0.7725 0.5742388765625 0.7739955359375 0.562269990625 0.776484375 0.5628805625 0.778125 0.552107728125 0.78046875 0.5515222484375 0.7822544640625 0.541945465625 0.784722221875 0.5412438203125001 0.786383928125 0.53178320625 0.78897569375 0.530965390625 0.7905133921874999 0.52162094375 0.7932291671875 0.5206869625 0.7946428578125 0.5114586812499999 0.7974826390625 0.510408534375 0.798772321875 0.50129641875 0.8017361109375001 0.5001301078125 0.8029017859375 0.49113415937499993 0.8059895828125001 0.4898516796875 0.80703125 0.480971896875 0.81024305625 0.47957324999999995 0.8111607140625001 0.470809634375 0.8144965281250001 0.469294821875 0.8152901781249999 0.460647375 0.81875 0.45901639375 0.8453125 0.4613583140625 0.8578125 0.45199063281249996 0.86875 0.43325526875 0.875 0.40749414531249994 0.890625 0.3629976578125 0.9265625 0.3629976578125 0.9453125 0.3489461359375 0.9578125 0.3302107734375 0.965625 0.31147540937499996 0.9703125 0.292740046875 0.9703125 0.2459016390625 0.978125 0.2459016390625 0.990625 0.2365339578125 0.9984375 0.22482435625 0.9984375 0.1498829046875 0.984375 0.131147540625 0.9671875 0.1194379390625 0.953125 0.1194379390625 0.9421875 0.112412178125 0.9421875 0.1077283375 0.953125 0.07259953125 0.9703125 0.07259953125 0.9828125 0.06323185 0.990625 0.051522248437499994 0.9984375 0.0257611234375 0.9984375 0.0046838406249999995 0.9234375 0 0.8640625 0.0023419203124999998 0.859375 0.018735362499999998 0.8578125 0.049180328125 0.825 0.049180328125 0.8078125 0.0702576109375 0.8015625 0.0913348953125 0.8015625 0.1065573765625 0.7959568296875 0.099591975 0.5156733250000001 0.5124459796874999 0.2859375 0.847775175 0.28584085 0.8509862625 0.2802351796875 0.8592433421875001 0.2734375 0.8571428578125 0.2746295109375 0.8675004218750001 0.269023840625 0.8757575031249999 0.2640625 0.8711943796874999 0.24765625 0.8758782203125 0.24479166718749998 0.8790007796875001 0.23828125 0.8723653390624999 0.246875 0.8594847781249999 0.2375 0.8360655734375 0.2421875 0.8149882906249999 0.2421875 0.7915690859375 0.2375 0.770491803125 0.2265625 0.751756440625 0.2140625 0.742388759375 0.20625 0.742388759375 0.190625 0.7283372359375 0.16875 0.7283372359375 0.15625 0.73770491875 0.146875 0.751756440625 0.140625 0.7728337234375 0.1471354171875 0.7794691640625 0.140625 0.7880562062500001 0.140625 0.8032786890624999 0.146875 0.824355971875 0.1515625 0.8313817328124999 0.140625 0.86416861875 0.1421875 0.9063231843749999 0.134375 0.9297423890625 0.134375 0.960187353125 0.140625 0.9812646375 0.15625 1 0.21875 1 0.228125 0.9812646375 0.2328125 0.9625292734374999 0.23125 0.932084309375 0.24375 0.911007025 0.2484375 0.8922716625 0.2513020828125 0.885636221875 0.2578125 0.8922716625 0.253125 0.9391100703124999 0.253125 0.9672131140625 0.259375 0.9882903984375 0.26875 1 0.31875 1 0.3265625 0.9836065578125 0.33125 0.96487119375 0.33125 0.9391100703124999 0.3359375 0.9180327875 0.3359375 0.8969555031249999 0.328125 0.868852459375 0.3203125 0.8571428578125 0.3078125 0.847775175 0.296875 0.847775175 0.29144652031249996 0.8427291828125 0.5100676546875 0.5207030578125 0.684375 0.679156909375 0.678125 0.7002341921874999 0.678125 0.73067915625 0.684375 0.751756440625 0.6921875 0.7634660421875 0.625334821875 0.9281114078125 0.628125 0.93676815 0.6212053578125001 0.9382736703125 0.6234375 0.941451990625 0.6109375 0.9578454328125 0.6046875 0.9789227171875 0.60625 1 0.6105113640625001 0.9897807125 0.6140625 1 0.7390625 1