2 0.23117187499999997 0.5435208328125001 0.28059375000000003 0.4917708328125 0.30353125 0.4752916671875 0.324703125 0.45177083281249997 0.34587500000000004 0.41177083281250004 0.32646875 0.385875 0.301765625 0.40470833281249996 0.31059375 0.4282291671875 0.287640625 0.44706250000000003 0.23646875 0.45883333281249994 0.12353125000000001 0.5647083328125 0.05646875 0.6470625 0.107640625 0.6305833328125 0.13940625 0.6 0.23117187499999997 0.5435208328125001
2 0.207359375 0.7035208328125 0.254578125 0.6589375000000001 0.295875 0.6012291671875001 0.3185 0.5396041671875 0.3076875 0.5199166671875 0.28112499999999996 0.502875 0.254578125 0.5225416671875001 0.2250625 0.575 0.205390625 0.6327083328125 0.188671875 0.6851666671875 0.168015625 0.7454791671875001 0.16704687499999998 0.7743333328124999 0.179828125 0.7572916671875001 0.191625 0.727125 0.207359375 0.7035208328125
2 0.31334375 0.5241666671874999 0.31334375 0.5271041671875001 0.3074375 0.5860624999999999 0.305234375 0.589 0.282390625 0.71575 0.282390625 0.7167291671875 0.291234375 0.7579791671875 0.30596875 0.7324375 0.325859375 0.6577708328125 0.350171875 0.5732916671875 0.35534374999999996 0.5113958328125 0.35459375 0.5064791671875 0.32439062500000004 0.49468750000000006 0.31334375 0.5241666671874999
2 0.505203125 0.5243333328124999 0.529734375 0.5733958328125001 0.5533125 0.5809583328125 0.56746875 0.5658541671874999 0.56840625 0.5469791671875 0.54859375 0.5017083328124999 0.52784375 0.49164583281249996 0.51746875 0.4954166671875 0.50896875 0.5017083328124999 0.505203125 0.5243333328124999
2 0.503546875 0.7302083328125 0.49182812499999995 0.7770833328125 0.51609375 0.7536458328125 0.526140625 0.72575 0.53115625 0.6431875 0.53115625 0.5907708328125 0.5194375 0.606375 0.5085625 0.6420833328125 0.502703125 0.6777916671875001 0.50103125 0.6878124999999999 0.503546875 0.7302083328125
2 0.55478125 0.6522916671875 0.557875 0.6721666671875 0.570921875 0.650625 0.592671875 0.6787916671875001 0.618140625 0.7094375 0.6231093750000001 0.6978333328125 0.597640625 0.6481458328125 0.577765625 0.5959583328125 0.567203125 0.5653125 0.559125 0.5810625 0.53240625 0.5785625 0.53303125 0.5959583328125 0.54234375 0.6166666671875001 0.55478125 0.6522916671875
2 0.48587499999999995 0.5607291671875 0.47062499999999996 0.5725833328125 0.46299999999999997 0.5963125 0.45856250000000004 0.6208750000000001 0.46490625 0.6285000000000001 0.43949999999999995 0.655625 0.43949999999999995 0.686125 0.43949999999999995 0.7064583328125 0.44965625 0.7022083328125001 0.46109375 0.681875 0.467453125 0.6615416671875 0.482703125 0.609875 0.50240625 0.5497083328125 0.5081249999999999 0.537 0.5081249999999999 0.5242916671875 0.50621875 0.5090416671875 0.486515625 0.5014166671875 0.47953124999999996 0.5158125 0.48842187499999995 0.5353125000000001 0.48587499999999995 0.5607291671875
2 0.502375 0.6745208328125 0.519421875 0.603125 0.52590625 0.575 0.5177968749999999 0.5425416671875001 0.5096875 0.5382083328125 0.499140625 0.5512083328124999 0.491015625 0.6420625 0.494265625 0.6734375 0.48696875000000006 0.69075 0.502375 0.6745208328125
2 0.35546875 0.547625 0.346671875 0.5769791671875 0.34346875 0.6239166671875 0.34465625 0.6329791671875 0.3510625 0.6281875 0.364265625 0.6052500000000001 0.38146874999999997 0.5581666671875001 0.386671875 0.5197499999999999 0.38546874999999997 0.5101458328125 0.384671875 0.4850833328125 0.382265625 0.4824166671875 0.370671875 0.47602083281249996 0.356671875 0.5048125 0.3590625 0.5000833328125001 0.35746875 0.5198958328125001 0.35546875 0.547625
2 0.190609375 0.6774375 0.215296875 0.6010625 0.21184375000000003 0.59975 0.1639375 0.6952083328125 0.1639375 0.7136458328125 0.17579687500000002 0.7248541671875001 0.190609375 0.6774375
2 0.279828125 0.7741666671874999 0.307484375 0.7606458328125 0.35354687500000004 0.7164166671875 0.387640625 0.675875 0.411609375 0.6365624999999999 0.409765625 0.6218125 0.404234375 0.6058333328125001 0.399625 0.596 0.389484375 0.5984583328124999 0.38028125 0.5935416671875 0.352625 0.6267291671875 0.319453125 0.6942916671875 0.294578125 0.747125 0.279828125 0.7741666671874999