3 0.6433125000000001 1 0.6306406250000001 0.9499531609374999 0.5894999999999999 0.8835362999999999 0.5349062499999999 0.8420140515625001 0.491375 0.8420140515625001 0.454984375 0.8526932078125 0.42728124999999995 0.8716627640624999 0.404328125 0.903700234375 0.38296874999999997 0.951124121875 0.374265625 1 0.6433125000000001 1
3 0.648078125 0.6380093671875 0.641125 0.5468852453124999 0.61159375 0.44791569062500003 0.575109375 0.39843091406250003 0.49343750000000003 0.39843091406250003 0.45521874999999995 0.45051522187500004 0.432625 0.5 0.43089062499999997 0.5755269328125 0.48475 0.71093676875 0.52471875 0.7421779859375001 0.613328125 0.7213583140625001 0.648078125 0.6380093671875
3 0.7725 1 0.7845156249999999 0.97451990625 0.79390625 0.91583138125 0.793390625 0.8477517562499999 0.77146875 0.780468384375 0.738046875 0.736651053125 0.69315625 0.7092505859375 0.66234375 0.7092505859375 0.614328125 0.73194379375 0.586125 0.7671662765625 0.5595 0.822716628125 0.558453125 0.839156909375 0.558453125 0.8634192031250001 0.5725625 0.868875878125 0.614328125 0.948688525 0.629984375 0.9823419203125001 0.627890625 1 0.7725 1
3 0.356984375 0.5012880562500001 0.334453125 0.4389695546875 0.287671875 0.4 0.23395312499999998 0.36882903906250003 0.188890625 0.3896018734375 0.157703125 0.4077985953125 0.131703125 0.44674473125 0.11264062500000001 0.5038875875 0.11090625000000001 0.55325526875 0.131703125 0.6493442625 0.1525 0.69351288125 0.1594375 0.719484778125 0.192359375 0.732459015625 0.21662499999999998 0.729859484375 0.2478125 0.7116861828125 0.284203125 0.6883138171875001 0.32406250000000003 0.654543325 0.343125 0.5922014046874999 0.356984375 0.5012880562500001
3 0.395109375 0.24112412187499999 0.38298437500000004 0.2982669796875 0.395109375 0.3086651046875 0.43496875 0.3112646375 0.486953125 0.2982669796875 0.5146875 0.27229508125 0.545875 0.2099531609375 0.535484375 0.1580093671875 0.509484375 0.0489227171875 0.440171875 0.0047540984375 0.39684375 0.0255503515625 0.36739062499999997 0.046323184375 0.32753125 0.1346370015625 0.386453125 0.14501170937500002 0.40725 0.191779859375 0.395109375 0.24112412187499999
3 0.48440625 0.3828103046875 0.498703125 0.398875878125 0.565453125 0.3917330203125 0.5988125 0.41852459062499997 0.631 0.4828337234375 0.678671875 0.43639344218750004 0.6989375 0.3863700234375 0.703703125 0.3166978921875 0.696546875 0.26489461406250003 0.684640625 0.2470257609375 0.669140625 0.229180328125 0.63934375 0.205948478125 0.585703125 0.188079625 0.57021875 0.189859484375 0.549953125 0.213091334375 0.541609375 0.2202341921875 0.495125 0.3166978921875 0.48440625 0.3828103046875
3 1 0.00548009375 0.6170625000000001 0.0106557375 0.610140625 0.046932084375 0.610140625 0.08838407499999999 0.6118750000000001 0.124660421875 0.62396875 0.1661124125 0.651625 0.1971896953125 0.67409375 0.220515221875 0.691390625 0.25159250625 0.70003125 0.3189461359375 0.68275 0.386323184375 0.663734375 0.4510772828125 0.662 0.5624824359375 0.668921875 0.6298360656249999 0.70521875 0.6946135828125 0.7501562500000001 0.7412412171875 0.7881875 0.7697423890625 0.8348437499999999 0.7412412171875 0.84003125 0.798220140625 0.8607812499999999 0.8267213109375 0.90053125 0.8500468390625 0.942015625 0.8837236531249999 0.9696718750000001 0.8966744734375001 0.95584375 0.958852459375 0.9696718750000001 0.9847540984375 1 0.9821779859375 1 0.0106557375 1 0.00548009375
3 0.363921875 0.9813817328125 0.376046875 0.9658079624999999 0.41417187499999997 0.8748946140625 0.40031249999999996 0.791779859375 0.386453125 0.7476112406250001 0.331 0.695667446875 0.279 0.6982669796875001 0.23742187499999998 0.7164402812499999 0.169828125 0.7995784546875 0.164625 0.9216393437500001 0.19409375 0.9839812640625001 0.3119375 0.9813817328125 0.363921875 0.9813817328125
3 0.377578125 0.7317330203125 0.39903125 0.7710304453125 0.41571875 0.8675175640624999 0.46815625 0.8496487125 0.506296875 0.8335597187499999 0.52178125 0.8103512875 0.5289375 0.7656908671875 0.522984375 0.73709601875 0.46934375 0.6977985953125 0.4443125 0.62098360625 0.41571875 0.6138407499999999 0.378765625 0.61740046875 0.33465625 0.64063231875 0.31320312499999997 0.685292740625 0.29890625000000004 0.69421545625 0.33465625 0.7031615921875 0.377578125 0.7317330203125
3 0.35675 0.5027868859375 0.35396875 0.5431615921875 0.34375 0.6071896953125 0.40504687500000003 0.6099531609375 0.438484375 0.608571428125 0.43196874999999996 0.5556908671875 0.43290625 0.5 0.45332812499999997 0.45545667500000003 0.47562499999999996 0.413700234375 0.463546875 0.37334894687500003 0.46262499999999995 0.378899296875 0.440328125 0.3413348953125 0.39854687499999997 0.31906323125 0.310328125 0.409531615625 0.33725 0.43597189687500004 0.35675 0.5027868859375
3 0.121 0.8189227171875 0.14346874999999998 0.7722716625 0.141734375 0.723067915625 0.131359375 0.6608899296875 0.11753125 0.59093676875 0.096796875 0.557259953125 0.050124999999999996 0.5183840749999999 0.00690625 0.51063231875 0.003453125 0.8137236531250001 0.107171875 0.8344496484375 0.121 0.8189227171875
3 0.9609687499999999 1 0.9609687499999999 0.9909133484374999 0.957203125 0.943348946875 0.948046875 0.9126932078125 0.9286875 0.8699531609375001 0.9001718750000001 0.8457611234375 0.86896875 0.8239812640625 0.8474375000000001 0.819156909375 0.8183906249999999 0.8215690859375 0.789875 0.8368852453125 0.793640625 0.8441451984375 0.7930937499999999 0.893348946875 0.7930937499999999 0.9199531609375 0.782875 0.9691334890625001 0.771578125 1 0.9609687499999999 1