2 0.998625 0.9246874999999999 0.959796875 0.8251458328125001 0.9411250000000001 0.7874791671875 0.9295312499999999 0.7928541671875 0.9290156250000001 0.7915208328125 0.9375937499999999 0.8876875 0.978953125 0.98925 0.999640625 0.9744375 0.998625 0.9246874999999999
2 0.7760312500000001 0.4057916671875 0.7871718750000001 0.4222083328125 0.8130000000000001 0.41987500000000005 0.824734375 0.40422916718749996 0.8118281250000001 0.3893541671875 0.795984375 0.3752708328125 0.782484375 0.3713541671875 0.7760312500000001 0.3893541671875 0.7760312500000001 0.4057916671875
2 0.64015625 0.18812500000000001 0.6025 0.2043541671875 0.63571875 0.2082916671875 0.66378125 0.21962500000000001 0.685546875 0.2082916671875 0.726515625 0.1915625 0.728 0.1841875 0.742390625 0.1827083328125 0.7379687500000001 0.17433333281250002 0.72171875 0.16352083281250002 0.705859375 0.16254166718750002 0.68665625 0.1699166671875 0.64015625 0.18812500000000001
2 0.74146875 0.6210416671875 0.774515625 0.635125 0.799609375 0.6474583328125 0.7916875 0.6060625 0.74940625 0.6078125 0.7408125 0.6139791671875 0.74146875 0.6210416671875
2 0.5551875 0.2407708328125 0.60584375 0.2407708328125 0.716890625 0.230375 0.64675 0.2043958328125 0.57078125 0.21218750000000003 0.6155781250000001 0.20960416718750002 0.57078125 0.2147916671875 0.5551875 0.2407708328125
2 0.962828125 0.6051041671874999 0.9170624999999999 0.5324375 0.89396875 0.5347708328125 0.8839375 0.5510416671875 0.9074687499999999 0.5835833328125 0.92709375 0.5998541671875001 0.962828125 0.6051041671874999
2 0.950171875 0.40710416718750003 0.9153437500000001 0.40710416718750003 0.8957656249999999 0.41870833281250003 0.89903125 0.43902083281250004 0.9109999999999999 0.4549791671875 0.9349375 0.48256249999999995 0.950171875 0.49124999999999996 0.975203125 0.44337499999999996 0.97303125 0.4230625 0.950171875 0.40710416718750003
2 0.910203125 0.23537499999999997 0.883640625 0.1922916671875 0.8786093749999999 0.21335416718750003 0.8534843750000001 0.31004166718750004 0.8685625 0.3244166671875 0.8915312500000001 0.32345833281249997 0.910203125 0.23537499999999997
2 0.5756119796875 0.3655590265625 0.5773950890624999 0.36651488125 0.58244140625 0.36018229218750003 0.585116071875 0.3616160703125 0.5892708328125 0.35480555625 0.592837053125 0.3567172625 0.5961002609375 0.34942881875 0.6005580359375 0.35181845156249997 0.6029296875 0.3440520828125 0.6082790171875 0.34691964375 0.6097591140625 0.33867534843749997 0.616 0.3420208328125 0.6523984375 0.3254479171875 0.65828125 0.3350416671875 0.7014375 0.3292291671875 0.7049218749999999 0.3025 0.6691874999999999 0.3025 0.6523333328125 0.30869444375 0.6465156249999999 0.31585416718750003 0.64390625 0.3117916671875 0.6165885421875 0.3332986109375 0.6107734375 0.3324270828125 0.605546875 0.32283333281250004 0.5592075890625 0.3557083328125 0.551484375 0.3611875 0.55628125 0.3780416671875 0.5696741078125 0.3714136890625 0.5756119796875 0.3655590265625
2 0.724421875 0.460625 0.721796875 0.460625 0.715703125 0.4809791671875 0.7492656249999999 0.5013124999999999 0.751875 0.47341666718750003 0.7405468749999999 0.4635416671875 0.724421875 0.460625
2 0.66228125 0.4175625 0.6583125 0.3920208328125 0.64775 0.3849583328125 0.61075 0.3770416671875 0.604140625 0.3884791671875 0.6014999999999999 0.41139583281250003 0.6464218749999999 0.43606249999999996 0.651046875 0.4378125 0.660296875 0.4307708328125 0.66228125 0.4175625
2 0.702015625 0.2736666671875 0.691359375 0.2689375 0.677171875 0.2736666671875 0.6617968750000001 0.287875 0.653515625 0.3067916671875 0.6570625 0.308375 0.702015625 0.29733333281249996 0.702015625 0.2736666671875
2 0.6069375 0.4465833328125 0.625390625 0.4301666671875 0.586796875 0.4018125 0.58903125 0.40108333281249997 0.5588124999999999 0.392125 0.55321875 0.4055416671875 0.57225 0.43166666718749996 0.6069375 0.4465833328125
2 0.5421875 0.3229166671875 0.5436580875 0.32696078281249996 0.5390625 0.3583333328125 0.5265625 0.3708333328125 0.5265625 0.38333333281250004 0.53125 0.3895833328125 0.5328125 0.40416666718750005 0.5375 0.41041666718750003 0.546875 0.41041666718750003 0.559375 0.39375 0.5796875 0.39791666718749996 0.590625 0.40625 0.5984375 0.40625 0.6015625 0.40208333281249997 0.6151041671875 0.4201388890625 0.621875 0.42291666718750004 0.621875 0.4291666671875 0.61875 0.4375 0.60625 0.4479166671875 0.6078125 0.45625 0.634375 0.4791666671875 0.65 0.4791666671875 0.6546875 0.47083333281249995 0.7125 0.5104166671875 0.709375 0.51875 0.709375 0.5354166671875 0.7140625 0.54375 0.710216346875 0.5461538453125 0.7203125 0.675 0.7109375 0.69375 0.7109375 0.7145833328125 0.71875 0.725 0.7390625 0.7333333328125 0.7578125 0.7520833328125 0.7734375 0.7520833328125 0.7765625 0.75625 0.7890625 0.7583333328124999 0.79375 0.7625 0.809375 0.7625 0.8140625 0.7541666671875 0.8140625 0.7458333328125 0.8203125 0.7458333328125 0.8265625 0.7583333328124999 0.8390625 0.7604166671875 0.846875 0.75 0.853125 0.75 0.8625 0.7354166671875 0.878125 0.73125 0.8828125 0.7208333328125 0.88125 0.70625 0.93125 0.7020833328125 0.9328125 0.7166666671875 0.9375 0.7229166671875 0.9421875 0.7229166671875 0.946875 0.7333333328125 0.9546875 0.7416666671875001 0.9703125 0.7416666671875001 0.9890625 0.7104166671875001 0.9890625 0.6979166671875 0.984375 0.6895833328125 0.971875 0.6875 0.9640625 0.6729166671875 0.9546875 0.6708333328125 0.9515625 0.6666666671875 0.9634933640625001 0.5299031140625 0.9569556453124999 0.5272849453124999 0.964411121875 0.5193828390624999 0.9584677421875 0.5170026875 0.9653288812499999 0.5088625671875 0.9599798390625001 0.5067204296875001 0.9662466390625 0.49834229375000005 0.9614919359374999 0.4964381734375 0.9671643984375 0.4878220203125 0.9630040328125 0.4861559140625 0.9680821578125001 0.4773017484375 0.9645161296874999 0.47587365625 0.968999915625 0.466781475 0.9660282265625 0.4655913984375 0.9699176749999999 0.4562612 0.967540321875 0.45530913906250003 0.9708354328125001 0.44574092656250003 0.966852678125 0.44464285625000005 0.9717531921875 0.43522065468750004 0.970564515625 0.4347446234375 0.9726709515625 0.42470038125 0.9697767859375 0.4230952375 0.973588709375 0.4141801078125 0.9710825890624999 0.4121130953125 0.9723883921875001 0.4011309515625 0.9749162953124999 0.39813988125 0.9736941968749999 0.3901488109375 0.978125 0.38333333281250004 0.9875 0.38333333281250004 0.990625 0.3791666671875 0.99375 0.35625 0.9984375 0.3458333328125 0.982528409375 0.33617424218749997 0.9848011359375001 0.32594696875 0.9828125 0.325 0.9870738640625 0.31571969843750003 0.9840625 0.31416666718749997 0.9893465906250001 0.305492425 0.9853125 0.30333333281249997 0.99161931875 0.2952651515625 0.98828125 0.29375 0.9938920453125 0.2850378796875 0.9878125000000001 0.2816666671875 0.9890625 0.2708333328125 0.9961647734374999 0.27481060625 0.9984375 0.2645833328125 0.99375 0.2645833328125 0.9338709671875 0.33608871093750003 0.8943044359375 0.32634408593750003 0.8890625 0.3333333328125 0.8863911296874999 0.3243951609375 0.884375 0.325 0.878477821875 0.3224462375 0.87578125 0.325 0.870564515625 0.3204973125 0.8671875 0.325 0.862651209375 0.31854838750000003 0.854737903125 0.31659946250000004 0.8546875 0.3125 0.8625 0.2770833328125 0.8625 0.24583333281250003 0.8703125 0.24583333281250003 0.8765625 0.2208333328125 0.8625 0.2 0.853125 0.2 0.8484375 0.20625 0.8390625 0.20416666718749998 0.8390625 0.19375 0.83125 0.18125 0.8140625 0.17916666718750002 0.809375 0.1708333328125 0.803125 0.16875 0.7890625 0.16875 0.7796875 0.1583333328125 0.7625 0.1583333328125 0.759375 0.1625 0.74375 0.16458333281249998 0.7390625 0.1708333328125 0.740625 0.1854166671875 0.74375 0.1895833328125 0.7609375 0.1895833328125 0.771875 0.1854166671875 0.778125 0.19375 0.770625 0.28375 0.765625 0.2791666671875 0.7676915328125 0.2951612890625 0.7439516125 0.2893145171875 0.753125 0.2791666671875 0.7453125 0.2708333328125 0.734375 0.2708333328125 0.7296875 0.2770833328125 0.728125 0.2854166671875 0.649375 0.29041666718750003 0.65 0.2833333328125 0.65625 0.275 0.659375 0.2666666671875 0.6578125 0.2520833328125 0.653125 0.24583333281250003 0.6109375 0.24583333281250003 0.6078125 0.2416666671875 0.5890625 0.2416666671875 0.578125 0.25 0.56875 0.25 0.5640625 0.25625 0.5640625 0.26875 0.5578125 0.2767361109375 0.559375 0.2875 0.553125 0.2875 0.5515625 0.28472222343750003 0.5469999999999999 0.2969166671875 0.540625 0.29375 0.5391250000000001 0.2974166671875 0.53125 0.2979166671875 0.5265625 0.30416666718749996 0.5265625 0.3166666671875 0.53125 0.3229166671875 0.5421875 0.3229166671875