1 0.41804687500000004 0.9264166671874999 0.42400000000000004 0.9314791671875 0.42648437499999997 0.9323541671875001 0.42696875 0.9314791671875 0.427140625 0.9290625 0.428125 0.9235416671875001 0.4319375 0.9153958328125 0.43590625000000005 0.9098958328125001 0.4426875 0.9110625000000001 0.44678125 0.8972708328125 0.443234375 0.8896458328125 0.44378124999999996 0.8860208328124999 0.438890625 0.8838541671875 0.43589062500000003 0.8842083328125 0.43425 0.8918333328125 0.425 0.9074375 0.41465625 0.9197708328124999 0.41407812499999996 0.9224583328125 0.41490625000000003 0.924 0.41804687500000004 0.9264166671874999
0 0.3798125 0.9898125 0.372859375 0.9862916671875 0.368546875 0.9862916671875 0.36398437499999997 0.9882083328125001 0.361109375 0.9904583328125 0.35943749999999997 0.9939791671875 0.3565625 0.9990833328125 0.3884375 1 0.383890625 0.9942916671875001 0.3798125 0.9898125
3 0.323734375 0.8960000000000001 0.31284375 0.9081250000000001 0.31175 0.9163541671875001 0.31575000000000003 0.9241041671874999 0.321203125 0.9323541671875001 0.331015625 0.9371875 0.335375 0.9313750000000001 0.33973437500000003 0.9226458328125 0.34554687500000003 0.9129583328124999 0.349171875 0.9057083328125 0.346265625 0.8989166671875 0.33790624999999996 0.8955208328125 0.330640625 0.8940625000000001 0.323734375 0.8960000000000001
1 0.41103125 0.9154375 0.403140625 0.9022500000000001 0.396875 0.87475 0.38696875 0.8779999999999999 0.386171875 0.9046666671875 0.3924375 0.9173333328125001 0.40153125 0.931875 0.40759375000000003 0.9273125 0.411421875 0.9224583328125 0.41103125 0.9154375
1 0.44728124999999996 0.9314583328125 0.44387499999999996 0.9077708328125 0.43707812500000004 0.9077708328125 0.43065625 0.9173333328125001 0.42876562500000004 0.9324583328125 0.42876562500000004 0.9470833328125 0.43782812499999996 0.9596666671875 0.47071874999999996 0.954125 0.46467187499999996 0.9354791671875 0.45143750000000005 0.9425416671875 0.44728124999999996 0.9314583328125
3 0.370625 0.8832916671875 0.370625 0.875875 0.364640625 0.8622083328124999 0.3629375 0.8599375 0.359515625 0.8570833328124999 0.349265625 0.8559374999999999 0.34328125 0.8570833328124999 0.34071875 0.8587916671875 0.336875 0.8644999999999999 0.33559375 0.8696249999999999 0.332171875 0.8724583328125 0.334734375 0.8952500000000001 0.346265625 0.8998125 0.357375 0.8941041671875001 0.370625 0.8832916671875
3 0.34715625 0.9629166671875 0.348734375 0.9460833328125 0.36765625 0.9341666671875 0.375546875 0.9348541671874999 0.38134375 0.9236458328125 0.3908125 0.9180416671874999 0.385015625 0.8948958328125001 0.387125 0.8773541671875 0.388171875 0.8759583328125 0.38028125 0.8738541671875 0.37239062500000003 0.8808541671875 0.37134375 0.8808541671875 0.3645 0.8633333328124999 0.357671875 0.8535208328125 0.3429375 0.8549166671874999 0.335046875 0.8654375 0.33137500000000003 0.8717499999999999 0.33346875 0.884375 0.332953125 0.8948958328125001 0.32084375 0.8976875 0.313484375 0.9012083328125 0.31243750000000003 0.9096249999999999 0.30874999999999997 0.913125 0.29928125 0.913125 0.291921875 0.9159375000000001 0.286140625 0.9243541671875001 0.285609375 0.9306666671875 0.27351562500000004 0.9306666671875 0.26878125 0.938375 0.265625 0.9404791671874999 0.29928125 0.9727291671874999 0.30034375 0.9720416671875001 0.313484375 0.9790416671875001 0.319796875 0.9846666671875001 0.335578125 0.9748333328125 0.34715625 0.9629166671875
0 0.444875 0.9619375 0.43121875000000004 0.9512708328124999 0.42321875000000003 0.9510208328124999 0.416671875 0.9561041671874999 0.411203125 0.9667916671875 0.42740625000000004 0.9862083328125 0.44232812499999996 0.9779583328125 0.444875 0.9619375
0 0.36846875 0.9375625 0.36171875 0.938375 0.35790625 0.9405625000000001 0.350984375 0.9492916671874999 0.3464375 0.95875 0.347171875 0.9687083328125 0.34953124999999996 0.9745208328125001 0.354265625 0.979875 0.35753124999999997 0.9835 0.3631875 0.9888333328125001 0.368828125 0.9864166671874999 0.37428125 0.9871458328125 0.377375 0.9825416671875 0.38301562499999997 0.97525 0.38465625000000003 0.9660416671875 0.384296875 0.9514791671875 0.379375 0.9451666671875 0.37953125 0.9453125 0.37484375000000003 0.9396458328125 0.36846875 0.9375625
0 0.43246874999999996 0.94025 0.42662500000000003 0.9246666671874999 0.4051875 0.9246666671874999 0.3935 0.94025 0.395453125 0.9636458328125 0.4149375 0.9792291671875001 0.4149375 0.9714375000000001 0.422734375 0.9558541671875 0.43246874999999996 0.94025
0 0.3544375 0.9880000000000001 0.351859375 0.9821041671874999 0.347421875 0.9791458328125 0.344109375 0.9766875 0.338578125 0.9747291671875 0.33303125 0.9747291671875 0.327875 0.9796458328125001 0.327125 0.9796458328125001 0.3230625 0.9826041671875 0.31790625 0.9884999999999999 0.32934375 0.9978541671875 0.351125 0.9988333328125 0.35481250000000003 0.9953958328124999 0.3544375 0.9880000000000001
0 0.431578125 0.9019791671874999 0.43696875 0.8839791671875 0.4335 0.87525 0.426171875 0.8706041671875001 0.41421875 0.8742083328125 0.404953125 0.879875 0.3999375 0.8896458328125 0.40071874999999996 0.9025000000000001 0.41190625000000003 0.9220416671875 0.41576562499999997 0.9225625000000001 0.4223125 0.9168958328124999 0.431578125 0.9019791671874999
0 0.400875 0.9685625 0.39965625 0.9674166671875 0.39546875 0.9643750000000001 0.394953125 0.9597291671875 0.39425 0.9448333328125 0.391453125 0.9429583328125 0.38692187499999997 0.9448333328125 0.38325 0.9483124999999999 0.38290625 0.9513541671875 0.38446875 0.9562291671875001 0.384296875 0.9643750000000001 0.383953125 0.9732291671875 0.386046875 0.9743958328125 0.39371875 0.974625 0.396 0.9732291671875 0.397921875 0.9725208328124999 0.400875 0.9685625
0 0.48001562499999995 0.951875 0.48959374999999994 0.9497500000000001 0.490921875 0.9422916671875001 0.48773437499999994 0.9352083328124999 0.48293749999999996 0.9313125 0.4755 0.9306041671875 0.469640625 0.9306041671875 0.46778125 0.9376875 0.4683125 0.9455 0.466984375 0.9472708328125 0.467515625 0.9508125 0.48001562499999995 0.951875
0 0.40650000000000003 0.9960208328125001 0.404171875 0.9793749999999999 0.399484375 0.9752291671875 0.380765625 0.9741875 0.378421875 0.9814583328125 0.376859375 0.9877083328125 0.38309375 0.9928958328125 0.395578125 1 0.40650000000000003 0.9960208328125001
0 0.45332812499999997 0.9198958328125 0.46184375 0.9332083328125 0.460640625 0.9247708328125 0.4586875 0.920875 0.45332812499999997 0.9198958328125
1 0.44715625000000003 0.9318541671875 0.451671875 0.9417708328125001 0.458296875 0.9392916671875 0.46254687499999997 0.9343333328125001 0.458296875 0.9297291671875 0.450875 0.9134583328125 0.446890625 0.9021458328125 0.44529687500000004 0.9035624999999999 0.444234375 0.9078125 0.44715625000000003 0.9318541671875