1 0.59402 0.2869879515625 0.56128 0.20180722968749998 0.52554 0.112108434375 0.50916 0.11433735 0.5017199999999999 0.14349397656250001 0.53 0.21972891562500002 0.56574 0.329608434375 0.56872 0.32512048125000004 0.60594 0.3094277109375 0.59402 0.2869879515625
1 0.39338 0.17219879531249999 0.37862 0.1857831328125 0.3532 0.25 0.34624 0.165391565625 0.33886 0.161686746875 0.32122 0.17219879531249999 0.30442 0.233313253125 0.29458 0.224066265625 0.2868 0.23825301250000003 0.27326 0.318524096875 0.38395999999999997 0.33271084375000004 0.46062000000000003 0.3234638546875 0.4561 0.2888855421875 0.46184000000000003 0.20614457812500003 0.4479 0.1907228921875 0.42782 0.19319277031249998 0.41838 0.1981325296875 0.40937999999999997 0.1740361453125 0.39338 0.17219879531249999
1 0.45045999999999997 0.178313253125 0.45045999999999997 0.1885542171875 0.46177999999999997 0.1981927703125 0.46066 0.23400602343750002 0.47952000000000006 0.27659638593749997 0.49119999999999997 0.24933735 0.50932 0.2612650609375 0.51158 0.26978915625 0.52138 0.2465060234375 0.50706 0.2220783125 0.48216000000000003 0.1840060234375 0.46631999999999996 0.1652409640625 0.45045999999999997 0.178313253125
1 0.21716000000000002 0.0820783125 0.20936 0.1032530125 0.20623999999999998 0.1385542171875 0.18904 0.185602409375 0.1953 0.22560240937499998 0.21092 0.2985542171875 0.23592 0.3150301203125 0.25466 0.3150301203125 0.27342 0.3079518078125 0.30622 0.24207831249999998 0.30934 0.1926807234375 0.28748 0.1644277109375 0.26248 0.11737951875 0.25622 0.0820783125 0.23279999999999998 0.056204818749999996 0.21716000000000002 0.0820783125
1 0.6643399999999999 0.2450301203125 0.66928 0.3153012046875 0.70068 0.3146385546875 0.70068 0.3024698796875 0.70024 0.2544879515625 0.68004 0.19569277031250001 0.67018 0.2078614453125 0.6643399999999999 0.2450301203125
1 0.61726 0.18063252968750002 0.62774 0.247650603125 0.62424 0.2660542171875 0.62336 0.301566265625 0.62598 0.32126506093749996 0.66876 0.3107530125 0.66876 0.3094277109375 0.66876 0.2739457828125 0.6661400000000001 0.23978915625 0.6661400000000001 0.2016566265625 0.66962 0.13987951875 0.6661400000000001 0.121475903125 0.6469400000000001 0.10701807187500001 0.6399600000000001 0.1083433734375 0.63384 0.13066265 0.619 0.10307228906250002 0.5998 0.10439759062500001 0.60068 0.10439759062500001 0.60068 0.1372590359375 0.61726 0.18063252968750002
1 0.45392 0.17861445781250002 0.46102 0.17328313281250002 0.47363999999999995 0.173855421875 0.47284 0.16259036093749998 0.47165999999999997 0.1459638546875 0.46654 0.1085542171875 0.46298000000000006 0.1031927703125 0.45431999999999995 0.1014156625 0.44366000000000005 0.1251807234375 0.43854 0.166144578125 0.4342 0.135271084375 0.4204 0.102018071875 0.41487999999999997 0.107349396875 0.4074 0.12575301249999998 0.40659999999999996 0.151897590625 0.4062 0.17801204843750001 0.4133 0.1899096390625 0.44288 0.1922590359375 0.4484 0.1910843375 0.45156 0.188102409375 0.45392 0.17861445781250002
1 0.4901 0.2465963859375 0.48276 0.26054216874999997 0.4766 0.2901807234375 0.47698 0.3303012046875 0.51942 0.325060240625 0.5175 0.321566265625 0.51634 0.2861144578125 0.50978 0.268102409375 0.5028400000000001 0.24891566250000002 0.4901 0.2465963859375
1 0.7223200000000001 0.2905722890625 0.7244200000000001 0.27478915625 0.72694 0.26024096406249997 0.72778 0.24256024062499998 0.72694 0.22804216875 0.724 0.216686746875 0.71854 0.20783132499999998 0.71016 0.2015060234375 0.70512 0.2015060234375 0.70136 0.2090963859375 0.7017800000000001 0.2198192765625 0.70052 0.2274096390625 0.69884 0.23816264999999998 0.69842 0.249518071875 0.7001000000000001 0.26024096406249997 0.6996800000000001 0.310150603125 0.72148 0.3114156625 0.7219 0.3031927703125 0.7223200000000001 0.2905722890625
1 0.7198599999999999 0.1893072296875 0.7222999999999999 0.1684638546875 0.7166 0.1255722890625 0.70114 0.1133433734375 0.67428 0.075331325 0.6637 0.10719879531250001 0.65068 0.10719879531250001 0.66778 0.12436747031249999 0.6694 0.14030120468750001 0.66778 0.211355421875 0.67998 0.200331325 0.6987 0.23831325312499999 0.7043999999999999 0.200331325 0.7100799999999999 0.19789156562500002 0.7247399999999999 0.21749999999999997 0.728 0.2162650609375 0.72636 0.2052409640625 0.7198599999999999 0.1893072296875
1 0.5589999999999999 0.10668674687499999 0.5555399999999999 0.102981928125 0.55108 0.0977409640625 0.54564 0.102228915625 0.54168 0.1059638546875 0.53722 0.11566265 0.53722 0.124608434375 0.5392 0.13876506093750002 0.55852 0.1865060234375 0.56248 0.20216867500000002 0.57584 0.20069277031250002 0.57932 0.193975903125 0.59616 0.2461746984375 0.60458 0.2707831328125 0.60804 0.291686746875 0.612 0.3237650609375 0.6229 0.32524096406249997 0.6288400000000001 0.3215060234375 0.62488 0.292439759375 0.62488 0.2611144578125 0.62042 0.23798192812500002 0.6234 0.2439457828125 0.6021 0.183524096875 0.58526 0.1484638546875 0.5699 0.12087349375 0.5589999999999999 0.10668674687499999