1 0.90453125 0.522546584375 0.87559375 0.345279503125 0.8568125 0.17726708124999999 0.8255156250000001 0.105776396875 0.787953125 0.1213043484375 0.788734375 0.15863354062499999 0.8028124999999999 0.28614906875 0.8161250000000001 0.391925465625 0.8161250000000001 0.44167701875 0.81925 0.5443478265625 0.8599375 0.678074534375 0.8795 0.740310559375 0.8959374999999999 0.755838509375 0.9037499999999999 0.7278260875 0.9092343749999999 0.6407453421875 0.90453125 0.522546584375
1 0.701875 0.7589441 0.707359375 0.44788819843749994 0.691703125 0.391925465625 0.6611875 0.38260869531249997 0.631453125 0.413664596875 0.627546875 0.49770186406250005 0.625203125 0.6190062109375 0.623625 0.7682608703125 0.625203125 0.8585093171875 0.631453125 0.9549068328124999 0.6400625 0.9922360250000001 0.66196875 1 0.68153125 0.9984472046875 0.6956249999999999 0.9082608703125 0.701875 0.7589441
1 0.7249531250000001 0.31062111875 0.720234375 0.366956521875 0.706046875 0.3857142859375 0.7013281250000001 0.825341615625 0.7070000000000001 0.8478881984375001 0.713609375 0.8929813671875 0.7400781249999999 0.90049689375 0.75046875 0.85161490625 0.766546875 0.7577018640625 0.77315625 0.667515528125 0.7750468749999999 0.41204968906249995 0.7476406250000001 0.34068322968750003 0.725890625 0.254223603125 0.7249531250000001 0.31062111875
1 0.713609375 0.0859627328125 0.721171875 0.10850931718750001 0.7315625 0.12354037343749999 0.732515625 0.16490683281250001 0.720234375 0.2212422359375 0.756140625 0.35273291875 0.8024531250000001 0.46167701875 0.8213593749999999 0.405341615625 0.790171875 0.2024223609375 0.7712656250000001 0.1122981359375 0.74290625 0.0296273296875 0.7344062499999999 0.025838509375000002 0.729671875 0.052173912499999996 0.713609375 0.0859627328125
1 0.6242656249999999 1 0.625109375 0.8369565218749999 0.6259375 0.6207453421875 0.608375 0.584161490625 0.5857812499999999 0.5442236031250001 0.58075 0.5309316765625 0.5531406249999999 0.7903726703125 0.53975 0.820310559375 0.53975 0.9567080750000001 0.53975 1 0.6242656249999999 1
1 0.7205 0.24720496875000003 0.716125 0.20726708125 0.7148125000000001 0.2020496890625 0.703453125 0.2037888203125 0.695140625 0.2176397515625 0.690328125 0.2315527953125 0.68596875 0.24546583906250002 0.687265625 0.266335403125 0.699515625 0.37403726718749997 0.7152499999999999 0.3670807453125 0.724421875 0.33062111875 0.7205 0.24720496875000003
1 0.5998593750000001 0.604099378125 0.6262187499999999 0.61391304375 0.631984375 0.5745962734375001 0.633640625 0.417453415625 0.57515625 0.4698136640625 0.585859375 0.522236025 0.5998593750000001 0.604099378125
1 0.778875 0.4001242234375 0.7673281249999999 0.7478260875 0.729375 0.88552795 0.69471875 0.8659006218749999 0.69471875 0.7937267078125 0.679875 0.970807453125 0.68646875 1 0.8828437499999999 0.9970807453124999 0.886140625 0.7478260875 0.801984375 0.43291925468750003 0.778875 0.4001242234375
1 0.996875 0.8709316765624999 0.9710468750000001 0.7900621125 0.951484375 0.786956521875 0.9334843749999999 0.7465217390625 0.9131406249999999 0.678074534375 0.9085000000000001 0.6868322984375 0.9001250000000001 0.7537267078125 0.8844218749999999 0.7535403734375 0.8998437499999999 0.895838509375 0.9397500000000001 0.9984472046875 1 0.989130434375 0.996875 0.8709316765624999
1 0.917953125 0.1021118015625 0.922640625 0.26391304375 0.921859375 0.32608695625 0.8764843750000001 0.34161490625 0.8858593750000001 0.40074534218749996 0.902296875 0.3976397515625 0.917953125 0.3945341609375 0.93125 0.456708075 0.93359375 0.51273291875 0.9328125 0.5718012421875 0.922640625 0.624720496875 0.91246875 0.655776396875 0.9234218750000001 0.7149068328125 0.9508125 0.7864596265625 0.96646875 0.795776396875 0.9758437499999999 0.7926708078125 0.982109375 0.7211180125000001 0.9844531249999999 0.6464596265625 0.9844531249999999 0.5904968937499999 0.9641093749999999 0.40695652187500003 0.9985468750000001 0.54385093125 0.9977656250000001 0.008819875000000001 0.8091875 0.008819875000000001 0.8295312499999999 0.105279503125 0.862390625 0.2545341609375 0.8616093749999999 0.09590062187500001 0.917953125 0.1021118015625
1 0.559640625 0.6100621125 0.56046875 0.5304347828125 0.5304375 0.5801863359375 0.5020781249999999 0.51391304375 0.50459375 0.5868322984375001 0.507921875 0.7824223609375001 0.535453125 0.8321739125000001 0.557125 0.762546584375 0.559640625 0.6100621125