1 0.22762 0.8207761187499999 0.22762 0.7989552234375 0.23692000000000002 0.777134328125 0.26349999999999996 0.7592835828125 0.27148 0.7255522390625 0.27280000000000004 0.6839104484375 0.27014 0.6482089546875 0.26484 0.6144776125 0.24224 0.58274626875 0.21434000000000003 0.58274626875 0.20104000000000002 0.5589552234374999 0.18375999999999998 0.568865671875 0.17978 0.57877611875 0.17978 0.598626865625 0.17578 0.624388059375 0.15186 0.66802985 0.14256 0.7215820890625 0.11200000000000002 0.88226865625 0.12794 0.9040895515624999 0.15718000000000001 0.8941791046875001 0.15586 0.914 0.17578 0.91202985 0.18642 0.9001194031249999 0.21832 0.88226865625 0.19705999999999999 0.9001194031249999 0.21964 0.88226865625 0.24356 0.8545074625 0.23426 0.8306865671875 0.22762 0.8207761187499999
1 0.26498 0.8471940296874999 0.27854 0.8494328359375001 0.28758 0.8561791046874999 0.30112 0.8651641796874999 0.34328 0.8629253734375 0.37942 0.8269552234375 0.37792 0.7280895515625 0.3749 0.680895521875 0.39146000000000003 0.6471940296875001 0.42308 0.61797015 0.45922 0.6045074625 0.43212 0.57077611875 0.4035 0.57976119375 0.38242 0.61122388125 0.35834 0.6449552234375 0.33424 0.6898805968749999 0.29208 0.7235820890625 0.25746 0.7595522390625 0.23186 0.7865074625 0.23637999999999998 0.8202388062500001 0.24089999999999998 0.8494328359375001 0.26498 0.8471940296874999
1 0.12261999999999999 0.5307164171875 0.11464 0.5505373140625001 0.11066000000000001 0.5941791046875 0.08142 0.663611940625 0.00434 0.7270746265625 0.007000000000000001 0.8044477609375 0.029580000000000002 0.7965074624999999 0.02426 0.8202985078125 0.0256 0.8322089546875 0.03358 0.840149253125 0.04686 0.842119403125 0.08408 0.8084179109375 0.10932 0.7786567171875001 0.10932 0.780626865625 0.10533999999999999 0.7945074625 0.09072 0.8361791046875 0.09469999999999999 0.8341791046875 0.0987 0.8441194031249999 0.1173 0.8500597015625001 0.15052000000000001 0.6735223875 0.1585 0.64973134375 0.17443999999999998 0.6259104484375 0.18375999999999998 0.5941791046875 0.18774 0.5564776124999999 0.19970000000000002 0.5465671640624999 0.17976 0.5366567171875001 0.15052000000000001 0.5287164171875001 0.14256 0.5287164171875001 0.13324 0.5188059703125 0.12261999999999999 0.5307164171875
1 0.32023999999999997 0.49823880625 0.32984 0.5105074625 0.3415 0.5289552234375 0.3463 0.5330447765625 0.36072000000000004 0.5381791046875 0.36964 0.5453432828125 0.3765 0.5514925374999999 0.38130000000000003 0.557641790625 0.38473999999999997 0.56376119375 0.3916 0.5770746265625 0.39571999999999996 0.5740000000000001 0.40326000000000006 0.5504477609375 0.40599999999999997 0.5228059703125 0.40052000000000004 0.50026865625 0.39228 0.47979104531249994 0.38268 0.4449552234375 0.3765 0.4429253734375 0.36551999999999996 0.45522388124999996 0.35728 0.4654626859375 0.35453999999999997 0.4644179109375 0.3415 0.45522388124999996 0.33326 0.446 0.32298 0.4326865671875 0.31886000000000003 0.43576119375 0.31267999999999996 0.4429253734375 0.3065 0.4500895515625 0.30238 0.45826865625 0.30444 0.46749253749999997 0.30926 0.473641790625 0.3065 0.4920895515625 0.29209999999999997 0.5115522390625 0.28248 0.526895521875 0.28454 0.530985075 0.29209999999999997 0.5555820890625001 0.30376 0.52074626875 0.30856 0.5064179109375 0.32023999999999997 0.49823880625
1 0.44930000000000003 0.5272238812500001 0.43038 0.536626865625 0.41462000000000004 0.54602985 0.40987999999999997 0.5577910453125 0.40987999999999997 0.5695820890625 0.41776 0.5789850750000001 0.43352 0.5836716421875 0.45088 0.593104478125 0.46348 0.6119104484375 0.43826 0.616626865625 0.42564 0.628388059375 0.46348 0.633104478125 0.48082 0.6401492531249999 0.50762 0.6566268656250001 0.5139199999999999 0.7177910453125 0.56752 0.6377910453125 0.55334 0.5695820890625 0.5029 0.5154626859375 0.4824 0.51074626875 0.45718 0.5154626859375 0.44930000000000003 0.5272238812500001
1 0.24788000000000002 0.4622089546875 0.24758 0.48083582031249994 0.24758 0.49725373125 0.25442 0.502119403125 0.26542 0.5012537312500001 0.26542 0.4830447765625 0.25948000000000004 0.44579104531249997 0.2565 0.43823880624999995 0.24966 0.4413432828125 0.24788000000000002 0.4622089546875
1 0.06298000000000001 0.5037611937500001 0.09862 0.537880596875 0.11416 0.5665373140625001 0.11782 0.5433432828125 0.13426 0.5133134328125 0.16352 0.5297014921875001 0.16992000000000002 0.4982985078125 0.16718 0.477850746875 0.17906 0.4642089546875 0.1489 0.441014925 0.11416 0.439641790625 0.10318000000000001 0.45737313437499993 0.09404 0.4655820890625 0.06298000000000001 0.5037611937500001
1 0.40928000000000003 0.5775223875 0.41766 0.5473134328125 0.4566 0.5188358203125001 0.44400000000000006 0.5057313437500001 0.4356 0.4840895515625 0.42912 0.4806865671875 0.42110000000000003 0.48182089531249994 0.41500000000000004 0.48182089531249994 0.40621999999999997 0.4886567171875 0.39706 0.566119403125 0.39248 0.5718208953125 0.39858 0.5871940296875 0.40928000000000003 0.5775223875
1 0.36804000000000003 0.6321791046875 0.35002 0.576119403125 0.32298 0.5447164171875001 0.32448 0.5940597015625 0.29444 0.715134328125 0.30346 0.7218507468750001 0.34252 0.68373134375 0.36804000000000003 0.6321791046875
1 0.29725999999999997 0.502865671875 0.2892 0.476358209375 0.2787 0.46552238749999997 0.27305999999999997 0.4559104484375 0.2666 0.4450447765625 0.26176 0.4426567171875 0.25529999999999997 0.4426567171875 0.2666 0.47877611875000003 0.26498 0.49925373124999994 0.28032 0.5185074625 0.29725999999999997 0.502865671875
1 0.19619999999999999 0.5408059703125 0.19872 0.553373134375 0.2105 0.5646567171875 0.21974 0.58223880625 0.24498000000000003 0.58223880625 0.25676 0.6023283578124999 0.29124 0.560895521875 0.28788 0.5408059703125 0.27442 0.5094328359375 0.24078 0.49185074687499997 0.20543999999999998 0.4705074625 0.20712000000000003 0.47301492500000003 0.2004 0.4792835828125 0.19619999999999999 0.5408059703125
0 0.22261999999999998 0.3250447765625 0.26376 0.3460895515625 0.27552 0.3513432828125 0.29786 0.367134328125 0.29786 0.40752238749999997 0.31667999999999996 0.39874626874999997 0.32726 0.363641790625 0.35078 0.3355522390625 0.36252 0.30573134375 0.38134 0.2969552234375 0.39074 0.261850746875 0.42602 0.23026865624999998 0.45542 0.24782089531249998 0.46130000000000004 0.2337910453125 0.48246 0.21623880624999997 0.48834 0.15832835781250001 0.46952 0.1144477609375 0.4413 0.1162089546875 0.44012 0.1162089546875 0.4225 0.13901492499999998 0.40132 0.1600597015625 0.38016 0.1600597015625 0.37428 0.1548059703125 0.35078 0.1284776125 0.3202 0.124985075 0.30844 0.1600597015625 0.29316 0.1618208953125 0.26846000000000003 0.179373134375 0.25318 0.2057014921875 0.23908000000000001 0.1986865671875 0.21086 0.2004477609375 0.19674 0.23202984999999998 0.20379999999999998 0.270626865625 0.1744 0.268865671875 0.16382000000000002 0.2899402984375 0.16264 0.32328358281249997 0.16852 0.349611940625 0.17676 0.349611940625 0.1944 0.32328358281249997 0.21674000000000002 0.310985075 0.22261999999999998 0.3250447765625
0 0.29510000000000003 0.1164776125 0.30714 0.1164776125 0.31768 0.10973134375 0.32822 0.0985074625 0.31920000000000004 0.07602985 0.28306 0.0648059703125 0.24089999999999998 0.055791045312499996 0.23488000000000003 0.0737910453125 0.23788 0.10525373125 0.25144 0.10973134375 0.25596 0.10749253750000001 0.26348 0.10749253750000001 0.29510000000000003 0.1164776125
0 0.25378 0.18958208906250001 0.25378 0.19922388124999998 0.27398 0.1835522390625 0.2934 0.17510447812500002 0.30714 0.1618208953125 0.28936 0.14853731406249998 0.27398 0.1521791046875 0.26105999999999996 0.1714925375 0.25378 0.18958208906250001
1 0.01978 0.496985075 0.01566 0.501880596875 0.0099 0.4982089546875 0.0099 0.5436716421875001 0.0099 0.720597015625 0.0173 0.7156716421875 0.06258 0.6849552234375 0.08728 0.6493432828125 0.11195999999999999 0.5731641796875 0.11032 0.559641790625 0.09468 0.53874626875 0.06258 0.5006567171875 0.04858 0.48713432812499996 0.023880000000000002 0.4908358203125 0.01978 0.496985075
0 0.3931 0.44477611875 0.41668000000000005 0.46677611875 0.43732 0.46677611875 0.48003999999999997 0.47997015000000004 0.5581400000000001 0.45358208906249997 0.511 0.3084179109375 0.6539200000000001 0.21164179062500002 0.63478 0.1984477609375 0.60972 0.18525373125 0.59794 0.1786567171875 0.58026 0.1632835828125 0.5493 0.1654626859375 0.53162 0.1830746265625 0.51246 0.1896716421875 0.48888 0.2006567171875 0.47119999999999995 0.22265671718750002 0.46532 0.2468358203125 0.43732 0.23364179062499998 0.42110000000000003 0.23146268593750002 0.38868 0.257850746875 0.38426 0.288626865625 0.36954 0.2974328359375 0.35922 0.321611940625 0.3489 0.33922388125 0.32828 0.3722089546875 0.29732 0.42498507500000005 0.35774 0.44038805937500003 0.39016 0.44038805937500003 0.3931 0.44477611875
1 0.27246000000000004 0.693611940625 0.27696 0.7118208953125 0.27376 0.7213731343750001 0.27568000000000004 0.7405373140625 0.28016 0.7338208953125 0.29684 0.7118208953125 0.30582 0.69074626875 0.3116 0.6639402984375 0.31866 0.6294925375 0.32058 0.60173134375 0.31930000000000003 0.5806567171875 0.31866 0.5662985078125 0.31994 0.550985075 0.32186 0.541402984375 0.31544 0.52226865625 0.30774 0.52226865625 0.29684 0.536626865625 0.29042 0.558626865625 0.28338 0.5653432828125 0.27824 0.5691641796875 0.27440000000000003 0.575880596875 0.26606 0.5854328359375 0.2622 0.5911940296875 0.25516 0.6074626859375 0.25772 0.6189552234375 0.26414 0.642895521875 0.27246000000000004 0.693611940625