1 0.224875 0.7728125 0.21421874999999999 0.7730833328125 0.189796875 0.7836666671875 0.16729687499999998 0.8064166671875 0.157421875 0.8250416671874999 0.155859375 0.8346041671875 0.16109374999999998 0.850625 0.163234375 0.8547499999999999 0.16671875 0.8638125000000001 0.17215625 0.8699999999999999 0.176609375 0.8723333328124999 0.180875 0.8723333328124999 0.180875 0.866125 0.1771875 0.8591458328125 0.177390625 0.8545 0.179328125 0.8498541671875 0.188625 0.8327916671875 0.19443749999999999 0.8232291671875 0.199484375 0.820125 0.209765625 0.8097916671875 0.21731250000000002 0.8074583328125 0.240390625 0.7994375 0.24853125 0.7960833328125 0.248140625 0.79375 0.249890625 0.7841875 0.24834375 0.7800625 0.2341875 0.774375 0.224875 0.7728125
1 0.22678125 0.7657708328124999 0.2285 0.771875 0.235921875 0.771875 0.23535937499999998 0.7604375 0.2370625 0.7551041671875 0.2445 0.7589166671875 0.24659375 0.7525625 0.26565625000000004 0.7474791671875 0.278796875 0.740625 0.28337500000000004 0.7345208328124999 0.278796875 0.724625 0.25993750000000004 0.7231041671875 0.22678125 0.7360416671875 0.2224010421875 0.7462083328125 0.21364062499999997 0.7665416671874999 0.21534375 0.7756875 0.2210625 0.7733958328125 0.22678125 0.7657708328124999
1 0.2861875 0.7388333328125001 0.282953125 0.7492916671875001 0.284296875 0.7640833328125 0.2894375 0.7831875 0.295390625 0.7871458328125 0.308640625 0.791125 0.322703125 0.7896666671875 0.33404687499999997 0.7900416671875 0.341359375 0.7882291671874999 0.33784375 0.7795833328125 0.330265625 0.7777708328124999 0.327296875 0.7813749999999999 0.319453125 0.7756041671875 0.313765625 0.7673125 0.307828125 0.7521875 0.311875 0.7464166671875 0.3175625 0.7384791671875 0.317828125 0.7298333328125 0.3175625 0.7197291671875 0.315125 0.7165 0.311875 0.7168541671875001 0.307015625 0.7168541671875001 0.303234375 0.7168541671875001 0.29240625 0.7269375 0.2861875 0.7388333328125001
1 0.71315625 0.8342499999999999 0.708375 0.8225625000000001 0.695609375 0.8130000000000001 0.68046875 0.7991666671875 0.6820625 0.7832291671875 0.678875 0.7704791671875 0.6693125 0.7683541671875 0.662921875 0.7736666671875 0.65575 0.7842916671875 0.65415625 0.8012916671875001 0.662125 0.8161875000000001 0.671703125 0.8353125 0.709171875 0.8554999999999999 0.709171875 0.8587083328125 0.71953125 0.8470000000000001 0.71315625 0.8342499999999999
1 0.47595312500000003 0.8211041671875 0.48650000000000004 0.8266458328124999 0.49215625 0.8261458328125 0.499328125 0.8296666671875 0.5057343750000001 0.8296666671875 0.50309375 0.8211041671875 0.493671875 0.8145625000000001 0.48990625000000004 0.8075416671875001 0.483484375 0.7909375 0.48687500000000006 0.7758541671875 0.493671875 0.7657916671875 0.4966875 0.7527291671875 0.4955625 0.7466875 0.482359375 0.7446875000000001 0.48046875 0.7476875 0.467265625 0.7617708328125 0.46085937499999996 0.779875 0.46312499999999995 0.8035 0.47595312500000003 0.8211041671875
1 0.379625 0.7986458328125 0.37153125 0.7914583328125 0.36746875 0.7725416671875001 0.3695 0.7680416671875 0.373546875 0.7626458328125 0.380296875 0.7491458328125 0.382328125 0.7428541671875 0.380296875 0.7356458328125 0.37490625 0.7338541671875001 0.366796875 0.7338541671875001 0.36275 0.7365416671875 0.35465625 0.7419374999999999 0.35059375 0.7464375000000001 0.345203125 0.75725 0.34114062500000003 0.7671458328125 0.338453125 0.7779583328124999 0.34182812500000004 0.7833541671875001 0.345203125 0.7941458328125 0.353296875 0.8058541671875 0.363421875 0.81125 0.378953125 0.8157500000000001 0.383 0.8148541671875 0.38503125 0.8031458328125 0.379625 0.7986458328125
1 0.584546875 0.8265 0.597609375 0.8406874999999999 0.61165625 0.8490833328124999 0.62471875 0.8484375 0.6310156250000001 0.8471458328124999 0.637296875 0.8471458328124999 0.63971875 0.850375 0.64940625 0.8471458328124999 0.64940625 0.8439166671875 0.6445624999999999 0.8368333328125 0.63875 0.8368333328125 0.6295625 0.8368333328125 0.621328125 0.8239166671874999 0.61165625 0.8129375 0.602453125 0.7993958328125 0.605359375 0.7890625 0.613109375 0.7806875 0.616015625 0.7722916671875 0.610203125 0.7651875 0.5995468749999999 0.7651875 0.582125 0.782625 0.57921875 0.8052083328125 0.584546875 0.8265
1 0.788890625 0.8031041671875 0.77415625 0.7938541671875 0.7516406250000001 0.7927083328125 0.73690625 0.8088749999999999 0.727375 0.8238958328124999 0.726515625 0.8435416671875 0.729109375 0.8504583328124999 0.7473124999999999 0.8389166671874999 0.7516406250000001 0.8481666671875001 0.73778125 0.8585625 0.753375 0.8712500000000001 0.763765625 0.8631666671874999 0.7836875 0.8689583328125 0.7611718749999999 0.8458541671875001 0.753375 0.8273541671875 0.781953125 0.8111875 0.788890625 0.8031041671875
1 0.850578125 0.8675625 0.840265625 0.8550625000000001 0.8112031249999999 0.8313124999999999 0.815890625 0.8113125 0.8149531250000001 0.7950833328125 0.806515625 0.7900833328125 0.7952656250000001 0.7913333328125 0.789640625 0.8013125000000001 0.78496875 0.8325625000000001 0.803703125 0.8675625 0.829015625 0.8838125 0.8562031250000001 0.8813124999999999 0.8580781249999999 0.8825625 0.8618281250000001 0.8775625 0.850578125 0.8675625
1 0.82340625 0.9953333328125 0.819421875 0.9900208328125 0.8034687500000001 0.9708958328125 0.8010781250000001 0.9496249999999999 0.805859375 0.9379375 0.82659375 0.9209375 0.835359375 0.9081666671875 0.8273906249999999 0.8932916671875001 0.807453125 0.8943541671874999 0.7795468750000001 0.9092291671874999 0.768390625 0.9273125 0.76759375 0.9560000000000001 0.781140625 0.9836458328125 0.7891250000000001 0.9985208328124999 0.821015625 0.9995833328125 0.82340625 0.9953333328125
1 0.736921875 0.8780416671875001 0.7225625 0.8757083328125 0.705265625 0.8858750000000001 0.69325 0.9018958328125001 0.6885625 0.9226041671875 0.6891406250000001 0.9460625 0.698234375 0.9624791671875 0.71346875 0.9757708328125 0.7255 0.9773333328125 0.730484375 0.9788958328125 0.73340625 0.9824166671875 0.739859375 0.9867291671875 0.746890625 0.9855416671875 0.74778125 0.9773333328125 0.733703125 0.9652291671875 0.727546875 0.9523125 0.717 0.9265208328125001 0.720796875 0.9175208328125001 0.734875 0.9034583328125001 0.736921875 0.8882083328125001 0.7386874999999999 0.8800000000000001 0.736921875 0.8780416671875001
1 0.573125 0.8500624999999999 0.561390625 0.8488958328124999 0.5523125 0.8488958328124999 0.542640625 0.8547499999999999 0.5247499999999999 0.8692083328125 0.51859375 0.8844583328125 0.5174218749999999 0.9110416671875001 0.524453125 0.9298125 0.5379375 0.9446666671875 0.5546562500000001 0.9493541671875001 0.564921875 0.9485625000000001 0.576640625 0.9536458328125 0.586609375 0.9560000000000001 0.591296875 0.9552083328125001 0.582796875 0.943875 0.567265625 0.9325416671875001 0.5625625000000001 0.9223750000000001 0.554359375 0.913 0.546734375 0.8950208328124999 0.5493750000000001 0.8911041671875 0.56021875 0.8789791671874999 0.5719531250000001 0.8692083328125 0.57546875 0.8613958328125 0.5778125000000001 0.8551458328124999 0.573125 0.8500624999999999
1 0.474609375 0.9119791671874999 0.46792187500000004 0.9142083328125 0.45787500000000003 0.90825 0.45620312500000004 0.9008125 0.4495 0.892625 0.443921875 0.8807291671874999 0.44671874999999994 0.8606458328125 0.45509374999999996 0.8405416671875001 0.46121875 0.8293958328125 0.43834375000000003 0.8360833328125 0.42384374999999996 0.84575 0.41603124999999996 0.861375 0.414359375 0.8747708328125 0.41603124999999996 0.891875 0.422171875 0.9104791671875001 0.440015625 0.923875 0.45899999999999996 0.9253541671875001 0.48075 0.9253541671875001 0.48465625 0.9208958328125 0.48075 0.9156875 0.474609375 0.9119791671874999
1 0.2546875 0.9 0.26875 0.9 0.271875 0.8958333328125001 0.2921875 0.8979166671875 0.296875 0.8895833328125 0.296875 0.875 0.2921875 0.8666666671875 0.2859375 0.8666666671875 0.2828125 0.85625 0.283052884375 0.8463141015625 0.2993990390625 0.8498397437499999 0.3015625 0.8447916671875 0.30757211562500003 0.8516025640624999 0.3109375 0.8416666671874999 0.31574519218749997 0.8533653859375001 0.3484375 0.8604166671875 0.346875 0.9020833328125001 0.3515625 0.9166666671874999 0.3671875 0.93125 0.375 0.93125 0.38125 0.9375 0.3921875 0.9375 0.396875 0.9291666671875 0.396875 0.9166666671874999 0.3921875 0.9083333328125001 0.378125 0.9083333328125001 0.3765625 0.9041666671874999 0.3796875 0.89375 0.3953125 0.8666666671875 0.41875 0.85625 0.425 0.8458333328125001 0.4375 0.8375 0.4328125 0.8125 0.4421875 0.8125 0.43984375 0.8006076390624999 0.446875 0.7960069437499999 0.4484375 0.8 0.5015625 0.7979166671875 0.5015625 0.8125 0.5078125 0.8208333328125 0.51875 0.8229166671874999 0.525 0.8291666671875 0.5734375 0.83125 0.578125 0.8208333328125 0.726162790625 0.7892441859375 0.85 0.8125 0.846875 0.825 0.8484375 0.8541666671874999 0.853125 0.8666666671875 0.86875 0.8854166671874999 0.8703125 0.8916666671875 0.8796875 0.9041666671874999 0.90625 0.90625 0.915625 0.8916666671875 0.934375 0.9 0.9375 0.9041666671874999 0.946875 0.9041666671874999 0.95 0.9 0.9515625 0.8854166671874999 0.9453125 0.875 0.925 0.8625 0.909375 0.8625 0.90625 0.8541666671874999 0.8890625 0.8354166671875 0.8859375 0.8125 0.8734375 0.7875 0.8640625 0.7875 0.8546875 0.8041666671875 0.7184229656250001 0.7877906984374999 0.5713662796875 0.7601744187499999 0.565625 0.76875 0.563626453125 0.75872093125 0.565625 0.7520833328125 0.5625 0.7479166671875 0.555886628125 0.7572674421875 0.55234375 0.7479166671875 0.5481468015625001 0.7558139546875 0.5404069765624999 0.7543604640625 0.5421875 0.7479166671875 0.5375 0.7416666671875001 0.5296875 0.7427083328124999 0.5326671515625 0.7529069765624999 0.524927325 0.7514534875 0.521875 0.74375 0.5171875 0.75 0.45390625 0.79140625 0.4484375 0.7895833328124999 0.44375 0.78125 0.434375 0.78125 0.43125 0.7854166671875 0.4265625 0.7854166671875 0.4234375 0.775 0.4234375 0.76875 0.4296875 0.7604166671875 0.434375 0.7604166671875 0.4390625 0.7520833328125 0.4390625 0.7416666671875001 0.4328125 0.7270833328124999 0.409375 0.7291666671875 0.3828125 0.7604166671875 0.38125 0.7979166671875 0.39375 0.8104166671874999 0.4 0.8104166671874999 0.4 0.8166666671874999 0.396875 0.8208333328125 0.3875 0.8208333328125 0.3828125 0.8270833328125 0.378125 0.8270833328125 0.38359375 0.83741319375 0.3765625 0.8420138890625 0.370703125 0.8354166671875 0.36953125 0.8466145828125 0.3625 0.8512152765625001 0.36328125 0.84375 0.3265625 0.825 0.3265625 0.8104166671874999 0.321875 0.8020833328125001 0.265625 0.8041666671875 0.253125 0.825 0.2484375 0.8270833328125 0.2503605765625 0.8392628203125 0.2421875 0.8375 0.2421875 0.8791666671874999 0.2546875 0.9