3 0.5565625 0.2447808765625 0.572765625 0.237350596875 0.590265625 0.23486055781249998 0.572125 0.21254980156249997 0.5533125 0.21420318749999998 0.5358125 0.223286853125 0.5254531250000001 0.24063745 0.5254531250000001 0.2596613546875 0.530640625 0.2571713140625 0.5526718749999999 0.2604780875 0.5565625 0.2447808765625
3 0.8026875 0.304800796875 0.8055 0.3110956171875 0.8280937500000001 0.312888446875 0.83728125 0.3110956171875 0.8450468750000001 0.3038844625 0.851390625 0.2949003984375 0.8520937500000001 0.27958167343749996 0.851390625 0.26699203125 0.849984375 0.2579880484375 0.846453125 0.247191234375 0.8358593750000001 0.23998007968750001 0.82175 0.23729083593750003 0.807625 0.241792828125 0.8012656249999999 0.2624900390625 0.79915625 0.284083665625 0.8005625000000001 0.29308765000000003 0.8026875 0.304800796875
3 0.50334375 0.30619521875 0.51309375 0.3328286859375 0.527015625 0.33992031875 0.547203125 0.3430278890625 0.5663437499999999 0.3274900390625 0.570171875 0.31241035781250004 0.5670468750000001 0.2995418328125 0.55415625 0.2755776890625 0.551734375 0.26137450156250003 0.53815625 0.26137450156250003 0.527359375 0.26316733124999997 0.516921875 0.26936255 0.5078750000000001 0.2751394421875 0.50475 0.288446215625 0.50334375 0.30619521875
3 0.6851875 0.2086653390625 0.68965625 0.21663346562500002 0.69234375 0.228605578125 0.695015625 0.2365737046875 0.699046875 0.2394223109375 0.716015625 0.24284860625000002 0.729421875 0.24 0.735671875 0.228605578125 0.74371875 0.2132270921875 0.745953125 0.1961354578125 0.742375 0.18758964218750002 0.740140625 0.1779083671875 0.735234375 0.1659362546875 0.72540625 0.1636653390625 0.714234375 0.1636653390625 0.702609375 0.164800796875 0.6945781249999999 0.16936255 0.687875 0.17334661406250002 0.686984375 0.17733067656249998 0.681171875 0.1847410359375 0.678484375 0.19157370468749998 0.678484375 0.199561753125 0.6851875 0.2086653390625
3 0.68221875 0.20412350625000003 0.673 0.1982470125 0.6591875 0.1962948203125 0.6476875 0.2050996015625 0.641546875 0.2119322703125 0.6354062500000001 0.19922310781250002 0.6346406250000001 0.17770916406249998 0.612390625 0.148366534375 0.59475 0.1473904375 0.58246875 0.1571713140625 0.571734375 0.175756971875 0.567125 0.1923705171875 0.5725 0.21292828749999998 0.587078125 0.2324900390625 0.59090625 0.2383466140625 0.5924375000000001 0.2432470125 0.6031875 0.2686653390625 0.63234375 0.275517928125 0.641546875 0.2735657375 0.669171875 0.2804183265625 0.667640625 0.2833466140625 0.686046875 0.2735657375 0.69678125 0.2530278890625 0.6921875 0.22758964218750002 0.68221875 0.20412350625000003
3 0.794734375 0.2410159359375 0.8018281249999999 0.22037848593749998 0.8008124999999999 0.20101593593749997 0.794234375 0.185517928125 0.789671875 0.1784262953125 0.781578125 0.17583665312500002 0.764875 0.17583665312500002 0.759296875 0.17519920312499998 0.749171875 0.1829482078125 0.743109375 0.20553784843749998 0.741578125 0.22231075625000002 0.7441093750000001 0.2352191234375 0.76840625 0.233286853125 0.785109375 0.2403784859375 0.789671875 0.24231075624999998 0.794734375 0.2410159359375
3 0.7529375 0.32758964218750003 0.746046875 0.345199203125 0.7468125 0.3618127484375 0.7529375 0.378446215625 0.764453125 0.3862749 0.77903125 0.39215139374999997 0.7936093750000001 0.39017928281250003 0.805109375 0.381394421875 0.814328125 0.36573705156249997 0.8135625 0.345199203125 0.8081875000000001 0.32563745 0.788234375 0.3138844625 0.7736562499999999 0.31683266875 0.76215625 0.31976095625 0.7529375 0.32758964218750003
3 0.5746249999999999 0.303366534375 0.5904843750000001 0.3011155375 0.6010625 0.27191234999999997 0.5957656250000001 0.253924303125 0.586953125 0.23820717187499998 0.578140625 0.2314541828125 0.5640468750000001 0.2449402390625 0.5552343750000001 0.24944223124999998 0.5481874999999999 0.2674103578125 0.5605156250000001 0.289880478125 0.5746249999999999 0.303366534375
3 0.636421875 0.35105577656250003 0.64725 0.3457370515625 0.652265625 0.322350596875 0.654765625 0.29790836718749997 0.64309375 0.278764940625 0.6264062499999999 0.2777091640625 0.6047343749999999 0.2777091640625 0.5955625 0.2947011953125 0.5905625 0.3202191234375 0.5980624999999999 0.33936255000000004 0.609734375 0.34254980156250003 0.62225 0.3499800796875 0.636421875 0.35105577656250003
3 0.5189375 0.1451593625 0.5026875000000001 0.1519322703125 0.49610937499999996 0.1670717125 0.49204687500000005 0.182231075 0.487984375 0.1949800796875 0.49204687500000005 0.20535856562500002 0.500171875 0.21770916406250002 0.508 0.225278884375 0.5195624999999999 0.22848605625 0.527390625 0.226075696875 0.530828125 0.22448207187500002 0.541765625 0.21770916406250002 0.5464687500000001 0.2117330671875 0.5505312499999999 0.204561753125 0.5508437500000001 0.191792828125 0.54928125 0.1694621515625 0.542390625 0.156713146875 0.532390625 0.14715139375 0.5189375 0.1451593625
3 0.768 0.31237051718750003 0.775921875 0.31237051718750003 0.7838437500000001 0.3104780875 0.7902812499999999 0.2997410359375 0.7987031250000001 0.28268924375000004 0.8006875000000001 0.26752988125 0.799703125 0.25868525937500003 0.7873125 0.240996015625 0.772453125 0.2327888453125 0.752140625 0.2334262953125 0.73975 0.23974103593749999 0.734796875 0.2517330671875 0.731328125 0.2687848609375 0.73084375 0.2852191234375 0.74025 0.3060557765625 0.7556093749999999 0.3149003984375 0.7556093749999999 0.3136254984375 0.759078125 0.3136254984375 0.768 0.31237051718750003
3 0.6567968750000001 0.3484262953125 0.650828125 0.340119521875 0.6380625 0.3497011953125 0.6410625 0.3812948203125 0.6583281249999999 0.3927888453125 0.6778593749999999 0.39661354531250004 0.683859375 0.35832669375 0.671421875 0.3633466140625 0.65971875 0.358127490625 0.6567968750000001 0.3484262953125
3 0.696765625 0.327270915625 0.688625 0.3688247015625 0.706953125 0.3974103578125 0.7334375 0.3974103578125 0.745671875 0.36364541875 0.737515625 0.324681275 0.7191875 0.31428286875 0.696765625 0.327270915625
3 0.5015625 0.3565737046875 0.5125 0.368525896875 0.5140625 0.3804780875 0.51875 0.3864541828125 0.5265625 0.38844621562500004 0.53125 0.3944223109375 0.5515625 0.39243027812500003 0.5671875 0.4063745015625 0.5984375 0.408366534375 0.6 0.42231075625000003 0.6046875 0.42828685312500003 0.6171875 0.4262948203125 0.621875 0.43824701250000003 0.621875 0.4541832671875 0.628125 0.46215139375 0.6359375 0.4661354578125 0.6703125 0.47011952187499995 0.6859375 0.48406374531249996 0.703125 0.48406374531249996 0.7171875 0.46215139375 0.7296875 0.46215139375 0.7375 0.4541832671875 0.740625 0.44621513906250004 0.7734375 0.44820717187500003 0.7890625 0.4243027890625 0.8078125 0.43625497968750004 0.8203125 0.43625497968750004 0.825 0.43227091562500003 0.853125 0.43227091562500003 0.8578125 0.4243027890625 0.8578125 0.4143426296875 0.8640625 0.408366534375 0.8703125 0.408366534375 0.875 0.40039840625 0.875 0.39243027812500003 0.8703125 0.3844621515625 0.8609375 0.3844621515625 0.8546875 0.368525896875 0.84375 0.36454183281249997 0.84375 0.3525896421875 0.840625 0.3446215140625 0.834375 0.3326693234375 0.825 0.32470119531249997 0.815625 0.328685259375 0.8140625 0.3665338640625 0.8078125 0.37848605625 0.7984375 0.38844621562500004 0.790625 0.39243027812500003 0.775 0.39243027812500003 0.753125 0.3804780875 0.75 0.370517928125 0.7453125 0.3665338640625 0.7421875 0.3227091640625 0.746875 0.3187251 0.7484375 0.3127490046875 0.7390625 0.3047808765625 0.73125 0.2868525890625 0.73125 0.2470119515625 0.725 0.24103585624999999 0.7078125 0.2430278890625 0.69375 0.2370517921875 0.678125 0.1992031875 0.68125 0.1852589640625 0.69375 0.169322709375 0.703125 0.1653386453125 0.73125 0.1653386453125 0.734375 0.15936255 0.734375 0.15139442187500002 0.7265625 0.1414342625 0.6875 0.1434262953125 0.6734375 0.1533864546875 0.66875 0.1772908359375 0.665625 0.1812749 0.6648726859375 0.196325809375 0.5315393515625 0.26007082812500004 0.521875 0.2529880484375 0.51875 0.2470119515625 0.51875 0.22908366562500002 0.5046875 0.2231075703125 0.496875 0.231075696875 0.4921875 0.2629482078125 0.484375 0.2669322703125 0.4828125 0.27091633437499996 0.4796875 0.28486055781249997 0.4796875 0.3007968125 0.4859375 0.32470119531249997 0.5015625 0.3565737046875