1 0.261140625 0.8196955499999999 0.260734375 0.8352459015625 0.268609375 0.8688290390625 0.27525 0.9023887593750001 0.27815625 0.935339578125 0.285625 0.9378454328125001 0.29059375 0.9303747078125 0.28893749999999996 0.9079859484374999 0.28478125 0.8818735359375 0.28312499999999996 0.8476814984375001 0.27565625 0.8097423890625001 0.2785625 0.78487119375 0.272765625 0.795456675 0.264875 0.8072599531250001 0.261140625 0.8196955499999999
1 0.219078125 0.911756440625 0.21389062499999997 0.8838173296875 0.22943750000000002 0.8108430906249999 0.23046875 0.778243559375 0.217 0.7766978921875001 0.205609375 0.7766978921875001 0.19007812500000001 0.7766978921875001 0.1714375 0.7766978921875001 0.154859375 0.7860187359374999 0.147609375 0.7906557375000001 0.140359375 0.8186182671875001 0.16107812500000002 0.8589695546874999 0.18178125 0.9164168625 0.21803124999999998 0.9536533953124999 0.22321875000000002 0.9583138171875 0.22425 0.94744730625 0.219078125 0.911756440625
1 0.110375 0.8239344265625 0.117171875 0.8351522250000001 0.12260937499999999 0.8473770484375001 0.13009375 0.857587821875 0.13621875 0.8687822015625001 0.145734375 0.9014051515625001 0.14845312500000002 0.9187353625 0.149140625 0.9289227171875 0.151859375 0.946252928125 0.151859375 0.952388759375 0.1559375 0.953395784375 0.15934375 0.9503512875 0.161375 0.9411709609375001 0.16409374999999998 0.9319906328125 0.1681875 0.9218032781250001 0.1681875 0.908548009375 0.165453125 0.8983606562500001 0.16409374999999998 0.883067915625 0.163421875 0.8687822015625001 0.1505 0.8412646374999999 0.1505 0.8402576109375 0.145734375 0.8300468390625 0.14642187499999998 0.8270023421875001 0.143015625 0.81679156875 0.137578125 0.812716628125 0.128734375 0.8015222484375 0.110375 0.7872365343750001 0.10153125 0.7862295078125 0.08996875 0.793348946875 0.08928125 0.7964168625 0.08996875 0.8055971890625001 0.08928125 0.81679156875 0.0804375 0.819859484375 0.08384375 0.8208899296875 0.09540625 0.819859484375 0.106296875 0.8229274 0.110375 0.8239344265625
1 0.27965625 0.8650117093749999 0.293265625 0.92932084375 0.30371875 0.9460421546875001 0.30790625 0.9460421546875001 0.32675 0.938196721875 0.34871875 0.9334894609375001 0.35046875 0.9177985953125001 0.3525625 0.8801639343750001 0.36196875 0.8744262296875001 0.3675625 0.8258079625000001 0.3591875 0.7949414515625 0.3525625 0.7729976578125 0.334078125 0.741100703125 0.321171875 0.736932084375 0.30965625 0.7400702578125 0.29500000000000004 0.741615925 0.28175 0.7573067921875001 0.276515625 0.7662060890625 0.27546875000000004 0.80906323125 0.27965625 0.8650117093749999
1 0.10990625000000001 0.8236065578125 0.10101562500000001 0.8246370015625001 0.08940624999999999 0.8113348953124999 0.06753125 0.80517564375 0.05796875 0.836932084375 0.069578125 0.860491803125 0.08871875 0.8768852453125 0.101703125 0.8686885249999999 0.112625 0.8686885249999999 0.12834375 0.860491803125 0.127671875 0.8584309140625 0.12151562499999999 0.84615925 0.10990625000000001 0.8236065578125
1 0.12264062499999999 0.7415925062500001 0.12567187500000002 0.7400936765624999 0.128703125 0.7360655734375 0.131046875 0.7335363 0.13474999999999998 0.7320374703125 0.135421875 0.7320374703125 0.139125 0.7320374703125 0.14146875 0.7320374703125 0.14853125 0.7320374703125 0.151890625 0.7310304453125 0.15726562500000002 0.730515221875 0.16265625 0.7274941453125 0.1623125 0.72548009375 0.15726562500000002 0.7229508203125 0.15425 0.7204449656249999 0.1525625 0.717915690625 0.15021875 0.7123653390625 0.145171875 0.7108665109375 0.140125 0.7108665109375 0.13373437500000002 0.7108665109375 0.130375 0.713372365625 0.128359375 0.7154098359375001 0.12465625 0.72093676875 0.119953125 0.7370726000000001 0.12062500000000001 0.738079625 0.12062500000000001 0.7405854796875 0.12264062499999999 0.7415925062500001
1 0.24340625 0.89391100625 0.2548125 0.9192505859375 0.2621875 0.92932084375 0.27225 0.9333255265625 0.276953125 0.9333255265625 0.27795312499999997 0.9192505859375 0.271578125 0.8820374703124999 0.265875 0.8548946140625 0.26084375 0.8322716625 0.2621875 0.8121545671874999 0.26990625 0.8000936765625 0.274265625 0.7910304453125 0.27090625 0.7910304453125 0.2621875 0.7920374703124999 0.26084375 0.7958782203125 0.24474999999999997 0.8174941453125 0.240390625 0.837611240625 0.23904687500000002 0.8783372359375001 0.24340625 0.89391100625
1 0.2069375 0.8335362999999999 0.20875 0.8702107734375 0.22234375 0.9109601875 0.234125 0.9354098359374999 0.24681250000000002 0.9422014046875 0.254953125 0.9381264640625 0.254046875 0.927259953125 0.24771875 0.9028103046875 0.23775 0.8579859484375 0.24318749999999997 0.8226697890624999 0.250421875 0.8063934421875001 0.255859375 0.7968852453124999 0.263109375 0.7873770484375 0.270359375 0.7833021078125 0.255859375 0.7710772828125 0.24681250000000002 0.784660421875 0.23775 0.7860187359374999 0.21418750000000003 0.805035128125 0.2069375 0.8335362999999999
1 0.16065625 1 0.14756249999999999 0.9649414515625001 0.14756249999999999 0.9291334890625 0.136765625 0.8933255265625 0.13214062499999998 0.8598360656249999 0.111328125 0.8679156906250001 0.092828125 0.8736768156249999 0.094375 0.89679156875 0.099765625 0.9152693203125001 0.10979687499999999 0.9476112406249999 0.11671875000000001 0.9741920374999999 0.125203125 0.9926697890625 0.14446874999999998 1 0.16065625 1
1 0.01509375 0.8587822015625 0.005640625 0.8729508203125 0.001171875 0.881920375 0.001171875 0.9975175640625 0.106671875 0.9975175640625 0.11264062500000001 0.9818735359374999 0.10965625000000001 0.9587353625 0.1016875 0.9236768156249999 0.09323437500000001 0.901311475 0.08428125 0.8781733015625001 0.06884375000000001 0.859531615625 0.064859375 0.8528337234375 0.058390624999999995 0.8364168624999999 0.0504375 0.8349180328125 0.04196875 0.8423887593750001 0.029031249999999998 0.8461124124999999 0.01509375 0.8587822015625
1 0.378765625 0.858079625 0.417 0.85548009375 0.42393749999999997 0.85548009375 0.45 0.8476580796875 0.387453125 0.7773536296875 0.375296875 0.764332553125 0.36312500000000003 0.7747306796875 0.35965625 0.7903747078125 0.378765625 0.858079625