2 0.44484375 0.3436556609375 0.44484375 0.3670518875 0.44837499999999997 0.396792453125 0.463859375 0.41594339687500004 0.49625 0.41594339687500004 0.5293593750000001 0.4074292453125 0.54625 0.3829952828125 0.544140625 0.35535377343749996 0.54696875 0.301132075 0.5392187500000001 0.279882075 0.5223125 0.2511792453125 0.50540625 0.24584905625000003 0.46315625000000005 0.2639386796875 0.43921875000000005 0.302193396875 0.44132812499999996 0.30537735781249997 0.440625 0.3372877359375 0.44484375 0.3436556609375
2 0.395078125 0.34601415156250004 0.41256250000000005 0.3432311328125 0.430953125 0.3335141515625 0.43739062500000003 0.3196462265625 0.44475 0.2960377359375 0.45210937500000004 0.2613207546875 0.44659375 0.216910378125 0.41807812499999997 0.17665094374999998 0.384046875 0.18080188749999998 0.35278125 0.2224528296875 0.357375 0.3265801890625 0.3638125 0.3376886796875 0.395078125 0.34601415156250004
2 0.14454687500000002 0.851957546875 0.139390625 0.8961084906250001 0.154875 0.9272641515625001 0.184125 0.950660378125 0.220265625 0.9714386796875001 0.247796875 0.9636320749999999 0.26156250000000003 0.9246698109375 0.283921875 0.8805188671874999 0.29081250000000003 0.8649292453124999 0.277046875 0.8285613203125 0.23575 0.7766273578125 0.194453125 0.75584905625 0.170359375 0.7974056609375 0.14454687500000002 0.851957546875
2 0.49517187500000004 0.5952358484375 0.524015625 0.560424528125 0.526890625 0.495117925 0.49614062499999995 0.42983490625 0.45287499999999997 0.4124056609375 0.394234375 0.4907783015625 0.39328124999999997 0.5139858484375 0.45192187500000003 0.566226415625 0.462484375 0.6170047171874999 0.47690625000000003 0.6155660375 0.479796875 0.6112028296875 0.49517187500000004 0.5952358484375
2 0.106203125 0.69165094375 0.15337499999999998 0.680707546875 0.19484375 0.6799292453125 0.20625 0.6713207546875 0.218171875 0.6470518875 0.22025 0.5680188671875 0.218171875 0.546108490625 0.20832812500000003 0.5171698109375 0.1834375 0.503867925 0.1554375 0.505424528125 0.105671875 0.512476415625 0.09271875 0.51403301875 0.083390625 0.52028301875 0.078203125 0.53516509375 0.06887499999999999 0.5969811328125 0.0636875 0.618891509375 0.075609375 0.655660378125 0.106203125 0.69165094375
2 0.37340625 0.80778301875 0.39578125000000003 0.7116981124999999 0.36825 0.6467452828125 0.3235 0.6181839625000001 0.28565625 0.641556603125 0.242625 0.7246698109375 0.27532812500000003 0.82596698125 0.328671875 0.836367925 0.352765625 0.82596698125 0.37340625 0.80778301875
2 0.0775625 0.8295283015624999 0.049078125 0.8479716984375001 0.048265625 0.8602594343750001 0.049890625 0.9032547171875001 0.0458125 0.9315094343749999 0.0409375 0.9597641515625 0.065359375 0.9831132078125 0.09384375 0.9978537734374999 0.12232812500000001 0.9929481125 0.14675 0.9732783015625 0.16140625 0.9266037734375001 0.155703125 0.899575471875 0.14350000000000002 0.8663915093749999 0.16059375 0.8283018875 0.151640625 0.8111084906249999 0.12803124999999999 0.8221698109375 0.0775625 0.8295283015624999
2 0.28909375000000004 0.2207783015625 0.26671875 0.20259433906250002 0.23403125 0.2181839625 0.22198437499999998 0.2571462265625 0.203046875 0.296108490625 0.204765625 0.33766509375 0.213375 0.363632075 0.2323125 0.363632075 0.258109375 0.363632075 0.29081250000000003 0.3948113203125 0.326953125 0.30648584843750004 0.31834375000000004 0.249339621875 0.28909375000000004 0.2207783015625
2 0.345203125 0.501391509375 0.3098125 0.488042453125 0.28328125000000004 0.5000707546875 0.244359375 0.533443396875 0.2399375 0.5935377359375 0.26559374999999996 0.6642924531250001 0.286828125 0.63625 0.30539062499999997 0.6215566031249999 0.326625 0.616226415625 0.350515625 0.642924528125 0.37528125 0.592193396875 0.36731250000000004 0.54278301875 0.345203125 0.501391509375
2 0.156640625 0.4781839625 0.18178125 0.511391509375 0.22028124999999998 0.557641509375 0.23914062500000002 0.5540801890625 0.280796875 0.5078301890625 0.3114375 0.4864858484375 0.28471875 0.3999056609375 0.277640625 0.372617925 0.25407812500000004 0.353632075 0.2344375 0.3477122640625 0.21793749999999998 0.3560141515625 0.199859375 0.385660378125 0.18492187499999999 0.40700471718750003 0.16999999999999998 0.42834905624999997 0.15978125 0.4485141515625 0.156640625 0.4781839625
2 0.4263125 0.6917216984375 0.435078125 0.6776179250000001 0.46075 0.6045047171875 0.457828125 0.5780660375 0.44440625 0.5560613203125 0.416984375 0.5287499999999999 0.394796875 0.5269811328125 0.366796875 0.5639858484375 0.377875 0.593042453125 0.35745312500000004 0.6406132078125 0.358625 0.642382075 0.39596875 0.7005188671875 0.40296875 0.6996462265625001 0.413484375 0.6925943390625 0.4263125 0.6917216984375
2 0.061984375 0.6106367921875 0.046296875 0.5429716984375 0.000734375 0.5080188671875 0.00296875 0.8439386796875 0.026875 0.8619811328125 0.046296875 0.8664858484375 0.05078125 0.8428066031249999 0.0739375 0.8315330187500001 0.11428125 0.8236320750000001 0.135203125 0.7864386796875 0.12921875 0.6939622640625001 0.10606249999999999 0.6929481125 0.0754375 0.6579952828125 0.061984375 0.6106367921875
2 0.0015625 0.5094339625 0.0140625 0.518867925 0.014903846875000001 0.5228592171875001 0.0203125 0.52358490625 0.02157451875 0.52957184375 0.0296875 0.530660378125 0.0282451921875 0.53628446875 0.03125 0.5330188671875 0.0359375 0.5353773578125 0.0375 0.5377358484375 0.034915865625 0.542997096875 0.061598557812499996 0.56984760625 0.0652199078125 0.5648148140625 0.07158564843750001 0.5722396937500001 0.06826923124999999 0.57656023125 0.074939903125 0.5832728578124999 0.0779513890625 0.5796645703125 0.08161057656250001 0.5899854859375 0.0843171296875 0.5870894484375 0.08828125 0.5966981125 0.0906828703125 0.594514325 0.0949519234375 0.603410740625 0.0970486109375 0.6019392031249999 0.101622596875 0.6101233671874999 0.141646634375 0.6503991296875 0.141608796875 0.653913346875 0.14831730781250002 0.6571117578125001 0.1479745375 0.6613382234375 0.154340278125 0.668763103125 0.161658653125 0.670537009375 0.16070601874999998 0.67618798125 0.1683293265625 0.6772496375 0.16707175937500002 0.6836128578125 0.175 0.6839622640624999 0.171875 0.6957547171875 0.171875 0.7287735843750001 0.1890625 0.757075471875 0.196875 0.757075471875 0.2171875 0.768867925 0.25 0.768867925 0.253125 0.76415094375 0.24375 0.724056603125 0.25625 0.7004716984375 0.265625 0.6745283015625 0.2734375 0.6674528296875 0.278125 0.6580188671875 0.275 0.6533018875 0.278125 0.64858490625 0.265625 0.6650943390624999 0.2421875 0.60141509375 0.228125 0.60141509375 0.1734375 0.502358490625 0.1578125 0.481132075 0.159375 0.45283018906250005 0.1625 0.44339622656250005 0.203125 0.377358490625 0.203125 0.367924528125 0.1984375 0.35849056562500003 0.1984375 0.34669811250000004 0.1921875 0.3325471703125 0.196875 0.3325471703125 0.2 0.3278301890625 0.203125 0.2971698109375 0.221875 0.2594339625 0.2265625 0.242924528125 0.221875 0.22405660312500003 0.2140625 0.21226415156249998 0.1828125 0.21226415156249998 0.1765625 0.19575471718749998 0.1671875 0.19575471718749998 0.1453125 0.2099056609375 0.140625 0.21698113281250003 0.1375 0.2405660375 0.1265625 0.27358490625 0.125 0.2948113203125 0.115625 0.3066037734375 0.109375 0.3301886796875 0.09375 0.36084905625 0.09375 0.377358490625 0.1015625 0.40330188749999996 0.096875 0.4127358484375 0.084375 0.40801886718749997 0.078125 0.396226415625 0.0703125 0.39150943437499997 0.0484375 0.39150943437499997 0.0390625 0.40330188749999996 0.028125 0.43396226406249994 0.0109375 0.4622641515625 0.009375 0.47405660312500003 0.0015625 0.4905660375 0.007928240625000001 0.497990915625 0.0015625 0.5094339625