1 0.60686 0.168552278125 0.55824 0.21123324375000002 0.58674 0.215737265625 0.6722400000000001 0.24270777500000001 0.70242 0.34605898125 0.70912 0.40225201093749996 0.746 0.4 0.76612 0.361796246875 0.7895800000000001 0.41573726562499996 0.8331799999999999 0.45394101875 0.8499399999999999 0.45394101875 0.8549599999999999 0.40672922187499994 0.8734 0.39774798906250003 0.91532 0.3820107234375 0.9387800000000001 0.350563003125 0.917 0.26742627343750003 0.8549599999999999 0.303378015625 0.84156 0.292144771875 0.87844 0.25841823124999996 0.9019 0.195495978125 0.917 0.1483109921875 0.91532 0.1101072390625 0.90022 0.06965147499999999 0.8516199999999999 0.10112600468749999 0.8180799999999999 0.119088471875 0.79294 0.09887399531249999 0.79796 0.033699731249999997 0.81138 0.0022520109375 0.75438 0.0022520109375 0.6688799999999999 0.05394101875 0.59848 0.11461125937500001 0.57836 0.08091152812499999 0.57166 0.1056300265625 0.6035 0.1348257375 0.60686 0.168552278125
1 0.2125 0.1446648796875 0.20368 0.2195978546875 0.22132000000000002 0.26428954375 0.25368 0.25772117968749997 0.25858 0.24324396718750002 0.26446000000000003 0.19723860625 0.26152000000000003 0.1420375328125 0.23212000000000002 0.08946380625 0.23112 0.080268096875 0.2125 0.0907774796875 0.2125 0.1446648796875
1 0.07628 0.2561662203125 0.08668000000000001 0.25018766718749996 0.11195999999999999 0.2183109921875 0.13128 0.20235925 0.1833 0.19638069687499998 0.2041 0.214316353125 0.21154 0.154557640625 0.21154 0.07485254687500001 0.2145 0.050965146875 0.20261999999999997 0.042975871875 0.17438 0.0350134046875 0.15506 0.0489544234375 0.12682 0.0390080421875 0.07182 0.064906165625 0.01832 0.15056300312499998 0.01386 0.16053619375 0.015340000000000001 0.154557640625 0.00198 0.1844504015625 0.00198 0.2083378015625 0.04954 0.22029490625 0.07628 0.2561662203125
0 0.02984 0.3905898125 0.05838 0.38571045625 0.08249999999999999 0.3482305625 0.08776 0.27764075 0.07196 0.24941018750000002 0.05968 0.23058981250000002 0.0218 0.210563003125 0.00176 0.2070509390625 0 0.38587131406249997 0.02984 0.3905898125
3 0.20362 0.221179625 0.14218 0.1882305625 0.11584000000000001 0.20471849843749998 0.08776 0.23058981250000002 0.07724 0.26587131406250003 0.08074 0.3058713140625 0.07724 0.3505898125 0.08952 0.36705093906249997 0.11410000000000001 0.4 0.12814 0.378820375 0.15272 0.3882305625 0.20888 0.3694101875 0.19834000000000002 0.35764075 0.18782000000000001 0.338820375 0.1966 0.3317694375 0.21766000000000002 0.338820375 0.22644000000000003 0.3458713140625 0.23346 0.3058713140625 0.2352 0.28235925 0.22993999999999998 0.24471849843750001 0.20362 0.221179625
3 0.6809000000000001 0.43750670312500006 0.6967399999999999 0.40447721249999996 0.70202 0.3832439671875 0.6967399999999999 0.3219302953125 0.6791400000000001 0.2747721171875 0.6457200000000001 0.2323056296875 0.59468 0.206380696875 0.55422 0.21107238593750002 0.50496 0.2441018765625 0.50496 0.4516621984375 0.51024 0.49410187656250004 0.5595 0.5035388734375 0.5982000000000001 0.5342091156250001 0.6122799999999999 0.5271313671875 0.6334 0.4846648796875 0.6809000000000001 0.43750670312500006
3 0.6319 0.5931367296875 0.6389199999999999 0.6223592499999999 0.65088 0.6487399468749999 0.67196 0.65630026875 0.7247 0.6459249328125 0.7964 0.6251742625000001 0.83086 0.6129222515625 0.8329599999999999 0.5931367296875 0.84702 0.5780697046875 0.8477399999999999 0.56487935625 0.82804 0.57335120625 0.82454 0.5837265421875 0.8176399999999999 0.5798123328125 0.80784 0.5863806968749999 0.8049 0.6152815015625 0.79412 0.5705898125 0.78922 0.56664879375 0.78038 0.5298391421875001 0.7950999999999999 0.503565684375 0.8176399999999999 0.4720107234375 0.84412 0.45887399531249995 0.82158 0.419436996875 0.77842 0.39841823125000003 0.73332 0.39841823125000003 0.68822 0.42206434374999996 0.68134 0.435201071875 0.64506 0.473324396875 0.6342800000000001 0.48383377968749997 0.62546 0.50487935625 0.62252 0.5561394109375 0.62556 0.5620375328125 0.62838 0.57053619375 0.6319 0.5931367296875
3 0.341 0.5734584453125 0.3588 0.5983914203125 0.38388 0.592975871875 0.43242 0.579973190625 0.45346000000000003 0.5550134046874999 0.4575 0.51487935625 0.43807999999999997 0.471501340625 0.4041 0.4628418234375 0.36688 0.473672921875 0.33938 0.5062198390625 0.33452000000000004 0.5083914203125001 0.34262000000000004 0.5712868624999999 0.341 0.5734584453125
3 0.16474 0.5007774796875 0.18053999999999998 0.5019839140625 0.2032 0.49678284218749996 0.19604 0.48158176875 0.18948 0.46640750625000005 0.17936000000000002 0.45841823125000003 0.17307999999999998 0.45919571093749995 0.16236 0.476380696875 0.15072000000000002 0.49359249375 0.15162 0.49678284218749996 0.16474 0.5007774796875
3 0.22490000000000002 0.3416621984375 0.23904 0.3398927609375 0.26204 0.3263538875 0.27846000000000004 0.3205898125 0.3063 0.3292225203125 0.32344 0.3464611265625 0.33558 0.37324396718749997 0.34344 0.3483646109375 0.33416 0.2947453078125 0.2906 0.2507238609375 0.2606 0.2459249328125 0.23490000000000003 0.266032171875 0.23490000000000003 0.27369973124999997 0.23410000000000003 0.3090080421875 0.22490000000000002 0.3416621984375
3 0.50518 0.2507774796875 0.54954 0.2265147453125 0.5542 0.2069437 0.5542 0.1889544234375 0.52094 0.135737265625 0.50576 0.13026809687500002 0.49934 0.18504021406249999 0.50518 0.2507774796875