2 0.5021875 0.5900624999999999 0.47921874999999997 0.5336666671875 0.45746875 0.496625 0.43934375000000003 0.5030625 0.4333125 0.5223958328125 0.44056249999999997 0.5707291671875 0.459890625 0.6448541671875 0.470765625 0.670625 0.49856249999999996 0.6722291671875 0.5094375 0.6432291671875 0.5021875 0.5900624999999999
2 0.54496875 0.4102916671875 0.55878125 0.3900833328125 0.5480937499999999 0.353875 0.525375 0.3497083328125 0.45499999999999996 0.3425833328125 0.423390625 0.3378333328125 0.411796875 0.3621875 0.429625 0.396625 0.446546875 0.40433333281249995 0.47415624999999995 0.4096875 0.54496875 0.4102916671875
2 0.49279687499999997 0.5665416671875 0.49665625 0.5733958328125001 0.5101875 0.5665416671875 0.5146875 0.5442083328125 0.519203125 0.5321875 0.4805625 0.46693749999999995 0.455453125 0.430875 0.45287499999999997 0.41970833281250003 0.44643750000000004 0.4068333328125 0.435484375 0.3973958328125 0.42453124999999997 0.40425000000000005 0.396203125 0.4257291671875 0.3955625 0.4463333328125 0.39684375 0.45062499999999994 0.43742187499999996 0.503 0.45287499999999997 0.497 0.49215625 0.5588124999999999 0.49279687499999997 0.5665416671875
2 0.371734375 0.3547708328125 0.36703125000000003 0.3404166671875 0.368375 0.32425000000000004 0.37712500000000004 0.3134791671875 0.37510937499999997 0.3107708328125 0.367703125 0.309875 0.31515624999999997 0.34310416718750003 0.29090625000000003 0.3655625 0.29226562500000003 0.39249999999999996 0.30775 0.4032708328125 0.326609375 0.39968750000000003 0.328625 0.39968750000000003 0.382515625 0.3700416671875 0.371734375 0.3547708328125
2 0.41364062500000004 0.4962916671875 0.398078125 0.5051875 0.386953125 0.5200208328125 0.389171875 0.5556041671874999 0.41253124999999996 0.6831041671875 0.42253125 0.6979166671875 0.44365625 0.6949583328125 0.46010937500000004 0.6853958328124999 0.46517187499999996 0.6629166671875 0.43365625 0.5333541671875001 0.434765625 0.5140833328125 0.41364062500000004 0.4962916671875
2 0.33606250000000004 0.4154583328125 0.317875 0.39929166718750003 0.30746875 0.40737500000000004 0.304 0.4293125 0.31267187500000004 0.4512708328125 0.347328125 0.4801458328125 0.35771875 0.50325 0.365515625 0.44895833281249997 0.35859375 0.4293125 0.33606250000000004 0.4154583328125
2 0.43825000000000003 0.5076875000000001 0.40793749999999995 0.4649583328125 0.396671875 0.4268333328125 0.386265625 0.4175833328125 0.3698125 0.414125 0.36375 0.4256666671875 0.35421874999999997 0.5307916671874999 0.330828125 0.5435 0.34554687500000003 0.5596666671875 0.3576875 0.6001041671875 0.370671875 0.6185833328125 0.388 0.624375 0.401875 0.624375 0.387140625 0.5250208328125 0.40793749999999995 0.5007708328125 0.43218750000000006 0.5088541671875 0.43825000000000003 0.5076875000000001
2 0.500515625 0.4988125 0.5101875 0.49945833281249996 0.51115625 0.49752083281250004 0.516 0.48075 0.513578125 0.4691458328125 0.508734375 0.45945833281250004 0.504875 0.45170833281249995 0.49421875000000004 0.44331250000000005 0.48598437499999997 0.436875 0.46759375 0.4181458328125 0.46034375 0.4097708328125 0.45162500000000005 0.40718750000000004 0.44678125 0.40589583281249997 0.4458125 0.40395833281250004 0.45549999999999996 0.42718749999999994 0.45840625 0.4362291671875 0.49325 0.4852708328125 0.500515625 0.4988125
2 0.562234375 0.5327291671875 0.54621875 0.5189166671875001 0.533984375 0.5214375 0.520796875 0.5314791671875 0.51515625 0.5603541671875 0.495375 0.5754166671875 0.50009375 0.5791875 0.506671875 0.6218541671875 0.5584687500000001 0.567875 0.5660000000000001 0.5503125 0.562234375 0.5327291671875
2 0.34550000000000003 0.3910208328125 0.338765625 0.4089791671875 0.35729687499999996 0.4426875 0.37753125 0.41572916718749997 0.36067187500000003 0.3797708328125 0.34550000000000003 0.3910208328125
2 0.404484375 0.3659166671875 0.386140625 0.3668958328125 0.37879687500000003 0.3698125 0.37734375 0.38937499999999997 0.375140625 0.40406250000000005 0.39128124999999997 0.4216666671875 0.40521874999999996 0.4246041671875 0.41915625 0.40991666718750003 0.42356249999999995 0.3932916671875 0.408875 0.3639583328125 0.404484375 0.3659166671875
2 0.405875 0.28570833281249997 0.39103125 0.3006875 0.37498437500000004 0.3103125 0.36696875 0.32475 0.36735937500000004 0.3466875 0.37298437500000003 0.3579166671875 0.38020312500000003 0.36593749999999997 0.3914375 0.3686041671875 0.399859375 0.36593749999999997 0.409078125 0.3600416671875 0.41870312500000006 0.3456041671875 0.43034375 0.3301041671875 0.44117187500000005 0.3183333328125 0.45359375 0.3055 0.45359375 0.2899791671875 0.44878125 0.27608333281249997 0.44117187500000005 0.272875 0.431140625 0.2675208328125 0.42793749999999997 0.2707291671875 0.4243125 0.2739375 0.405875 0.28570833281249997