2 0.29881250000000004 0.8999375000000001 0.301125 0.9060833328125 0.30265624999999996 0.9204166671875 0.307265625 0.9316875 0.32032812499999996 0.9347708328125 0.344140625 0.9368124999999999 0.373328125 0.9439791671875 0.37409375 0.9334791671874999 0.37409375 0.9068541671875 0.361796875 0.8966041671875 0.3464375 0.8802083328125001 0.343359375 0.8617708328125 0.340296875 0.8576874999999999 0.33337500000000003 0.83925 0.332609375 0.8146666671875 0.32032812499999996 0.7880416671875 0.307265625 0.7829166671875 0.28959375 0.7798541671875 0.269625 0.7829166671875 0.25271875 0.7931666671875 0.2435 0.8085208328125001 0.262703125 0.8843125000000001 0.263484375 0.8897083328125 0.287296875 0.896875 0.29881250000000004 0.8999375000000001
2 0.8099999999999999 0.6211666671875 0.8364687500000001 0.6047083328125 0.8400000000000001 0.5811666671875 0.8347031250000001 0.5599999999999999 0.8258749999999999 0.5247083328125 0.8152968749999999 0.5035208328125 0.774703125 0.4917708328125 0.7658750000000001 0.5082291671875 0.755296875 0.5364791671875 0.755296875 0.5717708328125 0.741171875 0.5929375 0.70059375 0.6211666671875 0.6900000000000001 0.6305833328125 0.714703125 0.665875 0.71646875 0.6682291671875 0.721765625 0.654125 0.744703125 0.6423541671875 0.758828125 0.6329374999999999 0.7870625 0.6305833328125 0.8099999999999999 0.6211666671875
2 0.344203125 0.2972291671875 0.358515625 0.2972291671875 0.374125 0.2885625 0.403390625 0.27468750000000003 0.41315625 0.26168749999999996 0.41900000000000004 0.24693749999999998 0.41770312499999995 0.2382708328125 0.41315625 0.226125 0.39884375 0.2304583328125 0.383234375 0.2373958328125 0.35331250000000003 0.24866666718750002 0.33575 0.2582083328125 0.335109375 0.268625 0.340953125 0.2772916671875 0.344203125 0.2972291671875
2 0.628671875 0.36735416718749997 0.6401875 0.3573958328125 0.657453125 0.3596875 0.6741406249999999 0.3596875 0.6764375 0.3535416671875 0.6764375 0.3351458328125 0.69025 0.3220833328125 0.691984375 0.3144166671875 0.6896718749999999 0.2883333328125 0.682203125 0.2891041671875 0.6655 0.2921666671875 0.643640625 0.30520833281250004 0.6235 0.3105833328125 0.6154375 0.31825000000000003 0.6045 0.3274583328125 0.59184375 0.33360416718749997 0.609109375 0.3758125 0.614296875 0.3765625 0.628671875 0.36735416718749997
2 0.765171875 0.39660416718749997 0.762640625 0.3831041671875 0.753546875 0.3703125 0.748984375 0.3601875 0.74090625 0.3446875 0.73534375 0.338625 0.7211875 0.33187500000000003 0.7100625 0.3271666671875 0.70146875 0.3278333328125 0.697921875 0.3433333328125 0.706515625 0.36154166718749997 0.714609375 0.3689583328125 0.7191562499999999 0.37975 0.742421875 0.39929166718750003 0.75859375 0.40872916718749996 0.764671875 0.40806250000000005 0.765171875 0.39660416718749997
2 0.6295468750000001 0.6091666671875 0.636125 0.6289166671875 0.63503125 0.6464583328125 0.648734375 0.6574166671875 0.676703125 0.639875 0.6821875000000001 0.6274375 0.6520312500000001 0.5740833328125 0.639421875 0.5704166671875 0.628453125 0.5682291671875 0.618578125 0.5930833328125 0.6169374999999999 0.5974791671874999 0.621875 0.5996666671875001 0.6295468750000001 0.6091666671875
2 0.817296875 0.388125 0.817296875 0.3873958328125 0.8205937499999999 0.3757083328125 0.81565625 0.3698541671875 0.8112656250000001 0.3662083328125 0.810171875 0.359625 0.80853125 0.3581666671875 0.8057812500000001 0.3588958328125 0.76740625 0.3610833328125 0.786046875 0.3764375 0.781109375 0.39837500000000003 0.780015625 0.40056250000000004 0.784953125 0.4012916671875 0.79865625 0.4012916671875 0.810171875 0.3925208328125 0.817296875 0.388125
2 0.7399375 0.32018749999999996 0.7399375 0.3395625 0.745890625 0.34750000000000003 0.747859375 0.34220833281249996 0.75315625 0.33427083281250003 0.757109375 0.3333958328125 0.7610781249999999 0.3386875 0.77296875 0.3589375 0.7908125 0.3377916671875 0.789484375 0.3175416671875 0.75909375 0.2972708328125 0.7399375 0.32018749999999996
2 0.6450625 0.1933541671875 0.64946875 0.1885416671875 0.65709375 0.1896041671875 0.6599062499999999 0.1960208328125 0.6639062499999999 0.2088541671875 0.6895781249999999 0.1965625 0.6891875 0.1933541671875 0.6719375000000001 0.1623333328125 0.6663125 0.1633958328125 0.656296875 0.1692916671875 0.648671875 0.17250000000000001 0.644265625 0.1741041671875 0.641046875 0.1741041671875 0.63503125 0.1741041671875 0.6270156250000001 0.1778333328125 0.614171875 0.1896041671875 0.6254062499999999 0.22168749999999998 0.6374375 0.22008333281249998 0.64265625 0.2029791671875 0.6450625 0.1933541671875
2 0.595375 0.4659583328125 0.589796875 0.5013541671875 0.648453125 0.5181041671875 0.661015625 0.49016666718749996 0.64565625 0.44175000000000003 0.595375 0.4659583328125
2 0.31546875 0.22625 0.30593750000000003 0.2524166671875 0.31490625 0.2591458328125 0.33340625 0.269625 0.330609375 0.2568958328125 0.364265625 0.2404583328125 0.371 0.20754166718749997 0.35921875000000003 0.1940833328125 0.340140625 0.1866041671875 0.31490625 0.21427083281249998 0.299203125 0.1993125 0.28517187499999996 0.2150208328125 0.286859375 0.21427083281249998 0.303125 0.22025 0.31546875 0.22625