3 0.283546875 0.9390398125000001 0.285515625 0.93391100625 0.286421875 0.9258313812500001 0.286234375 0.925035128125 0.280484375 0.920444965625 0.2758125 0.9263700234375 0.273109375 0.931756440625 0.26934375 0.9355269328125001 0.26915625 0.9417330203125 0.273296875 0.9468618265625001 0.27796875 0.9452459015624999 0.281921875 0.9406557375 0.283546875 0.9390398125000001
3 0.256296875 0.9467213109375001 0.259859375 0.9469789234375 0.26225 0.9488758781250001 0.26403125 0.9444262296874999 0.2653125 0.9385480093749999 0.26378124999999997 0.934988290625 0.261140625 0.932060890625 0.25765625000000003 0.9314285718749999 0.256125 0.93613583125 0.25587499999999996 0.9464637 0.256296875 0.9467213109375001
3 0.24409375 0.9548009375 0.245515625 0.9520140515625 0.24651562500000002 0.9473302109375 0.24509375000000003 0.9413348953125 0.23925000000000002 0.938992975 0.235109375 0.9409133484375 0.234109375 0.9464637 0.2336875 0.946252928125 0.23825 0.9552224828125 0.24409375 0.9548009375
3 0.26115625 0.9894379390625 0.26015625 0.98255269375 0.257171875 0.977775175 0.25198437500000004 0.9786651046875001 0.24840625 0.9870491796875 0.2511875 0.99391100625 0.254984375 0.995995315625 0.25578124999999996 0.9977985953124999 0.2585625 0.9951053859375 0.26115625 0.9894379390625
3 0.29676562500000003 0.9794379390625 0.297953125 0.9759016390624999 0.2974375 0.9723653390625 0.292546875 0.9690866515625001 0.28900000000000003 0.9683138171874999 0.2868125 0.9695784546875 0.285796875 0.9731147546875001 0.285796875 0.9784309140625 0.28934375 0.983747071875 0.288671875 0.981475409375 0.29474999999999996 0.9809601875 0.29676562500000003 0.9794379390625
3 0.344734375 0.9429274 0.347984375 0.9429274 0.350578125 0.9406557375 0.354046875 0.93901639375 0.3564375 0.9383606562500001 0.35729687499999996 0.93608899375 0.35340625000000003 0.9335128812500001 0.347109375 0.9328571421875 0.344296875 0.93967213125 0.344734375 0.9429274
3 0.367046875 0.933348946875 0.369984375 0.9328337234375 0.3718125 0.9307494140625 0.373640625 0.9260655734375 0.373375 0.9202107734375 0.370765625 0.9166978921875 0.36739062499999997 0.9154098359375 0.36478125 0.91775175625 0.362703125 0.9226932078125 0.363140625 0.927892271875 0.36321875000000003 0.9291803281250001 0.365734375 0.931779859375 0.367046875 0.933348946875
3 0.434765625 0.9751053859375001 0.42762500000000003 0.94836065625 0.41335937500000003 0.960843090625 0.415734375 0.980444965625 0.42762500000000003 0.9840046843750001 0.434765625 0.9751053859375001
3 0.24520312500000002 0.9162060890625 0.248140625 0.9228103046875 0.254734375 0.9222716625 0.253640625 0.918688525 0.24539062500000003 0.913747071875 0.24520312500000002 0.9162060890625
3 0.23521874999999998 0.970843090625 0.23121874999999997 0.9729742390625 0.232859375 0.9789695546875 0.237796875 0.9832084312499999 0.24085937500000001 0.981428571875 0.24415625 0.9754332546875 0.24298437499999997 0.9676814984375 0.239453125 0.964847775 0.23521874999999998 0.970843090625
3 0.24689062499999997 0.9868384078125001 0.243546875 0.9823419203125001 0.239875 0.9818266984375 0.23742187499999998 0.9840046843750001 0.235640625 0.9875175640625 0.23609375 0.99067915625 0.23853125 0.9945199062500001 0.23920312500000002 0.9993676812500001 0.24221875 0.998688525 0.242765625 0.994355971875 0.24476562500000001 0.9918501171875 0.24689062499999997 0.9868384078125001
3 0.27234375 0.9521077281249999 0.270328125 0.9486182671875 0.265859375 0.9488524593750001 0.26353125 0.9521077281249999 0.262609375 0.9592740046875001 0.26492187500000003 0.964379390625 0.27142187500000003 0.9657611234375001 0.27404687499999997 0.964379390625 0.274359375 0.9588290390624999 0.27234375 0.9521077281249999
3 0.978125 1 0.978125 0.985948478125 0.9921875 0.9836065578125 0.996875 0.9718969562499999 0.9984375 0.9578454328125 0.9796875 0.9391100703124999 0.9984375 0.8805620609375 0.9875 0.878220140625 0.9765625 0.9039812640625 0.9734375 0.8992974234375 0.9640625 0.8992974234375 0.396875 0.9442622953124999 0.3953125 0.9484777515625 0.3890625 0.9447892265625001 0.3859375 0.9484777515625 0.38125 0.945316159375 0.38125 0.9555035125 0.3734375 0.9458430906249999 0.3578125 0.94689695625 0.3546875 0.9555035125 0.35 0.9474238875 0.334375 0.9484777515625 0.3296875 0.9555035125 0.3296875 0.969555034375 0.334375 0.976580796875 0.3609375 0.9976580796875 0.4171875 1 0.4203125 0.9882903984375 0.4203125 0.9836065578125 0.415625 0.9812646375 0.4125 0.96487119375 0.4203125 0.9426814984374999 0.959375 0.9063231843749999 0.9578125 0.9274004687499999 0.953125 0.9274004687499999 0.9484375 0.9344262296875 0.9484375 0.9836065578125 0.953125 0.99063231875 0.95625 0.99063231875 0.959375 1 0.978125 1