2 0.5486072421875 0.6135312500000001 0.5467966578125 0.597140625 0.5340111421875 0.520328125 0.5449582171875 0.489609375 0.49749303593749994 0.48039062499999996 0.4628133703125 0.49779687499999997 0.44637882968750003 0.556171875 0.459136490625 0.661671875 0.4828969359375 0.67703125 0.5212256265625 0.67703125 0.5504456828125 0.628890625 0.5467966578125 0.648359375 0.5522562671875 0.629921875 0.5486072421875 0.6135312500000001
2 0.274456825 0.498015625 0.321504178125 0.55928125 0.36688022343750004 0.6016874999999999 0.450891365625 0.640328125 0.45760445625 0.635609375 0.4626462390625 0.616765625 0.4542339828125 0.59509375 0.41559888593750005 0.5583437499999999 0.36183844062500004 0.5055625 0.3248746515625 0.473515625 0.309749303125 0.46503125 0.2778272984375 0.47257812499999996 0.274456825 0.498015625
2 0.26367687968750003 0.52621875 0.2490807796875 0.52109375 0.24175487499999998 0.528265625 0.250891365625 0.5682031249999999 0.3129805015625 0.609171875 0.3458495828125 0.6204375 0.37869080781250003 0.632734375 0.41885793906249996 0.649109375 0.44442896875000004 0.663453125 0.4590250703125 0.667546875 0.4590250703125 0.6562812499999999 0.4152089140625 0.636828125 0.3677437328125 0.60303125 0.3202785515625 0.563078125 0.26367687968750003 0.52621875
2 0.16331476250000002 0.5526718749999999 0.165933146875 0.577640625 0.22877437343749998 0.6209687500000001 0.33348189375000004 0.670890625 0.40679665781249996 0.701734375 0.47356545937499994 0.714953125 0.494512534375 0.7098125 0.46832869062500004 0.687046875 0.4814206125 0.6760312500000001 0.463091921875 0.6687031250000001 0.3910863515625 0.6400625 0.30598885781249996 0.601140625 0.23270195 0.558546875 0.211754875 0.54753125 0.1868802234375 0.54459375 0.16331476250000002 0.5526718749999999
2 0.427855153125 0.7670625 0.4404456828125 0.748234375 0.4362395546875 0.72940625 0.41526462343750004 0.72940625 0.17618384375 0.891765625 0.1342339828125 0.905875 0.02935933125 0.917640625 0.004206128125 0.9623593749999999 0.113259053125 0.9270625000000001 0.192952646875 0.9199999999999999 0.2642618390625 0.8941250000000001 0.427855153125 0.7670625
2 0.3733147625 0.682359375 0.2558774375 0.6799999999999999 0.1510027859375 0.675296875 0.09649025 0.691765625 0.07969359375 0.668234375 0.0125905296875 0.658828125 0.1048746515625 0.69646875 0.1048746515625 0.705875 0.1342339828125 0.722359375 0.1216434546875 0.722359375 0.369136490625 0.7388281250000001 0.39428969375 0.7388281250000001 0.3901114203125 0.7035312499999999 0.3733147625 0.682359375
2 0.784456825 0.49948437500000004 0.8100278546874999 0.47182812500000004 0.8246239546874999 0.459546875 0.8319498609375 0.43803125 0.7789972140625 0.4605625 0.7508356546875 0.482359375 0.6511699171875 0.55275 0.7552646234375 0.528171875 0.784456825 0.49948437500000004
2 0.5905013921875 0.52925 0.584456825 0.5466875 0.5766852375 0.56025 0.5680501390625 0.571875 0.5620055703125 0.582046875 0.5550974937500001 0.594640625 0.5516434546875 0.602390625 0.549916434375 0.608703125 0.5516434546875 0.61403125 0.5533704734375 0.6246875000000001 0.5723676875 0.605296875 0.5818662953125 0.595125 0.5931197765625 0.5854375 0.6121169921875 0.57284375 0.625933146875 0.562671875 0.63111420625 0.525375 0.637158775 0.49484374999999997 0.6337047359375 0.49145312499999994 0.6319777156249999 0.49000000000000005 0.61729805 0.4958125 0.6138440109375 0.5021093750000001 0.6000278546875 0.509375 0.5905013921875 0.52925
2 0.162451253125 0.549421875 0.2035933140625 0.54365625 0.22178272968749999 0.554296875 0.24949860781250002 0.5645156250000001 0.2447353765625 0.54409375 0.22022284062500003 0.53565625 0.1671866296875 0.520125 0.1228969359375 0.51525 0.11972144843750002 0.524125 0.135543175 0.540546875 0.162451253125 0.549421875
2 0.6431197765625 0.5568593749999999 0.6550417828125 0.547921875 0.6696378828125 0.5055156249999999 0.661671309375 0.5017968749999999 0.647075209375 0.49734375000000003 0.63649025 0.50328125 0.63649025 0.5062656249999999 0.62983286875 0.5613125 0.6431197765625 0.5568593749999999
2 0.5501114203124999 0.6057187500000001 0.5660167125 0.581 0.5647910859375 0.48971875000000004 0.5794707515625 0.45676562499999995 0.5647910859375 0.434125 0.52807799375 0.44990625 0.49381615625 0.48148437499999996 0.5158495828125 0.498640625 0.5341782734375 0.52403125 0.5501114203124999 0.6057187500000001
2 0.46785515312500003 0.507703125 0.4702785515625 0.48385937500000004 0.45571030625000003 0.47159375 0.44782729843749997 0.46409374999999997 0.4308078 0.466828125 0.42292479062500005 0.47329687500000006 0.426573815625 0.493046875 0.4326462390625 0.516890625 0.4459888578125 0.54890625 0.45389972187499994 0.5369843750000001 0.46785515312500003 0.507703125