3 0.507015625 0.801803278125 0.510890625 0.803747071875 0.51315625 0.804707259375 0.5160625 0.80615925 0.51896875 0.809555034375 0.518328125 0.8202107734374999 0.516375 0.8202107734374999 0.510234375 0.8207025765625 0.514125 0.8231147546875001 0.516375 0.8250585484374999 0.519296875 0.8289461359375 0.5199374999999999 0.8289461359375 0.5215468750000001 0.8279625296875001 0.52478125 0.8274941453125001 0.52671875 0.8240983609375 0.527703125 0.8202107734374999 0.53125 0.8129508203125001 0.5335156249999999 0.8085948484375001 0.5338437500000001 0.8022950812499999 0.5331875 0.79744730625 0.5306093749999999 0.7925995312499999 0.52834375 0.789203746875 0.52640625 0.78679156875 0.5215468750000001 0.7829039812499999 0.5173593750000001 0.781451990625 0.5137968749999999 0.78194379375 0.510890625 0.7829039812499999 0.508625 0.7838875875 0.504421875 0.788243559375 0.5028125 0.791147540625 0.500875 0.79744730625 0.5005468750000001 0.7998829046875 0.504421875 0.7998829046875 0.507015625 0.801803278125
3 0.895671875 0.5757142859375 0.8918593749999999 0.5968852453125 0.9044531250000001 0.608899296875 0.9162968749999999 0.608899296875 0.929265625 0.6163466046875 0.9349999999999999 0.621475409375 0.937671875 0.6163466046875 0.939578125 0.60775175625 0.9391875000000001 0.5917330203125 0.93384375 0.578571428125 0.9231562500000001 0.565995315625 0.922390625 0.5642622953124999 0.9155312500000001 0.565995315625 0.895671875 0.5757142859375
3 0.8555468749999999 0.5144028109375001 0.85803125 0.521100703125 0.8633124999999999 0.5233255265625 0.87009375 0.5196018734375001 0.87325 0.5181264640625 0.8772187499999999 0.5171194375 0.878703125 0.515152225 0.878703125 0.510444965625 0.877703125 0.5057142859375 0.87440625 0.5039812640625 0.8689375 0.502740046875 0.865296875 0.5025058546875 0.8586874999999999 0.5052224828125 0.8553750000000001 0.5079625296875 0.85471875 0.5099297421875 0.8555468749999999 0.5144028109375001
3 0.6760312500000001 0.41192037499999995 0.6295468750000001 0.434683840625 0.559359375 0.42615925 0.554609375 0.43608899375 0.554609375 0.45885245937499997 0.623859375 0.48159250625 0.6684375 0.497236534375 0.6893125 0.504355971875 0.72346875 0.5626463703125 0.735796875 0.5626463703125 0.76615625 0.5597892265625 0.7851250000000001 0.549836065625 0.8012499999999999 0.528524590625 0.810734375 0.511451990625 0.813578125 0.5071896953125 0.817375 0.4773302109375 0.750015625 0.45742388749999996 0.722515625 0.4474707265625 0.707328125 0.4162060890625 0.6760312500000001 0.41192037499999995
3 0.46990625 0.862412178125 0.494296875 0.8635128812499999 0.51721875 0.8679391093750001 0.540875 0.8635128812499999 0.5660000000000001 0.8535363 0.56821875 0.8313817328124999 0.56378125 0.7981498828125 0.55121875 0.803700234375 0.53790625 0.8092271656250001 0.5201718750000001 0.8291803281250001 0.50465625 0.8214051515625 0.5002187499999999 0.79482435625 0.495046875 0.784847775 0.48470312499999996 0.784847775 0.478046875 0.7892974234375 0.472125 0.7981498828125 0.4684375 0.803700234375 0.463265625 0.8092271656250001 0.45660937500000004 0.819203746875 0.44551562499999997 0.8225292734374999 0.4425625 0.82805620625 0.44551562499999997 0.8480093671875 0.452171875 0.8524355968749999 0.46990625 0.862412178125
3 0.35539062499999996 0.824355971875 0.34785937499999997 0.82 0.331609375 0.8182669796875001 0.32292187499999997 0.8278220140625001 0.31770312500000003 0.848688525 0.32175 0.88259953125 0.330453125 0.87391100625 0.346109375 0.86608899375 0.360609375 0.8730210765624999 0.364671875 0.8582435593750001 0.3629375 0.8452224828125001 0.35539062499999996 0.824355971875
3 0.66975 0.8314754093750001 0.700125 0.8192505859375 0.701609375 0.8025995312499999 0.6949375 0.7814988296875 0.6845625 0.7792740046875 0.669 0.7803981265625 0.65715625 0.785948478125 0.640109375 0.775948478125 0.629 0.775948478125 0.615671875 0.78482435625 0.6067812499999999 0.78482435625 0.59121875 0.7814988296875 0.577890625 0.7981498828125 0.5801093749999999 0.811475409375 0.604546875 0.8248009375 0.6119687500000001 0.8292505859375 0.6334531250000001 0.8292505859375 0.66975 0.8314754093750001
3 0.7570625 0.8084074937500001 0.774265625 0.807868853125 0.789015625 0.8031381734374999 0.797453125 0.7920843093750001 0.797453125 0.7889227171875001 0.7956875 0.7831381734375 0.78971875 0.777868853125 0.77778125 0.7731381734375 0.770046875 0.772084309375 0.760921875 0.770491803125 0.7570625 0.7636533953125 0.756359375 0.76259953125 0.74440625 0.7589227171874999 0.7377343749999999 0.761007025 0.7307187500000001 0.7668149890625 0.72684375 0.7689227171875 0.7163125 0.7694379390625 0.705765625 0.7736533953125 0.7033125 0.7789227171875 0.7029687499999999 0.787868853125 0.7085781250000001 0.7936533953125 0.721234375 0.8010304453125 0.73984375 0.804707259375 0.7570625 0.8084074937500001
3 0.8622343750000001 0.8594613578124999 0.883390625 0.8590866515625001 0.899765625 0.8594613578124999 0.913625 0.857587821875 0.91840625 0.8492740046874999 0.91790625 0.8349414515625 0.91034375 0.8239812640625 0.8889374999999999 0.8224824359375 0.8839062500000001 0.83002341875 0.8773593749999999 0.8281498828125 0.866015625 0.8236065578125 0.8622343750000001 0.8149180328125001 0.8567031249999999 0.813419203125 0.839078125 0.8149180328125001 0.830515625 0.8194613578125001 0.813125 0.8213583140624999 0.8080937499999999 0.8315456671874999 0.811109375 0.84098360625 0.8201875 0.8432318499999999 0.8405781250000001 0.8549414515624999 0.8622343750000001 0.8594613578124999
3 0.85740625 0.8996018734375 0.869703125 0.8975409843750001 0.8676562499999999 0.8852693203124999 0.84784375 0.892435596875 0.834859375 0.8760421546874999 0.8293906249999999 0.862740046875 0.8198281250000001 0.8442857140625 0.8047812499999999 0.8391803281250001 0.7904375 0.8391803281250001 0.78565625 0.845316159375 0.7699374999999999 0.863747071875 0.76515625 0.8811709609375 0.782234375 0.8893676812500001 0.8205 0.8975409843750001 0.8362187499999999 0.9006323187499999 0.85740625 0.8996018734375
3 0.21604687500000003 0.927236534375 0.24362499999999998 0.92325526875 0.254265625 0.9192740046875001 0.25890625 0.920772834375 0.26571875 0.9180327875 0.2815 0.9105620609375 0.29096875 0.89512880625 0.28781249999999997 0.884660421875 0.280328125 0.875456675 0.277671875 0.8644964875 0.266703125 0.8614988296874999 0.257078125 0.863747071875 0.250421875 0.8734426234375 0.239953125 0.8644964875 0.231984375 0.861756440625 0.226171875 0.8629976578124999 0.220515625 0.863747071875 0.21803124999999998 0.8654800937499999 0.20971875 0.862740046875 0.20606249999999998 0.87744730625 0.19459375 0.875948478125 0.197421875 0.8913817328125001 0.178484375 0.8966042156249999 0.174328125 0.9006088999999999 0.173 0.9068149890624999 0.173 0.914543325 0.1765 0.9165339578125 0.189453125 0.92325526875 0.21604687500000003 0.927236534375
3 0.21667187499999999 0.743395784375 0.239828125 0.7392505859375 0.25973437499999996 0.7339578453125 0.26125 0.7282903984375 0.254953125 0.7150819671875001 0.24739062500000003 0.7090398125 0.244625 0.70224824375 0.2368125 0.6935831375 0.22548437500000001 0.69583138125 0.21993749999999998 0.7018735359375 0.2189375 0.7116861828125 0.21212499999999998 0.71810304375 0.205078125 0.7218735359374999 0.19475 0.7260421546875 0.192984375 0.716604215625 0.183171875 0.7079156906249999 0.17510937499999998 0.7116861828125 0.170078125 0.7173536296874999 0.165546875 0.72 0.162515625 0.725667446875 0.15823437499999998 0.727915690625 0.15546875 0.7362295078125001 0.16075 0.7373536296875 0.1861875 0.743395784375 0.21667187499999999 0.743395784375
3 0.975609375 0.57901639375 0.9582968749999999 0.57901639375 0.944140625 0.597868853125 0.9425625 0.6332552687499999 0.97403125 0.6426932078125 0.9929062500000001 0.6261826703125 0.975609375 0.57901639375
0 0.50215625 0.792107728125 0.50453125 0.7879625296875 0.510875 0.7796487125 0.51840625 0.7796487125 0.5271250000000001 0.7849882906250001 0.531875 0.7826229515625001 0.532265625 0.7796487125 0.531875 0.7653864171875 0.5247499999999999 0.7493676812500001 0.5120625000000001 0.743419203125 0.504140625 0.7469789234374999 0.49978125 0.7540983609375 0.49343750000000003 0.77608899375 0.494234375 0.7802341921875 0.49660937499999996 0.78676815 0.50215625 0.792107728125
3 0.299265625 0.82644028125 0.31903125 0.8258548015624999 0.32890625 0.8258548015624999 0.346765625 0.8247306796875 0.36120312499999996 0.82644028125 0.377171875 0.8213114750000001 0.3779375 0.815035128125 0.369578125 0.8013583140625 0.367671875 0.7802810296875 0.36196875 0.771756440625 0.355125 0.7700468390624999 0.339546875 0.77517564375 0.330421875 0.7711709609375 0.317125 0.7785948484375 0.309515625 0.7888290390625 0.307234375 0.7842857140625 0.30115625 0.7842857140625 0.285203125 0.7951053859375 0.27721874999999996 0.808196721875 0.28178125 0.8213114750000001 0.288234375 0.8258548015624999 0.299265625 0.82644028125
0 0.411296875 0.862388759375 0.399984375 0.862388759375 0.390171875 0.862388759375 0.383390625 0.8646370015624999 0.378109375 0.873700234375 0.37584375 0.882740046875 0.37584375 0.8929039812499999 0.37659375 0.8985714281250001 0.378859375 0.89969555 0.38715625 0.900819671875 0.39771875 0.900819671875 0.40225 0.900819671875 0.401484375 0.8985714281250001 0.41732812499999994 0.900819671875 0.424125 0.882740046875 0.41431250000000003 0.871428571875 0.411296875 0.862388759375
0 0.144640625 0.8375175640625001 0.14725 0.8421545671875 0.148859375 0.8467681499999999 0.1568125 0.8365573765625 0.15503125 0.835339578125 0.1491875 0.8346135828125 0.144640625 0.8375175640625001
3 0.5921875 1 0.5953125 0.9836065578125 0.675 0.985948478125 0.6859375 0.976580796875 0.7 0.9508196718749999 0.709375 0.9508196718749999 0.7171875 0.94613583125 0.7234375 0.94613583125 0.7421875 0.960187353125 0.7671875 0.960187353125 0.7796875 0.9484777515625 0.7859375 0.9297423890625 0.7859375 0.911007025 0.7828125 0.8969555031249999 0.778125 0.887587821875 0.7671875 0.8829039812499999 0.765625 0.8758782203125 0.7625 0.8735362999999999 0.7625 0.868852459375 0.76875 0.8618266984374999 0.775 0.843091334375 0.775 0.8266978921874999 0.7703125 0.81030445 0.8078125 0.742388759375 0.8140625 0.7470726 0.83125 0.7470726 0.840625 0.7400468390625 0.8453125 0.73067915625 0.8734375 0.7283372359375 0.8828125 0.7189695546875 0.9 0.6885245906249999 0.928125 0.6885245906249999 0.934375 0.68384075 0.95625 0.6814988296875 0.9640625 0.672131146875 0.9703125 0.653395784375 0.9703125 0.6416861828125 0.9625 0.6393442625 0.9673958328125 0.62677595625 0.9984375 0.6206089 0.9875 0.6135831375 0.975 0.580796253125 0.9984375 0.4800936765625 0.990625 0.4707259953125 0.965625 0.468384075 0.9609375 0.473067915625 0.9546875 0.473067915625 0.9375 0.45199063281249996 0.9140625 0.4496487125 0.9015625 0.46370023437499996 0.8734375 0.4660421546875 0.853125 0.4800936765625 0.8453125 0.4941451984375 0.83125 0.4941451984375 0.815625 0.5058548015625 0.7953125 0.5386416859375001 0.7859375 0.5503512875000001 0.7765625 0.555035128125 0.2630073046875 0.145411965625 0.2625 0.131147540625 0.271875 0.1241217796875 0.2796875 0.1077283375 0.28125 0.08430913281249999 0.275 0.06323185 0.2609375 0.049180328125 0.24375 0.049180328125 0.2375 0.05386416875 0.2265625 0.07728337187499999 0.228125 0.11007025781249999 0.2375 0.1264637 0.24375 0.131147540625 0.2424665171875 0.400468384375 0.2375 0.40749414531249994 0.2265625 0.3981264640625 0.2015625 0.3981264640625 0.1953125 0.40281030468749995 0.1828125 0.42622950781249996 0.175 0.43091334843749995 0.165625 0.43091334843749995 0.1484375 0.44730679218749997 0.1375 0.4707259953125 0.1390625 0.5011709609375 0.1484375 0.517564403125 0.1546875 0.52224824375 0.175 0.52224824375 0.1875 0.5105386421875 0.2 0.5105386421875 0.2125 0.50351288125 0.2234375 0.491803278125 0.240625 0.46370023437499996 0.4643092109375 0.6837174890625 0.465625 0.7002341921874999 0.45625 0.7049180328125 0.44375 0.7283372359375 0.4390625 0.7283372359375 0.43968749999999995 0.7316159250000001 0.41875 0.7283372359375 0.409375 0.7142857140625 0.39375 0.707259953125 0.2984375 0.707259953125 0.2859375 0.721311475 0.2765625 0.751756440625 0.2546875 0.7494145203125 0.2484375 0.7540983609375 0.2359375 0.7775175640625 0.23015625 0.773243559375 0.2328125 0.7775175640625 0.228125 0.7822014046875 0.22239583281250003 0.7747853234375001 0.1578125 0.7868852453125 0.153125 0.77517564375 0.1453125 0.7658079625 0.121875 0.7634660421875 0.103125 0.7775175640625 0.084375 0.7775175640625 0.071875 0.7915690859375 0.0671875 0.8056206093749999 0.0671875 0.8290398124999999 0.078125 0.8524590156249999 0.084375 0.8571428578125 0.115625 0.8571428578125 0.1265625 0.868852459375 0.140625 0.8735362999999999 0.1484375 0.8805620609375 0.2046875 0.878220140625 0.2078125 0.8711943796874999 0.2063322375 0.8639220999999999 0.2140625 0.8665105390625 0.2171875 0.8594847781249999 0.22211538437499997 0.8665105390625 0.31875 0.8665105390625 0.3203125 0.8711943796874999 0.32783203125 0.875 0.328125 0.878220140625 0.321875 0.8829039812499999 0.3171875 0.8946135828124999 0.303125 0.8946135828124999 0.2953125 0.90163934375 0.2859375 0.9039812640625 0.2796875 0.913348946875 0.259375 0.922716628125 0.2515625 0.9203747078125 0.24375 0.9250585484375 0.2234375 0.9274004687499999 0.2203125 0.93676815 0.2203125 0.96487119375 0.2265625 0.985948478125 0.2390625 1 0.371875 1 0.375 0.9836065578125 0.3734375 0.9578454328125 0.365625 0.941451990625 0.35625 0.9344262296875 0.35625 0.9250585484375 0.365625 0.9250585484375 0.384375 0.911007025 0.4046875 0.911007025 0.410546875 0.9168618265624999 0.4109375 0.913348946875 0.41875 0.913348946875 0.41806640625 0.920667446875 0.440625 0.932084309375 0.4390625 0.969555034375 0.44375 0.9836065578125 0.4546875 1 0.5921875 1