1 0.4028125 0.6333333328124999 0.384265625 0.6602916671875 0.37753125 0.7389583328125 0.37921875 0.7816458328125 0.39270312500000004 0.8221041671875 0.412921875 0.8445625 0.456734375 0.8760208328125 0.515734375 0.9029999999999999 0.56965625 0.9142291671875 0.606734375 0.9232291671875 0.633703125 0.9209791671875 0.7028125000000001 0.9029999999999999 0.717984375 0.8939999999999999 0.7061875 0.8760208328125 0.67078125 0.8490624999999999 0.6286562499999999 0.7906458328125 0.734828125 0.8243541671875001 0.756734375 0.8018750000000001 0.7735937500000001 0.7569375 0.768546875 0.7456875000000001 0.505625 0.5749166671875 0.463484375 0.6018749999999999 0.439890625 0.6400833328125 0.42303125 0.6265833328125 0.4028125 0.6333333328124999
1 0.768578125 0.5540625 0.731421875 0.5382916671875 0.69425 0.4639583328125 0.690875 0.3603541671875 0.675671875 0.3333333328125 0.66215625 0.34460416718750003 0.643578125 0.42341666718750004 0.6638437500000001 0.5270208328125 0.709453125 0.5900833328124999 0.753375 0.5923333328125 0.78040625 0.5765833328125 0.77871875 0.5585625000000001 0.768578125 0.5540625
1 0.44875 0.45558333281249996 0.49329687499999997 0.475375 0.522328125 0.4537916671875 0.54190625 0.4267708328125 0.562828125 0.3916875 0.58240625 0.340375 0.583078125 0.3052708328125 0.56553125 0.2872708328125 0.554734375 0.2962708328125 0.52975 0.3250625 0.5081562500000001 0.371875 0.49059375000000005 0.3997708328125 0.479796875 0.40877083281250004 0.4413125 0.4222708328125 0.43726562500000005 0.4267708328125 0.4379375 0.4366875 0.44875 0.45558333281249996
1 0.428453125 0.3676041671875 0.43115625 0.3820416671875 0.435671875 0.38927083281249997 0.438390625 0.38927083281249997 0.474515625 0.3844583328125 0.49709375 0.3760208328125 0.506125 0.3687916671875 0.5133593750000001 0.3531458328125 0.54225 0.3194166671875 0.554 0.30256249999999996 0.539546875 0.2808958328125 0.399546875 0.3302708328125 0.41309375 0.3615833328125 0.41851562500000006 0.3651875 0.428453125 0.3676041671875
1 0.2516875 0.9358124999999999 0.28715625 0.9831041671875 0.5 0.989875 0.53040625 0.9763541671875 0.577703125 0.9515833328125 0.6013437500000001 0.9087916671875 0.581078125 0.88175 0.521953125 0.8975208328125 0.46790624999999997 0.866 0.41215624999999995 0.8277083328125 0.390203125 0.8029375 0.3800625 0.7623958328125 0.3800625 0.7218541671875001 0.378375 0.6948125 0.34796875 0.7218541671875001 0.34965625 0.7241041671875 0.28884375 0.7691458328125 0.25675 0.8119375 0.2516875 0.8592291671875 0.2516875 0.9358124999999999
1 0.846484375 0.5874791671875 0.8505625 0.595625 0.8627812499999999 0.5969791671875 0.8821406250000001 0.5684583328125 0.886203125 0.5385833328125 0.89334375 0.4910416671875 0.899453125 0.43264583281249996 0.9157500000000001 0.38375 0.9157500000000001 0.37425 0.894359375 0.36475 0.8912968749999999 0.3688125 0.8709374999999999 0.3986875 0.86075 0.4231458328125 0.8546250000000001 0.4557291671875 0.8495312500000001 0.5032708328125 0.844453125 0.5331458328124999 0.831203125 0.5684583328125 0.8291718749999999 0.5725416671875 0.8403750000000001 0.5766041671875 0.846484375 0.5874791671875
1 0.711859375 0.22335416718749998 0.71925 0.202875 0.717546875 0.1983333328125 0.702171875 0.2112291671875 0.6925 0.2392916671875 0.687390625 0.2696458328125 0.6856718749999999 0.3197291671875 0.693640625 0.3371666671875 0.696484375 0.290125 0.704453125 0.2552291671875 0.711859375 0.22335416718749998
1 0.450671875 0.5475625 0.481953125 0.5860416671875 0.49879687500000003 0.5764375 0.510828125 0.562 0.5385 0.5668124999999999 0.542109375 0.5796458328125 0.5397031250000001 0.6004791671875 0.561359375 0.6101041671874999 0.5721875 0.6133124999999999 0.586609375 0.6052916671874999 0.610671875 0.58125 0.6227031249999999 0.5587916671875 0.6227031249999999 0.5459583328125001 0.60465625 0.5283125 0.601046875 0.5267083328125 0.561359375 0.5395416671875 0.5385 0.5411458328125 0.508421875 0.5299166671875 0.486765625 0.49783333281250003 0.4663125 0.46575 0.45187499999999997 0.45131249999999995 0.442265625 0.4416875 0.43865625 0.4256458328125 0.43624999999999997 0.4032083328125 0.41940625000000004 0.4112083328125 0.42903125 0.4577291671875 0.42421875 0.4721666671875 0.43023437500000006 0.513875 0.450671875 0.5475625
1 0.82225 0.5673125 0.8129843749999999 0.5363958328125 0.82340625 0.4962083328125 0.879046875 0.34475 0.87325 0.3292916671875 0.868625 0.3231041671875 0.852390625 0.30920833281250004 0.8118124999999999 0.3308333328125 0.8152968749999999 0.2906666671875 0.803703125 0.2782916671875 0.77471875 0.30302083281250003 0.77125 0.2659375 0.75734375 0.2659375 0.74690625 0.2690208328125 0.7353125 0.2705625 0.715609375 0.2952916671875 0.69590625 0.39729166718750003 0.6935781249999999 0.46685416718750006 0.73646875 0.5333125 0.766609375 0.5503125 0.7793593750000001 0.5642291671875 0.78515625 0.5673125 0.8129843749999999 0.5796666671875 0.82225 0.5673125
1 0.15 0.9749166671875 0.17190624999999998 0.9614166671875 0.187078125 0.9456875 0.1938125 0.90075 0.212359375 0.8513125 0.22078125 0.7793958328125 0.23595312499999999 0.7524375 0.237640625 0.7232291671875 0.234265625 0.6850208328125 0.23595312499999999 0.6580625 0.22246875 0.6221041671875 0.22246875 0.592875 0.207296875 0.5793958328125 0.198875 0.5277083328125001 0.161796875 0.5142291671875 0.1550625 0.4715416671875 0.12471874999999999 0.4490625 0.10618749999999999 0.41985416718749996 0.07921875 0.3906458328125 0.013484375000000002 0.3569375 0.0050625 0.9816458328125 0.12978125000000001 0.9793958328124999 0.15 0.9749166671875
1 0.241359375 0.44672916718750005 0.230109375 0.47127083281250004 0.23726562499999998 0.48218750000000005 0.2475 0.4808333328125 0.268984375 0.48764583281249996 0.289453125 0.5081041671875 0.311953125 0.5081041671875 0.36924999999999997 0.5040208328125 0.428609375 0.4491458328125 0.39484375 0.4368541671875 0.38460937500000003 0.4109375 0.38153125 0.39456250000000004 0.375390625 0.3782083328125 0.34776562499999997 0.39456250000000004 0.351859375 0.371375 0.32628124999999997 0.3741041671875 0.32832812499999997 0.355 0.32832812499999997 0.3454583328125 0.325265625 0.3372708328125 0.32321875 0.3277291671875 0.31809375 0.325 0.293546875 0.35091666718750003 0.29046875 0.3345416671875 0.27409374999999997 0.3318125 0.273078125 0.325 0.260796875 0.3168125 0.2475 0.3127083328125 0.25159375 0.2854375 0.2475 0.27860416718750003 0.241359375 0.275875 0.226015625 0.2854375 0.23726562499999998 0.24177083281249998 0.2505625 0.2076666671875 0.245453125 0.1899375 0.230109375 0.1872083328125 0.2229375 0.1912916671875 0.20964062499999997 0.21039583281250002 0.2004375 0.23085416718750001 0.198390625 0.21993749999999998 0.189171875 0.2144791671875 0.17075 0.2636041671875 0.177921875 0.2049375 0.180984375 0.15445833281250002 0.175875 0.1435416671875 0.17279687500000002 0.13535416718749999 0.17075 0.13535416718749999 0.157453125 0.14491666718750001 0.1595 0.13127083281250002 0.158484375 0.10943750000000001 0.1564375 0.0985208328125 0.149265625 0.1039791671875 0.149265625 0.084875 0.14415625 0.0821458328125 0.136984375 0.07668749999999999 0.12368749999999999 0.0889791671875 0.093 0.1899375 0.10321875 0.0685208328125 0.089921875 0.05487499999999999 0.07764062499999999 0.084875 0.058203125 0.028937499999999998 0.042859375 0.06168749999999999 0.039781250000000004 0.1667291671875 0.074578125 0.2376875 0 0.1517291671875 0.00396875 0.2226666671875 0.002890625 0.2704166671875 0.024375 0.27725 0.093953125 0.3031666671875 0.11851562499999999 0.3168125 0.15126562500000001 0.3031666671875 0.17275000000000001 0.3645625 0.219875 0.38533333281250004 0.241359375 0.4248958328125 0.241359375 0.44672916718750005
1 0.390859375 0.17914583281250002 0.3986875 0.20600000000000002 0.40707812499999996 0.2253958328125 0.41659375 0.23435416718750002 0.418265625 0.23733333281250002 0.42945312500000005 0.2201666671875 0.43001562499999996 0.2134583328125 0.42778124999999995 0.20452083281250003 0.42721875000000004 0.1881041671875 0.42721875000000004 0.17466666718749999 0.41434375 0.1657291671875 0.402046875 0.1634791671875 0.395890625 0.1634791671875 0.390859375 0.17914583281250002
1 0.789625 0.28275 0.812671875 0.2864375 0.8108281249999999 0.333125 0.8495312500000001 0.3061041671875 0.883625 0.3294375 0.858734375 0.4043958328125 0.8866406250000001 0.3748958328125 0.94378125 0.1955208328125 0.928109375 0.1869166671875 0.915203125 0.21887500000000001 0.906 0.19183333281249998 0.8995468750000001 0.1709583328125 0.881109375 0.1869166671875 0.883875 0.16358333281249998 0.871890625 0.13899999999999998 0.8553124999999999 0.15006250000000002 0.8507031250000001 0.146375 0.854390625 0.10706249999999999 0.8377968750000001 0.1144375 0.814765625 0.11235416718749999 0.80278125 0.1307916671875 0.77975 0.1393958328125 0.765 0.1541458328125 0.73090625 0.2241666671875 0.7226250000000001 0.2856041671875 0.7721250000000001 0.26310416718749996 0.7785624999999999 0.3061041671875 0.789625 0.28275
1 0.503125 0 0.4402678578125 0.21345238125 0.4296875 0.21875 0.4265625 0.175 0.415625 0.1666666671875 0.396875 0.16458333281249998 0.371875 0.0020833328125000002 0.353125 0.0125 0.3390625 0.025 0.309375 0.0625 0.2921875 0.0958333328125 0.278125 0.1458333328125 0.2671875 0.1375 0.2609375 0.11875 0.2546875 0.11041666718750001 0.24375 0.1041666671875 0.209375 0.054166667187499996 0.1828125 0.029166667187500002 0.1578125 0.014583332812499999 0.1296875 0.00625 0.084375 0.00625 0.0390625 0.0229166671875 0.0390625 0.0354166671875 0.0421875 0.0458333328125 0.019618056249999998 0.09444444375 0.021875 0.1 0.0015625 0.1166666671875 0.0060763890625 0.12361111093749999 0.0017156859375 0.1271650328125 0.0015625 0.1541666671875 0.0021752453125 0.15866013125 0.0078125 0.1625 0.00232843125 0.1691584953125 0.0015625 0.18125 0.005085784375 0.35812908593750004 0.0015625 0.36875 0.00625 0.3729166671875 0.009375 0.6520833328125 0.00625 0.66875 0.0078125 0.6729166671875 0.2194196421875 0.81220238125 0.2125 0.8520833328125 0.19375 0.9020833328125001 0.1859375 0.9479166671874999 0.171875 0.9625 0.153125 0.975 0.128125 0.98125 0.1390625 0.9979166671874999 0.371875 1 0.371875 0.9875 0.4874553578125 0.9886309515624999 0.49450892812499997 0.9932738109375 0.5 0.9916666671875 0.5015625 0.9979166671874999 0.5078125 0.9875 0.6984375 0.84375 0.715625 0.8770833328125001 0.7390625 0.9083333328125001 0.759375 0.9270833328125001 0.7921875 0.9458333328125 0.8203125 0.9520833328125 0.834375 0.9604166671875 0.85625 0.9666666671874999 0.9015625 0.9666666671874999 0.9296875 0.9583333328125001 0.9671875 0.9333333328125001 0.9984375 0.8958333328125001 0.9984375 0.6208333328125 0.98125 0.5979166671875 0.9625 0.5791666671875 0.9640625 0.5708333328124999 0.984375 0.5520833328125 0.9984375 0.5333333328125 0.9003605765625 0.5025641015625 0.890625 0.5104166671875 0.9 0.43125 0.915625 0.3854166671875 0.915625 0.375 0.89375 0.36666666718749996 0.890625 0.3625 0.9390625 0.2104166671875 0.9984375 0.25 0.984375 0.23125 0.9578125 0.20625 0.94375 0.1979166671875 0.9384375 0.21000000000000002 0.9234375 0.2 0.9265625 0.1895833328125 0.9109375 0.1729166671875 0.8859375 0.15625 0.8796875 0.1541666671875 0.8776041671874999 0.15694444375 0.8708333328125001 0.1513888890625 0.8642463234375001 0.1503676484375 0.8609375 0.11875 0.8453125 0.06875 0.828125 0.0375 0.796875 0 0.503125 0