2 0.17748 0.67832 0.19082 0.6982933328125001 0.2008 0.71608 0.20996 0.71608 0.19914 0.6972 0.19164 0.6772 0.18748 0.66056 0.18414 0.64056 0.17748 0.6250133328125 0.17332 0.6083466671875 0.1675 0.5928266671875 0.16666 0.5794933328125 0.16416 0.5484 0.15084 0.5317333328125 0.13668 0.5417333328125 0.13918 0.5584 0.14168 0.5805866671875 0.155 0.6161333328125 0.16 0.6250133328125 0.17082 0.66056 0.17748 0.67832
2 0.25222 0.6583466671875 0.26982 0.6275733328124999 0.27749999999999997 0.6224533328125 0.28684 0.6143733328125001 0.29014 0.6048533328125 0.29124 0.5792266671874999 0.30112 0.54552 0.31046 0.5257333328125 0.31652 0.50744 0.3242 0.48837333281250006 0.32916 0.4773866671875 0.33849999999999997 0.45688000000000006 0.34014 0.43784 0.33574000000000004 0.42904 0.32476 0.4370933328125 0.31652 0.4546933328125 0.29674 0.49935999999999997 0.28684 0.5250133328125 0.27696 0.5601866671875 0.27036 0.5924 0.26926 0.6129333328125 0.26596000000000003 0.61952 0.26156 0.63344 0.25222 0.6583466671875
2 0.2245 0.56448 0.20308 0.6087733328125 0.18388 0.6373333328124999 0.21194000000000002 0.6038666671875 0.23925999999999997 0.5556 0.26586 0.5270400000000001 0.29984 0.46893333281249994 0.31682 0.45122666718750004 0.33232 0.43448000000000003 0.33232 0.41674666718750003 0.32864 0.4098666671875 0.32716 0.4098666671875 0.2821 0.45122666718750004 0.26364 0.4896266671875 0.23557999999999998 0.5359200000000001 0.2245 0.56448
2 0.24234 0.5247733328125 0.25294 0.48704000000000003 0.26886 0.46816 0.2671 0.46109333281250003 0.25472 0.47050666718749995 0.23879999999999998 0.4799466671875 0.22464 0.5035466671875 0.2105 0.52712 0.19634000000000001 0.55072 0.22818 0.5436266671875 0.23525999999999997 0.5365599999999999 0.24234 0.5247733328125
2 0.31872 0.67208 0.32488 0.6638666671875 0.33562 0.65056 0.34408 0.6290666671875 0.3433 0.60856 0.35406 0.59936 0.36019999999999996 0.5911466671875 0.36174 0.5706666671875 0.3679 0.5542933328124999 0.37788 0.5276533328124999 0.38786 0.51128 0.39862000000000003 0.4877066671875 0.39784 0.48056 0.39632 0.4723466671875 0.38632 0.45186666718749996 0.38018 0.4744 0.36866 0.4877066671875 0.35252 0.5225333328125 0.34253999999999996 0.5522400000000001 0.3387 0.5757866671875 0.33332 0.5860266671875001 0.32258 0.59936 0.32104 0.6259733328125 0.3195 0.6464533328125001 0.31335999999999997 0.6659200000000001 0.29108 0.6833333328125 0.29646 0.6874399999999999 0.30644 0.6843466671875 0.31872 0.67208
2 0.32218 0.5791733328124999 0.34396 0.5586133328125 0.36482000000000003 0.5247466671875001 0.36844 0.49693333281249996 0.37208 0.47637333281250005 0.3748 0.44853333281249996 0.37208 0.4340266671875 0.37116 0.41952 0.36392 0.42919999999999997 0.36028 0.45095999999999997 0.35756 0.46909333281250004 0.35302 0.4836266671875 0.34940000000000004 0.50176 0.33398 0.51992 0.32218 0.5259466671874999 0.31402 0.5392533328125 0.30404 0.5694933328125 0.30586 0.57192 0.3113 0.5852266671875 0.32218 0.5791733328124999
2 0.18814 0.4755733328125 0.21274 0.44405333281250003 0.21842 0.4138133328125 0.20518 0.40370666718750003 0.19476 0.40370666718750003 0.1787 0.4138133328125 0.16262000000000001 0.4566666671875 0.1541 0.49071999999999993 0.13898 0.5083733328125 0.08886 0.5285333328124999 0.06332 0.5348533328125 0.05292 0.5436799999999999 0.04724 0.5663733328125 0.0444 0.58024 0.06048 0.5764533328125 0.06520000000000001 0.5600799999999999 0.06994 0.5588 0.06804 0.56384 0.11912 0.5525066671875 0.15032 0.5298133328125 0.16355999999999998 0.5234933328125 0.18814 0.4755733328125
2 0.09724000000000001 0.7663733328125 0.0957 0.74384 0.09494 0.7264266671875 0.0911 0.70696 0.09186 0.6824 0.09340000000000001 0.6598666671875 0.09724000000000001 0.6373333328124999 0.09418 0.6178666671874999 0.0911 0.6004533328125 0.08034 0.5963466671875 0.07958 0.5963466671875 0.07344 0.60352 0.07266 0.61992 0.07266 0.6404 0.06268 0.6895466671875 0.06727999999999999 0.708 0.07496 0.7264266671875 0.08034 0.74384 0.08726 0.7663733328125 0.1103 0.8022133328125 0.10185999999999999 0.7827466671875001 0.09724000000000001 0.7663733328125
2 0.078 0.6002133328125 0.09432 0.60504 0.09886 0.6606933328125 0.1179 0.6776266671875 0.12001999999999999 0.692942221875 0.12940000000000002 0.6868888875 0.13 0.7046311125 0.12214 0.708257778125 0.12426 0.7235733328125 0.1306 0.7223733328125 0.131213334375 0.7372799999999999 0.13968 0.7368933328125 0.138166665625 0.7509866671875 0.15692 0.7913066671875 0.1288 0.6691466671875 0.11155999999999999 0.6401333328125001 0.11517999999999999 0.6062666671875 0.10611999999999999 0.59536 0.09764 0.5981866671875 0.10247999999999999 0.5651200000000001 0.100973334375 0.5223911125 0.11246 0.5203733328125 0.12154000000000001 0.4780533328125 0.09704 0.50224 0.08344 0.50344 0.082712 0.5167466671875001 0.078 0.5264266671875 0.081984 0.5300533328125 0.078 0.6002133328125
2 0.40318 0.50632 0.4171 0.5288266671875 0.43398000000000003 0.5503466671874999 0.44278000000000006 0.5728266671875 0.44792 0.5943466671875 0.4582 0.6217333328125 0.47359999999999997 0.6432533328125001 0.5022 0.6638133328125 0.50734 0.6647733328125 0.5088199999999999 0.64912 0.5029399999999999 0.6295733328125 0.49854000000000004 0.6061066671875001 0.48826 0.5924 0.48314 0.5728266671875 0.47800000000000004 0.55328 0.4648 0.5307733328124999 0.45526 0.5121866671874999 0.44206 0.4936 0.43472 0.47207999999999994 0.42957999999999996 0.44666666718750003 0.42518 0.42610666718749995 0.41858000000000006 0.4173066671875 0.40537999999999996 0.4045866671875 0.39655999999999997 0.39872 0.38336000000000003 0.3997066671875 0.36796 0.40752 0.37602 0.43394666718749997 0.3863 0.45936000000000005 0.39655999999999997 0.48578666718749997 0.40318 0.50632
2 0.1368 0.5113333328125 0.15436 0.49066666718749996 0.16128 0.4580266671875 0.15436 0.4623733328125 0.1462 0.4683466671875 0.12048 0.5097066671875 0.11395999999999999 0.5167733328125 0.11968000000000001 0.5140533328125 0.1368 0.5113333328125
2 0.27246000000000004 0.6640266671874999 0.27111999999999997 0.6705599999999999 0.27690000000000003 0.6664266671875 0.28492 0.6569066671875 0.30541999999999997 0.6426666671875 0.31922 0.6230666671875 0.32456 0.6058399999999999 0.32633999999999996 0.5963466671875 0.32056 0.58624 0.325 0.5755466671875 0.33124 0.56784 0.3308 0.5541866671875 0.32056 0.5630933328125 0.31922 0.58624 0.31342 0.59456 0.30898 0.5916 0.30720000000000003 0.5898133328124999 0.29962 0.61 0.29516 0.62248 0.27602000000000004 0.6426666671875 0.27246000000000004 0.6640266671874999
2 0.02844 0.68056 0.03286 0.68448 0.04356 0.6815466671875 0.048 0.67712 0.05538 0.6490666671875001 0.06314 0.6249333328125 0.05538 0.62248 0.05538 0.61952 0.06276000000000001 0.6175733328125 0.06720000000000001 0.5973866671875 0.07236000000000001 0.5713066671875 0.05944000000000001 0.5742666671875 0.05574 0.5845866671875 0.05132 0.5978666671874999 0.04098 0.6052533328124999 0.0395 0.60576 0.038400000000000004 0.6042666671875 0.034339999999999996 0.6313333328125 0.02622 0.65104 0.02326 0.6618666671875 0.02844 0.68056
2 0.004571428125000001 0.4043809515625 0 0.40800000000000003 0.004 0.4266666671875 0.002 0.776 0.012 0.776 0.022 0.7626666671875 0.028000000000000004 0.7013333328125 0.028000000000000004 0.6799999999999999 0.024 0.6613333328125 0.034 0.6346666671875 0.038 0.608 0.046 0.6026666671875 0.05600000000000001 0.5786666671875 0.06999999999999999 0.5706666671875 0.068 0.5599999999999999 0.052000000000000005 0.5493333328125 0.0548571421875 0.5405714296874999 0.064 0.536 0.062 0.5226666671875 0.074 0.5008627437500001 0.10400000000000001 0.5573333328125 0.1 0.568 0.105333334375 0.5786666671875 0.1 0.584 0.1 0.5946666671874999 0.10400000000000001 0.6 0.11399999999999999 0.6 0.11599999999999999 0.6053333328125 0.11200000000000002 0.6426666671875 0.128 0.6666666671875 0.134 0.6613333328125 0.13999999999999999 0.6213333328124999 0.148 0.6 0.142 0.584 0.13 0.584 0.124 0.5578666671875 0.126 0.5493333328125 0.132 0.5599999999999999 0.134 0.5581333328125 0.20400000000000001 0.5599999999999999 0.202 0.5813333328125 0.20800000000000002 0.5893333328125 0.21200000000000002 0.5893333328125 0.21800000000000003 0.5786666671875 0.22400000000000003 0.5866666671874999 0.22599999999999998 0.584 0.22000000000000003 0.576 0.22400000000000003 0.568 0.22200000000000003 0.5573333328125 0.2257142859375 0.5516190484375 0.2691428578125 0.53485714375 0.27799999999999997 0.5519999999999999 0.282 0.544 0.27799999999999997 0.536 0.27999999999999997 0.5306666671875 0.286 0.528 0.3 0.5546666671875 0.302 0.544 0.5337241374999999 0.44910344843749994 0.58 0.45066666718750004 0.5860000000000001 0.45866666718750004 0.6 0.45599999999999996 0.604 0.4453333328125 0.93 0.3973333328125 0.9380000000000001 0.40800000000000003 0.942 0.40800000000000003 0.9480000000000001 0.41600000000000004 0.958 0.41600000000000004 0.9640000000000001 0.42400000000000004 0.982 0.42400000000000004 0.9880000000000001 0.4186666671875 0.99 0.38933333281250004 0.9960000000000001 0.384 0.998 0.368 0.99 0.352 0.978 0.3466666671875 0.97 0.352 0.9560000000000001 0.3466666671875 0.9460000000000001 0.352 0.932 0.376 0.602 0.4262857140625 0.592 0.42400000000000004 0.592 0.4278095234375 0.5820000000000001 0.42933333281249997 0.543379309375 0.44514942343749997 0.094 0.3786666671875 0.088 0.368 0.08 0.36266666718749996 0.052000000000000005 0.36266666718749996 0.046 0.352 0.04 0.3493333328125 0.002 0.3653333328125 0.008 0.37662745000000003 0.001 0.3786666671875 0 0.392 0.004571428125000001 0.4043809515625