1 0.08775 0.369462915625 0.091890625 0.44393861875 0.08637500000000001 0.49360613750000004 0.07809374999999999 0.5477749359375 0.082234375 0.6064705874999999 0.089125 0.6245268546875 0.11946874999999998 0.6245268546875 0.14153125 0.5635805625 0.16084375 0.4665217390625 0.153953125 0.3536572890625 0.142921875 0.292710996875 0.123609375 0.256572890625 0.10981250000000001 0.2249872125 0.071203125 0.19790281406250002 0.039484375 0.200153453125 0.0229375 0.23176470624999998 0.006390625 0.2588491046875 0.005 0.256572890625 0.005 0.30398977031249996 0.039484375 0.285933503125 0.0670625 0.30851662343749997 0.08775 0.369462915625
1 0.15440625 0.3656265984375 0.161640625 0.45107416875000006 0.153609375 0.51286445 0.124703125 0.6127621484375 0.1255 0.629846546875 0.14959375 0.5982864453125 0.161640625 0.5812020453125 0.172875 0.535191815625 0.18251562500000001 0.5049616375 0.19353125 0.41015345312499996 0.177359375 0.3111764703125 0.15096875 0.257647059375 0.10806249999999999 0.2157800515625 0.1255 0.2565473140625 0.143171875 0.2999232734375 0.15440625 0.3656265984375
0 0.10325 0.6267519187499999 0.09034375 0.612685421875 0.084609375 0.59859335 0.0803125 0.5868542203125 0.071703125 0.5680818421875 0.0530625 0.5539897703125 0.04015625 0.551636828125 0.0258125 0.551636828125 0.007171874999999999 0.57746803125 0 0.612685421875 0.002875 0.7229923281249999 0.008609374999999999 0.7652685421875 0.022953124999999998 0.7840409203125 0.051625 0.7863938625 0.097515625 0.739437340625 0.101828125 0.727698209375 0.10900000000000001 0.6338107421875 0.11903125 0.711278771875 0.116171875 0.6854475703125 0.116171875 0.645549871875 0.113296875 0.6314578 0.10325 0.6267519187499999
0 0.017249999999999998 0.545882353125 0.06899999999999999 0.5623529406250001 0.083375 0.5317647062499999 0.094875 0.47294117656249995 0.094875 0.3952941171875 0.083375 0.3152941171875 0.034499999999999996 0.32 0.008624999999999999 0.3388235296875 0.0014375 0.4447058828125 0.017249999999999998 0.545882353125
3 0.280046875 0.137698209375 0.26179687500000004 0.1297442453125 0.22040625 0.11777493593749999 0.203359375 0.13969309531250002 0.203359375 0.1915089515625 0.21796875 0.22537084375 0.24231250000000001 0.233350384375 0.283703125 0.20345268593750002 0.2885625 0.171585678125 0.280046875 0.137698209375
3 0.110421875 0 0.101828125 0.030511509375000002 0.10900000000000001 0.07982097187500001 0.129078125 0.112685421875 0.169234375 0.124424553125 0.18643749999999998 0.10797953906249999 0.195046875 0.07982097187500001 0.193609375 0.0258312015625 0.177828125 0 0.110421875 0
3 0.20171875 0.208721228125 0.19884375 0.166265984375 0.18875 0.14033248125 0.167140625 0.13089514062500002 0.13543750000000002 0.107314578125 0.12823437499999998 0.10966751875 0.115265625 0.1521227625 0.134 0.20166240468750002 0.167140625 0.232301790625 0.162828125 0.22524296718749998 0.18875 0.23938618906250003 0.20171875 0.208721228125
3 0.022453124999999997 0.3318670078125 0.048828125 0.3192327359375 0.0305 0.2992327359375 0.002828125 0.29291560156249996 0.000265625 0.354501278125 0.022453124999999997 0.3318670078125
3 0.21751562500000002 0.1048849109375 0.22762500000000002 0.12140664999999999 0.235203125 0.13176470625 0.250359375 0.13176470625 0.26678125 0.1296930953125 0.27815625 0.1296930953125 0.288265625 0.11107416875000001 0.288265625 0.0800511515625 0.28446875 0.055242967187500006 0.2806875 0.0449104859375 0.273109375 0.034578004687500004 0.251625 0.0304347828125 0.235203125 0.026291559375000002 0.21751562500000002 0.026291559375000002 0.208671875 0.036649615625 0.204890625 0.065575446875 0.20740625000000001 0.0821227625 0.21246874999999998 0.09659846562499999 0.21751562500000002 0.1048849109375
3 0.20928125 0.035652173437500004 0.22112500000000002 0.0265473140625 0.227734375 0.0231202046875 0.23434375 0.0140153453125 0.23609375 0.000895140625 0.1783125 0.00033248125 0.17865625000000002 0.0048849109375 0.19537500000000002 0.029948848437499998 0.20928125 0.035652173437500004
3 0.302328125 0.043529412499999996 0.288171875 0.0551150890625 0.291203125 0.0667263421875 0.2901875 0.0990281328125 0.2800625 0.1221994890625 0.28159375 0.1313299234375 0.286640625 0.1512020453125 0.306375 0.1702557546875 0.327640625 0.166930946875 0.344328125 0.1429156015625 0.351421875 0.11557544687500002 0.34584375 0.0750127875 0.33521875 0.052634271875000006 0.325109375 0.0468542203125 0.31346875 0.0418670078125 0.302328125 0.043529412499999996
3 0.30478125 0.033708440625 0.311640625 0.026956521875 0.31439062500000003 0.004501278125 0.2485 0.0022506390625 0.256734375 0.0314578 0.2841875 0.0471867 0.292421875 0.056189257812500004 0.30478125 0.033708440625
3 0.095015625 0.1111508953125 0.108984375 0.14882352968749998 0.11760937499999999 0.1548849109375 0.134046875 0.109130434375 0.108984375 0.06542199531250001 0.10200000000000001 0.06608695625 0.09625 0.080895140625 0.095015625 0.1111508953125
3 0.0734375 0 0.074125 0.0135805625 0.08109374999999999 0.03749360625 0.096046875 0.060869565625 0.106484375 0.0659846546875 0.10301562500000001 0.0295396421875 0.108578125 0.0078772375 0.109625 0 0.0734375 0
3 0.346203125 0.0636828640625 0.355875 0.0574424546875 0.367625 0.0467007671875 0.37384375 0.035396418750000005 0.376859375 0.0014578 0.315640625 0.0004347828125 0.31439062500000003 0.0156265984375 0.311921875 0.02677749375 0.309234375 0.022890025 0.31442187499999996 0.0393606140625 0.3244375 0.0472634265625 0.338953125 0.0597186703125 0.346203125 0.0636828640625