1 0.43792187499999996 0.9935 0.46643749999999995 0.9935 0.50671875 0.9935 0.541953125 0.9890208328125001 0.58053125 0.9935 0.568796875 0.9778541671875001 0.563765625 0.9577083328124999 0.5587187499999999 0.9152083328125 0.530203125 0.8682291671875 0.51678125 0.8727083328124999 0.498328125 0.886125 0.48321875 0.9017916671874999 0.46643749999999995 0.9107291671875 0.44967187500000005 0.9174374999999999 0.43959374999999995 0.9532291671875001 0.41778125 0.9599375 0.40604687500000003 0.9935 0.43792187499999996 0.9935
1 0.42453124999999997 0.945375 0.42453124999999997 0.9418124999999999 0.42553124999999997 0.9386875 0.42553124999999997 0.9368958328125 0.427203125 0.9337916671875 0.428203125 0.9297708328125 0.428546875 0.9262083328124999 0.430546875 0.9230833328125 0.42954687500000005 0.9235208328125 0.42653125000000003 0.9235208328125 0.42185937500000004 0.9235208328125 0.41784375 0.9239791671875001 0.41550000000000004 0.9253125000000001 0.412828125 0.9271041671875 0.411828125 0.9275416671875 0.41015625 0.9297708328125 0.408140625 0.932 0.4078125 0.9337916671875 0.40514062500000003 0.9364583328125 0.40346875000000004 0.9409166671875001 0.40346875000000004 0.9422499999999999 0.40346875000000004 0.9476041671875001 0.40446875000000004 0.9538333328125 0.408484375 0.9556250000000001 0.41215624999999995 0.9556250000000001 0.415828125 0.9556250000000001 0.4175 0.9551875000000001 0.41917187499999997 0.9533958328125 0.42318749999999994 0.9533958328125 0.423859375 0.9529583328125 0.42585937500000004 0.9507291671875 0.42485937500000004 0.9480416671875 0.42453124999999997 0.945375
1 0.34653125 0.9970833328125 0.354375 0.9801458328124999 0.369875 0.9766666671875001 0.373234375 0.9719374999999999 0.382578125 0.9654583328124999 0.384265625 0.9632083328125001 0.383140625 0.9597291671875 0.37959375 0.954 0.373984375 0.9485208328124999 0.366140625 0.9452916671875 0.356609375 0.9465208328125 0.348578125 0.9507708328125 0.33981249999999996 0.9594791671875 0.31196875 0.9903541671875 0.34392187500000004 1 0.34653125 0.9970833328125
1 0.6027812499999999 0.8545208328125 0.593609375 0.8534166671875001 0.58859375 0.8545208328125 0.578578125 0.8734583328125 0.575234375 0.8946041671874999 0.58359375 0.9012708328124999 0.601953125 0.8634375000000001 0.6027812499999999 0.8545208328125
1 0.5748593750000001 0.8957916671874999 0.5735 0.8894791671875 0.5762031249999999 0.8768958328125 0.582953125 0.8606875 0.582953125 0.8579791671875 0.5748593750000001 0.8552916671874999 0.570796875 0.8543749999999999 0.564734375 0.8651875 0.561359375 0.8768958328125 0.56540625 0.9011875 0.567421875 0.8993958328125 0.57215625 0.8966875 0.5748593750000001 0.8957916671874999
1 0.609375 0.9054375 0.6154375 0.8719374999999999 0.6145625 0.860375 0.60590625 0.860375 0.597234375 0.8777083328125 0.58684375 0.9054375 0.588578125 0.9065833328125 0.597234375 0.9088958328125001 0.609375 0.9054375
1 0.5601406250000001 0.9193125 0.562015625 0.9313333328125 0.5657656249999999 0.9658749999999999 0.5729062500000001 0.9808958328124999 0.598796875 0.9301458328125 0.6003125 0.922625 0.597671875 0.914625 0.589046875 0.913125 0.588671875 0.9086041671875 0.587171875 0.9046041671875 0.5819062500000001 0.8971041671875 0.563890625 0.9036041671874999 0.564640625 0.8971041671875 0.5605156250000001 0.8830833328125 0.5608906250000001 0.8730625 0.562765625 0.8685625 0.566890625 0.8605625 0.5680156249999999 0.8540416671875001 0.562765625 0.8510416671875 0.553 0.8520416671875 0.5469999999999999 0.8560416671875 0.543984375 0.8610625000000001 0.543984375 0.8725625000000001 0.548875 0.8951041671875 0.55225 0.9057916671875 0.557125 0.9143125 0.5601406250000001 0.9193125
1 0.440171875 0.9124375 0.46392187500000004 0.9129375 0.45335937499999995 0.8837708328125 0.447328125 0.8782500000000001 0.440546875 0.8792500000000001 0.4220625 0.8883125 0.41414062500000004 0.8978541671875 0.40396875000000004 0.9375833328125 0.41829687499999996 0.9250208328125 0.430734375 0.9235 0.440171875 0.9124375
1 0.500796875 0.8503958328125 0.5049375 0.842375 0.5034375 0.8318333328125 0.497421875 0.8313333328124999 0.489515625 0.8313333328124999 0.48462500000000003 0.8388541671875 0.478234375 0.8403750000000001 0.46995312499999997 0.8463958328125001 0.47182812500000004 0.8659583328125 0.46995312499999997 0.8724791671875 0.47182812500000004 0.8764791671875001 0.47257812499999996 0.877 0.48274999999999996 0.8654583328125 0.500796875 0.8503958328125
1 0.38628125 0.9214583328125 0.389796875 0.8962291671875 0.384125 0.8991041671875 0.37709375 0.9088333328125 0.37221875 0.9203749999999999 0.36546875 0.9466875 0.37628125 0.9524583328125 0.38709375 0.939125 0.38628125 0.9214583328125
1 0.38859374999999996 0.8932708328125001 0.390171875 0.8911458328125 0.390171875 0.8834166671875 0.3833125 0.8771041671875001 0.36696875 0.8792083328125001 0.35590625 0.8981875 0.35168750000000004 0.9178750000000001 0.35221874999999997 0.9319166671874999 0.35221874999999997 0.9396458328125 0.35484375 0.9466875 0.36539062499999997 0.9466875 0.37225 0.9220833328125 0.38015625000000003 0.9017083328125001 0.38859374999999996 0.8932708328125001
1 0.588921875 0.8542291671875001 0.5857187500000001 0.8554375000000001 0.58 0.8618541671875001 0.5779375 0.8691875 0.57634375 0.8893333328124999 0.5777187500000001 0.8725416671874999 0.5848125 0.8636874999999999 0.588921875 0.8542291671875001
0 0.15384375 0.6890416671875 0.153578125 0.6872499999999999 0.152765625 0.6847291671875 0.15115625 0.6829375 0.149796875 0.6836458328125 0.149 0.6850833328125 0.14845312500000002 0.6850833328125 0.149265625 0.6904791671875 0.15142187499999998 0.6922708328125 0.15303125 0.6904791671875 0.15384375 0.6890416671875
0 0.162390625 0.6865833328125001 0.161703125 0.6925833328125 0.16412500000000002 0.6953750000000001 0.16621875 0.6962916671875 0.16864062500000002 0.6953750000000001 0.16864062500000002 0.6856458328125 0.165859375 0.6837916671875 0.16412500000000002 0.6837916671875 0.162390625 0.6865833328125001
0 0.15128124999999998 0.7333333328125 0.15517187500000001 0.7367916671875 0.16165625 0.7433541671875 0.165546875 0.7405833328125 0.167109375 0.7329791671875 0.168921875 0.7246875 0.165546875 0.7139583328125 0.15232812499999998 0.7018541671875 0.13728125 0.7015208328125 0.1295 0.7156875 0.1310625 0.7295208328125 0.133125 0.7305625 0.14168750000000002 0.7329791671875 0.15128124999999998 0.7333333328125
0 0.15145312500000002 0.693125 0.1725625 0.6959375 0.18734375 0.6996875 0.19015625 0.6950000000000001 0.1859375 0.6846666671875 0.18171874999999998 0.6706041671875 0.1859375 0.6593333328125001 0.18734375 0.6518333328125 0.16834375 0.639625 0.147234375 0.6133541671875 0.13315625 0.6067916671875 0.12471874999999999 0.6058541671875 0.107125 0.6058541671875 0.10218750000000001 0.6058541671875 0.0965625 0.6039791671875 0.08953124999999999 0.6133541671875 0.0775625 0.6171041671874999 0.076859375 0.6715416671875001 0.080375 0.6715416671875001 0.0831875 0.6715416671875001 0.101484375 0.6809166671875 0.12823437499999998 0.6893541671875 0.137375 0.693125 0.15145312500000002 0.693125
3 0.0016875000000000002 0.8269583328125 0.0050625 0.9820208328125 0.26965625000000004 0.9887708328124999 0.315171875 0.9640416671875001 0.32359375 0.9348333328124999 0.34045312499999997 0.9236041671875 0.348875 0.8629166671874999 0.30842187499999996 0.8516875 0.28145312499999997 0.8359583328125 0.24775 0.8449375 0.232578125 0.8337083328125001 0.22078125 0.8269583328125 0.20393750000000002 0.8359583328125 0.138203125 0.8337083328125001 0.11965624999999999 0.8269583328125 0.109546875 0.8359583328125 0.07584375 0.8292083328125001 0.053937500000000006 0.8179791671875 0.018546874999999997 0.8269583328125 0.015171875000000001 0.8898958328125 0.008421874999999999 0.8269583328125 0.0016875000000000002 0.8269583328125
1 0.521109375 0.8387291671874999 0.5074687499999999 0.8408541671875 0.4838125 0.8627916671875001 0.46575 0.8879166671875 0.456125 0.8943333328125 0.46415625 0.9130625 0.4838125 0.9002291671875 0.5146875 0.8745625 0.52953125 0.86975 0.548375 0.8970208328125 0.547171875 0.8873958328124999 0.537953125 0.8643958328125001 0.5407656249999999 0.8595833328125 0.542359375 0.8531666671875 0.52471875 0.8381875000000001 0.521109375 0.8387291671874999
1 0.4859375 1 0.478125 0.90625 0.484375 0.9 0.478125 0.9041666671874999 0.4686079546875 0.9047348484375 0.4625 0.8916666671875 0.475 0.8770833328125001 0.4703125 0.875 0.47265625 0.865625 0.4703125 0.8541666671874999 0.45 0.8416666671874999 0.4265625 0.8416666671874999 0.409375 0.8520833328125 0.3953125 0.8708333328125001 0.390625 0.8833333328125 0.3890625 0.9020833328125001 0.3828125 0.9 0.3796875 0.9041666671874999 0.35625 0.8958333328125001 0.340625 0.9 0.325 0.9145833328125 0.3125 0.94375 0.3109375 0.9770833328125 0.31875 1 0.4859375 1