0 0.523609375 0.11975 0.518578125 0.10974999999999999 0.516296875 0.1044166671875 0.47571874999999997 0.1044166671875 0.482578125 0.11737500000000001 0.49057812500000003 0.1280416671875 0.49057812500000003 0.148625 0.49571875 0.1669166671875 0.49571875 0.18216666718750002 0.50315625 0.18216666718750002 0.5094375 0.1813958328125 0.514578125 0.18216666718750002 0.516296875 0.179875 0.51434375 0.1708541671875 0.5216875 0.1389166671875 0.523609375 0.11975
3 0.33203125 0.1292083328125 0.333078125 0.1297708328125 0.33621875 0.12947916718750002 0.33664062499999997 0.1292083328125 0.337265625 0.128375 0.3370625 0.126125 0.336421875 0.1244583328125 0.33621875 0.1233333328125 0.335796875 0.12164583281250001 0.335171875 0.12054166718749999 0.33496875 0.11968749999999999 0.3324375 0.1180208328125 0.33014062499999997 0.11914583281249999 0.328875 0.12054166718749999 0.328453125 0.12250000000000001 0.32825000000000004 0.1241666671875 0.32825000000000004 0.1258541671875 0.328875 0.12725 0.32992187500000003 0.1280833328125 0.32992187500000003 0.12752083281249998 0.330765625 0.128375 0.33203125 0.1292083328125
3 0.317953125 0.1269791671875 0.319171875 0.1259791671875 0.31946875 0.1251666671875 0.3193125 0.12195833281249999 0.318265625 0.1203333328125 0.316 0.1197291671875 0.3141875 0.1203333328125 0.31251562499999996 0.12114583281249999 0.311609375 0.1221458328125 0.31070312499999997 0.12437499999999999 0.31056249999999996 0.1271875 0.311765625 0.13 0.31328125 0.1302083328125 0.3156875 0.128 0.317953125 0.1269791671875
3 0.296375 0.15925 0.297609375 0.1625625 0.308171875 0.1708333328125 0.328671875 0.1766458328125 0.334265625 0.1708333328125 0.35103125 0.16668750000000002 0.35103125 0.163375 0.356 0.1534375 0.35539062499999996 0.1418541671875 0.35539062499999996 0.12114583281249999 0.357875 0.1029166671875 0.353515625 0.09960416718750001 0.34109375000000003 0.1004375 0.32618749999999996 0.1004375 0.316875 0.10375000000000001 0.308171875 0.1004375 0.303828125 0.1021041671875 0.29512499999999997 0.10706249999999999 0.288921875 0.1128541671875 0.294515625 0.12114583281249999 0.29512499999999997 0.1310833328125 0.296375 0.15925
2 0.1296875 0.5750833328125 0.11868749999999999 0.5633541671875 0.110625 0.5633541671875 0.10989062499999999 0.5760625 0.122359375 0.5907291671875 0.14509375 0.6132291671875 0.151703125 0.6083333328125 0.144359375 0.5917083328125 0.1296875 0.5750833328125
2 0.38932812499999997 0.7101041671874999 0.34045312499999997 0.6674166671874999 0.31179687500000003 0.6719166671875 0.303375 0.6719166671875 0.293265625 0.6831458328125 0.29493749999999996 0.7101041671874999 0.29493749999999996 0.7191041671875 0.29493749999999996 0.7573125 0.316859375 0.8112291671875 0.34381249999999997 0.8314583328125 0.34550000000000003 0.8292083328125001 0.39437500000000003 0.8 0.38932812499999997 0.7101041671874999
2 0.110546875 0.6195833328125 0.10618749999999999 0.6015208328125 0.098453125 0.5950624999999999 0.097 0.6105625 0.098453125 0.628625 0.10618749999999999 0.6421666671875 0.11296874999999999 0.6473333328125 0.116359375 0.6460416671875 0.11587499999999999 0.6415208328124999 0.110546875 0.6195833328125
2 0.016359375000000002 0.7077708328125001 0.02584375 0.6976458328125 0.030484375 0.6881041671875 0.028999999999999998 0.6824791671875 0.023734375 0.6914791671875 0.024796875 0.6796666671875 0.021625 0.6813541671875 0.017 0.6897916671875 0.01215625 0.7001875 0.008359374999999999 0.7111458328125 0.003296875 0.7260208328125 0.00478125 0.7299583328125 0.012359375 0.7232083328125001 0.019734375000000002 0.713375 0.026265624999999997 0.7015833328125 0.026046875000000004 0.7010208328124999 0.016578125 0.7100208328125001 0.016359375000000002 0.7077708328125001
2 0.09131249999999999 0.8478958328124999 0.09421874999999999 0.8440208328125 0.09664062500000001 0.8240208328125 0.09712499999999999 0.8111041671875 0.09615625 0.7917500000000001 0.09712499999999999 0.7794791671875 0.09567187499999999 0.7781875 0.08985937499999999 0.7859375 0.079703125 0.7885208328125 0.085015625 0.81175 0.0874375 0.8253125000000001 0.0874375 0.8401458328125001 0.09131249999999999 0.8478958328124999
2 0.35335937500000003 0.5852291671875001 0.356546875 0.5954583328124999 0.357828125 0.6014166671875001 0.363578125 0.6014166671875001 0.36165625 0.5907708328125 0.3571875 0.5822499999999999 0.35143749999999996 0.57075 0.346015625 0.55925 0.3428125 0.5537291671875 0.33196875000000003 0.5537291671875 0.33387500000000003 0.5605416671875 0.337390625 0.568625 0.340265625 0.5775625 0.34696875 0.5809791671875 0.35335937500000003 0.5852291671875001
2 0.17667187499999998 0.511 0.176015625 0.5260833328125 0.1746875 0.5465 0.17434375 0.563375 0.176015625 0.573125 0.177015625 0.5709166671875 0.18334375 0.5598124999999999 0.185328125 0.5611458328125 0.187 0.56425 0.19065625 0.5549375000000001 0.19465625 0.555375 0.19598437500000002 0.56425 0.198984375 0.5806666671875 0.20198437500000002 0.5851041671874999 0.204640625 0.5882291671875 0.208296875 0.5873333328125 0.20964062499999997 0.5793541671875 0.209296875 0.5766875 0.216296875 0.5748958328125 0.21662499999999998 0.5558125 0.21795312500000003 0.5686875 0.22028124999999998 0.5598124999999999 0.215296875 0.5283125 0.20964062499999997 0.5096666671875 0.2013125 0.49812500000000004 0.186328125 0.49768749999999995 0.181 0.49722916718750004 0.17834375 0.5003333328124999 0.17667187499999998 0.511
2 0.168328125 0.5956875 0.1598125 0.5713958328125 0.155984375 0.5678541671875 0.15246875 0.5807916671875 0.155984375 0.6023333328125 0.16215625 0.6137083328124999 0.18067187499999998 0.6246666671875001 0.18096874999999998 0.6215416671875 0.17390624999999998 0.6144791671875 0.168328125 0.5956875
2 0.224828125 0.6700208328125 0.22131249999999997 0.6747083328125 0.21956250000000002 0.6840625 0.251171875 0.7215416671875 0.2546875 0.7191875 0.23360937499999998 0.6817291671875 0.224828125 0.6700208328125
2 0.389015625 0.6396875 0.37225 0.6281041671875001 0.35734374999999996 0.6181666671875 0.34304687500000003 0.6173333328124999 0.33559375 0.623125 0.33995312499999997 0.6330625000000001 0.34740625 0.638875 0.358578125 0.6438333328125 0.371 0.6504583328125 0.380328125 0.6562708328125 0.399578125 0.6587500000000001 0.40703125 0.6587500000000001 0.4033125 0.6488125 0.389015625 0.6396875
2 0.01896875 0.5715 0.000390625 0.6007708328125 0.0037656250000000003 0.6953750000000001 0.022359375 0.6503125 0.002078125 0.713375 0.0037656250000000003 0.7922083328125 0.0037656250000000003 0.8440208328125 0.01896875 0.8079791671875001 0.01896875 0.8507708328125 0.034171875000000004 0.8394999999999999 0.0476875 0.8237500000000001 0.0476875 0.8665416671875 0.056140625 0.8417708328125 0.08146875 0.83725 0.088234375 0.8507708328125 0.1101875 0.8575208328124999 0.125390625 0.8552708328125 0.14735937500000001 0.8575208328124999 0.14735937500000001 0.8597708328125 0.15242187499999998 0.8552708328125 0.17775000000000002 0.8485208328124999 0.18451562500000002 0.8507708328125 0.189578125 0.8485208328124999 0.19971875 0.8440208328125 0.20478125 0.8530208328125 0.2284375 0.83725 0.2284375 0.8642916671875 0.24701562500000002 0.83725 0.25884375 0.9003125000000001 0.26221875 0.835 0.280796875 0.83725 0.292625 0.835 0.31120312499999997 0.8394999999999999 0.317953125 0.83725 0.317953125 0.8327500000000001 0.32303125 0.8169791671875 0.292625 0.7561666671875 0.3010625 0.6818541671875 0.343296875 0.6751041671875 0.38721875 0.708875 0.39396875 0.8124791671875 0.41085937499999997 0.8215 0.409171875 0.8012291671874999 0.41593749999999996 0.7674375 0.431140625 0.7674375 0.442953125 0.7674375 0.45309375 0.7651875 0.44126562500000005 0.7381666671875 0.41931250000000003 0.7201458328125 0.42945312500000005 0.704375 0.41931250000000003 0.6638333328125 0.40579687499999995 0.6638333328125 0.404109375 0.6413125 0.40579687499999995 0.6210416671875 0.38890625 0.6007708328125 0.407484375 0.6030208328125 0.39059374999999996 0.5692291671875 0.35343749999999996 0.5489791671875001 0.344984375 0.5444583328125 0.32978125 0.5512291671875 0.31965625000000003 0.5579791671875001 0.32303125 0.6097708328125 0.2976875 0.5872499999999999 0.28585937499999997 0.5894999999999999 0.26390625 0.5917708328125 0.26390625 0.5962708328125 0.25715625000000003 0.6007708328125 0.243640625 0.6097708328125 0.2385625 0.6142916671875 0.214921875 0.585 0.213234375 0.5962708328125 0.189578125 0.5692291671875 0.187890625 0.5692291671875 0.167625 0.5557291671875 0.167625 0.5309583328125 0.14059375000000002 0.5647291671875 0.13890625 0.5782499999999999 0.155796875 0.6097708328125 0.14059375000000002 0.6165416671874999 0.123703125 0.5985208328125 0.1068125 0.5805 0.098359375 0.5692291671875 0.07809374999999999 0.576 0.05275 0.5512291671875 0.0476875 0.5444583328125 0.01896875 0.5715
2 0.24881250000000002 0.5205 0.23318750000000002 0.5316458328125 0.21979687499999997 0.5621666671875001 0.216453125 0.5844791671875 0.2265 0.6008541671875001 0.232640625 0.6067916671875 0.235984375 0.597125 0.242125 0.6075416671875 0.242671875 0.5978749999999999 0.24434375 0.5911666671875 0.251046875 0.6075416671875 0.259421875 0.5978749999999999 0.254953125 0.5770416671875 0.267234375 0.5919166671875 0.294015625 0.5867083328125 0.302375 0.5881875 0.32246874999999997 0.6038125 0.31632812499999996 0.5859583328125 0.30740625 0.5591875 0.293453125 0.5368541671875 0.27559374999999997 0.5130625 0.25996874999999997 0.503375 0.25996874999999997 0.5026458328125 0.251609375 0.505625 0.24881250000000002 0.5205