3 0.00296875 0.9835781984375 0.11854687500000001 0.9813270140625001 0.29634375 0.9813270140625001 0.38673437499999996 0.9858293843749999 0.44896874999999997 0.9813270140625001 0.50675 0.976848340625 0.4815625 0.9116824640625 0.477125 0.8959478671875001 0.496390625 0.8509952609375 0.503796875 0.7925829390625 0.500828125 0.772345971875 0.477125 0.7678436015625001 0.446 0.73414691875 0.4519375 0.6891943125 0.46823437500000004 0.6891943125 0.490453125 0.6667298578125 0.49193749999999997 0.644265403125 0.48453125 0.5880805687499999 0.4815625 0.5521327015625 0.46971875 0.5251658765625 0.4711875 0.5251658765625 0.48453125 0.5026777250000001 0.500828125 0.4847156390625 0.508234375 0.4757109 0.5289843750000001 0.44201421874999997 0.5230625 0.4195497625 0.514171875 0.40829383906250005 0.497859375 0.390331753125 0.49490625 0.33189573437500003 0.486015625 0.2891943125 0.477125 0.2644786734375 0.46823437500000004 0.24874407656250003 0.44896874999999997 0.23526066406249999 0.44896874999999997 0.19258293906249999 0.42378125000000005 0.1633649296875 0.395625 0.131895734375 0.37043750000000003 0.11616113749999998 0.365984375 0.0487440765625 0.323015625 0.00156398125 0.318578125 0.00156398125 0.001484375 0.003815165625 0.00296875 0.9835781984375
2 0.767125 0.6421327015625 0.74121875 0.666966825 0.66759375 0.7331279625 0.5380625 0.8613270140625 0.52715625 0.896492890625 0.5367031250000001 0.9378436015625 0.57078125 0.9647156390625 0.595328125 0.9481753546875 0.6416875 0.896492890625 0.768484375 0.7227962078125 0.7930312500000001 0.7021090046875 0.794390625 0.6524881515625001 0.767125 0.6421327015625
2 0.56853125 0.5571563984375 0.579046875 0.54227488125 0.628109375 0.5137440765625 0.6540468749999999 0.499928909375 0.6806875 0.47547393437499996 0.758484375 0.404265403125 0.785109375 0.3521800953125 0.8096406249999999 0.295829384375 0.790015625 0.2937203796875 0.769 0.3086018953125 0.7304375000000001 0.3383649296875 0.6659531249999999 0.40957345937499995 0.6028749999999999 0.46909952656250004 0.5405 0.5339573453125 0.516671875 0.5722037921875 0.526484375 0.612606634375 0.526484375 0.61030805625 0.543296875 0.5773696687500001 0.56853125 0.5571563984375
2 0.8534843750000001 0.3954976296875 0.832734375 0.3865165875 0.79421875 0.3932701421875 0.75125 0.4202132703125 0.7008593750000001 0.4629146921875 0.58825 0.5348341234375 0.5423125 0.58201421875 0.526015625 0.6247156390625 0.5319375 0.6629146921875 0.5704687500000001 0.6629146921875 0.64159375 0.6089810421874999 0.672703125 0.588767771875 0.846078125 0.415734596875 0.8534843750000001 0.3954976296875
2 0.635671875 0.9977488156250001 0.650484375 1 0.66975 0.988767771875 0.731984375 0.8898815171875001 0.8119999999999999 0.7618009484375 0.8475625000000001 0.68540284375 0.8653437500000001 0.63146919375 0.852 0.6134834125 0.8149531250000001 0.6336966828125 0.8045781249999999 0.65393365 0.79865625 0.67191943125 0.792734375 0.69888625625 0.696421875 0.8247156390624999 0.604546875 0.9505687203125 0.594171875 0.9528199046875001 0.610484375 0.9797867296874999 0.635671875 0.9977488156250001
2 0.9682031249999999 0.34353080625 0.984890625 0.3409952609375 0.99490625 0.36379146875 1 0.35111374375 0.9932343749999999 0.26251184843750003 0.9581875 0.0675829390625 0.956515625 0.011895734375 0.9414843749999999 0.02959715625 0.923125 0.077701421875 0.924796875 0.315687203125 0.9348124999999999 0.2979620859375 0.9631875000000001 0.3106161140625 0.9682031249999999 0.34353080625
2 0.99865625 0.60201421875 0.9839062500000001 0.60646919375 0.9765312500000001 0.6109478671875 0.952921875 0.6713507109375 0.859984375 0.9442891 0.867359375 0.9465165875 0.8747343750000001 0.9487677718749999 0.8880156250000001 0.9845497625 0.932265625 0.9845497625 0.997171875 0.76085308125 1 0.6131990515625 0.99865625 0.60201421875
2 0.6564062500000001 0.27414691874999997 0.6564062500000001 0.197748815625 0.6445624999999999 0.1056161140625 0.625296875 0.10786729843750001 0.6149218750000001 0.1370853078125 0.59565625 0.2404502375 0.5778749999999999 0.3213507109375 0.607515625 0.35954976250000004 0.63121875 0.3618009484375 0.635671875 0.357298578125 0.649 0.33033175312499996 0.6564062500000001 0.27414691874999997
2 0.7453125 0.3393364921875 0.7838437500000001 0.2516824640625 0.761609375 0.23146919375000002 0.72753125 0.2067298578125 0.69196875 0.316848340625 0.6979062500000001 0.373033175 0.71271875 0.370781990625 0.7453125 0.3393364921875
2 0.70540625 0.69393365 0.767484375 0.640734596875 0.792671875 0.653009478125 0.7980625 0.6475592421874999 0.788171875 0.6270853078124999 0.7737812500000001 0.625734596875 0.766578125 0.625734596875 0.7575937500000001 0.6311848343750001 0.7405 0.6420853078125 0.720703125 0.6598341234375 0.653234375 0.728033175 0.60465625 0.7717061609375 0.556078125 0.8208056875 0.553390625 0.838554503125 0.5551875 0.842654028125 0.574078125 0.823554503125 0.70540625 0.69393365
2 0.893921875 0.349218009375 0.8953906249999999 0.32236966875 0.8953906249999999 0.2910426546875 0.8924375 0.24630331718749998 0.8924375 0.2104976296875 0.8924375 0.1747156390625 0.8895 0.1254976296875 0.8747343750000001 0.09642180156249999 0.867359375 0.078507109375 0.8422812499999999 0.09642180156249999 0.829015625 0.2932701421875 0.8378593750000001 0.3 0.8762187499999999 0.36263033125 0.893921875 0.349218009375
2 0.9876875 0.3598578203125 0.9713125 0.349526065625 0.9617812499999999 0.3598578203125 0.8895156249999999 0.5625118484375 0.905875 0.6328199046874999 0.89359375 0.686587678125 0.8881406249999999 0.7031279625 0.8895156249999999 0.7093364921875 0.9304218750000001 0.6328199046874999 0.991765625 0.39914691874999997 0.99040625 0.37227488124999997 0.9876875 0.3598578203125
2 0.993328125 0.757345971875 0.9353906249999999 0.9847393359375 0.9387968750000001 0.9847393359375 0.99503125 0.9847393359375 0.993328125 0.757345971875
2 0.9256249999999999 0.16191943125 0.922515625 0.13983412343749999 0.918359375 0.10988151718750001 0.9131562499999999 0.0767535546875 0.9069218749999999 0.0609952609375 0.8944375000000001 0.0625829390625 0.889234375 0.08149289062500001 0.889234375 0.114620853125 0.8854531250000001 0.1008767765625 0.8922968750000001 0.3709952609375 0.915234375 0.370071090625 0.9297968750000001 0.33379146875 0.9256249999999999 0.16191943125
2 0.89375 1 0.89375 0.9881516593749999 0.8859375 0.9810426546875 0.875 0.9502369671875 0.8640625 0.9478672984375001 0.859375 0.9431279625 0.853125 0.9431279625 0.85 0.9478672984375001 0.8359375 0.9478672984375001 0.8029947921874999 0.8246910140624999 0.80625 0.7426819078125 0.8145833328125001 0.6482668890625 0.8109375 0.6421800953125001 0.8171875 0.632701421875 0.853125 0.6161137437499999 0.8640625 0.630331753125 0.8640625 0.6374407578125 0.8578125 0.6563981046875 0.8578125 0.663507109375 0.8609375 0.6682464453125 0.8953125 0.6706161140625 0.8984375 0.6658767765625 0.9 0.6090047390625 0.890625 0.5687203796875 0.890625 0.5521327015625 0.9015625 0.5308056875 0.9359375 0.4336492890625 0.940625 0.4194312796875 0.940625 0.40521327031250004 0.946875 0.400473934375 0.9609375 0.3601895734375 0.9640625 0.3317535546875 0.95625 0.30805687187499997 0.9375 0.30568720312500003 0.93125 0.3151658765625 0.9296875 0.3341232234375 0.9171875 0.367298578125 0.9140625 0.3720379140625 0.903125 0.3720379140625 0.8921875 0.395734596875 0.875 0.4218009484375 0.86875 0.44549762968750006 0.8625 0.4502369671875 0.8578125 0.4336492890625 0.85234375 0.42654028437499997 0.85625 0.4218009484375 0.8546875 0.41706161093749994 0.8484375 0.412322275 0.8390625 0.3909952609375 0.84375 0.3815165875 0.84375 0.3720379140625 0.8375 0.3578199046875 0.8328125 0.35308056875 0.815625 0.35308056875 0.8109375 0.35545023750000004 0.8015625 0.369668246875 0.8015625 0.3862559234375 0.80625 0.39336492968750003 0.8171875 0.3909952609375 0.8203125 0.3862559234375 0.8375 0.38862559218750004 0.834375 0.4240312234375 0.8375 0.42654028437499997 0.8140625 0.44786729843749995 0.8078125 0.4597156390625 0.8078125 0.5094786734375 0.8109375 0.5379146921875 0.8239583328125001 0.5420499953125 0.8229166671874999 0.553851871875 0.8140625 0.55924170625 0.8140625 0.5639810421875 0.809375 0.5639810421875 0.7984375 0.5781990515625 0.740387228125 0.533587471875 0.66953125 0.40521327031250004 0.6734375 0.4028436015625 0.6875 0.3862559234375 0.6875 0.37677725156249997 0.690625 0.37677725156249997 0.6953125 0.367298578125 0.6921875 0.3175355453125 0.6953125 0.30805687187499997 0.6953125 0.28672985781250004 0.69375 0.281990521875 0.684375 0.2808056875 0.6921875 0.251184834375 0.6875 0.220379146875 0.6859375 0.1137440765625 0.68125 0.10426540312499999 0.671875 0.10426540312499999 0.6609375 0.1232227484375 0.6578125 0.163507109375 0.6546875 0.1706161140625 0.65625 0.1966824640625 0.628125 0.220379146875 0.6233552625 0.2287353453125 0.6157072375 0.22624095781250003 0.6140625 0.23222748750000002 0.6080592109375 0.22374657031249998 0.600411184375 0.22125218281249998 0.603125 0.1990521328125 0.6 0.189573459375 0.5890625 0.17772511875000002 0.56875 0.17772511875000002 0.553125 0.194312796875 0.5581861406249999 0.20348238125 0.546875 0.20379146874999998 0.546875 0.2251184828125 0.553125 0.23459715625 0.5484375 0.23696682500000002 0.553125 0.28672985781250004 0.5625 0.32464455000000003 0.571875 0.3436018953125 0.5734375 0.35545023750000004 0.590625 0.38862559218750004 0.63125 0.39336492968750003 0.6375 0.4028436015625 0.64375 0.4028436015625 0.646875 0.4075829390625 0.659375 0.4075829390625 0.7454483703125 0.5427570562499999 0.7859375 0.6161137437499999 0.7859375 0.6279620859375 0.7921875 0.6374407578125 0.796875 0.6374407578125 0.7984375 0.64691943125 0.803125 0.6540284359374999 0.7983836203125 0.7494688671875 0.8052083328125 0.754483784375 0.7977909484375 0.7613989218749999 0.8041666671875 0.7662856609375 0.7971982765625001 0.7733289765625 0.803125 0.7780875375 0.796605603125 0.785259028125 0.8020833328125001 0.7898894140625 0.79601293125 0.7971890828125 0.8010416671874999 0.8016912921875001 0.7954202593749999 0.8091191375 0.8 0.8134931703125 0.7948275859375 0.8210491921875 0.7989583328125 0.8252950468750001 0.7942349140625 0.83297924375 0.7979166671875 0.8370969234375 0.793642240625 0.8449092984375 0.796875 0.8488988015625001 0.79304956875 0.856839353125 0.7958333328125 0.860700678125 0.792456896875 0.8687694078125 0.7947916671875 0.8725025546875 0.7918642234375 0.8806994593749999 0.79375 0.884304434375 0.7912715515625 0.8926295140624999 0.7927083328125 0.8961063109375 0.7854166671875 0.97871945 0.7890625 0.9834123218749999 0.784375 0.9905213265624999 0.7859375 1 0.89375 1