2 0.4187708328125 0.1815 0.4332083328125 0.17284375000000002 0.46206250000000004 0.168515625 0.4765 0.162015625 0.4996041671875 0.15335937500000002 0.5140416671875 0.13603125 0.4967083328125 0.12521875 0.4851666671875 0.13603125 0.46206250000000004 0.14253125 0.4303125 0.1511875 0.4014375 0.1815 0.4101041671875 0.190171875 0.413 0.190171875 0.4187708328125 0.1815
2 0.6118541671875 0.266953125 0.6911875000000001 0.27953125 0.7796875 0.274390625 0.7529791671875 0.23090625 0.7064583328125 0.232625 0.6355000000000001 0.23720312500000001 0.63475 0.23776562499999998 0.6011666671875 0.26065625 0.6118541671875 0.266953125
1 0.1572083328125 0.56125 0.18697916718750002 0.5644375 0.21956250000000002 0.553796875 0.238 0.535734375 0.24225 0.5208437499999999 0.2450833328125 0.51021875 0.2450833328125 0.50278125 0.2365833328125 0.481515625 0.22381250000000003 0.48470312499999996 0.1940625 0.51128125 0.1572083328125 0.51446875 0.1231875 0.5038437499999999 0.1203541671875 0.530421875 0.1402083328125 0.550609375 0.1529583328125 0.5580625 0.1572083328125 0.56125
1 0.2479166671875 0.59290625 0.23285416718750002 0.595421875 0.21110416718749997 0.610484375 0.23118750000000002 0.613 0.2747083328125 0.615515625 0.2981458328125 0.615515625 0.314875 0.602953125 0.31656249999999997 0.582875 0.3115208328125 0.552734375 0.2981458328125 0.5464687500000001 0.2914375 0.5288906250000001 0.2747083328125 0.522609375 0.2562916671875 0.51884375 0.2663333328125 0.554 0.2646666671875 0.57534375 0.2479166671875 0.59290625
1 0.40010416718749997 0.45015625000000004 0.40318750000000003 0.45601562500000004 0.3939375 0.45725 0.3816041671875 0.47143750000000006 0.373375 0.5007343750000001 0.42820138906249994 0.489171875 0.43197083281250004 0.480690625 0.43916666718749997 0.486859375 0.4761875 0.5007343750000001 0.48852083281249997 0.50228125 0.492625 0.49610937499999996 0.49056249999999996 0.46373437500000003 0.44945833281249997 0.43289062500000003 0.41243749999999996 0.43596874999999996 0.40763194374999995 0.4097552078125 0.43093750000000003 0.40667187499999996 0.44945833281249997 0.40049999999999997 0.44945833281249997 0.389703125 0.433 0.368125 0.39597916718750004 0.357328125 0.3651458328125 0.36503125000000003 0.35692361093749997 0.3835416671875 0.35281250000000003 0.392796875 0.3672083328125 0.42517187500000003 0.3959916671875 0.449846875 0.40010416718749997 0.45015625000000004
1 0.43516666718749997 0.576609375 0.4370208328125 0.549953125 0.424875 0.5296093749999999 0.3902708328125 0.5078750000000001 0.3481875 0.508578125 0.3341666671875 0.519796875 0.37625000000000003 0.527515625 0.3883958328125 0.5394375 0.40056250000000004 0.570296875 0.39587500000000003 0.590625 0.39495833281250003 0.591328125 0.4108541671875 0.589921875 0.43516666718749997 0.576609375
1 0.1316458328125 0.43375 0.1472083328125 0.450296875 0.1627916671875 0.456140625 0.20954166718749997 0.450296875 0.23420833281250003 0.44153125 0.26795833281250003 0.4220625 0.2692708328125 0.4171875 0.23420833281250003 0.420109375 0.19785416718749999 0.415234375 0.1809791671875 0.40356249999999994 0.1692916671875 0.382125 0.1705833328125 0.37629687500000003 0.1653958328125 0.37629687500000003 0.1433333328125 0.39187500000000003 0.1355416671875 0.40064062500000003 0.1316458328125 0.41426562499999997 0.1316458328125 0.43375
2 0.49816666718749997 0.354140625 0.5178333328125 0.36396875 0.5587916671875 0.3590625 0.5506041671874999 0.355375 0.5194791671875 0.34185937499999997 0.49816666718749997 0.32834375 0.48179166718750005 0.336953125 0.48997916718749995 0.34678125 0.49816666718749997 0.354140625
2 0.444125 0.661203125 0.45885416718750005 0.661203125 0.5270416671875 0.68909375 0.5766458328125 0.71409375 0.5836041671875 0.711765625 0.568125 0.70246875 0.5417708328125 0.691421875 0.5107708328125 0.6763125 0.479 0.66353125 0.48985416718749997 0.658296875 0.4890833328125 0.649578125 0.45962500000000006 0.6507343750000001 0.4154583328125 0.629234375 0.41235416718750006 0.632140625 0.4069375 0.639109375 0.4464583328125 0.656546875 0.4293958328125 0.656546875 0.444125 0.661203125
2 0.2458125 0.699796875 0.2478541671875 0.69059375 0.24170833281249998 0.6856093750000001 0.21716666718750002 0.68484375 0.19824999999999998 0.68446875 0.1900833328125 0.688296875 0.1844583328125 0.695203125 0.1818958328125 0.6975 0.1818958328125 0.69903125 0.1992708328125 0.707859375 0.2120625 0.707859375 0.2330208328125 0.70478125 0.2458125 0.699796875
2 0.21614583281250002 0.728234375 0.22072916718750002 0.719859375 0.2102291671875 0.71396875 0.1820208328125 0.725765625 0.1485625 0.7572656249999999 0.1452708328125 0.7700625 0.1505208328125 0.7828593749999999 0.139375 0.7956562500000001 0.14725 0.79959375 0.1833333328125 0.774 0.1800416671875 0.7621875 0.1892291671875 0.7469375 0.21614583281250002 0.728234375
2 0.31083333281250003 0.9533125 0.2941666671875 0.9462343750000001 0.2641666671875 0.9345625 0.2291458328125 0.916640625 0.2086041671875 0.919140625 0.2536041671875 0.9508125 0.306375 0.9658125 0.3158333328125 0.9658125 0.31916666718750003 0.9645625000000001 0.31083333281250003 0.9533125
1 0.3069375 0.3901875 0.3027291671875 0.38475000000000004 0.2966875 0.376609375 0.2960833328125 0.370265625 0.294875 0.36075 0.2966875 0.353515625 0.3009166671875 0.347171875 0.305125 0.342640625 0.31056249999999996 0.3385625 0.3172083328125 0.333140625 0.3129791671875 0.33223437499999997 0.2924583328125 0.33359375 0.2809791671875 0.33359375 0.2665 0.334484375 0.26227083281249997 0.33584375 0.2538125 0.34490625 0.2507916671875 0.351703125 0.2501875 0.35939062499999996 0.2507916671875 0.372078125 0.26408333281249996 0.392 0.2833958328125 0.39834375 0.3214375 0.40559375 0.3202291671875 0.400609375 0.3129791671875 0.396984375 0.3069375 0.3901875