0 0.9498125 0.9797812499999999 0.9767708328125 0.937078125 0.9558125000000001 0.910109375 0.9018750000000001 0.92359375 0.8749166671875 0.896625 0.8329583328125001 0.892140625 0.7969999999999999 0.8741562500000001 0.7640416671875 0.87865625 0.7490625 0.8516875 0.704125 0.8516875 0.6651666671875 0.840453125 0.6112291671875 0.835953125 0.5842708328125 0.8292187500000001 0.5393333328125001 0.8112343750000001 0.5213541671875 0.82246875 0.4853958328125 0.867421875 0.4614166671875 0.87865625 0.44045833281249996 0.905625 0.44643750000000004 0.92359375 0.3625416671875 0.9887656249999999 0.4344583328125 0.9887656249999999 0.9378333328125 0.9820156250000001 0.9498125 0.9797812499999999
0 1 0.7434999999999999 0.9357291671875 0.7255625 0.858 0.712109375 0.7712916671875 0.694171875 0.6875833328125001 0.6896875 0.6307916671875 0.712109375 0.5919375 0.772640625 0.5560625 0.792828125 0.5680208328125 0.8130000000000001 0.6278125 0.8264531249999999 0.7922291671874999 0.8690625000000001 1 0.9139062499999999 1 0.7434999999999999
0 0.7543958328125 0.582921875 0.7752291671875 0.58846875 0.7785833328125 0.55621875 0.7537291671874999 0.545125 0.7328958328125 0.545625 0.7234791671874999 0.551671875 0.7154166671875 0.566796875 0.7234791671874999 0.5849375 0.7308749999999999 0.582421875 0.7543958328125 0.582921875
0 0.7783958328125 0.34375 0.8024791671875 0.347296875 0.8087708328125001 0.335515625 0.7956875 0.32490625 0.7716041671875 0.32334375 0.7522291671875 0.3366875 0.7433333328125 0.345328125 0.7522291671875 0.35671875000000003 0.7653125000000001 0.34846875 0.7783958328125 0.34375
0 0.1198541671875 0.34303125 0.12587500000000001 0.338984375 0.12935416718749998 0.335890625 0.13127083281250002 0.33184375 0.13443750000000002 0.32828124999999997 0.1303125 0.324703125 0.1246041671875 0.32328125 0.11414583281249999 0.3225625 0.10968750000000001 0.323046875 0.10558333281250001 0.323046875 0.10177083281249999 0.324953125 0.0989166671875 0.32637499999999997 0.09733333281249999 0.32804687499999996 0.0954166671875 0.33065625 0.0919375 0.333265625 0.0941666671875 0.33303125 0.10018750000000001 0.333515625 0.109375 0.3349375 0.11762500000000001 0.339453125 0.1198541671875 0.34303125
0 0.1323958328125 0.47090624999999997 0.13135416718749998 0.468171875 0.12404166718750001 0.4658125 0.114125 0.46503125 0.1130625 0.46503125 0.1078541671875 0.46464062500000003 0.10575000000000001 0.46464062500000003 0.10418750000000002 0.465421875 0.10106250000000001 0.46659375000000003 0.1000208328125 0.46778125 0.09895833281250001 0.468171875 0.09635416718749999 0.46934375 0.09164583281250001 0.47678125 0.09164583281250001 0.47953124999999996 0.0947916671875 0.48384375 0.12039583281249999 0.48618750000000005 0.1214375 0.485796875 0.1355416671875 0.474046875 0.1323958328125 0.47090624999999997
0 0.0691875 0.604234375 0.0155 0.6267968749999999 0 0.667078125 0.213125 0.725078125 0.30120833281250003 0.638078125 0.0906875 0.589734375 0.0691875 0.604234375
0 0 0.8666562499999999 0.0367291671875 0.840015625 0.10931249999999999 0.7846875 0.17722916718749998 0.7349218750000001 0.11556249999999998 0.71325 0.09722916718749999 0.706234375 0.0874583328125 0.7047656250000001 0.0570208328125 0.698328125 0.0378958328125 0.691875 0.0008125000000000001 0.681046875 0 0.681640625 0 0.7539374999999999 0 0.847328125 0 0.8666562499999999
0 0.8861041671875001 0.367046875 0.8840833328125 0.356390625 0.8769583328125 0.346484375 0.8647708328125001 0.34571874999999996 0.8444583328125 0.346484375 0.8322499999999999 0.34953124999999996 0.8210833328125 0.360953125 0.8160000000000001 0.380015625 0.8830625 0.38610937500000003 0.8861041671875001 0.3830625 0.8861041671875001 0.367046875
0 1 0.507484375 0.9677916671875 0.49850000000000005 0.9168541671874999 0.48053125 0.8629166671874999 0.46254687499999997 0.8269583328125 0.46254687499999997 0.7880208328125 0.46254687499999997 0.7101041671874999 0.46029687499999994 0.6711666671875001 0.45804687499999996 0.6711666671875001 0.46254687499999997 0.6711666671875001 0.47153124999999996 0.6711666671875001 0.49625 0.6531875 0.52096875 0.6052500000000001 0.561421875 0.5842708328125 0.57940625 0.6292083328125 0.592890625 1 0.6468125 1 0.507484375
0 0.3057916671875 0.47437500000000005 0.2980833328125 0.46165625 0.2872916671875 0.44895312499999995 0.242625 0.443171875 0.1841041671875 0.43278125 0.1640833328125 0.444328125 0.15175 0.45704687499999996 0.1440625 0.46743750000000006 0.11941666718749999 0.49978125 0.0993958328125 0.518265625 0.10093749999999999 0.525203125 0.12095833281249999 0.53328125 0.16254166718750002 0.541375 0.2072083328125 0.547140625 0.2364791671875 0.527515625 0.2688125 0.50440625 0.3057916671875 0.47437500000000005
0 0.7085208328125 0.3765625 0.7212291671875 0.3765625 0.73675 0.3765625 0.7409791671875 0.372328125 0.7480416671875 0.364921875 0.7508541671875 0.357515625 0.7437916671875 0.349046875 0.7381666671875 0.34587500000000004 0.7240416671875 0.342703125 0.7113541671875 0.339515625 0.6958333328124999 0.340578125 0.6845416671875 0.350109375 0.6746666671875 0.37126562500000004 0.6788958328125 0.372328125 0.6817291671875 0.373390625 0.7085208328125 0.3765625
3 0.6348541671875 0.49598437500000003 0.6286041671875 0.490359375 0.6186041671875 0.48004687500000004 0.5848125 0.48473437500000005 0.5685625 0.479109375 0.5723125 0.46878125 0.4146666671875 0.45657812499999995 0.4134166671875 0.46878125 0.3996666671875 0.47159375 0.369625 0.48004687500000004 0.348375 0.47628125 0.32960416718749996 0.46503125 0.31083333281250003 0.46315625000000005 0.2970625 0.485671875 0.28331249999999997 0.485671875 0.2670416671875 0.48848437499999997 0.2470208328125 0.5025625 0.2445208328125 0.518515625 0.2345208328125 0.523203125 0.22577083281250002 0.53446875 0.22577083281250002 0.54853125 0.5347708328125 0.590765625 0.6348541671875 0.49598437500000003
3 0.6279583328125 0.28571875 0.5928125 0.2781875 0.5677083328125 0.28446875 0.5559791671875 0.2794375 0.4957291671875 0.28696875 0.43714583281249997 0.28446875 0.3400625 0.288234375 0.2831458328125 0.320875 0.2513333328125 0.342203125 0.248 0.362296875 0.253125 0.369609375 0.549625 0.377796875 0.5844375 0.35225 0.6363333328125 0.3095625 0.6279583328125 0.28571875
3 0.286625 0.7390625 0.3031875 0.7430625 0.31443750000000004 0.7492656249999999 0.322125 0.7541562500000001 0.3410625 0.751484375 0.3469791671875 0.752828125 0.3617916671875 0.759484375 0.37124999999999997 0.770125 0.3748125 0.770125 0.3896041671875 0.76790625 0.41208333281250004 0.7785624999999999 0.520375 0.8034218750000001 0.5760208328124999 0.7474999999999999 0.5890416671875001 0.7346250000000001 0.6393333328125 0.6826875 0.3114791671875 0.626765625 0.3055625 0.632546875 0.3061458328125 0.64675 0.3108958328125 0.656953125 0.31266666718749997 0.659171875 0.2966875 0.6702656250000001 0.2883958328125 0.673375 0.27537500000000004 0.6702656250000001 0.257625 0.672046875 0.2457916671875 0.68046875 0.2428333328125 0.691125 0.2420416671875 0.70084375 0.2420416671875 0.7029687499999999 0.2264583328125 0.7263437500000001 0.2562291671875 0.7401718749999999 0.26414583281250004 0.7430625 0.2665 0.74171875 0.286625 0.7390625
3 0.01925 0.8769375 0.3298958328125 0.993140625 0.4255833328125 0.9025624999999999 0.49545833281249996 0.8336406249999999 0.4833125 0.8330781249999999 0.47570833281249997 0.8194062499999999 0.45520833281249995 0.810859375 0.4119166671875 0.816546875 0.4225416671875 0.8034531250000001 0.41875 0.789203125 0.41116666718749995 0.77953125 0.3876041671875 0.7726875 0.3671041671875 0.7652812499999999 0.3564791671875 0.753890625 0.3329375 0.75446875 0.3169791671875 0.75503125 0.3139375 0.74534375 0.2812708328125 0.7379374999999999 0.2569791671875 0.7482031250000001 0.2478541671875 0.7624375 0.2311458328125 0.7624375 0.21672916718750002 0.75503125 0.1908958328125 0.75275 0.1764583328125 0.7584531250000001 0.16052083281250001 0.7778125 0.149125 0.77553125 0.1240625 0.7789531249999999 0.109625 0.7971874999999999 0.109625 0.81428125 0.0936875 0.8216875 0.0845625 0.841046875 0.0739375 0.838203125 0.0534166671875 0.8376250000000001 0.0321666671875 0.84275 0.0245625 0.856421875 0.01925 0.8769375
0 0.01875 0.361953125 0.0694791671875 0.36343749999999997 0.1281666671875 0.361953125 0.2126875 0.3649375 0.2365625 0.356734375 0.2594375 0.343296875 0.2673958328125 0.33659374999999997 0.2872916671875 0.321671875 0.3051875 0.3194375 0.32606250000000003 0.309734375 0.3330416671875 0.30153125 0.3300416671875 0.2963125 0.3230833328125 0.29481250000000003 0.3071666671875 0.29481250000000003 0.2902708328125 0.29481250000000003 0.2823125 0.29481250000000003 0.26937500000000003 0.29481250000000003 0.2614166671875 0.29481250000000003 0.25147916718749996 0.29481250000000003 0.2395416671875 0.29481250000000003 0.2226458328125 0.29481250000000003 0.2117083328125 0.29481250000000003 0.19977083281250002 0.29481250000000003 0.1908125 0.29481250000000003 0.179875 0.2970625 0.16993750000000002 0.297796875 0.156 0.297796875 0.1500416671875 0.297796875 0.13710416718750001 0.297796875 0.12020833281250001 0.297796875 0.10727083281250001 0.299296875 0.1032916671875 0.30078125 0.0983125 0.30303125 0.0943333328125 0.30674999999999997 0.0853958328125 0.31048437500000003 0.0764375 0.31346875 0.0674791671875 0.3179375 0.05158333281250001 0.321671875 0.041625 0.320171875 0.0326875 0.327640625 0.0247291671875 0.334359375 0.0167708328125 0.3403125 0.0127916671875 0.353 0.0088125 0.354484375 0.0088125 0.35821875 0.01875 0.361953125
0 0.0166666671875 0.53125 0.0229166671875 0.5359375 0.0333333328125 0.5359375 0.0395833328125 0.5390625 0.0666666671875 0.5390625 0.0875 0.5359375 0.0916666671875 0.5390625 0.10625 0.5390625 0.1125 0.53125 0.1020833328125 0.5265625 0.1 0.51875 0.11041666718750001 0.509375 0.1208333328125 0.49375 0.1208333328125 0.4875 0.1354166671875 0.4796875 0.1416666671875 0.471875 0.1294057375 0.464164959375 0.13927595625 0.46147540937500003 0.14791666718750002 0.4640625 0.149146175 0.4587858609375 0.1541666671875 0.45625 0.15901639375 0.45609631093749997 0.1604166671875 0.4484375 0.1688866125 0.45340676249999995 0.2971994546875 0.41844262343749994 0.60625 0.3671875 0.6145833328125 0.3734375 0.65625 0.3734375 0.6645833328124999 0.38125 0.6770833328125 0.38125 0.68125 0.378125 0.6770833328125 0.3671875 0.6854166671875 0.35 0.6958333328124999 0.340625 0.7145833328125 0.340625 0.73125 0.34375 0.7479166671875 0.3515625 0.75 0.3609375 0.7416666671875001 0.371875 0.7416666671875001 0.378125 0.7479166671875 0.3828125 0.75625 0.384375 0.8020833328125001 0.384375 0.8083333328125001 0.378125 0.8166666671874999 0.378125 0.8208333328125 0.3625 0.8333333328125001 0.35 0.84375 0.346875 0.8770833328125001 0.346875 0.8833333328125 0.35625 0.8875 0.384375 0.89375 0.3890625 0.9083333328125001 0.3890625 0.9166666671874999 0.396875 0.9458333328125 0.3953125 0.96875 0.3875 0.9979166671874999 0.3875 0.9916666671875 0.31875 0.9875 0.3140625 0.9979166671874999 0.3015625 0.9979166671874999 0.2734375 0.96875 0.271875 0.9583333328125001 0.2640625 0.9145833328125 0.2640625 0.8854166671874999 0.26875 0.8416666671874999 0.2671875 0.8270833328125 0.271875 0.8104166671874999 0.259375 0.7854166671875 0.259375 0.7666666671875 0.2671875 0.7604166671875 0.2640625 0.7208333328125 0.2671875 0.7041666671875 0.2765625 0.6770833328125 0.2734375 0.6666666671875 0.2796875 0.6666666671875 0.2921875 0.6479166671875001 0.296875 0.6479166671875001 0.315625 0.625 0.3265625 0.6229166671875 0.3296875 0.30706967343749997 0.4157530734375 0.1864583328125 0.42421875 0.1854166671875 0.4140625 0.1770833328125 0.409375 0.16875 0.409375 0.1625 0.4125 0.13333333281249998 0.4171875 0.12291666718750001 0.4234375 0.08541666718749999 0.434375 0.0791666671875 0.4421875 0.0625 0.4453125 0.05208333281250001 0.4546875 0.0458333328125 0.471875 0.03125 0.478125 0.0260416671875 0.4859375 0.030703551562499997 0.4910604515625 0.0208333328125 0.49375 0.0166666671875 0.503125 0.0245833328125 0.5105208328125 0.0166666671875 0.515625 0.0166666671875 0.53125