3 0.41825 0.651015625 0.440234375 0.63709375 0.45709375 0.613640625 0.45709375 0.56528125 0.443171875 0.53596875 0.41751562499999995 0.515453125 0.36329687499999996 0.506671875 0.336921875 0.52059375 0.30834375 0.5484375 0.30321875 0.5843281250000001 0.317875 0.616578125 0.3310625 0.640015625 0.35743749999999996 0.651015625 0.399203125 0.65834375 0.41825 0.651015625
3 0.680546875 0.70875 0.707234375 0.7161562499999999 0.7205781250000001 0.719125 0.739859375 0.720609375 0.773953125 0.720609375 0.802125 0.707265625 0.8288125000000001 0.633140625 0.8288125000000001 0.58865625 0.79915625 0.5589999999999999 0.770984375 0.548625 0.73540625 0.533796875 0.693890625 0.5426875 0.639046875 0.58271875 0.6360781249999999 0.647953125 0.66128125 0.68946875 0.680546875 0.70875
3 0.408984375 0.408984375 0.37753125 0.388765625 0.34831249999999997 0.3955 0.31909375 0.40449999999999997 0.310109375 0.42021875 0.303375 0.44718749999999996 0.301125 0.47865624999999995 0.332578125 0.514609375 0.40449999999999997 0.48989062499999997 0.413484375 0.462921875 0.408984375 0.408984375
3 0.8516875 0.392890625 0.8449375 0.3501875 0.8337031250000001 0.33220312500000004 0.817984375 0.31871875 0.791015625 0.307484375 0.7595468750000001 0.30074999999999996 0.7325781250000001 0.30074999999999996 0.701125 0.31648437500000004 0.6809062499999999 0.3546875 0.6853906249999999 0.42434374999999996 0.766296875 0.45581250000000006 0.8045 0.4490625 0.8337031250000001 0.43109374999999994 0.8516875 0.392890625
3 0.5450468749999999 0.33982812500000004 0.5644843749999999 0.3420625 0.59215625 0.3405625 0.600390625 0.338328125 0.6265625 0.323375 0.649 0.30467187500000004 0.652734375 0.29046875 0.652734375 0.27625 0.6475 0.23137500000000003 0.632546875 0.21193749999999997 0.6168437499999999 0.20520312500000001 0.586921875 0.19398437500000001 0.565234375 0.19623437500000002 0.542796875 0.20221874999999997 0.524859375 0.2111875 0.515125 0.21942187500000002 0.50465625 0.24110937500000001 0.5031718749999999 0.271015625 0.5136406250000001 0.3016875 0.5308437500000001 0.322625 0.5390625 0.33084375 0.5450468749999999 0.33982812500000004
3 0.460078125 0.594859375 0.46381249999999996 0.605421875 0.47676562499999997 0.626875 0.49787499999999996 0.639140625 0.53125 0.6408437499999999 0.5602031249999999 0.6299375 0.57996875 0.610859375 0.583375 0.597578125 0.583703125 0.554671875 0.5755312499999999 0.5407031250000001 0.5493125 0.5161718750000001 0.533640625 0.50834375 0.5121875 0.50459375 0.502640625 0.5049375 0.47301562500000005 0.517203125 0.46415625 0.527421875 0.44985937500000006 0.55296875 0.4515625 0.5570468749999999 0.46040625 0.58021875 0.460078125 0.594859375
3 0.5376562500000001 0.672734375 0.5376562500000001 0.73246875 0.566234375 0.768828125 0.62596875 0.768828125 0.6649375 0.76103125 0.680515625 0.71428125 0.62596875 0.6415625 0.568828125 0.64934375 0.5376562500000001 0.672734375
3 0.490671875 0.34328125 0.42828125000000006 0.365046875 0.403609375 0.40132812500000004 0.42828125000000006 0.46517187499999996 0.48051562499999995 0.475328125 0.5109843749999999 0.47096875000000005 0.544359375 0.44485937499999995 0.554515625 0.399875 0.529859375 0.354890625 0.490671875 0.34328125
3 0.691453125 0.546390625 0.72596875 0.538546875 0.7196875 0.51815625 0.69615625 0.466390625 0.6710625 0.442859375 0.6192968750000001 0.46010937500000004 0.6114531249999999 0.49148437500000003 0.603609375 0.529125 0.624 0.5746249999999999 0.625578125 0.5746249999999999 0.644390625 0.58090625 0.691453125 0.546390625
3 0.47273437500000004 0.26234375 0.454546875 0.24156249999999999 0.42596875 0.22596875 0.387015625 0.23376562500000003 0.35065625 0.25973437499999996 0.33246875 0.30909375 0.3584375 0.348046875 0.4 0.371421875 0.431171875 0.36103125 0.46753125000000006 0.319484375 0.48571875000000003 0.3116875 0.48571875000000003 0.2883125 0.47273437500000004 0.26234375
3 0.098703125 0.68571875 0.10389062499999999 0.7246718750000001 0.163640625 0.776625 0.210390625 0.7350625 0.215578125 0.70909375 0.215578125 0.68571875 0.19740625 0.64675 0.17403125 0.66753125 0.171421875 0.64934375 0.12987500000000002 0.6415625 0.10909374999999999 0.6649375 0.098703125 0.68571875
3 0.4975625 0.16475 0.50221875 0.177140625 0.507890625 0.199859375 0.519765625 0.217921875 0.5667500000000001 0.19934375 0.598234375 0.20553125 0.61940625 0.21276562499999999 0.62559375 0.20398437500000002 0.6426406250000001 0.167328125 0.625078125 0.12448437500000001 0.6070156250000001 0.10848437500000001 0.582234375 0.09815625 0.56571875 0.09815625 0.53990625 0.1033125 0.51615625 0.114671875 0.508921875 0.12345312500000001 0.50221875 0.136359375 0.4975625 0.16475
3 0.78640625 0.162 0.8014374999999999 0.12671875 0.7921875 0.0931875 0.7736875000000001 0.072953125 0.73553125 0.063125 0.7089218749999999 0.06543750000000001 0.678859375 0.086828125 0.659203125 0.106484375 0.655734375 0.145234375 0.66903125 0.170671875 0.6956249999999999 0.193796875 0.7245468749999999 0.1966875 0.756921875 0.18975 0.78640625 0.162
3 0.18125 0 0.1671875 0.003125 0.0890625 0.0015625 0.0859375 0.00625 0.08125 0.0046875 0.0796875 0.0015625 0.0015625 0.0015625 0.003125 0.1421875 0 0.1625 0.00232780625 0.166852678125 0.0003125 0.17250000000000001 0.0046556125 0.1743303578125 0 0.18125 0 0.2296875 0.023897059374999998 0.2510110296875 0.0279336734375 0.24910714218750002 0.029871323437500003 0.2563419125 0.0358455875 0.26167279374999997 0.032589285937500004 0.2640625 0.069834184375 0.3837053578125 0 0.45 0.0015625 0.6078125 0.0046875 0.6265625 0.0078125 0.628125 0.0078125 0.63125 0.0015625 0.634375 0.0015625 0.7609375 0.009375 0.7734375 0.0015625 0.7921875 0.0015625 0.946875 0.0046875 0.9484375 0.003125 0.98125 0.009375 0.996875 0.0125 1 0.14375 1 0.1484375 0.98125 0.171875 0.978125 0.196875 0.965625 0.21875 0.940625 0.225 0.9265625 0.228125 0.9109375 0.2390625 0.9078125 0.2421875 0.9171875 0.2421875 0.946875 0.2546875 0.971875 0.26875 0.9828125 0.28125 0.9875 0.30625 0.9875 0.3140625 1 0.3546875 1 0.4052734375 0.969921875 0.411328125 0.9734375 0.4125 0.98125 0.41015625 0.98125 0.408984375 0.9890625 0.4109375 0.9890625 0.4078125 0.996875 0.42062499999999997 0.98265625 0.42874999999999996 0.9840625 0.43125 0.9796875 0.436875 0.9854687500000001 0.445 0.9868750000000001 0.4484375 0.990625 0.478125 0.996875 0.49375 0.9953125 0.6625 1 0.6671875 0.9942500000000001 0.675 1 0.9984375 1 0.8875 0.9359375 0.909375 0.9140625 0.925 0.90625 0.928125 0.8796875 0.934375 0.8671875 0.953125 0.84375 0.965625 0.834375 0.978125 0.8296875 0.9984375 0.8296875 0.9921875 0.8234375 0.9984375 0.8203125 0.825 0.803125 0.8109375 0.7828125 0.8015625 0.7625 0.803125 0.7609375 0.79375 0.7125 0.7984375 0.7109375 0.80625 0.7171875 0.8015625 0.7125 0.8067708328125001 0.7088541671875 0.8078125 0.6921875 0.8203125 0.6625 0.828125 0.6359375 0.828125 0.5890625 0.821875 0.5796875 0.81875 0.5796875 0.7984375 0.559375 0.784375 0.5546875 0.7796875 0.5484375 0.771875 0.55 0.7578125 0.54375 0.7421875 0.46234374999999994 0.7421875 0.453125 0.746875 0.45 0.7640625 0.45625 0.7984375 0.4515625 0.8078125 0.4484375 0.8328125 0.4328125 0.8515625 0.3921875 0.8453125 0.353125 0.8359375 0.3359375 0.8234375 0.3234375 0.8109375 0.3171875 0.7921875 0.2984375 0.796875 0.290625 0.8078125 0.2875 0.9984375 0.00625 0.9953125 0.003125 0.9640625 0.0015625 0.903125 0.0015625 0.8765625 0.003125 0.871875 0.0078125 0.8578125 0.0078125 0.8546875 0.0015625 0.846875 0.0015625 0.8421875 0.00625 0.815625 0.00625 0.8046875 0.0140625 0.7984375 0.0078125 0.796875 0.0015625 0.6359375 0.0015625 0.6578125 0.0096875 0.6578125 0.0990625 0.6640625 0.103125 0.659375 0.1078125 0.6046875 0.1041666671875 0.603125 0.1078125 0.5828125 0.0984375 0.565625 0.0984375 0.54375 0.103125 0.4953125 0 0.3140625 0.0015625 0.296875 0.009375 0.2905671296875 0.0077546296875 0.290625 0.0109375 0.282696759375 0.007696759374999999 0.275 0 0.18125 0