0 0.47458947343749996 0.778140625 0.47012631562499996 0.77565625 0.45896842031249996 0.774 0.45115789531250006 0.77565625 0.43776842031249996 0.7773125000000001 0.42214736875 0.779796875 0.41433684218750005 0.783109375 0.40987368437500005 0.788078125 0.4121052625 0.79884375 0.4121052625 0.807953125 0.4176842109375 0.816234375 0.41879999999999995 0.82534375 0.43776842031249996 0.8286562500000001 0.4545052625 0.826171875 0.46008421093749996 0.826171875 0.4712421046875 0.826171875 0.49134736874999996 0.826171875 0.5069684203125 0.82203125 0.514778946875 0.81540625 0.5225894734375001 0.8062968749999999 0.5225894734375001 0.7971874999999999 0.521473684375 0.78559375 0.5025052624999999 0.78559375 0.4958105265625 0.783109375 0.4890947375 0.781453125 0.47458947343749996 0.778140625
0 0.71934736875 0.49592187499999996 0.7148631578125 0.478484375 0.6913684203125 0.464375 0.6634105265625 0.461890625 0.6432842109375 0.47267187499999996 0.6421684203125 0.505875 0.6690105265625 0.515015625 0.7003157890625 0.510859375 0.71934736875 0.49592187499999996
0 0.2586105265625 0.5090625 0.2620842109375 0.5174531250000001 0.2655578953125 0.5213281249999999 0.26644210468749996 0.5213281249999999 0.279473684375 0.527140625 0.2873052625 0.527140625 0.290778946875 0.525203125 0.3099157890625 0.52196875 0.31425263124999997 0.510359375 0.312526315625 0.498734375 0.3073052625 0.487125 0.2986105265625 0.48131250000000003 0.279473684375 0.482609375 0.27077894687500004 0.489703125 0.2620842109375 0.495515625 0.25774736875 0.50325 0.2586105265625 0.5090625
0 0.532273684375 0.372734375 0.5461052625 0.37346875 0.5688 0.361015625 0.5697894734375 0.34562499999999996 0.566821053125 0.335359375 0.5579368421875001 0.3295 0.544126315625 0.32290625 0.5214105265625 0.32290625 0.5095578953125 0.3295 0.5115368421875 0.33023437499999997 0.4996842109375 0.34562499999999996 0.5006736843749999 0.35368750000000004 0.5095578953125 0.366140625 0.532273684375 0.372734375
0 0.6108842109375 0.530140625 0.6259368421875 0.5279843750000001 0.64294736875 0.518609375 0.6482947375 0.509953125 0.6482947375 0.502390625 0.6409894734375 0.4854375 0.635178946875 0.477515625 0.6220631578125 0.47390625000000003 0.612821053125 0.47642187500000005 0.5987368421875 0.49625 0.5919368421875 0.4948125 0.5919368421875 0.48435937500000004 0.587073684375 0.48832812499999995 0.58174736875 0.49625 0.5827157890625 0.51284375 0.5929052625 0.52509375 0.6108842109375 0.530140625
0 0.70734736875 0.44121875 0.7126947375 0.4465 0.7113684203124999 0.45210937500000004 0.713578946875 0.45871874999999995 0.7264842109375 0.46234374999999994 0.7420631578125 0.463015625 0.7562947375 0.46135937499999996 0.763873684375 0.458390625 0.76654736875 0.45178124999999997 0.77054736875 0.44318749999999996 0.775873684375 0.432625 0.7754315796875 0.42601562499999995 0.7709894734375 0.41974999999999996 0.7620842109375 0.4118125 0.7549684203125 0.40685937499999997 0.7451789468750001 0.40356249999999994 0.7278315796875 0.401578125 0.7211578953125 0.404890625 0.7162526312499999 0.41115625 0.7064631578125 0.4256875 0.706021053125 0.429984375 0.706021053125 0.43460937499999996 0.70734736875 0.44121875
0 0.5916421046875 0.348859375 0.5972842109375 0.343265625 0.5995578953125 0.3354375 0.5976631578125 0.32984375 0.5867368421875 0.3248125 0.5784631578125 0.322015625 0.5750736843750001 0.317828125 0.5675368421875 0.322859375 0.560378946875 0.327609375 0.55734736875 0.328453125 0.5648842109375 0.345234375 0.568273684375 0.3519375 0.57694736875 0.3519375 0.5916421046875 0.348859375
0 0.52825263125 0.3248125 0.5560421046874999 0.322796875 0.5662105265624999 0.30721875 0.5689052625000001 0.29565625 0.562821053125 0.28559375 0.5513052625 0.27503125 0.5323368421875 0.27 0.5208 0.27403125 0.505221053125 0.28559375 0.503873684375 0.30470312499999996 0.5113263156250001 0.320796875 0.52825263125 0.3248125
0 0.34347368437500003 0.110125 0.337578946875 0.122140625 0.3361052625 0.13253125 0.3412631578125 0.1418125 0.3537684203125 0.1418125 0.36261052656250004 0.13634375 0.364821053125 0.12050000000000001 0.35745263125000004 0.10848437500000001 0.3567157890625 0.0991875 0.369978946875 0.091546875 0.3795368421875 0.087171875 0.3824842109375 0.07678125 0.355978946875 0.071875 0.34715789531249996 0.081703125 0.340526315625 0.08935937499999999 0.3456842109375 0.10301562500000001 0.34347368437500003 0.110125
0 0.45454736875 0.118890625 0.459073684375 0.11460937499999999 0.45454736875 0.10515624999999999 0.45002105312499996 0.100265625 0.4413894734375 0.09476562499999999 0.43562105312500005 0.093546875 0.4409684203125 0.100875 0.44425263125000003 0.106671875 0.45044210468749996 0.11553125 0.45454736875 0.118890625
0 0.5527368421875 0.36528125 0.5419368421875 0.368125 0.529578946875 0.372796875 0.5282315796875 0.37446875 0.5385684203125 0.37546875 0.5367789468749999 0.379140625 0.5318315796875 0.383984375 0.533178946875 0.3898125 0.5320421046875 0.393484375 0.5316 0.397328125 0.5354105265625 0.40134375 0.5414947375 0.400671875 0.5455368421875 0.40099999999999997 0.5482315796874999 0.40317187499999996 0.5500421046875 0.40584375 0.5504842109375 0.4086875 0.5556631578125 0.4106875 0.56105263125 0.41118750000000004 0.5678105265625 0.41051562500000005 0.571621053125 0.41001562500000005 0.5722947375 0.40784374999999995 0.5792631578125 0.40384374999999995 0.5758947375 0.404171875 0.561726315625 0.40584375 0.5551999999999999 0.405671875 0.5543157890625 0.40449999999999997 0.5543157890625 0.40267187499999996 0.5621894734375 0.398 0.5664631578125 0.39615625 0.573873684375 0.39432812500000003 0.5842105265625 0.390984375 0.5830947375 0.386140625 0.5815157890625 0.3798125 0.5785894734375 0.373796875 0.5720842109375 0.368453125 0.5657684203125 0.366453125 0.5664631578125 0.366453125 0.560378946875 0.365453125 0.5527368421875 0.36528125
0 0.705873684375 0.54184375 0.7079578953125 0.528484375 0.705873684375 0.5192187500000001 0.7017052625 0.5109843749999999 0.694778946875 0.512015625 0.67745263125 0.51459375 0.66774736875 0.51459375 0.6580631578125 0.5115000000000001 0.6518105265624999 0.51253125 0.6476631578125 0.516125 0.6400421046875 0.525390625 0.6414105265625001 0.534140625 0.6469684203125 0.542875 0.6532 0.5495625000000001 0.6837052625 0.5541875 0.695473684375 0.552140625 0.705873684375 0.54184375
0 0.5685894734375 0.517390625 0.5766947375 0.5179375 0.5859157890625 0.5135625 0.5851789468749999 0.493046875 0.5822315796875001 0.493328125 0.5733894734375 0.4916875 0.5619578953125 0.48539062499999996 0.5601052625 0.48785937500000004 0.5531157890625 0.5020781249999999 0.553473684375 0.503984375 0.5568 0.511109375 0.5685894734375 0.517390625