1 0.6028749999999999 0.6310208328125 0.598703125 0.6245416671874999 0.592796875 0.6138958328124999 0.582734375 0.6032708328124999 0.5778749999999999 0.6009583328125 0.5778749999999999 0.6152916671875001 0.582046875 0.6277916671875 0.5910624999999999 0.6324166671875 0.598015625 0.6337916671875 0.602171875 0.6337916671875 0.6028749999999999 0.6310208328125
1 1 0.5981458328125 0.9985156249999999 0.58825 0.997171875 0.5738333328125 0.9883906250000001 0.5666458328124999 0.9796250000000001 0.5585416671875 0.966796875 0.5711458328125001 0.9586874999999999 0.5630416671875 0.94046875 0.56575 0.9397968750000001 0.5729375 0.931015625 0.5675416671875 0.928984375 0.57925 0.920890625 0.5810416671875 0.905359375 0.5810416671875 0.9046875 0.5945416671875 0.93371875 0.6260416671875 0.9425000000000001 0.6296458328125001 0.9560000000000001 0.6368541671875 0.9721875000000001 0.6521458328125 0.983671875 0.6629583328125 1 0.6773541671875 1 0.5981458328125
1 0.567265625 0.3778541671875 0.564265625 0.371625 0.55928125 0.36764583281249996 0.55528125 0.36764583281249996 0.551953125 0.3680833328125 0.550296875 0.3680833328125 0.5373125 0.3680833328125 0.533984375 0.3702916671875 0.530984375 0.3751875 0.5289843750000001 0.3800625 0.527328125 0.38229166718749996 0.526984375 0.38493750000000004 0.5303125 0.3867291671875 0.536640625 0.40004166718749995 0.551625 0.40404166718749995 0.563609375 0.3947083328125 0.567265625 0.3862708328125 0.567265625 0.3778541671875
1 0.8936718750000001 0.3571875 0.883015625 0.3665208328125 0.8833437500000001 0.38514583281250003 0.9066562499999999 0.3705 0.9069843750000001 0.3642916671875 0.901 0.361625 0.8936718750000001 0.3571875
1 0.5709531250000001 0.6903125 0.574328125 0.6205 0.55575 0.5822083328125001 0.53378125 0.5822083328125001 0.49325 0.5529375 0.454390625 0.7894166671875 0.53378125 0.8164374999999999 0.5709531250000001 0.6903125
1 0.8999062500000001 0.4433541671875 0.91684375 0.4433541671875 0.930390625 0.46529166718750004 0.938140625 0.4536875 0.94153125 0.4381875 0.9439375 0.42012499999999997 0.95846875 0.41302083281249996 0.9574999999999999 0.3975416671875 0.949265625 0.3936666671875 0.93378125 0.3943125 0.92603125 0.39108333281249996 0.9100625000000001 0.40914583281250005 0.90328125 0.4149583328125 0.8999062500000001 0.43560416718750006 0.8999062500000001 0.4433541671875
1 0.809984375 0.3330833328125 0.82675 0.3554583328125 0.8609218750000001 0.3115625 0.846015625 0.2941666671875 0.814328125 0.2999583328125 0.809984375 0.3330833328125
1 0.64278125 0.36875 0.63434375 0.3443541671875 0.617453125 0.3255833328125 0.6111093750000001 0.3255833328125 0.60759375 0.3265208328125 0.60478125 0.3293333328125 0.5857812499999999 0.3565416671875 0.58296875 0.3649791671875 0.60759375 0.3950208328125 0.6230781249999999 0.39314583281250004 0.622375 0.3922083328125 0.6237812500000001 0.3940833328125 0.64278125 0.36875
1 0.489828125 0.5887083328125 0.48540625000000004 0.59225 0.4831875 0.594625 0.48362499999999997 0.5987708328125 0.4880625 0.6040833328125 0.49115624999999996 0.6064375 0.504015625 0.607625 0.516875 0.6058541671875 0.524421875 0.5981666671875 0.526640625 0.5969791671875 0.531515625 0.5963958328125 0.5310625 0.5910833328125 0.525296875 0.5904791671875 0.516 0.588125 0.49781250000000005 0.5893125 0.489828125 0.5887083328125
1 0.46364062500000003 0.4062708328125 0.46699999999999997 0.399 0.466578125 0.3953541671875 0.462390625 0.3964791671875 0.45651562500000004 0.40347916718750004 0.45651562500000004 0.4068333328125 0.45965625 0.40822916718749996 0.46364062500000003 0.4062708328125
1 0.46842187500000004 0.5607916671875001 0.469125 0.5701666671875001 0.469125 0.5955 0.48460937499999995 0.597375 0.4965625 0.5392083328124999 0.494453125 0.517625 0.48953125000000003 0.49416666718749996 0.48953125000000003 0.4876041671875 0.4719375 0.4922916671875 0.46420312499999994 0.4969791671875 0.462796875 0.50825 0.46842187500000004 0.5607916671875001
1 0.608453125 0.812875 0.6466093749999999 0.812875 0.660171875 0.7913958328125 0.67459375 0.7088541671875 0.680515625 0.6455416671875 0.67628125 0.6093541671875 0.6695 0.5788333328124999 0.653390625 0.5709166671875 0.6381249999999999 0.5709166671875 0.63896875 0.5923958328125 0.621171875 0.5743125 0.60759375 0.5799791671875 0.589796875 0.5856250000000001 0.5889375 0.6071041671875 0.57621875 0.6195416671875 0.571984375 0.6839791671875 0.5626562500000001 0.7461666671875 0.5618125 0.7608541671875 0.560109375 0.7936458328125 0.5635 0.8117291671875 0.5957343749999999 0.812875 0.608453125 0.812875
1 1 0.928625 0.9978281250000001 0.9336874999999999 0.9870468750000001 0.9480625 0.9876875 0.9277708328125 0.9883124999999999 0.9252291671874999 0.9889531249999999 0.9151041671875 0.9870468750000001 0.9024166671874999 0.9838906250000001 0.8965 0.979453125 0.8914375 0.9648749999999999 0.9252291671874999 0.9648749999999999 0.9472083328125 0.9585312500000001 0.9488958328124999 0.9547343749999999 0.9488958328124999 0.94903125 0.9488958328124999 0.9352812500000001 0.9507083328125001 0.923046875 0.9362291671875 0.9211406249999999 0.9176249999999999 0.9160625 0.9066458328125 0.9116406250000001 0.9007291671875001 0.907203125 0.8931250000000001 0.9040312500000001 0.8863749999999999 0.89959375 0.8905833328125 0.896421875 0.8965 0.893890625 0.9007291671875001 0.893890625 0.9117083328125 0.878671875 0.9041041671875 0.87678125 0.9015833328125 0.87234375 0.9041041671875 0.874875 0.9151041671875 0.874875 0.9201666671875 0.8647343749999999 0.9201666671875 0.8564999999999999 0.9151041671875 0.85459375 0.9243958328125 0.862203125 0.9345416671875 0.86409375 0.9438333328124999 0.8691718749999999 0.9548125000000001 0.8691718749999999 0.9615833328125 0.8628281250000001 0.9649583328125001 0.8590312499999999 0.9649583328125001 0.858390625 0.970875 0.8577656250000001 0.9801666671874999 0.853953125 0.9767916671875 0.8469843750000001 0.9767916671875 0.84128125 0.9793125 0.844453125 0.9894583328125 0.8501562500000001 0.99875 0.850796875 1 0.9762812500000001 1 1 0.9928333328125 1 0.93875 1 0.928625