1 0.471171875 0.6494166671875 0.44646875 0.5317708328124999 0.43587499999999996 0.4 0.41646875000000005 0.3411666671875 0.39 0.27999999999999997 0.377640625 0.2847083328125 0.361765625 0.3176458328125 0.358234375 0.36706249999999996 0.34059375 0.47058333281250003 0.36 0.6894166671875 0.43587499999999996 0.8517708328125 0.45 0.8352916671875 0.46764062500000003 0.785875 0.471171875 0.6494166671875
1 0.70059375 0.3482291671875 0.7129375 0.27999999999999997 0.691765625 0.2847083328125 0.7129375 0.2682291671875 0.6900000000000001 0.2517708328125 0.668828125 0.305875 0.63353125 0.3882291671875 0.605296875 0.505875 0.591171875 0.614125 0.601765625 0.665875 0.621171875 0.7176458328125 0.63353125 0.7623541671875 0.64940625 0.7294166671875 0.675875 0.7247083328125 0.677640625 0.7505833328125 0.684703125 0.7388333328125001 0.718234375 0.5788333328124999 0.718234375 0.44235416718750004 0.707640625 0.3552916671875 0.70059375 0.3482291671875
1 0.574640625 0.1492916671875 0.5450781250000001 0.25633333281250004 0.57253125 0.47887500000000005 0.5894375000000001 0.636625 0.635921875 0.3718333328125 0.633796875 0.1436666671875 0.612671875 0.0760625 0.574640625 0.1492916671875
1 0.718078125 0.8646666671875 0.77659375 0.8079166671875001 0.797875 0.7701041671875 0.8067343749999999 0.6920833328125 0.8297812499999999 0.62825 0.8510624999999999 0.60225 0.8687968749999999 0.4982291671875 0.8599218750000001 0.44858333281249996 0.8528437500000001 0.38475000000000004 0.83865625 0.34929166718750004 0.8439687499999999 0.3445625 0.86525 0.34929166718750004 0.8563906250000001 0.33275 0.874109375 0.3067291671875 0.8315625000000001 0.3138333328125 0.813828125 0.31856249999999997 0.815609375 0.3469166671875 0.799640625 0.3705625 0.7695000000000001 0.4533125 0.7446875000000001 0.5336875 0.6968125 0.7038958328125 0.691484375 0.7110000000000001 0.679078125 0.7842708328125 0.718078125 0.8646666671875
1 0.5389999999999999 0.6778958328125 0.5744687500000001 0.6495208328125 0.5762343750000001 0.5360416671875 0.563828125 0.4060208328125 0.547875 0.278375 0.515953125 0.27599999999999997 0.498234375 0.2972916671875 0.49468750000000006 0.34220833281249996 0.476953125 0.3823958328125 0.462765625 0.5549583328125001 0.47871874999999997 0.7322708328124999 0.5053124999999999 0.8055625 0.50709375 0.8055625 0.5372343749999999 0.7110000000000001 0.5389999999999999 0.6778958328125
1 0.70059375 0.2964791671875 0.705875 0.3694166671875 0.71646875 0.4847083328125 0.72 0.6352916671875 0.75 0.5223541671875 0.7658750000000001 0.45883333281249994 0.774703125 0.40470833281249996 0.781765625 0.3576458328125 0.774703125 0.2705833328125 0.7694062500000001 0.1788333328125 0.73940625 0.1505833328125 0.70059375 0.23058333281249999 0.70059375 0.2964791671875
1 0.5329375 0.7294166671875 0.518828125 0.8047083328125 0.504703125 0.8870625000000001 0.522359375 0.9670624999999999 0.6370625000000001 0.9882291671875001 0.635296875 0.7764791671875 0.6070625 0.6847083328125 0.548828125 0.6847083328125 0.541765625 0.6917708328125001 0.5329375 0.7294166671875
1 0.9282343750000001 0.6588333328125 0.91059375 0.7694166671875 0.908828125 0.9717708328124999 0.998828125 0.9811666671875001 1 0.64 0.9758749999999999 0.6070625 0.944125 0.6094166671875 0.9282343750000001 0.6588333328125
1 0.49271875 0.360875 0.504484375 0.3070625 0.5297031249999999 0.2420416671875 0.504484375 0.12545833281250002 0.5078437499999999 0.12095833281249999 0.49439062500000003 0.0693958328125 0.46076562499999996 0.10974999999999999 0.43890624999999994 0.1366666671875 0.41200000000000003 0.2263541671875 0.40021874999999996 0.3093125 0.43890624999999994 0.41243749999999996 0.452359375 0.5290416671875 0.467484375 0.5649166671875 0.470859375 0.5267916671874999 0.49271875 0.360875
1 0.723859375 0.8825208328124999 0.675171875 0.7798958328125 0.6673125 0.7233541671875 0.6311875 0.7694375 0.6421718750000001 0.9956250000000001 0.640609375 0.9956250000000001 0.747421875 0.9998125 0.723859375 0.8825208328124999
1 0.362359375 0.3166875 0.386296875 0.27918750000000003 0.404 0.2764166671875 0.39359375 0.1903541671875 0.39046875000000003 0.1639583328125 0.3581875 0.1528541671875 0.3425625 0.1750833328125 0.33215625000000004 0.2292083328125 0.333203125 0.429125 0.333203125 0.4652291671875 0.34153125 0.44302083281250004 0.362359375 0.3166875
1 0.90278125 0.9997916671875 0.9086874999999999 0.9461666671875 0.9098750000000001 0.80425 0.8672968750000001 0.6765208328125001 0.84128125 0.6418333328125 0.8223593749999999 0.66075 0.80815625 0.7269791671875 0.7987031250000001 0.7711458328125 0.790421875 0.9020208328124999 0.7856875 0.9446041671875 0.756125 0.9966250000000001 0.90278125 0.9997916671875
1 0.9015625 0.7625 0.9109375 0.7625 0.928125 0.6604166671875 0.946875 0.6020833328124999 0.95 0.5979166671875 0.9578125 0.6083333328125 0.96875 0.6083333328125 0.9734375 0.6 0.9734375 0.5895833328125 0.9640625 0.5625 0.959375 0.5583333328125 0.9546875 0.5375 0.95 0.53125 0.946875 0.53125 0.934375 0.5104166671875 0.9203125 0.5104166671875 0.9140625 0.49375 0.9046875 0.49375 0.9 0.5 0.896875 0.53125 0.89375 0.5354166671875 0.890625 0.5916666671875 0.89375 0.7166666671875 0.896875 0.75625 0.9015625 0.7625