1 0.628734375 0.5730000000000001 0.557703125 0.58075 0.5150625 0.5936666671874999 0.5150625 0.6324166671875 0.551234375 0.666 0.613890625 0.6815 0.540265625 0.6995833328125001 0.541546875 0.7167916671875 0.563515625 0.7322916671875 0.604203125 0.7452083328125 0.640359375 0.7400416671875 0.620984375 0.76675 0.628734375 0.7796666671875 0.655859375 0.7848333328125 0.6849375 0.7796666671875 0.72109375 0.7434999999999999 0.73271875 0.7125 0.7307812499999999 0.6470416671875 0.70559375 0.6479166671875001 0.7017187500000001 0.6401666671874999 0.7191562499999999 0.6169166671874999 0.714 0.603125 0.73659375 0.5755833328125 0.72884375 0.5523333328125 0.7198125 0.5316458328125 0.7159375 0.5290625 0.68428125 0.5290625 0.682984375 0.5600833328125 0.6752343749999999 0.5712708328125 0.628734375 0.5730000000000001
1 0.8296875 0.9124583328125 0.8709374999999999 0.8959583328124999 0.9025624999999999 0.8812916671875 0.9066875 0.8592916671875 0.8860625000000001 0.8391249999999999 0.8393124999999999 0.8556250000000001 0.8214375 0.8849583328125 0.8159375000000001 0.899625 0.8131875000000001 0.9179583328125 0.8296875 0.9124583328125
3 0.66865625 0.51775 0.6680937499999999 0.5047291671874999 0.6583281249999999 0.4986041671875 0.647421875 0.5039583328125 0.647421875 0.5207916671875 0.656609375 0.53075 0.6669375 0.5269166671875001 0.66865625 0.51775
3 0.547375 0.4811458328125 0.553125 0.48635416718749996 0.561421875 0.49035416718749997 0.569484375 0.4882083328125 0.585375 0.48666666718749996 0.5879218749999999 0.47806249999999995 0.578234375 0.46762499999999996 0.578234375 0.46547916718750004 0.571328125 0.4599583328125 0.5644218750000001 0.46118750000000003 0.561421875 0.46362500000000006 0.558890625 0.4667083328125 0.5515156250000001 0.4685416671875 0.549453125 0.4722291671875 0.547375 0.4811458328125
3 0.671125 0.5030416671875 0.674671875 0.4996666671875 0.677203125 0.48277083281250005 0.670109375 0.4712916671875 0.65440625 0.4787083328125 0.6498437499999999 0.4949375 0.649328125 0.4969583328125 0.6538906250000001 0.5064166671875 0.671125 0.5030416671875
3 0.690375 0.4922291671875 0.69746875 0.4793958328125 0.697984375 0.4733125 0.6990000000000001 0.4712916671875 0.6832812500000001 0.4685833328125 0.67365625 0.47397916718750005 0.674671875 0.4847916671875 0.67415625 0.4996666671875 0.670609375 0.502375 0.670609375 0.5097916671875 0.670109375 0.5131666671875 0.663015625 0.5402083328125 0.66909375 0.53075 0.681265625 0.5260208328125 0.688359375 0.5037083328125 0.690375 0.4922291671875
1 1 0.8488125 0.992953125 0.8400833328124999 0.9625625 0.8480208328125001 0.9440937500000001 0.8678750000000001 0.934546875 0.8591458328125 0.933359375 0.8591458328125 0.916078125 0.8551666671874999 0.8934374999999999 0.8821875 0.8707968749999999 0.9044375 0.8493437500000001 0.9028333328124999 0.8225312499999999 0.9187291671875 0.8219375 0.9306458328125 0.8475625000000001 0.9465416671875 0.870203125 0.9513125 0.9 0.9513125 0.922640625 0.9449583328125 0.922046875 0.9536875 0.917265625 0.9711666671874999 0.9178750000000001 0.9973750000000001 0.9375312499999999 1 0.994140625 1 0.9983124999999999 0.9743541671875 1 0.94575 1 0.9155416671875001 1 0.8488125
1 0.914578125 1 0.9002812499999999 0.9820625 0.8909687500000001 0.9779166671875 0.877921875 0.9679791671875 0.864875 0.9679791671875 0.86115625 0.9563750000000001 0.8462343750000001 0.9481041671874999 0.8381718749999999 0.943125 0.8325781250000001 0.9356666671875 0.8207656249999999 0.9249166671875001 0.8071093749999999 0.9240833328125 0.79778125 0.9282291671875 0.785984375 0.9249166671875001 0.7729375 0.9323541671875001 0.760515625 0.9596875 0.7835 0.9911666671875 0.78971875 1 0.914578125 1
3 0.524453125 0.4880625 0.5250468749999999 0.4839375 0.5250468749999999 0.4799791671875 0.52415625 0.47741666718750003 0.5231250000000001 0.47408333281250004 0.520453125 0.4730833328125 0.518828125 0.4726875 0.5158750000000001 0.47545833281250005 0.51409375 0.4799791671875 0.5146875 0.48550000000000004 0.5152812499999999 0.48689583281250004 0.52178125 0.4888541671875 0.524453125 0.4880625
3 0.560640625 0.5430625 0.5656718749999999 0.545875 0.56884375 0.5462291671874999 0.573078125 0.5427083328125 0.573609375 0.5416458328125 0.57571875 0.5377708328125 0.5765156250000001 0.5342291671875 0.57571875 0.5303541671875001 0.5738749999999999 0.5236458328125 0.56778125 0.5194166671875 0.564875 0.5183541671875 0.55984375 0.5183541671875 0.558265625 0.5190625 0.55640625 0.5204791671875 0.55403125 0.521875 0.553765625 0.5232916671875001 0.55296875 0.5268333328125 0.55190625 0.532125 0.5524375 0.5356458328125 0.555875 0.5427083328125 0.5566718749999999 0.5427083328125 0.560640625 0.5430625
3 0.6361875 0.487375 0.635359375 0.47443749999999996 0.630625 0.4706041671875 0.627734375 0.4697708328125 0.622578125 0.47912499999999997 0.62278125 0.4851666671875 0.622578125 0.48764583281249996 0.62546875 0.49341666718750005 0.6289687500000001 0.4961666671875 0.6335 0.49012500000000003 0.6361875 0.487375
3 0.637984375 0.48733333281249996 0.633796875 0.49083333281249997 0.640609375 0.4924583328125 0.642 0.4945416671875 0.643046875 0.4957083328125 0.643234375 0.4989791671875 0.648109375 0.4989791671875 0.648296875 0.49735416718750003 0.648109375 0.49431250000000004 0.65003125 0.48804166718750003 0.6514375 0.4840833328125 0.653875 0.4794166671875 0.65596875 0.4770833328125 0.655453125 0.4756875 0.65021875 0.46987500000000004 0.64496875 0.4689375 0.640953125 0.47127083281250004 0.63571875 0.47522916718749997 0.6365937500000001 0.47545833281250005 0.639390625 0.4810416671875 0.637984375 0.48733333281249996
3 0.58175 0.5136875 0.583 0.5132708328125 0.586125 0.5095208328124999 0.5908125 0.5074375 0.5939375 0.5066041671875 0.5936250000000001 0.5020208328125 0.593 0.4978541671875 0.591125 0.49535416718749997 0.5886250000000001 0.4932708328125 0.58175 0.4911875 0.579875 0.4916041671875 0.576125 0.4999375 0.577375 0.5028541671875 0.5795625 0.5078541671875 0.58175 0.5136875
3 0.597421875 0.4876875 0.59475 0.48643749999999997 0.5936874999999999 0.4843333328125 0.5875781250000001 0.48531250000000004 0.586203125 0.49008333281249994 0.591375 0.49233333281249997 0.595375 0.499375 0.596640625 0.5047083328124999 0.597046875 0.5045208328124999 0.600359375 0.5011875 0.601953125 0.4997708328125 0.6021093750000001 0.48960416718750005 0.597421875 0.4876875
3 0.539078125 0.5121875 0.543953125 0.5145208328125 0.54821875 0.522875 0.55009375 0.520875 0.55059375 0.5153541671874999 0.55034375 0.5101875 0.54921875 0.5031875 0.54759375 0.5011875 0.5423281249999999 0.5013541671875 0.537203125 0.5021875 0.5330625 0.5056875 0.5304375 0.5110208328125 0.5294375 0.5126875 0.534578125 0.5115208328125 0.539078125 0.5121875
3 0.617578125 0.5267916671874999 0.61240625 0.5333125 0.613265625 0.5386666671875 0.617296875 0.5444166671875 0.623046875 0.5494166671875 0.6279375 0.5524791671875 0.633390625 0.5474791671875 0.637703125 0.5390625 0.6348281250000001 0.5302291671875 0.63109375 0.5267916671874999 0.62246875 0.524875 0.617578125 0.5267916671874999
3 0.537578125 0.5384791671875 0.54196875 0.5303541671875001 0.5475625 0.5261458328125 0.5478125 0.5199583328124999 0.5426875 0.5137916671875 0.53709375 0.5121666671875 0.5305156249999999 0.5131458328125 0.5300312500000001 0.5128333328125 0.526140625 0.5219166671875 0.526140625 0.5306875 0.530765625 0.5387916671874999 0.537578125 0.5384791671875
3 0.509375 0.5166666671875 0.509375 0.5291666671875 0.5234375 0.55625 0.528125 0.5625 0.5484375 0.5645833328125 0.5546875 0.575 0.559375 0.575 0.5625 0.5791666671875 0.575 0.5791666671875 0.584375 0.575 0.6171875 0.575 0.6296875 0.5583333328125 0.6359375 0.5625 0.6453125 0.5625 0.6515625 0.5520833328125 0.659375 0.5520833328125 0.6640625 0.54375 0.6640625 0.5354166671875 0.6609375 0.5291666671875 0.65625 0.53125 0.6484375 0.5229166671875001 0.6484375 0.49583333281249997 0.653125 0.475 0.675 0.475 0.6796875 0.46666666718750005 0.68125 0.45208333281249996 0.6765625 0.43125 0.66875 0.425 0.6625 0.425 0.65625 0.43333333281249997 0.6359375 0.43541666718750005 0.625 0.4479166671875 0.6140625 0.4458333328125 0.6078125 0.45208333281249996 0.60625 0.475 0.59375 0.48333333281249996 0.5953125 0.4875 0.5921875 0.49583333281249997 0.5796875 0.49375 0.578125 0.4875 0.559375 0.4916666671875 0.5484375 0.48333333281249996 0.5515625 0.46875 0.5578125 0.46875 0.5671875 0.4625 0.5640625 0.45625 0.528125 0.45416666718750004 0.525 0.4583333328125 0.5015625 0.4625 0.496875 0.46666666718750005 0.4921875 0.4791666671875 0.49375 0.5041666671875 0.5015625 0.5145833328125 0.509375 0.5166666671875