1 0.477328125 0.6839812640625 0.5134531250000001 0.6647540984375 0.5367656249999999 0.6298126468749999 0.5565781249999999 0.6018501171875 0.55309375 0.5634192031249999 0.54609375 0.5686651046875 0.512296875 0.5808899296875001 0.457515625 0.61932084375 0.417875 0.6437939109374999 0.403890625 0.6734894609375 0.40856250000000005 0.6857142859375001 0.4376875 0.69969555 0.477328125 0.6839812640625
1 0.8959843749999999 0.6397189703125 0.904609375 0.6401639343750001 0.921859375 0.6432786890625 0.93196875 0.6428337234375 0.94178125 0.6392740046875 0.94803125 0.6361358312500001 0.9521875 0.6330210765625 0.9536875 0.6303512875 0.950109375 0.6232084312499999 0.94625 0.6205386421875 0.937921875 0.613419203125 0.92690625 0.6071662765625 0.907875 0.6031615921875 0.8995468750000001 0.602716628125 0.89240625 0.604051521875 0.8855625 0.6044964875 0.879921875 0.606276346875 0.8739687500000001 0.60805620625 0.865046875 0.611615925 0.8590937500000001 0.6098360656249999 0.85434375 0.60805620625 0.85375 0.6107259953125 0.85434375 0.6165339578125 0.85553125 0.6218735359374999 0.8590937500000001 0.628571428125 0.859984375 0.6294613578125 0.8585 0.6272365343749999 0.862671875 0.6303512875 0.872484375 0.636580796875 0.8834843749999999 0.6392740046875 0.8959843749999999 0.6397189703125
1 0.55159375 0.7707259953125 0.548171875 0.7768852453124999 0.544078125 0.7891803281249999 0.546125 0.8014519906249999 0.5488593749999999 0.8158079624999999 0.554328125 0.8239812640625 0.557734375 0.8291100703125001 0.5659375 0.8311709609375001 0.588484375 0.8270725999999999 0.609671875 0.818875878125 0.62196875 0.804543325 0.62675 0.7942857140624999 0.629484375 0.78608899375 0.62675 0.7799531609375 0.6171875 0.7768852453124999 0.609671875 0.7707259953125 0.604203125 0.7574238875 0.600109375 0.74615925 0.595328125 0.738992975 0.596 0.7410304453125 0.5864375 0.74512880625 0.57140625 0.7512646375 0.559109375 0.7635597187500001 0.55159375 0.7707259953125
1 0.613328125 0.9049414515624999 0.649234375 0.895971896875 0.661203125 0.8645667453125 0.689625 0.8870023421875001 0.709078125 0.8668149890624999 0.7075781250000001 0.8174941453125 0.67915625 0.7883372359374999 0.661203125 0.7726463703124999 0.64175 0.7748946140624999 0.629796875 0.78386416875 0.6267968749999999 0.8219672125 0.605859375 0.8623419203125 0.602859375 0.8870023421875001 0.613328125 0.9049414515624999
1 0.74646875 0.71290398125 0.7210468750000001 0.6859953156249999 0.691125 0.7016861828125001 0.6686875 0.730819671875 0.6851406250000001 0.762224825 0.704578125 0.7666978921875 0.731515625 0.751007025 0.74646875 0.71290398125
1 0.791515625 0.8770257609375 0.7945 0.8636533953125 0.78359375 0.8354332546875 0.76475 0.817587821875 0.728078125 0.78194379375 0.706265625 0.7640983609374999 0.6854375 0.7640983609374999 0.6695781249999999 0.7581498828125001 0.6656093750000001 0.7596487125 0.673546875 0.7789695546875001 0.70428125 0.8265105390624999 0.728078125 0.8651522249999999 0.774671875 0.8814988296875 0.791515625 0.8770257609375
1 0.744328125 0.7014988296875 0.757796875 0.700444965625 0.79184375 0.6632318500000001 0.79396875 0.62391100625 0.769859375 0.6207259953125 0.6783750000000001 0.6929976578125 0.664890625 0.7110772828124999 0.667734375 0.7270023421875 0.706734375 0.689812646875 0.7351093750000001 0.6908665109375 0.744328125 0.7014988296875
1 0.6691874999999999 0.731803278125 0.6662656250000001 0.722224825 0.6622656250000001 0.7150117093749999 0.65453125 0.70901639375 0.64653125 0.7070257609375 0.6326562499999999 0.7062295078124999 0.620921875 0.7078220140625 0.612390625 0.71421545625 0.6057187500000001 0.7230210765625 0.597453125 0.7354098359375 0.596390625 0.739812646875 0.600390625 0.748992975 0.61025 0.7677751749999999 0.62171875 0.780163934375 0.648921875 0.7829742390625001 0.662796875 0.773372365625 0.668390625 0.7661826703125 0.6702656250000001 0.7577985953125 0.6710625 0.7454098359375 0.6691874999999999 0.731803278125
1 0.19815624999999998 0.5936065578124999 0.19553125 0.5793442625 0.18765625 0.5670257609375 0.17779687500000002 0.5645667453125001 0.169921875 0.5754098359375 0.153828125 0.57836065625 0.13740625 0.588688525 0.14234375 0.5965573765625 0.156125 0.608852459375 0.17385937499999998 0.6103512875 0.190609375 0.6068852453125 0.19815624999999998 0.5936065578124999
1 0.575109375 0.60936768125 0.61159375 0.7031147546875001 0.6445937500000001 0.700515221875 0.6011562500000001 0.588548009375 0.575109375 0.60936768125
1 0.48726562500000004 0.68451990625 0.48067187499999997 0.6821779859375 0.46415625 0.68836065625 0.46399999999999997 0.69323185 0.469984375 0.69709601875 0.469828125 0.704379390625 0.47145312500000003 0.7070491796875 0.478078125 0.7150585484375 0.48035937500000003 0.7264636999999999 0.488765625 0.7393208437500001 0.503296875 0.7528805625 0.5290468749999999 0.7701170953124999 0.5483125 0.7766744734375 0.553984375 0.7691334890625 0.563703125 0.7603981265625 0.5853906249999999 0.749484778125 0.5921875 0.7436533953125 0.60009375 0.7309601875 0.5865 0.72325526875 0.559609375 0.706955503125 0.520640625 0.688384075 0.502515625 0.683395784375 0.502625 0.68320843125 0.497765625 0.6826932078125 0.48726562500000004 0.68451990625