2 0.5682343750000001 0.5148541671875 0.58303125 0.5112083328125 0.592359375 0.5031666671874999 0.59509375 0.48635416718749996 0.5918125 0.46587500000000004 0.584125 0.456375 0.5578125 0.46002083281250006 0.545203125 0.4731875 0.54575 0.5002291671875 0.557265625 0.5119374999999999 0.5682343750000001 0.5148541671875
2 0.830015625 0.6153333328125 0.818546875 0.6066041671875 0.800921875 0.6087708328125 0.796828125 0.6344583328125 0.80584375 0.656875 0.8210000000000001 0.6481250000000001 0.83084375 0.6257291671874999 0.830015625 0.6153333328125
2 0.7045625 0.7187708328125 0.7148125000000001 0.7302500000000001 0.7193125 0.7242291671875 0.73284375 0.7072916671875 0.7307812499999999 0.6985625 0.7209531250000001 0.6865416671875 0.711125 0.6914583328125 0.695546875 0.7051041671875 0.69021875 0.7045625 0.69678125 0.7138541671875 0.7045625 0.7187708328125
2 0.253359375 0.6294791671875 0.2648125 0.6336458328125001 0.269671875 0.621625 0.27003125 0.6045 0.266546875 0.5892291671875001 0.262734375 0.5744166671875 0.25684375 0.5730416671875 0.252671875 0.5753541671875 0.251625 0.5767291671875 0.24434375 0.5799791671875 0.24156249999999999 0.5896874999999999 0.24503124999999998 0.6095833328125 0.253359375 0.6294791671875
2 0.711328125 0.3362083328125 0.7143125 0.3317708328125 0.7153125 0.3220208328125 0.71465625 0.3220208328125 0.712984375 0.32156250000000003 0.695671875 0.3233541671875 0.6750468749999999 0.3273333328125 0.672375 0.3286666671875 0.678703125 0.3313333328125 0.6793750000000001 0.3317708328125 0.686359375 0.3393333328125 0.6946875 0.3397708328125 0.7053281250000001 0.3397708328125 0.711328125 0.3362083328125
2 0.5944375 0.5656041671875001 0.609171875 0.5715 0.612484375 0.5582499999999999 0.6146874999999999 0.5263333328125 0.61028125 0.5189791671874999 0.590765625 0.5165208328124999 0.5778749999999999 0.5484375 0.575671875 0.5528541671875 0.585234375 0.5562916671875 0.5944375 0.5656041671875001
2 0.39432812500000003 0.7088125 0.380140625 0.7498125 0.3813125 0.7529583328125 0.423890625 0.7608541671875 0.42507812500000003 0.7324583328125 0.40260937500000005 0.7072291671875 0.39432812500000003 0.7088125
2 0.303640625 0.5042291671875 0.303640625 0.49225 0.29078125 0.4871041671875 0.27921874999999996 0.4871041671875 0.27021875 0.5282291671875 0.2805 0.5367916671875 0.2920625 0.5385208328125 0.2985 0.5282291671875 0.303640625 0.5042291671875
2 0.781625 0.5993333328125 0.784578125 0.5855625 0.786046875 0.5752291671875 0.784203125 0.5693125 0.776828125 0.5670208328124999 0.7698125 0.5719375 0.76390625 0.5798125 0.7583593750000001 0.5867083328125 0.75578125 0.5931041671874999 0.75615625 0.5985208328125 0.7572656249999999 0.6053958328125 0.7620625000000001 0.6127916671875 0.765015625 0.6167291671874999 0.772765625 0.6196666671875 0.778671875 0.6206666671875001 0.77940625 0.6214791671875 0.77940625 0.6072083328125 0.781625 0.5993333328125
2 0.40921874999999996 0.24987499999999999 0.4064375 0.251125 0.39904687499999997 0.2597291671875 0.398125 0.2696041671875 0.398125 0.2732916671875 0.40737500000000004 0.29300000000000004 0.408296875 0.3003958328125 0.43139062499999997 0.2880625 0.44525 0.2609791671875 0.426765625 0.2474166671875 0.40921874999999996 0.24987499999999999
2 0.334421875 0.3173541671875 0.3070625 0.3457083328125 0.30828125 0.3708541671875 0.321046875 0.3992083328125 0.33503125 0.4219166671875 0.3520625 0.4340625 0.335640625 0.4178541671875 0.358140625 0.4316458328125 0.391578125 0.3684166671875 0.363 0.3197708328125 0.334421875 0.3173541671875