2 0.07415625 0.8179791671875 0.094375 0.7752708328125 0.057296875000000004 0.7573125 0.0016875000000000002 0.7460625000000001 0 0.8202291671875 0.07415625 0.8179791671875
2 0.13434375 0.7564583328125 0.112078125 0.7635833328125 0.10004687500000001 0.7665625 0.060406249999999995 0.8764166671875 0.043937500000000004 0.9387708328125 0.043484375 0.9975625000000001 0.097828125 1 0.101828125 0.9963749999999999 0.10628125 0.9690416671875001 0.13568750000000002 0.8853125000000001 0.14103125 0.87225 0.158390625 0.812875 0.1641875 0.7903125 0.16017187500000002 0.7784375 0.1539375 0.76775 0.13434375 0.7564583328125
2 0.3698125 0.6041458328125 0.352734375 0.5931875 0.3375625 0.6007708328125 0.32871875 0.621 0.335046875 0.6505 0.3698125 0.6724166671875 0.404578125 0.67325 0.412796875 0.6614583328125 0.399515625 0.6361666671874999 0.3698125 0.6041458328125
2 0.302234375 0.2540208328125 0.282671875 0.2560833328125 0.23171875000000003 0.3055 0.277015625 0.3247291671875 0.3135625 0.2821666671875 0.31665625 0.2643125 0.313046875 0.2567708328125 0.302234375 0.2540208328125
2 0.16793750000000002 0.5359166671875 0.193046875 0.5327708328125 0.193046875 0.5277083328125001 0.18878124999999998 0.4860208328125 0.177890625 0.4835 0.154203125 0.5037083328125 0.16793750000000002 0.5359166671875
2 0.752921875 0.2910833328125 0.758859375 0.28091666718749997 0.7597031249999999 0.2673333328125 0.7597031249999999 0.26168749999999996 0.7520625 0.25264583281249997 0.746984375 0.2515208328125 0.7249375 0.2628125 0.71390625 0.2673333328125 0.702046875 0.27977083281250004 0.704578125 0.2854375 0.714765625 0.30804166718750003 0.721546875 0.30804166718750003 0.735953125 0.30125 0.752921875 0.2910833328125
2 0.309375 0.9098124999999999 0.300484375 0.9208333328125 0.31128125 0.9199791671875 0.317640625 0.9437083328125 0.322078125 0.953875 0.330984375 0.9682708328125 0.34559375000000003 0.9725208328124999 0.35957812499999997 0.9623541671875 0.3665625 0.94625 0.348765625 0.9089791671875 0.316359375 0.8572916671874999 0.306203125 0.8589791671875 0.3055625 0.8674583328125 0.309375 0.9098124999999999
2 0.591421875 0.7794791671875 0.596515625 0.7972708328125 0.604140625 0.8065833328125 0.6270156250000001 0.8235208328124999 0.63590625 0.8116666671875 0.667671875 0.8387708328124999 0.6950000000000001 0.8192916671875 0.69690625 0.8015000000000001 0.696265625 0.7887916671874999 0.679109375 0.7718541671875 0.6543281249999999 0.7684583328125 0.611125 0.7574375 0.607953125 0.7693125000000001 0.5901562499999999 0.7760833328125 0.591421875 0.7794791671875
2 0.10909374999999999 0.9420624999999999 0.11103125 0.9784375000000001 0.142203125 0.9628333328125 0.136359375 0.9758333328125 0.20259375 0.8953125 0.1948125 0.8589375 0.13246875 0.877125 0.10909374999999999 0.9420624999999999
2 0.776265625 0.2385 0.763953125 0.22135416718749998 0.7566875 0.2206041671875 0.7035312499999999 0.2302916671875 0.6979375 0.24595833281249999 0.6990624999999999 0.2593958328125 0.701859375 0.2683333328125 0.713609375 0.2675833328125 0.741015625 0.2534166671875 0.7566875 0.2586458328125 0.769546875 0.2541666671875 0.776265625 0.2385
2 0.379875 0.7636458328125 0.38765625 0.7948125 0.4149375 0.8259791671875 0.42857812500000003 0.8467499999999999 0.42857812500000003 0.7740208328125 0.40909375 0.7558541671875 0.379875 0.7636458328125
2 0.043 1 0.043671875 0.9385625 0.0013281249999999999 0.9326874999999999 0.000984375 0.9362916671875 0.0003125 0.9995208328125 0.043 1
2 0.5051249999999999 0.9316875 0.53190625 0.9264791671875001 0.5363749999999999 0.92275 0.49006249999999996 0.8751458328125 0.465515625 0.86175 0.44542187499999997 0.8625 0.43370312499999997 0.8811041671875 0.44375 0.9160625 0.457703125 0.940625 0.5051249999999999 0.9316875
2 0.3140625 0.3125 0.31875 0.3 0.3234375 0.29375 0.3390625 0.29375 0.34375 0.2854166671875 0.514592634375 0.26294642968750004 0.759375 0.25833333281250004 0.7578125 0.2833333328125 0.7515625 0.29375 0.7453125 0.2958333328125 0.7484375 0.3020833328125 0.7609375 0.3020833328125 0.7703125 0.2916666671875 0.778125 0.2916666671875 0.7828125 0.2833333328125 0.7828125 0.27291666718749996 0.7734375 0.2520833328125 0.5066964281249999 0.2630952375 0.34877232187499996 0.2660714296875 0.34375 0.275 0.34087611562500003 0.2662202375 0.334375 0.2604166671875 0.3329799109375 0.2663690484375 0.32508370468750003 0.26651785625 0.321875 0.2604166671875 0.3122321421875 0.2749404765625 0.3140625 0.2833333328125 0.30727678593749996 0.28321428593750003 0.30807291718749996 0.2902777765625 0.302321428125 0.2914880953125 0.3020833328125 0.29722222343750004 0.297366071875 0.2997619046875 0.29609375 0.30416666718749996 0.2874553578125 0.3163095234375 0.2841145828125 0.31805555625 0.28250000000000003 0.32458333281249996 0.278125 0.325 0.27754464218749997 0.33285714375 0.2428571421875 0.39077381093749997 0.278125 0.3333333328125 0.3 0.35625 0.3140625 0.35625 0.31875 0.3479166671875 0.31875 0.3291666671875 0.3140625 0.3125
2 0.21875 0.5541666671875001 0.2171875 0.54375 0.2125 0.5354166671875 0.2125 0.5270833328125 0.21875 0.5166666671875 0.225 0.5166666671875 0.2296875 0.5083333328124999 0.240625 0.43958333281249995 0.24375 0.43333333281249997 0.24375 0.425 0.2390625 0.4166666671875 0.2428571421875 0.39077381093749997 0.232946428125 0.4073214296875 0.23072916718749997 0.41597222343749995 0.2140625 0.4145833328125 0.203125 0.42083333281249996 0.1875 0.44166666718750003 0.1859375 0.4635416671875 0.19825892812499998 0.46523809531250004 0.193303571875 0.4735119046875 0.18515625 0.47447916718750005 0.1883482140625 0.4817857140625 0.184375 0.48541666718750004 0.1833928578125 0.49005952343750003 0.163571428125 0.5231547625 0.16640625 0.5322916671875 0.165625 0.5375 0.158616071875 0.5314285703125 0.15625 0.5416666671875 0.15366071406249998 0.5397023812499999 0.15 0.5489583328125 0.1487053578125 0.5479761890625 0.14375 0.55625 0.1421875 0.575 0.15 0.5833333328125 0.165625 0.5833333328125 0.178125 0.5729166671875 0.2140625 0.5708333328124999 0.2171875 0.5666666671875 0.21875 0.5541666671875001