2 0.520015625 0.5758281249999999 0.51753125 0.5849375 0.543203125 0.5841093749999999 0.56721875 0.57665625 0.5812968749999999 0.5716875 0.5879218749999999 0.55925 0.59953125 0.5435156250000001 0.5937187500000001 0.535234375 0.589578125 0.51784375 0.582953125 0.5029375 0.5705312499999999 0.493828125 0.54403125 0.5095625 0.541546875 0.5228125 0.526640625 0.525296875 0.5125625 0.533578125 0.51753125 0.5435156250000001 0.526640625 0.5542812500000001 0.520015625 0.5758281249999999
2 0.44349999999999995 0.367046875 0.47190624999999997 0.42125 0.52546875 0.38125 0.489328125 0.33090625 0.44349999999999995 0.367046875
2 0.32034375000000004 0.40759375000000003 0.314078125 0.42639062499999997 0.31634375000000003 0.4451875 0.3334375 0.459421875 0.347109375 0.4605625 0.35621875 0.44746874999999997 0.364203125 0.438921875 0.364203125 0.42467187500000003 0.364203125 0.41898437499999996 0.364765625 0.408734375 0.355078125 0.369421875 0.352234375 0.367140625 0.337421875 0.37910937499999997 0.32034375000000004 0.40759375000000003
2 0.76909375 0.38656250000000003 0.7970625 0.359921875 0.787734375 0.325296875 0.774421875 0.32796875000000003 0.75578125 0.33995312499999997 0.729140625 0.36124999999999996 0.7278125 0.36124999999999996 0.739796875 0.409203125 0.76909375 0.38656250000000003
2 0.691265625 0.8812031250000001 0.695796875 0.8585625 0.675875 0.8105625 0.6541406249999999 0.81871875 0.64734375 0.8481562500000001 0.665453125 0.8952500000000001 0.691265625 0.8812031250000001
2 0.4519375 0.8968125 0.46078125 0.891765625 0.502453125 0.870921875 0.511296875 0.8563906250000001 0.48667187500000003 0.8185 0.47971874999999997 0.819125 0.422875 0.8551249999999999 0.420359375 0.861453125 0.43740625 0.898078125 0.4519375 0.8968125
2 0.384515625 0.7845156249999999 0.399703125 0.78715625 0.412234375 0.7660312499999999 0.42478125 0.73303125 0.415546875 0.72378125 0.41751562499999995 0.708609375 0.410921875 0.698046875 0.39903125 0.68153125 0.3878125 0.70134375 0.373953125 0.708609375 0.368671875 0.709265625 0.364046875 0.714546875 0.35084375 0.7429218750000001 0.3666875 0.7482031250000001 0.379234375 0.768015625 0.384515625 0.7845156249999999
2 0.35975 0.609671875 0.380171875 0.6205 0.41475 0.63175 0.41600000000000004 0.6271718749999999 0.426828125 0.6054999999999999 0.43975 0.573421875 0.427671875 0.5667500000000001 0.42517187500000003 0.577171875 0.42142187499999995 0.59925 0.41475 0.600078125 0.37975 0.598828125 0.376421875 0.593421875 0.37307812500000004 0.5763281250000001 0.371828125 0.57675 0.356828125 0.606328125 0.35975 0.609671875
2 0.68571875 0.3350625 0.677921875 0.35584375 0.6883125 0.37403125 0.703890625 0.37403125 0.7065 0.40259375000000003 0.73246875 0.366234375 0.7246718750000001 0.3350625 0.68571875 0.3350625
2 0.691875 0.26559374999999996 0.672953125 0.2750625 0.658765625 0.30028125 0.66190625 0.3239375 0.671375 0.34759375000000003 0.67925 0.352328125 0.687140625 0.346015625 0.710796875 0.339703125 0.713953125 0.297140625 0.6981875 0.2624375 0.691875 0.26559374999999996
2 0.6649375 0.766234375 0.66234375 0.8 0.683109375 0.8129843749999999 0.696109375 0.7454531249999999 0.68571875 0.748046875 0.6649375 0.766234375
2 0.787015625 0.2883125 0.792203125 0.319484375 0.8311718750000001 0.3065 0.8337656250000001 0.27532812500000003 0.79740625 0.26753125 0.787015625 0.2883125
2 0.3 0.625 0.3046875 0.6421875 0.3125 0.6578125 0.31875 0.6625 0.3328125 0.6609375 0.3390625 0.6546875 0.340625 0.6484375 0.3375 0.6359375 0.3421875 0.63125 0.353125 0.63125 0.3625 0.6234375 0.3640625 0.6125 0.3578125 0.6078125 0.3625 0.5890625 0.3546875 0.58125 0.35550986875 0.580016446875 0.4328125 0.5578125 0.43125 0.56875 0.4390625 0.5734375 0.4390625 0.5765625 0.43125 0.5953125 0.43125 0.6015625 0.4375 0.60625 0.4279296875 0.6275390625 0.429625 0.6291249999999999 0.4252604171875 0.63515625 0.42699999999999994 0.6367499999999999 0.42259114531249997 0.6427734375 0.42437500000000006 0.6443749999999999 0.419921875 0.650390625 0.42175 0.6519999999999999 0.41725260468750003 0.6580078125 0.419125 0.659625 0.4145833328125 0.665625 0.4165 0.66725 0.4119140625 0.6732421875 0.413875 0.674875 0.40924479218750004 0.680859375 0.41125 0.6825 0.4065755203125 0.6884765625 0.40862499999999996 0.690125 0.40390625 0.69609375 0.40599999999999997 0.69775 0.40123697968750005 0.7037109375 0.40337500000000004 0.705375 0.3985677078125 0.711328125 0.40075000000000005 0.713 0.3958984375 0.7189453125 0.398125 0.720625 0.3932291671875 0.7265625 0.3955 0.72825 0.3905598953125 0.7341796875 0.392875 0.735875 0.387890625 0.741796875 0.39025 0.7434999999999999 0.38522135468749996 0.7494140625 0.387625 0.751125 0.3825520828125 0.75703125 0.385 0.75875 0.3798828125 0.7646484375 0.382375 0.766375 0.3772135421875 0.772265625 0.38125 0.7765625 0.37454427031250004 0.7798828125 0.371875 0.7875 0.3745 0.78925 0.371875 0.796875 0.375 0.803125 0.38125 0.8078125 0.3890625 0.8078125 0.4015625 0.821875 0.4125 0.821875 0.421875 0.8140625 0.4234375 0.803125 0.41875 0.7921875 0.421875 0.7890625 0.425 0.778125 0.4328125 0.771875 0.434375 0.765625 0.43125 0.753125 0.425 0.7484375 0.4421875 0.60625 0.4484375 0.60625 0.4578125 0.5984375 0.459375 0.584375 0.465625 0.575 0.4875 0.5734375 0.49375 0.56875 0.5046875 0.56875 0.5140625 0.5609375 0.515625 0.55 0.5125 0.5421875 0.50625 0.5359375 0.5171875 0.5265625 0.5203125 0.50625 0.528125 0.5 0.5296875 0.4890625 0.6255266859375 0.468082865625 0.63737710625 0.53744733125 0.64550189375 0.533617425 0.64431818125 0.5414772734375 0.6386938203125 0.5451544937499999 0.6431344703125 0.5493371218750001 0.6386202703125 0.55406 0.641327246875 0.5605688203125 0.6385467203124999 0.5629655046875001 0.6426439609375 0.5682759828124999 0.6384731703125001 0.571871009375 0.6439606734375001 0.5759831453125 0.638399621875 0.580776515625 0.6452773875 0.583690309375 0.6479108140625 0.599104634375 0.636032196875 0.5964962125 0.6265625 0.659375 0.6171875 0.6625 0.6125 0.6671875 0.6109375 0.68125 0.615625 0.6890625 0.63125 0.6984375 0.6421875 0.6984375 0.659375 0.7375 0.6515625 0.74375 0.6421875 0.7609375 0.634375 0.765625 0.628125 0.775 0.61875 0.7828125 0.6171875 0.796875 0.6078125 0.7984375 0.6 0.8046875 0.5984375 0.81875 0.6015625 0.825 0.6078125 0.8296875 0.61875 0.8296875 0.6265625 0.8265625 0.6328125 0.83125 0.64375 0.83125 0.653125 0.8234375 0.6546875 0.81875 0.6640625 0.815625 0.66875 0.80625 0.67734375 0.80703125 0.6838541671875 0.8296875 0.6923611109375 0.8686197921875 0.696875 0.875 0.69375 0.8765625 0.6875 0.884375 0.671875 0.89375 0.6703125 0.9078125 0.6734375 0.9140625 0.6796875 0.91875 0.690625 0.91875 0.7 0.9109375 0.7015625 0.90625 0.7109375 0.9046875 0.7171875 0.8984375 0.71875 0.8921875 0.7171875 0.8828125 0.7125 0.8765625 0.703125 0.8734375 0.6947048609375 0.8674479171874999 0.6895833328125 0.852734375 0.6903645828125 0.85234375 0.6881944437499999 0.8447916671875 0.6888884015625 0.8413316359375 0.68602430625 0.8372395828125001 0.68741221875 0.830319521875 0.683462078125 0.807198034375 0.6890625 0.7984375 0.6953125 0.7984375 0.7 0.7921875 0.696875 0.7744791671875 0.6984375 0.7703125 0.6953125 0.7661458328124999 0.703125 0.759375 0.7046875 0.75 0.7775219296875 0.7530701750000001 0.7765625 0.7609375 0.7801470593750001 0.762867646875 0.7765625 0.7703125 0.7796875 0.7765625 0.7859375 0.78125 0.809375 0.7796875 0.815625 0.7734375 0.81875 0.7625 0.825 0.7625 0.834375 0.7546875 0.8359375 0.7484375 0.84375 0.7421875 0.85 0.7296875 0.8515625 0.71875 0.8421875 0.6921875 0.8296875 0.6859375 0.8171875 0.6921875 0.815992646875 0.6884191171875 0.8375 0.64375 0.8515625 0.6421875 0.8578125 0.6359375 0.859375 0.6296875 0.8578125 0.6203125 0.853125 0.6140625 0.84375 0.6109375 0.834375 0.6140625 0.8265625 0.60625 0.828125 0.5953125 0.821875 0.584375 0.8300632374999999 0.3850215515625 0.8226151312500001 0.3833059203125 0.8303907671875 0.37704741406250003 0.8235745609375 0.375438596875 0.830718296875 0.3690732765625 0.8245339906250001 0.367571271875 0.831045825 0.3610991375 0.8254934203125 0.35970394687499996 0.8313733546875 0.353125 0.8259320171875 0.35105537343750004 0.8316611843749999 0.3453125 0.82741228125 0.3439692984375 0.8263706140625 0.3424067984375 0.8319490125 0.3375 0.8283717109375001 0.33610197343750003 0.8268092109375 0.3337582234375 0.8322368421874999 0.3296875 0.829331140625 0.3282346484375 0.8272478062499999 0.3251096484375 0.8325246703125 0.321875 0.827686403125 0.316461075 0.83125 0.3125 0.846875 0.3125 0.853125 0.30625 0.8546875 0.2953125 0.8484375 0.284375 0.8453125 0.2703125 0.8390625 0.265625 0.834375 0.265625 0.834375 0.25625 0.828125 0.2453125 0.81875 0.2421875 0.8125 0.24375 0.8046875 0.25 0.803125 0.2546875 0.6404166671875 0.1951041671875 0.6328125 0.19375 0.6359375 0.1859375 0.6359375 0.178125 0.6328125 0.171875 0.6359375 0.1546875 0.628125 0.14375 0.6203125 0.140625 0.609375 0.14375 0.596875 0.14375 0.590625 0.1484375 0.584375 0.1651041671875 0.576875 0.16640625 0.559375 0.13828125 0.559375 0.1359375 0.5549999999999999 0.13125 0.565625 0.1296875 0.5671875 0.115625 0.5734375 0.0984375 0.5703125 0.0859375 0.5578125 0.0796875 0.5484375 0.0828125 0.54375 0.0875 0.5375 0.103125 0.541875 0.11015625 0.5357256359375 0.11083156718750001 0.5364583328125 0.11875 0.533951271875 0.1185381359375 0.5359375 0.1265625 0.5321769062499999 0.126244703125 0.436361228125 0.5423993640625 0.4421875 0.546875 0.43458686406249997 0.5501059328125 0.434375 0.553125 0.3477796046875 0.5822368421874999 0.34609375 0.58125 0.3400493421875 0.5844572375 0.3375 0.58125 0.3323190796875 0.5866776312499999 0.32890625 0.58125 0.3203125 0.58125 0.3125 0.5875 0.3109375 0.5921875 0.3091282890625 0.593338815625 0.30234375 0.59296875 0.3013980265625 0.5955592109375 0.29375 0.59375 0.29366776250000004 0.5977796046875 0.2859375 0.6 0.284375 0.6140625 0.2875 0.6203125 0.29375 0.625 0.3 0.625