1 0.8981875 0.6992205328125001 0.90953125 0.6831178703125 0.92653125 0.6716159703125 0.938828125 0.6681558937500001 0.94828125 0.6624144484375 0.95584375 0.66011406875 0.9643437499999999 0.6670152093749999 0.97946875 0.6589733843750001 0.998375 0.65207224375 0.996484375 0.6405703421875 0.9709687499999999 0.6060646390625 0.9303125 0.5853612171875 0.907640625 0.5830608359375 0.896296875 0.5899619765625 0.881171875 0.5934220531250001 0.873609375 0.5934220531250001 0.843359375 0.5968631171875 0.8405312500000001 0.5991634984374999 0.830125 0.6118060843750001 0.821625 0.6198669203125 0.821625 0.6279087453125001 0.821625 0.6428707218749999 0.8339062500000001 0.6831178703125 0.849984375 0.6796577953125 0.8764375 0.6969201515625 0.8755000000000001 0.6612547531249999 0.8981875 0.6992205328125001
1 0.79659375 0.6338403046875001 0.7904687499999999 0.6305133078125 0.775484375 0.62555133125 0.762546875 0.624714828125 0.754390625 0.6230608359375001 0.738734375 0.6321673 0.731921875 0.624714828125 0.72715625 0.6222433453125 0.72103125 0.6330038015625 0.713546875 0.6263878328125 0.70265625 0.624714828125 0.687671875 0.6330038015625 0.693125 0.6371482890625 0.704015625 0.6454372625 0.716265625 0.65619771875 0.728515625 0.65619771875 0.7339687500000001 0.6611596953125 0.744859375 0.6636501906250001 0.756421875 0.6653041828124999 0.763234375 0.683536121875 0.776171875 0.7009125468749999 0.78434375 0.711692015625 0.791828125 0.71749049375 0.79659375 0.711692015625 0.798625 0.70174905 0.8102031249999999 0.7000950578125 0.81225 0.690152090625 0.8136093750000001 0.6818631171875 0.823140625 0.67359315625 0.823140625 0.657015209375 0.8033906249999999 0.6354942968749999 0.79659375 0.6338403046875001
3 0.5684843749999999 0.3473193921875 0.56009375 0.3352281375 0.54515625 0.3299239546875 0.535515625 0.334087453125 0.5296093749999999 0.34391635 0.530859375 0.3556463875 0.5349062499999999 0.36359315625 0.54578125 0.3707794671875 0.5569843750000001 0.3719201515625 0.563203125 0.3688973390625 0.568796875 0.3613307984375 0.5684843749999999 0.3473193921875
3 0.48650000000000004 0.362566540625 0.4765 0.3693155890625 0.474828125 0.378098859375 0.4770625 0.395 0.47928125 0.403098859375 0.5059375 0.40243345937499997 0.511484375 0.397015209375 0.51315625 0.3787832703125 0.5081562500000001 0.37 0.495375 0.3618821296875 0.48650000000000004 0.362566540625
3 0.520921875 0.3729657796875 0.518046875 0.378212928125 0.518203125 0.3882889734375 0.5210781250000001 0.3987642578125 0.524265625 0.4001330796875 0.5265 0.39081749062500004 0.5314375 0.385380228125 0.5376562500000001 0.379942965625 0.541484375 0.377433459375 0.534 0.3657794671875 0.5265 0.366368821875 0.5279375 0.367338403125 0.5250625 0.3696577953125 0.520921875 0.3729657796875
3 0.514453125 0.37640684375 0.52496875 0.3656273765625 0.52996875 0.361577946875 0.5271874999999999 0.3420342203125 0.517765625 0.333954371875 0.506140625 0.3299049421875 0.49506249999999996 0.33933460000000004 0.49173437499999995 0.34743345937500003 0.49284375 0.3602281375 0.495609375 0.361577946875 0.50725 0.3669771859375 0.514453125 0.37640684375
0 0.50428125 0.528307984375 0.496875 0.5175095062499999 0.48429687499999996 0.5184030421875 0.46507812499999995 0.5229087453125 0.461375 0.5310076046875001 0.46284375000000005 0.548098859375 0.470984375 0.557110265625 0.47690625000000003 0.5588973390625 0.48578124999999994 0.5598098859375 0.498359375 0.5588973390625 0.500578125 0.5580038015625 0.50871875 0.5436121671875 0.50428125 0.528307984375
0 0.5175 0.55401140625 0.5254531250000001 0.5591634984375 0.53553125 0.5591634984375 0.5461406249999999 0.55401140625 0.5514375 0.5436882125 0.5546249999999999 0.5269011406249999 0.55196875 0.515285171875 0.538171875 0.5049619765625 0.5217343750000001 0.5049619765625 0.51378125 0.5107794671875 0.5100625 0.5346577953125 0.5121875 0.543041825 0.5175 0.55401140625
0 0.55309375 0.5195437265625 0.55309375 0.5231368828125 0.55309375 0.5258365015625001 0.552359375 0.52944866875 0.551625 0.5321482890625 0.551625 0.533041825 0.550875 0.5402471484375 0.551625 0.5528517109375 0.55975 0.5528517109375 0.570109375 0.5519391640625 0.57603125 0.551045628125 0.5915625 0.5501520906249999 0.59453125 0.547452471875 0.59453125 0.5384410640625 0.5937812499999999 0.521349809375 0.590078125 0.5096387828125 0.583421875 0.506045628125 0.5649375 0.5069391640625 0.552359375 0.512338403125 0.55309375 0.51684410625 0.55309375 0.5177376421875 0.55309375 0.5195437265625
0 0.63171875 0.54532319375 0.639203125 0.54532319375 0.639203125 0.5403422046874999 0.64125 0.528745246875 0.6419374999999999 0.5130228140625 0.629671875 0.49809885937500004 0.6160625 0.49809885937500004 0.60721875 0.49893536093749996 0.5935937499999999 0.5096958171875 0.5935937499999999 0.5188212921875001 0.5976874999999999 0.5486311781250001 0.608578125 0.5477946765625 0.61878125 0.54532319375 0.63171875 0.54532319375
0 0.46167187500000006 0.55271863125 0.4699375 0.554733840625 0.50134375 0.5557414453125 0.509203125 0.5381368828124999 0.51084375 0.5411596953125 0.5199374999999999 0.5557414453125 0.593921875 0.5512167296875 0.629046875 0.5466920156249999 0.641859375 0.540152090625 0.657140625 0.5502091250000001 0.68359375 0.5406654 0.6988749999999999 0.548707225 0.719953125 0.53663498125 0.719953125 0.506463878125 0.7055 0.49741444843749993 0.70384375 0.494391634375 0.705078125 0.47528517187499997 0.700125 0.455171103125 0.68153125 0.4456273765625 0.67615625 0.4400950578125 0.6724375 0.42047528593749994 0.656734375 0.40690114062499994 0.65796875 0.39534220468750003 0.65425 0.373212928125 0.63565625 0.36568441093750004 0.6133437500000001 0.3797528515625 0.6079687500000001 0.38076045625 0.5835781250000001 0.3722053234375 0.564984375 0.385285171875 0.555890625 0.381254753125 0.54225 0.38076045625 0.527796875 0.3903041828125 0.5236562499999999 0.41243345937500003 0.507671875 0.42268060781249994 0.49678125 0.4479657796875 0.494796875 0.47085551406250004 0.48392187499999995 0.4841064640625 0.46709375 0.5045627374999999 0.46539062500000006 0.5079657796875 0.459609375 0.5331178703125 0.46167187500000006 0.55271863125
0 0.961578125 0.51596958125 0.9680156249999999 0.505209125 0.9672031249999999 0.4856463875 0.953546875 0.47587452499999994 0.9438906250000001 0.47488593124999995 0.944703125 0.47000000000000003 0.9438906250000001 0.45532319374999997 0.9406874999999999 0.44163498125 0.9302343750000001 0.434790875 0.9205781249999999 0.43576045625 0.9213906250000001 0.430874525 0.9213906250000001 0.4211026609375 0.91896875 0.41423954375000005 0.9109375 0.40446768125 0.90209375 0.40055133125 0.892453125 0.3995817484375 0.894859375 0.3907794671875 0.894859375 0.38098859375 0.889234375 0.3692585546875 0.86109375 0.36730037968749996 0.85465625 0.3761026609375 0.847421875 0.36631178750000004 0.8233124999999999 0.36730037968749996 0.8176875000000001 0.3741444859375 0.81125 0.37317490468750003 0.80240625 0.3702281375 0.786328125 0.3702281375 0.777484375 0.3761026609375 0.7734687499999999 0.39467680625 0.765421875 0.3995817484375 0.7597968749999999 0.4132699625 0.7581875 0.425 0.74934375 0.42403041874999997 0.73809375 0.43283269999999996 0.73809375 0.44456273749999997 0.723625 0.44359315625000006 0.7171875 0.45631178749999995 0.713171875 0.47098859375 0.723625 0.47880228125 0.724421875 0.48271863125000003 0.724421875 0.49640684375 0.72603125 0.5081558937499999 0.72684375 0.52380228125 0.7356874999999999 0.5345627375 0.933453125 0.51596958125 0.951125 0.520874525 0.961578125 0.51596958125
0 0.7744375 0.2685171109375 0.778171875 0.27032319375 0.779296875 0.27032319375 0.786 0.2657794671875 0.79384375 0.24262357343750002 0.7912343749999999 0.230817490625 0.783015625 0.22401140625 0.764734375 0.2208365015625 0.752046875 0.222661596875 0.745328125 0.22674905 0.74346875 0.23446768125 0.74271875 0.2544296578125 0.74421875 0.2603422046875 0.751296875 0.2671482890625 0.751671875 0.2657794671875 0.7639843749999999 0.26488593125 0.7744375 0.2685171109375
0 0.822828125 0.37370722500000003 0.827484375 0.367224334375 0.890109375 0.368041825 0.8974375 0.3712737640625 0.90409375 0.346140684375 0.9014374999999999 0.3307414453125 0.8994375 0.32346007656250003 0.8841093750000001 0.31859315625 0.8874375000000001 0.2958935359375 0.880109375 0.2837262359375 0.8674531249999999 0.28211026562499997 0.862125 0.27157794687500003 0.84946875 0.2602281375 0.8428125 0.2302281375 0.8354843750000001 0.2261787078125 0.8115 0.2261787078125 0.8028281249999999 0.2334790875 0.800171875 0.25697718593749996 0.792171875 0.25292775624999997 0.7935 0.235912546875 0.781515625 0.2756273765625 0.7302187499999999 0.2545437265625 0.72021875 0.2934600765625 0.708890625 0.29020912499999996 0.70090625 0.308859315625 0.683578125 0.3104752859375 0.67825 0.3250760453125 0.7035625 0.3834410640625 0.76953125 0.379391634375 0.7928437500000001 0.3688403046875 0.822828125 0.37370722500000003
3 0.59878125 0.37667300312499996 0.604703125 0.3782699625 0.6096250000000001 0.3818631171875 0.612921875 0.3750760453125 0.621453125 0.36946768125 0.6198125 0.36507604531250004 0.614234375 0.36108365 0.607 0.36028517187500003 0.600109375 0.3594866921875 0.5941875 0.3618821296875 0.5905781250000001 0.366673003125 0.588609375 0.3734790875 0.589921875 0.3734790875 0.5935312500000001 0.37467680625 0.59878125 0.37667300312499996
3 0.632203125 0.34619771875 0.63365625 0.3380798484375 0.6339375 0.3338403046875 0.6284375 0.32712927812500003 0.62146875 0.32712927812500003 0.612484375 0.32712927812500003 0.60465625 0.3296007609375 0.59971875 0.3363117875 0.5985625 0.3437262359375 0.6000156249999999 0.3507794671875 0.6000156249999999 0.3567680609375 0.601171875 0.358536121875 0.606390625 0.358536121875 0.611328125 0.3603041828125 0.617703125 0.3652471484375 0.62003125 0.3659505703125 0.62321875 0.364182509375 0.63075 0.3588973390625 0.63453125 0.353954371875 0.6333593750000001 0.3507794671875 0.632203125 0.34619771875
3 0.6633125 0.3520912546875 0.668296875 0.340209125 0.6679062499999999 0.332433459375 0.664109375 0.3280798484375 0.65653125 0.32467680625 0.6487499999999999 0.323954371875 0.6399843749999999 0.326368821875 0.6347968749999999 0.329296578125 0.633203125 0.334391634375 0.633 0.3431178703125 0.63359375 0.3484600765625 0.634390625 0.3528327 0.6403749999999999 0.35598859374999997 0.649546875 0.35792775625 0.655734375 0.35865019062500003 0.6633125 0.3520912546875