2 0.72288 0.568528528125 0.78124 0.5752852859375001 0.78274 0.6067267265625 0.8022 0.6134834828125 0.85458 0.6134834828125 0.81866 0.7145945953124999 0.82164 0.7707807812499999 0.89498 0.7775375375 0.94586 0.7752852859375 0.9309 0.8089789796875 0.9593400000000001 0.8269669671875001 0.99526 0.8809009015625 1 0.73891891875 0.99834 0.5847447453125 0.96674 0.5669369375 1 0.5610210203125 0.9953799999999999 0.52690690625 0.9963599999999999 0.49726726718750003 0.9953799999999999 0.4542642640625 1 0.4216516515625 0.94206 0.397927928125 0.93908 0.3890390390625 0.99834 0.353453453125 0.99734 0.33714714687499997 0.9301999999999999 0.353453453125 0.91638 0.32084084062499996 0.98648 0.32675675625 0.96674 0.304534534375 0.9097799999999999 0.3081981984375 0.87834 0.28123123125 0.7047399999999999 0.32618618593750004 0.6692400000000001 0.370540540625 0.64588 0.381171171875 0.63314 0.3971171171875 0.59986 0.4098798796875 0.60058 0.44495495468749996 0.59136 0.45240240312499996 0.59116 0.4786486484375 0.6270800000000001 0.5640540546875 0.72288 0.568528528125
2 0.68178 0.345525525 0.69682 0.33672672656249997 0.70184 0.3028228234375 0.72692 0.22123123125 0.74532 0.186096096875 0.7461599999999999 0.1684984984375 0.7369600000000001 0.1496696703125 0.72358 0.153453453125 0.69682 0.22123123125 0.68262 0.2739639640625 0.6784399999999999 0.3254354359375 0.68178 0.345525525
2 0.70914 0.09282282343750001 0.7028800000000001 0.12183183125 0.69192 0.164534534375 0.6770400000000001 0.1958858859375 0.66634 0.20879879843750002 0.65408 0.20957957968750002 0.6337200000000001 0.2103603609375 0.63242 0.2209609609375 0.6378999999999999 0.21468468437500002 0.6439 0.216246246875 0.6676599999999999 0.2174174171875 0.67782 0.21114114062499997 0.68826 0.20018017968750002 0.6992200000000001 0.1806006 0.70574 0.1676576578125 0.70888 0.15630630625 0.7177399999999999 0.1343543546875 0.72374 0.10654654687500001 0.72402 0.0955855859375 0.72506 0.08891891874999999 0.7177399999999999 0.0857957953125 0.70914 0.09282282343750001
2 0.81644 0.23480480468749998 0.8534 0.28513513437500004 0.8606999999999999 0.28513513437500004 0.87704 0.281921921875 0.8791800000000001 0.281921921875 0.8843400000000001 0.28513513437500004 0.89466 0.29354354374999997 0.8998200000000001 0.2903003 0.88994 0.2748048046875 0.8779 0.2528828828125 0.85512 0.21093093125 0.83278 0.1902702703125 0.8202999999999999 0.1754354359375 0.8065599999999999 0.17348348281249998 0.79882 0.1767267265625 0.7919400000000001 0.192852853125 0.80182 0.2076876875 0.8082800000000001 0.2173873875 0.81644 0.23480480468749998
2 0.73448 0.21351351406250002 0.72176 0.24624624687500002 0.7163 0.299459459375 0.7163 0.319909909375 0.73266 0.319909909375 0.7381 0.31309309375 0.74538 0.28852852812499996 0.75356 0.2448948953125 0.75356 0.22168168124999998 0.75718 0.22168168124999998 0.75356 0.22033032968750002 0.73448 0.21351351406250002
2 0.61798 0.676996996875 0.61692 0.7043843843750001 0.6201399999999999 0.7124324328125 0.62764 0.7172672671875 0.65232 0.7301501499999999 0.67164 0.7188888890625 0.69738 0.725315315625 0.71348 0.7333633640625 0.7371000000000001 0.7478678671875 0.76714 0.7511111109375 0.7607 0.765615615625 0.77144 0.765615615625 0.7886 0.73660660625 0.7961199999999999 0.7559459453125 0.80684 0.7784984984375 0.81864 0.765615615625 0.79932 0.7285585578125 0.79718 0.7156456453125 0.80148 0.7043843843750001 0.8122 0.69309309375 0.83152 0.675375375 0.8444 0.649609609375 0.8583399999999999 0.615765765625 0.78646 0.6173573578125 0.7929 0.6044744750000001 0.77786 0.581921921875 0.7574799999999999 0.5738738734375 0.7285 0.5754954953125 0.72636 0.58675675625 0.7177800000000001 0.5964264265625 0.7113400000000001 0.5964264265625 0.6931 0.5964264265625 0.67164 0.5996396390625 0.66198 0.5996396390625 0.6491 0.6028828828125 0.61798 0.609309309375 0.61692 0.6189789796875 0.6212 0.643153153125 0.61798 0.676996996875
2 0.82758 0.17849849843750001 0.85524 0.185915915625 0.8828799999999999 0.1829429421875 0.9105399999999999 0.185915915625 0.9372 0.197777778125 0.9559599999999999 0.218528528125 0.9599 0.2126126125 0.92634 0.17552552500000002 0.8828799999999999 0.1562762765625 0.84142 0.15183183125 0.83056 0.1295795796875 0.82068 0.116246246875 0.80784 0.12660660625 0.8029 0.1340240234375 0.8108000000000001 0.153303303125 0.82758 0.17849849843750001
2 0.80636 0.2235735734375 0.79918 0.202852853125 0.7876000000000001 0.1978978984375 0.79532 0.2276876875 0.79864 0.23597597656249997 0.77602 0.20783783749999998 0.77272 0.20036036093749998 0.75616 0.24261261250000002 0.7517400000000001 0.2715915921875 0.7523 0.2690990984375 0.7716000000000001 0.299759759375 0.78374 0.3014114109375 0.8129799999999999 0.291471471875 0.80636 0.2235735734375
2 0.82164 0.07192192187499999 0.8126599999999999 0.0898798796875 0.8007 0.1101201203125 0.8081799999999999 0.123603603125 0.81416 0.12585585625 0.8396000000000001 0.0809009015625 0.8485799999999999 0.0561861859375 0.8441000000000001 0.0471771765625 0.82164 0.07192192187499999
2 0.8623799999999999 0.20012012031249998 0.8695600000000001 0.20492492499999998 0.88154 0.21450450468749999 0.8895200000000001 0.21849849843750002 0.8943199999999999 0.23330330312499997 0.9063000000000001 0.2396997 0.91428 0.24048048125000002 0.91828 0.24567567499999998 0.92386 0.244474475 0.9409000000000001 0.2492792796875 0.9417 0.25408408437499996 0.9433 0.2692792796875 0.9499599999999999 0.28444444375 0.95608 0.2840540546875 0.95182 0.2812612609375 0.94862 0.2612612609375 0.9430400000000001 0.2432732734375 0.93238 0.23369369375 0.91296 0.22171171093750003 0.9047000000000001 0.2109009015625 0.8991 0.185315315625 0.87382 0.1797297296875 0.85412 0.184924925 0.8623799999999999 0.20012012031249998
2 0.7666000000000001 0.8424624625 0.7215 0.8268168171875001 0.7197600000000001 0.8554654656249999 0.7614 0.8867267265625 0.77354 0.9466066062499999 0.7874 0.964834834375 0.7874 0.897147146875 0.7666000000000001 0.8424624625
2 0.79072 0.2037237234375 0.78008 0.169309309375 0.76698 0.15456456406250002 0.75798 0.15210210156249998 0.75634 0.1619519515625 0.7588 0.1840540546875 0.78172 0.21231231250000002 0.79808 0.23444444375 0.79072 0.2037237234375
2 0.92538 0.30585585625 0.9208999999999999 0.28570570625 0.91494 0.2767267265625 0.8844799999999999 0.2565765765625 0.8788199999999999 0.2512012015625 0.8922399999999999 0.2794294296875 0.90568 0.29108108125 0.9119400000000001 0.30183183125 0.9194000000000001 0.304534534375 0.92538 0.30585585625
2 0.734 0.7957957953125 0.742 0.8078078078125 0.754 0.8108108109375 0.76 0.8408408406250001 0.766 0.84384384375 0.778 0.8618618625 0.79 0.924924925 0.8220000000000001 0.9729729734375001 0.844 0.9759759765625 0.8539999999999999 0.9639639640625 0.86 0.9459459453125 0.882 0.9429429421875 0.8859999999999999 0.9369369375 0.96 0.9339339343749999 0.976 0.924924925 0.99 0.924924925 0.9960000000000001 0.9129129125000001 0.9960000000000001 0.9009009015625 0.99 0.8888888890625 0.97 0.8888888890625 0.9640000000000001 0.858858859375 0.9720000000000001 0.846846846875 0.96 0.828828828125 0.932 0.8108108109375 0.944 0.777777778125 0.798 0.774774775 0.794 0.78078078125 0.778 0.78078078125 0.768 0.765765765625 0.762 0.765765765625 0.758 0.753753753125 0.738 0.75075075 0.732 0.7447447453125 0.726 0.7447447453125 0.726 0.765765765625 0.732 0.774774775 0.734 0.7957957953125