1 0.851125 0.424875 0.82584375 0.4023958328125 0.8005625000000001 0.3866666671875 0.839328125 0.35070833281249997 0.8528125 0.3215 0.837640625 0.2855416671875 0.77528125 0.2922916671875 0.72303125 0.2967708328125 0.692703125 0.32599999999999996 0.6960625 0.33947916718750004 0.69775 0.3731875 0.71965625 0.3776875 0.72978125 0.3776875 0.731453125 0.40014583281249994 0.743265625 0.424875 0.741578125 0.4406041671875 0.72471875 0.4698125 0.72809375 0.4720625 0.7786562499999999 0.4922916671875 0.8477499999999999 0.4787916671875 0.87134375 0.45183333281250004 0.851125 0.424875
1 0.03390625 0.48345833281250006 0.013968749999999999 0.5207083328125 0.002 0.5606041671875001 0.015953125000000002 0.5925 0.051859375 0.5738958328125 0.10371875 0.5446458328125 0.11568750000000001 0.534 0.14959375 0.4967708328125 0.11170312499999999 0.43560416718750006 0.10970312499999998 0.4329375 0.077796875 0.44622916718749994 0.03390625 0.48345833281250006
1 0.47253125 0.6522708328125 0.47253125 0.6336458328125001 0.46321874999999996 0.6165625 0.41431250000000003 0.6677916671874999 0.36657812500000003 0.6848541671875 0.371234375 0.6460625 0.365421875 0.6398541671875 0.337484375 0.6833125 0.330484375 0.7578333328125 0.35378125 0.7811041671875001 0.443421875 0.6864166671875 0.4364375 0.6879583328125001 0.44925 0.6802083328124999 0.47253125 0.6522708328125
1 0.3761875 0.6383333328125 0.367921875 0.6493541671874999 0.364375 0.6666875 0.368703125 0.6777083328125 0.378953125 0.6866458328125 0.38959375 0.6819166671875 0.395890625 0.6703541671875 0.40298437500000006 0.65775 0.41479687500000006 0.6509375000000001 0.43253125 0.6336041671875 0.451046875 0.6220416671875 0.47192187499999994 0.6199375 0.48981250000000004 0.6026875 0.48757812500000003 0.589 0.49115624999999996 0.5812708328125 0.4960625 0.5699583328125 0.501859375 0.5658125 0.501421875 0.5640208328125 0.498734375 0.5509166671875 0.49517187500000004 0.5413958328125 0.48089062499999996 0.5217708328125 0.46482812500000004 0.5176041671875 0.45278124999999997 0.5199791671875 0.4326875 0.5277291671875 0.40573437500000004 0.5452708328125 0.381203125 0.58175 0.375796875 0.59525 0.37501562499999996 0.6141666671875 0.3761875 0.6383333328125
1 0.44365625 0.7530833328125001 0.44154687499999995 0.8092499999999999 0.44085937499999994 0.8682083328125 0.474546875 0.8710000000000001 0.49559375 0.8073750000000001 0.506828125 0.7821041671875 0.5194687499999999 0.7203333328125 0.526484375 0.66325 0.514546875 0.6492083328125 0.491390625 0.6248750000000001 0.4605 0.6295625 0.4724375 0.6436041671875 0.45559374999999996 0.6754166671874999 0.44365625 0.7530833328125001
1 0.6600625 0.5259375000000001 0.65890625 0.5430208328125 0.64609375 0.5507708328125 0.6076718750000001 0.53525 0.594859375 0.5305833328125 0.5610937500000001 0.5336875 0.549453125 0.5523333328125 0.56459375 0.5554375 0.5739062500000001 0.5693958328125001 0.57275 0.5926875 0.5529531249999999 0.620625 0.54246875 0.6408125 0.5238437499999999 0.63925 0.525015625 0.6656458328125 0.535484375 0.6889375 0.566921875 0.7417083328125 0.60184375 0.7898333328125 0.628625 0.8255416671875 0.65890625 0.8581458328125 0.67403125 0.8457291671875 0.672875 0.8317500000000001 0.661234375 0.8038125 0.657734375 0.7634375 0.639109375 0.7091041671875 0.6950000000000001 0.7370625000000001 0.731078125 0.7448125 0.76834375 0.7634375 0.776484375 0.7572291671875 0.78115625 0.7401666671875 0.753203125 0.7028958328125 0.753203125 0.6858333328125 0.738078125 0.6796249999999999 0.721765625 0.6563333328125001 0.766015625 0.6423541671875 0.78696875 0.6190833328124999 0.79978125 0.620625 0.8032656250000001 0.6051041671874999 0.8149062499999999 0.5957916671875 0.806765625 0.5740624999999999 0.791625 0.5756041671875 0.770671875 0.5554375 0.7823125 0.5398958328125001 0.802109375 0.5290416671875 0.8055937500000001 0.5135208328124999 0.788140625 0.49800000000000005 0.72759375 0.47004166718749996 0.69965625 0.4747083328125 0.681015625 0.5104166671875 0.6821875000000001 0.5073125 0.656578125 0.5042083328125 0.6600625 0.5259375000000001
0 0.095296875 0.3411666671875 0.08646875000000001 0.4 0.107640625 0.47058333281250003 0.141171875 0.5011666671875 0.218828125 0.5129374999999999 0.248828125 0.4847083328125 0.26646875 0.45177083281249997 0.2770625 0.40470833281249996 0.275296875 0.3623541671875 0.254125 0.3129375 0.1870625 0.2917708328125 0.18 0.2894166671875 0.13940625 0.2988333328125 0.095296875 0.3411666671875
0 0.43764062499999995 0.4023541671875 0.428828125 0.32941666718749996 0.3970625 0.294125 0.36529687499999997 0.2823541671875 0.331765625 0.2823541671875 0.3 0.2988333328125 0.285875 0.3247083328125 0.275296875 0.3505833328125 0.278828125 0.3788333328125 0.28059375000000003 0.41177083281250004 0.294703125 0.44235416718750004 0.3229375 0.4776458328125 0.36529687499999997 0.48706250000000006 0.388234375 0.4776458328125 0.41646875000000005 0.44706250000000003 0.43764062499999995 0.4023541671875
0 0.32406250000000003 0.2828541671875 0.364015625 0.28125 0.364015625 0.279625 0.357953125 0.24733333281249997 0.34584375 0.2134375 0.310734375 0.1892083328125 0.282890625 0.184375 0.25140625 0.1972916671875 0.23323437500000002 0.2295833328125 0.218703125 0.28770833281249997 0.22112500000000002 0.2941666671875 0.2501875 0.3054583328125 0.268359375 0.3409791671875 0.276828125 0.3506666671875 0.29378125 0.3103125 0.32406250000000003 0.2828541671875
3 0.43015625 0.3420625 0.44914062499999996 0.3825416671875 0.49215625 0.43822916718749994 0.5250468749999999 0.45677083281249997 0.59084375 0.42641666718750004 0.6136250000000001 0.3960416671875 0.636390625 0.3319375 0.628796875 0.2897708328125 0.609828125 0.2391666671875 0.56553125 0.1767291671875 0.493421875 0.1514375 0.43015625 0.1565 0.37321875000000004 0.2324166671875 0.351703125 0.27795833281250004 0.401046875 0.2998958328125 0.43015625 0.3420625
1 0.11925 0.6506041671875 0.124390625 0.6574583328125 0.143671875 0.6677291671875001 0.1809375 0.6506041671875 0.19121875 0.6283333328125 0.20021874999999997 0.5957708328125 0.278625 0.5632083328124999 0.28890625000000003 0.5220833328125 0.3493125 0.48952083281250003 0.28890625000000003 0.44839583281250006 0.27604687499999997 0.402125 0.269625 0.4569583328125 0.24520312500000002 0.49466666718749996 0.21821875 0.508375 0.17709375 0.5100833328125 0.15137499999999998 0.496375 0.102546875 0.5529166671875 0.10640625 0.5837708328125 0.11925 0.6043333328125 0.11925 0.6506041671875