0 0.44125 0.3905781578125 0.43265624999999996 0.46117772968750004 0.4446875 0.5058886515625 0.475578125 0.5270663812499999 0.4961875 0.5388222703125 0.5682968749999999 0.59293361875 0.604359375 0.616466809375 0.6386875 0.6117558890625 0.679890625 0.6 0.70565625 0.56706638125 0.7262500000000001 0.49411134843750004 0.7365625 0.44235546093749994 0.73140625 0.37882227031250004 0.7039375 0.32 0.67303125 0.2611777296875 0.58203125 0.2305781578125 0.4961875 0.2705781578125 0.46699999999999997 0.29882227031249997 0.44125 0.3905781578125
3 0.5288125 0.9011777296875 0.631828125 0.9341113484375001 0.7296875 0.8894218421875 0.76059375 0.8376445390624999 0.784625 0.76706638125 0.752 0.743533190625 0.642125 0.703533190625 0.58890625 0.6823554609375 0.5545625000000001 0.663533190625 0.5219375 0.6517558890624999 0.49275 0.64 0.454984375 0.6211777296875 0.44810937500000003 0.6211777296875 0.44810937500000003 0.63293361875 0.43609375000000006 0.6988222703125 0.44125 0.7788222703125001 0.475578125 0.8517558890625001 0.5288125 0.9011777296875
3 0.24093749999999997 0.8077730187500001 0.278796875 0.8643897218750001 0.34246875 0.8761884375 0.400984375 0.871456103125 0.46121875 0.8384368312499999 0.428515625 0.7488222703125 0.404421875 0.7158029984375001 0.306328125 0.569571734375 0.30289062499999997 0.5766595296875 0.27190625 0.6049464671875 0.24265625000000002 0.66862955 0.23576562499999998 0.732312634375 0.24093749999999997 0.8077730187500001
3 0.796546875 0.2871948609375 0.8492656249999999 0.25948608125 0.904625 0.25708779375 0.8975937500000001 0.22576017187500003 0.8589375 0.1764025703125 0.8027031250000001 0.1703854390625 0.753484375 0.17880085625 0.70603125 0.21252676718750002 0.684953125 0.2847751609375 0.731515625 0.41241969999999994 0.74734375 0.3690792296875 0.796546875 0.2871948609375
3 0.02459375 0.4606638109375 0.0213125 0.5438115625 0.032796874999999996 0.5865096359375 0.119703125 0.6292077093749999 0.185296875 0.6269593140625 0.23284375000000002 0.5775374734375001 0.262359375 0.48764453906250005 0.22135937499999997 0.46291220624999996 0.034437499999999996 0.42920770937499997 0.032796874999999996 0.435952890625 0.02459375 0.4606638109375
3 0.733484375 0.47792291249999996 0.7884375 0.6025910062500001 0.8547812499999999 0.6493576015625 0.953328125 0.6337687359374999 0.9988125 0.5662312640625 1 0.32207708749999997 0.979859375 0.2831263390625 0.9059531249999999 0.262334046875 0.786546875 0.28051391875 0.7296875 0.39740899375 0.733484375 0.47792291249999996
3 0.291875 0.2779229125 0.26154687499999996 0.298693790625 0.24070312500000002 0.31687366093749997 0.22174999999999997 0.34805139218750003 0.22364062499999998 0.3922055671875 0.23312499999999997 0.4701284796875 0.26154687499999996 0.48830835156249996 0.257765625 0.5116916484375 0.3089375 0.5714346890625001 0.37906249999999997 0.576616703125 0.4264375 0.5532548187499999 0.44539062500000004 0.540256959375 0.4264375 0.4908993578125 0.424546875 0.3922055671875 0.462453125 0.30130620937499997 0.466234375 0.30130620937499997 0.44160937499999997 0.2727194859375 0.38284375000000004 0.2545396140625 0.33546875 0.262334046875 0.291875 0.2779229125
3 0.551984375 0.6582869375 0.6465156249999999 0.6893790156249999 0.623828125 0.65051391875 0.5690000000000001 0.588351178125 0.4915 0.502847965625 0.43289062500000003 0.5520770875000001 0.398875 0.583169165625 0.389421875 0.6634689500000001 0.43099999999999994 0.7489721625 0.44801562500000003 0.614239828125 0.551984375 0.6582869375
3 0.25396874999999997 0.29610278437500004 0.17815625 0.19220556718749998 0.10614062500000002 0.179229121875 0.062546875 0.2 0.013265625 0.2727194859375 0.0037968750000000003 0.3298715203125 0 0.35843683125000003 0.02084375 0.4311777296875 0.22174999999999997 0.459743040625 0.22174999999999997 0.335074946875 0.25396874999999997 0.29610278437500004
3 0.615921875 0.232505353125 0.6842343750000001 0.2772376875 0.699421875 0.17528907968750002 0.688796875 0.0951820125 0.659953125 0.055653104687499996 0.61440625 0.00259100625 0.577203125 0.0057173453125 0.535453125 0.016102784375 0.49596875 0.047323340625 0.46637500000000004 0.08062098437500001 0.444359375 0.1648822265625 0.45118749999999996 0.2408351171875 0.47320312500000006 0.28451820156249996 0.475484375 0.2876445390625 0.541515625 0.23355460312499998 0.615921875 0.232505353125
3 0.443765625 0.2751391859375 0.466015625 0.3012633828125 0.47659375 0.291113490625 0.45542187500000003 0.246124196875 0.43953125000000004 0.1576231265625 0.420484375 0.186638115625 0.391890625 0.253383296875 0.443765625 0.2751391859375