1 0.7296252921875 0.40837500000000004 0.7177283375 0.4163125 0.711779859375 0.42315625 0.711779859375 0.43253125 0.7144964875 0.43432812500000006 0.7204449656249999 0.43289062500000003 0.7280093671875 0.43540625000000005 0.7328571421875 0.435046875 0.7382669796875 0.43 0.750163934375 0.419546875 0.746908665625 0.4130625 0.7382669796875 0.41017187499999996 0.735035128125 0.408734375 0.7296252921875 0.40837500000000004
1 0.619227165625 0.321953125 0.619227165625 0.48451562499999995 0.7816627640625 0.490546875 0.7925058546875 0.32075 0.619227165625 0.321953125
1 0.7156674468750001 0.366640625 0.7156674468750001 0.373140625 0.7236533953125 0.37492187499999996 0.726299765625 0.374328125 0.7316159250000001 0.36840625 0.736932084375 0.3571875 0.7413583140625 0.35364062500000004 0.7458079625 0.353046875 0.744028103125 0.34831249999999997 0.7378220140625 0.347125 0.728079625 0.34831249999999997 0.722763465625 0.35421874999999997 0.7156674468750001 0.366640625
1 0.220796253125 0.48425 0.326299765625 0.484875 0.374847775 0.48550000000000004 0.396323184375 0.48581250000000004 0.40004683906249994 0.42632812500000006 0.40004683906249994 0.36403125 0.400515221875 0.3198125 0.2277985953125 0.31825000000000003 0.2277985953125 0.33195312499999996 0.2240749421875 0.34471875 0.2228103046875 0.345203125 0.22175644062500002 0.416828125 0.22032786875000002 0.470859375 0.22032786875000002 0.479890625 0.220796253125 0.48425
1 0.3915690859375 0.276296875 0.3905386421875 0.28453125 0.3668618265625 0.291390625 0.362763465625 0.296875 0.362763465625 0.307171875 0.4532786890625 0.309921875 0.45224824375 0.28453125 0.42653395781250003 0.289328125 0.3915690859375 0.276296875
1 0.5880327875 0.371140625 0.5880327875 0.36540625000000004 0.5851522250000001 0.360609375 0.57224824375 0.352953125 0.5765573765625 0.361578125 0.5779859484375 0.36828125 0.5880327875 0.371140625
1 0.76386416875 0.55771875 0.772459015625 0.551015625 0.7710304453125 0.54621875 0.76098360625 0.529953125 0.7566744734374999 0.542390625 0.759555034375 0.54909375 0.76386416875 0.55771875
1 0.4318501171875 0.33975 0.4419906328125 0.34228125 0.45337236562500005 0.346515625 0.452107728125 0.31946875 0.417915690625 0.31946875 0.42044496562499994 0.330453125 0.42552693281250004 0.33975 0.4318501171875 0.33975
1 0.41983606562500003 0.3473125 0.4245901640625 0.34957812499999996 0.43002341875 0.3509375 0.4307025765625 0.352296875 0.4402107734375 0.352296875 0.44426229531250006 0.348671875 0.44969555000000005 0.34776562499999997 0.452412178125 0.340984375 0.445620609375 0.34053125 0.44426229531250006 0.339625 0.43885245937499995 0.33599999999999997 0.43002341875 0.338265625 0.41983606562500003 0.338265625 0.41983606562500003 0.340984375 0.41983606562500003 0.34415625 0.41983606562500003 0.3473125
1 0.41634660468750007 0.36978125 0.42325526875 0.36978125 0.4271896953125 0.36846875 0.429180328125 0.36320312499999996 0.4390398125 0.35990625 0.44002341874999995 0.3605625 0.44594847812499994 0.3665 0.4498829046875 0.36517187500000003 0.4498829046875 0.35990625 0.4498829046875 0.353328125 0.44889929687499996 0.34871875 0.4429742390625 0.352671875 0.430163934375 0.352671875 0.42126463750000004 0.349375 0.4173302109375 0.34871875 0.41536299843749996 0.361890625 0.41634660468750007 0.36978125
1 0.449812646875 0.48882812500000006 0.4488290390625 0.478953125 0.4399297421875 0.471703125 0.4320374703125 0.472359375 0.419227165625 0.47565625 0.417236534375 0.47565625 0.417236534375 0.48618750000000005 0.449812646875 0.48882812500000006
1 0.7382435593750001 0.5602031249999999 0.7456908671875 0.5468124999999999 0.7474238875 0.53878125 0.76805620625 0.5208125 0.764051521875 0.5188906249999999 0.7542857140625 0.5188906249999999 0.7502810296875 0.521578125 0.7267915687500001 0.5433749999999999 0.7107259953125 0.558671875 0.7107259953125 0.5594375 0.7084309140625 0.56096875 0.7382435593750001 0.5602031249999999
1 0.48124121718749996 0.4886875 0.4832786890625 0.321640625 0.462763465625 0.321640625 0.4607259953125 0.32575 0.45456674531249996 0.486640625 0.48124121718749996 0.4886875
1 0.24730679218749999 0.351875 0.24339820625000003 0.3574353453125 0.24558938437500002 0.35973958281249996 0.241702334375 0.365193965625 0.24387197500000002 0.3676041671875 0.24000646093750003 0.37295258593749997 0.2421545671875 0.37546875 0.2383105875 0.38071120625 0.24043715937500001 0.38333333281250004 0.23661471406249998 0.38846982812499997 0.23871975 0.3911979171875 0.234918840625 0.3962284484375 0.2370023421875 0.3990625 0.2332229671875 0.40398706874999996 0.235284934375 0.4069270828125 0.23152709374999997 0.41174568906250003 0.233567525 0.41479166718749994 0.2298312203125 0.41950431093749996 0.23185011718749998 0.42265625 0.22813534687499998 0.42726293125000003 0.230132709375 0.43052083281250003 0.2264394734375 0.4350215515625 0.2284153 0.4383854171875 0.2247436 0.44278017187499996 0.22669789218749997 0.44625000000000004 0.2230477265625 0.45053879375 0.22498048437499998 0.4541145828125 0.221351853125 0.45829741406249996 0.22326307500000003 0.46197916718750004 0.2196559796875 0.46605603437500004 0.22154566718750002 0.46984375 0.21796010781250003 0.4738146546875 0.219828259375 0.4777083328125 0.216264234375 0.48157327656250004 0.21811085000000002 0.48557291718749995 0.21456836093749998 0.489331896875 0.2163934421875 0.49343750000000003 0.2128724875 0.49709051718749997 0.214676034375 0.5013020828125 0.2111766140625 0.5048491375 0.212958625 0.5091666671875 0.20948074062500002 0.512607759375 0.2112412171875 0.5170312499999999 0.2077848671875 0.5203663796875 0.2095238109375 0.5248958328125 0.20608899374999998 0.528125 0.20608899374999998 0.540625 0.20843091406249997 0.5453125 0.22482435625 0.5546875 0.278688525 0.5546875 0.30679156875 0.5578125 0.3840749421875 0.559375 0.3887587828125 0.5578125 0.3981264640625 0.540625 0.40983606562499997 0.5421875 0.41451990624999996 0.5546875 0.41920374687499995 0.5578125 0.43091334843749995 0.5578125 0.4426229515625 0.5515625 0.4496487125 0.553125 0.4566744734375 0.559375 0.4496487125 0.56171875 0.4496487125 0.5875 0.4426229515625 0.5890625 0.4426229515625 0.5953125 0.44730679218749997 0.6 0.49648711875 0.6 0.526932084375 0.603125 0.536299765625 0.596875 0.5327868859375 0.58671875 0.5480093671875 0.5859375 0.555035128125 0.5875 0.5573770484375 0.590625 0.555035128125 0.596875 0.5784543328125 0.55625 0.599531615625 0.5421875 0.6018735359375 0.5546875 0.6065573765625001 0.5578125 0.6370023421875 0.55625 0.7096018734375 0.559375 0.7252146765624999 0.5458333328125 0.7400468390625 0.559375 0.7409911609375001 0.551033265625 0.7587822015625 0.559375 0.761124121875 0.553125 0.7728337234375 0.5515625 0.7775175640625 0.54375 0.7775175640625 0.534375 0.7728337234375 0.5265625 0.7681498828125 0.5234375 0.7634660421875 0.525 0.7587822015625 0.51875 0.7447306796875 0.51875 0.744847775 0.516953125 0.7330210765625 0.51875 0.73325526875 0.51515625 0.5825526937500001 0.491796875 0.580796253125 0.4890625 0.590163934375 0.48125 0.590163934375 0.4375 0.555035128125 0.4359375 0.555035128125 0.4203125 0.590163934375 0.4109375 0.5948477750000001 0.396875 0.5971896953125 0.371875 0.580796253125 0.359375 0.599531615625 0.3515625 0.599531615625 0.3359375 0.58548009375 0.31875 0.58548009375 0.3078125 0.608899296875 0.30625 0.6159250578125001 0.309375 0.6604215453125 0.3125 0.679156909375 0.3125 0.6861826703125 0.3078125 0.69320843125 0.3078125 0.7353629984375 0.3125 0.742388759375 0.3078125 0.75644028125 0.3109375 0.7728337234375 0.3109375 0.7728337234375 0.3015625 0.7470726 0.3 0.7353629984375 0.2890625 0.7119437937499999 0.2875 0.7025761125 0.28125 0.68384075 0.28125 0.672131146875 0.2890625 0.6510538640625 0.2890625 0.6393442625 0.2796875 0.6252927406250001 0.2796875 0.608899296875 0.284375 0.5714285718750001 0.2859375 0.555035128125 0.29375 0.5339578453125 0.2765625 0.5199063234375 0.2765625 0.5105386421875 0.28125 0.50351288125 0.2765625 0.4894613578125 0.2765625 0.4800936765625 0.2828125 0.4660421546875 0.2828125 0.45901639375 0.2859375 0.4566744734375 0.3046875 0.4660421546875 0.3109375 0.482435596875 0.3109375 0.4894613578125 0.30625 0.5058548015625 0.3078125 0.5105386421875 0.309375 0.5096018734375 0.31843750000000004 0.4402810296875 0.3609375 0.43325526875 0.3625 0.428571428125 0.3703125 0.41920374687499995 0.3703125 0.41451990624999996 0.365625 0.2950819671875 0.3140625 0.294301328125 0.30625 0.3606557375 0.30625 0.3606557375 0.296875 0.3489461359375 0.2859375 0.3395784546875 0.2859375 0.3348946140625 0.29375 0.32786885312499997 0.2953125 0.2950819671875 0.2953125 0.292740046875 0.2859375 0.283372365625 0.2859375 0.2716627640625 0.29375 0.26229508125 0.29375 0.2552693203125 0.296875 0.2652224828125 0.301171875 0.257611240625 0.3046875 0.24678995312500002 0.341918103125 0.24730679218749999 0.351875