1 0.3155625 0.42438228437500003 0.383671875 0.3686013984375 0.442453125 0.33869463906249997 0.570671875 0.304825175 0.6655 0.2550116546875 0.7616562499999999 0.16335664375 0.8110781250000001 0.10358974375 0.8311093749999999 0.059743589062500005 0.7910468749999999 0.049790209375 0.754984375 0.07368298437500001 0.692203125 0.115524475 0.617421875 0.1474125875 0.5319375 0.1673426578125 0.35028125 0.157389278125 0.17665625000000001 0.1593706296875 0.1753125 0.14941725 0.1499375 0.19324009375 0.147265625 0.24703962656249998 0.260796875 0.372564103125 0.3155625 0.42438228437500003
1 0 0.590326340625 0.08134375 0.592564103125 0.079828125 0.491445221875 0.20787499999999998 0.44426573437499994 0.27565625 0.3970629375 0.138578125 0.23076923124999998 0.150625 0.18132867187499999 0.16568750000000002 0.154358975 0.3434375 0.16111888125 0.347953125 0.003799534375 0.173234375 0.00606060625 0.12803124999999999 0.19706293749999998 0.063265625 0.30044289062499996 0.0015 0.37009324062500004 0 0.590326340625
1 0.10092187500000001 0.24060606093749998 0.15815625 0.0990209796875 0.152140625 0.000139859375 0.03765625 0.0068997671875 0.010546875 0.0743123546875 0 0.0788111890625 0.0015 0.3619580421875 0.05121875 0.3012820515625 0.10092187500000001 0.24060606093749998
1 0.442125 0.467505828125 0.458171875 0.424965034375 0.47242187500000005 0.4063403265625 0.5152187500000001 0.393030303125 0.574046875 0.3824009328125 0.62753125 0.393030303125 0.6667500000000001 0.40368298437499994 0.70240625 0.3877156171875 0.729140625 0.377086246875 0.7380625000000001 0.3717715625 0.7451875 0.416969696875 0.74875 0.43027972031250006 0.754109375 0.401025640625 0.766578125 0.3797435890625 0.766578125 0.353146853125 0.761234375 0.3079254078125 0.7808437500000001 0.2866666671875 0.836109375 0.27069930000000003 0.8949374999999999 0.27335664375 0.97159375 0.2680419578125 1 0.2627272734375 0.9983437500000001 0.0738927734375 0.9733750000000001 0.0074125875 0.86284375 0.0020745921875 0.8271875 0.057925407812499996 0.78440625 0.1377156171875 0.73984375 0.1882517484375 0.673875 0.24675990625000002 0.591875 0.2972960375 0.55265625 0.3079254078125 0.463515625 0.3318648015625 0.424296875 0.3478321671875 0.3779375 0.3744289046875 0.317328125 0.42230769218750003 0.319109375 0.42230769218750003 0.3369375 0.5206993 0.3815 0.5260139859375 0.42964062500000005 0.5074125875 0.442125 0.467505828125
3 0.623 0.731911421875 0.574109375 0.729557109375 0.48420312499999996 0.7625174828125 0.43215624999999996 0.823682984375 0.41007812499999996 0.854265734375 0.403765625 0.894265734375 0.406921875 0.9272261078125 0.605640625 0.938974359375 0.701859375 0.9554545453125 0.725515625 0.9554545453125 0.73340625 0.8872261078125 0.70975 0.7907459203125 0.66084375 0.7483916078124999 0.623 0.731911421875
3 1 0.2580186484375 0.9664375 0.26599067656250003 0.800828125 0.28391608437500004 0.762109375 0.2958741265625 0.7634375 0.343682984375 0.780796875 0.3974825171875 0.782140625 0.40545454531249997 0.8395625000000001 0.44529137499999993 0.87028125 0.46321678281249995 0.929046875 0.45326340312499996 0.9918125 0.42536130468750005 1 0.40545454531249997 1 0.2580186484375
3 0.9971875000000001 0.9007459203125 1 0.7614219109375 0.9926718749999999 0.7524242421875 0.9821249999999999 0.7524242421875 0.9309062499999999 0.7524242421875 0.9037968749999999 0.7591841484375 0.8616093749999999 0.7726573421875 0.8134062500000001 0.7951282046875 0.78028125 0.8175990671875001 0.762203125 0.8805128203124999 0.7637031249999999 0.8850116546875 0.765203125 0.9074825171875001 0.9971875000000001 0.9007459203125
3 0.30924999999999997 0.8721212125 0.328640625 0.8976923078124999 0.38093750000000004 0.914498834375 0.40528125 0.8996969703125 0.438640625 0.8445454546875 0.46839062499999995 0.7994871796874999 0.4954375 0.762494171875 0.48823437500000005 0.738974359375 0.46343750000000006 0.7046620046875 0.43728125 0.6199300703125 0.418359375 0.63405594375 0.400328125 0.6542191140625 0.372828125 0.685151515625 0.35434375 0.7093706296875 0.2984375 0.8116083921874999 0.30924999999999997 0.8721212125
3 0.4006875 0.619860140625 0.4006875 0.5906293703125 0.40821874999999996 0.5546853140625 0.4021875 0.5546853140625 0.338921875 0.52547785625 0.29221875 0.5209790203125 0.278671875 0.5187179484375 0.269625 0.631095571875 0.25909375 0.6872727265624999 0.30879687499999997 0.7322144515625 0.30879687499999997 0.7838927734375 0.3585 0.6962470859375001 0.412734375 0.6445687640625 0.4006875 0.619860140625
3 0.9177500000000001 0.7272960375 0.950734375 0.702680653125 0.976234375 0.6646386953125 0.964234375 0.631095571875 0.941734375 0.5930536125 0.9147500000000001 0.555034965625 0.8727499999999999 0.490139859375 0.8397656250000001 0.454358975 0.80678125 0.4028904421875 0.79478125 0.40960372968750003 0.75578125 0.4342191140625 0.733296875 0.5125174828125 0.7242968750000001 0.5885780890625 0.731796875 0.6534498828124999 0.7482968750000001 0.7116317015625 0.76328125 0.7406993 0.8022812500000001 0.7630769234375 0.836765625 0.7586013984375 0.8397656250000001 0.7586013984375 0.9177500000000001 0.7272960375
3 0.57096875 0.5828904421875001 0.562328125 0.6054312359375 0.565578125 0.6263869468750001 0.631453125 0.69405594375 0.6735625 0.7117715625 0.7308125000000001 0.7182284375 0.749171875 0.7069463875 0.726609375 0.5893240093750001 0.73525 0.5119813515625 0.733078125 0.44109557187500004 0.733078125 0.3831002328125 0.7297343749999999 0.375034965625 0.67465625 0.4153146859375 0.629296875 0.46848484843750005 0.589328125 0.5345454546874999 0.57096875 0.5828904421875001
3 0.642875 0.430792540625 0.6490781250000001 0.41 0.648296875 0.40652680625000004 0.645203125 0.40305361250000005 0.6366875000000001 0.3972727265625 0.62584375 0.39265734218750004 0.621203125 0.3915151515625 0.6072656249999999 0.3880419578125 0.582484375 0.38342657343750003 0.53446875 0.38342657343750003 0.49574999999999997 0.39382284375 0.46323437500000003 0.41575757500000005 0.4578125 0.4284848484375 0.47871874999999997 0.42153846093749997 0.52440625 0.4203962703125 0.563125 0.45967365937500004 0.600296875 0.5139627046874999 0.6010625 0.5104895109375 0.638234375 0.455034965625 0.642875 0.430792540625
3 0.564265625 0.62300699375 0.56309375 0.6072494171875 0.5654375 0.5827272734375 0.601828125 0.5179487171875 0.59478125 0.49869463906249994 0.52671875 0.4234032640625 0.45629687499999994 0.425151515625 0.4539375 0.4356643359375 0.428125 0.50393939375 0.4386875 0.6002331 0.44103125 0.63 0.45159374999999996 0.656270396875 0.45864062499999997 0.6877855484375 0.477421875 0.7228205125 0.498546875 0.7543356640625001 0.55840625 0.7333100234375001 0.5795312499999999 0.7245687640625 0.63821875 0.7263170156250001 0.65346875 0.6930536125 0.628828125 0.6860372953125 0.564265625 0.62300699375
3 1 0.41254079218750006 0.8807812500000001 0.4585081578125 0.852953125 0.4629603734375 0.9553125 0.6245687640625001 0.9781718749999999 0.6616317015625001 0.97221875 0.6705128203124999 0.95034375 0.7075757578124999 0.8151875000000001 0.762447553125 0.778421875 0.7980186484375 0.777421875 0.8232167828125 0.809234375 0.7950582749999999 0.922515625 0.7535431234375001 0.9702187500000001 0.749090909375 1 0.749090909375 1 0.41254079218750006
1 0.55365625 0.174032634375 0.574546875 0.14025641093750002 0.593703125 0.1013053609375 0.612859375 0.04934731875 0.588484375 0.0051981359375 0.39521875 0.0129836828125 0.351703125 0.059743589062500005 0.34646875 0.15324009375 0.5118750000000001 0.1714219109375 0.55365625 0.174032634375
1 0.09053125 0.4779254078125 0.10968750000000001 0.5974125875 0.170625 0.6207692312499999 0.24723437499999998 0.6389510484375001 0.259421875 0.6389510484375001 0.27334375 0.5246853140625001 0.33776562499999996 0.5220745921875001 0.32384375 0.4311655015625 0.27160937500000004 0.39741258749999997 0.21764062499999998 0.4311655015625 0.16017187500000002 0.46752913749999997 0.10098437499999999 0.4727272734375 0.09053125 0.4779254078125