0 0.58940625 0.2964791671875 0.5664687500000001 0.2705833328125 0.55059375 0.265875 0.52059375 0.2682291671875 0.4729375 0.2988333328125 0.464125 0.3623541671875 0.448234375 0.3129375 0.434125 0.3247083328125 0.434125 0.3976458328125 0.41117187499999996 0.3788333328125 0.381171875 0.36706249999999996 0.34940625000000003 0.32941666718749996 0.331765625 0.3835208328125 0.314125 0.4682291671875 0.314125 0.5694166671875001 0.377640625 0.6776458328125 0.42353125 0.6964791671875 0.497640625 0.6894166671875 0.582359375 0.6494166671875 0.62646875 0.6164791671875001 0.645875 0.5435208328125001 0.665296875 0.4611666671875 0.64940625 0.3694166671875 0.6405937500000001 0.3529375 0.624703125 0.334125 0.58940625 0.2964791671875
0 0.536875 0.882 0.54123828125 0.8924739578124999 0.5485104171875 0.8871666671874999 0.55665625 0.8928541671874999 0.5456015625 0.9029479171875 0.554328125 0.9238958328125 0.5714114578125 0.9238958328125 0.57878125 0.9223541671875 0.5799531250000001 0.9238958328125 0.576453125 0.9161458328125001 0.5809508921875 0.9128095234375 0.5892578125 0.9176979171875 0.59216796875 0.9068333328125 0.6020625 0.9021666671874999 0.5997343749999999 0.9130416671875 0.6020625 0.9161458328125001 0.606140625 0.8990729171874999 0.613703125 0.9099375000000001 0.6288437499999999 0.9021666671874999 0.6288437499999999 0.8835416671875 0.598578125 0.8540416671875001 0.589265625 0.8540416671875001 0.5869375 0.8462916671875 0.58053125 0.8540416671875001 0.571796875 0.8540416671875001 0.5682968749999999 0.8649166671874999 0.5758671875 0.8707395828125 0.5849419640625 0.8684642859375 0.583944196875 0.8795505953125 0.5805234375 0.8881979171875001 0.582946428125 0.8906369046875 0.57703515625 0.8944166671874999 0.5706249999999999 0.8835416671875 0.56946875 0.8882083328125001 0.5617083328125 0.8845833328125 0.5613125 0.8773333328125 0.5539479171874999 0.8809583328124999 0.5519999999999999 0.8711249999999999 0.5426875 0.8649166671874999 0.5461875 0.8773333328125 0.5403645828125 0.8814791671875 0.53221875 0.8757916671875 0.536875 0.882
0 0.074625 0.9984375 0.085328125 1 0.10901562499999999 0.9933333328125 0.1243125 0.9729583328125001 0.12965625 0.9566458328125 0.115140625 0.9209583328125 0.097546875 0.9128125 0.07996875 0.9209583328125 0.06543750000000001 0.930125 0.06085937500000001 0.9586874999999999 0.074625 0.9984375
0 0.82603125 0.3828541671875 0.8137968750000001 0.3818958328125 0.803484375 0.3847708328125 0.79534375 0.3959583328125 0.7912656250000001 0.40491666718749997 0.790546875 0.4154583328125 0.79365625 0.43174999999999997 0.797015625 0.4375 0.8030156249999999 0.44037499999999996 0.81115625 0.4375 0.817390625 0.4362291671875 0.8262656249999999 0.4365416671875 0.83896875 0.43462500000000004 0.8420781249999999 0.43174999999999997 0.8435312500000001 0.4218541671875 0.8423281250000001 0.4071458328125 0.8411250000000001 0.3991458328125 0.835375 0.3886041671875 0.82603125 0.3828541671875
0 0.040046874999999996 0.2623958328125 0.026875 0.2705 0.018265625 0.27995833281250004 0.018765625 0.2846875 0.022828124999999998 0.30225 0.025859375 0.31643750000000004 0.02840625 0.3225208328125 0.033468750000000005 0.3245416671875 0.046140625000000005 0.3252291671875 0.04815625 0.31643750000000004 0.048671874999999996 0.30293749999999997 0.055265625 0.2955 0.063875 0.28872916718749997 0.07146875 0.2745416671875 0.05728124999999999 0.25968749999999996 0.055265625 0.259 0.050187499999999996 0.259 0.040046874999999996 0.2623958328125
0 0.785671875 0.3656041671875 0.775921875 0.3585 0.766609375 0.35672916718750003 0.7541875 0.3599791671875 0.743328125 0.36825 0.7408750000000001 0.37625000000000003 0.74065625 0.3851041671875 0.7453125 0.3969375 0.7513124999999999 0.4016666671875 0.75684375 0.4016666671875 0.766828125 0.4034375 0.773265625 0.40787500000000004 0.780359375 0.4120208328125 0.7872343749999999 0.40787500000000004 0.793890625 0.394875 0.792546875 0.37625000000000003 0.785671875 0.3656041671875
0 0.669328125 0.43577083281249995 0.67746875 0.4414583328125 0.7072812500000001 0.44299999999999995 0.7173437500000001 0.4264791671875 0.71346875 0.4047916671875 0.7049531250000001 0.3924166671875 0.69140625 0.3908541671875 0.6751406249999999 0.3944791671875 0.665453125 0.4141041671875 0.665453125 0.4259583328125 0.669328125 0.43577083281249995
0 0.913703125 0.3519791671875 0.8989218749999999 0.33981249999999996 0.8893593750000001 0.3334375 0.876328125 0.3305416671875 0.8680625 0.3375 0.8563281249999999 0.3519791671875 0.8563281249999999 0.3664791671875 0.86153125 0.39314583281250004 0.870671875 0.4070625 0.8967499999999999 0.39779166718750003 0.9041406249999999 0.38156249999999997 0.9102343749999999 0.37054166718750003 0.913703125 0.3519791671875
0 0.8897812500000001 0.32747916718750003 0.912546875 0.3123125 0.9106406249999999 0.2996666671875 0.882828125 0.2979791671875 0.874609375 0.2903958328125 0.8676562499999999 0.28112499999999996 0.857546875 0.2903958328125 0.8594531249999999 0.32747916718750003 0.87209375 0.3342291671875 0.8897812500000001 0.32747916718750003
0 0.5955468749999999 0.70275 0.587625 0.7053958328125 0.5750625 0.7186250000000001 0.581015625 0.7362291671875 0.586953125 0.7441666671875 0.59290625 0.757375 0.604796875 0.7468125 0.63121875 0.7600208328125 0.645765625 0.7344791671875 0.6444375 0.7300625000000001 0.62528125 0.7256666671875001 0.5955468749999999 0.70275
0 0.7799375000000001 0.4453333328125 0.7849999999999999 0.4335416671875 0.78184375 0.411625 0.7660312499999999 0.4023541671875 0.749609375 0.3998333328125 0.747078125 0.4023541671875 0.74265625 0.41920833281250003 0.74834375 0.43606249999999996 0.76034375 0.44787499999999997 0.7799375000000001 0.4453333328125
0 0.722671875 0.363 0.7123437499999999 0.3698958328125 0.70865625 0.3767916671875 0.703484375 0.38366666718750003 0.697953125 0.3910625 0.707171875 0.39597916718750004 0.713453125 0.402875 0.714921875 0.42008333281250004 0.7175 0.4215625 0.72784375 0.4215625 0.730421875 0.40483333281249995 0.73153125 0.35808333281250004 0.722671875 0.363
0 0.18131250000000002 0.8667708328125 0.173109375 0.8380833328125 0.144421875 0.8230625 0.121890625 0.832625 0.121890625 0.8544791671875 0.12290625 0.8872708328125001 0.14340625 0.9063958328125 0.173109375 0.8913541671875 0.18131250000000002 0.8667708328125
0 0.5546875 0.9375 0.5765625 0.9375 0.5890625 0.9291666671875 0.596875 0.91875 0.5984375 0.9125 0.59375 0.9083333328125001 0.596875 0.9 0.603125 0.9020833328125001 0.603125 0.8958333328125001 0.5921875 0.8833333328125 0.571875 0.86875 0.589453125 0.8580729171874999 0.5875 0.8541666671874999 0.590625 0.85 0.5984375 0.8541666671874999 0.5953125 0.8520833328125 0.596875 0.8458333328125001 0.59375 0.83125 0.58125 0.8104166671874999 0.5734375 0.80625 0.5671875 0.7854166671875 0.559375 0.7708333328125 0.546875 0.76875 0.5421875 0.775 0.5359375 0.8041666671875 0.5203125 0.8354166671875 0.51875 0.875 0.53125 0.9145833328125 0.5421875 0.9291666671875 0.5546875 0.9375