0 0.310828125 0.467769953125 0.32873437499999997 0.4860798125 0.337484375 0.4877934265625 0.35425 0.48434272343749996 0.367578125 0.47976525781249996 0.377859375 0.462605634375 0.3831875 0.4322769953125 0.381671875 0.408826290625 0.373671875 0.3870892015625 0.370625 0.378497653125 0.36909375 0.369929578125 0.36490625 0.363638496875 0.35729687499999996 0.355610328125 0.337484375 0.3567605640625 0.334828125 0.36018779375 0.32987500000000003 0.355610328125 0.327203125 0.363638496875 0.32796875000000003 0.363638496875 0.31159375 0.3773708921875 0.304734375 0.40025821562499997 0.30093749999999997 0.42713615000000005 0.310828125 0.467769953125
0 0.59559375 0.442417840625 0.6081562500000001 0.4172769953125 0.61234375 0.38960093906250004 0.61065625 0.354366196875 0.5989375 0.32291079843750004 0.588890625 0.30657277031249996 0.578015625 0.2914788734375 0.55540625 0.28518779375 0.5461875 0.297769953125 0.5378125 0.30781690156249997 0.5327968750000001 0.31661971875 0.5294375 0.329201878125 0.5269375000000001 0.3480751171875 0.523578125 0.36946009375 0.52525 0.3933568078125 0.531953125 0.41978873281249995 0.540328125 0.43990610312499995 0.55371875 0.45375586874999996 0.55959375 0.45375586874999996 0.5763281250000001 0.44997652656250003 0.59559375 0.442417840625
0 0.08096875 0.8270657281249999 0.0968125 0.8365023468749999 0.10418750000000002 0.833638496875 0.114015625 0.8348591546874999 0.130125 0.824201878125 0.13940625 0.7917840375 0.14485937499999998 0.7610328640625 0.12875 0.7589671359375 0.130127840625 0.7531562093749999 0.141046875 0.7298591546875 0.131625 0.7312910796875001 0.135859375 0.71713615 0.127125 0.702769953125 0.11428125 0.6884272296875 0.11182812499999999 0.6822769953125001 0.100625 0.6802112671875 0.080421875 0.6962206578125001 0.075515625 0.6945774640625 0.0755142046875 0.706907809375 0.0686875 0.7011267609375 0.070734375 0.7222652578125001 0.0605 0.717957746875 0.06021875 0.7741549296875 0.06759375 0.7761971828124999 0.065953125 0.7954929578125001 0.08096875 0.8270657281249999
0 0.54515625 0.302253521875 0.556203125 0.2845305171875 0.549578125 0.28232394375 0.54071875 0.28232394375 0.523765625 0.28232394375 0.498703125 0.28232394375 0.488375 0.2867605640625 0.4699375 0.323309859375 0.46478125 0.3454694828125 0.465515625 0.3853521125 0.47584375 0.4307746484375 0.494265625 0.4396244125 0.5105000000000001 0.44072769999999994 0.532609375 0.43518779375000005 0.5230312500000001 0.37093896718749997 0.534828125 0.317769953125 0.54515625 0.302253521875
0 0.7869375 0.38345070468750003 0.80090625 0.3624647890625 0.805203125 0.3204929578125 0.80090625 0.28819248750000004 0.7869375 0.25267605625 0.759 0.23976525781250002 0.747171875 0.2510563375 0.732140625 0.2849530515625 0.7203125 0.33340375624999996 0.738578125 0.391525821875 0.746109375 0.40443662031249994 0.763296875 0.4076525828125 0.7869375 0.38345070468750003
0 0.680265625 0.11847417812500001 0.680765625 0.1052347421875 0.6675625000000001 0.11920187812500001 0.65778125 0.12873239375 0.6485000000000001 0.13462441249999998 0.64409375 0.1471126765625 0.6431250000000001 0.1537089203125 0.6426406250000001 0.1669248828125 0.6426406250000001 0.1742723 0.6470312500000001 0.184553990625 0.65534375 0.1926291078125 0.66315625 0.1992488265625 0.670984375 0.2051173703125 0.680765625 0.20732394375 0.686625 0.20805164375000001 0.692984375 0.2051173703125 0.693953125 0.197769953125 0.6895625 0.1874882625 0.68221875 0.164718309375 0.68125 0.14269953124999998 0.680265625 0.11847417812500001
0 0.576 0.057699531250000005 0.58728125 0.056995304687500005 0.6051249999999999 0.056995304687500005 0.613578125 0.06051643125 0.620625 0.0612206578125 0.6295468750000001 0.06051643125 0.627671875 0.049225351562500005 0.61828125 0.0273474171875 0.601375 0.0111267609375 0.58728125 0.0111267609375 0.574125 0.013239435937499999 0.55815625 0.0210093890625 0.551578125 0.036525821874999996 0.545953125 0.05981220625 0.553 0.057699531250000005 0.563796875 0.057699531250000005 0.576 0.057699531250000005
0 0.6836249999999999 0.162605634375 0.699578125 0.2067370890625 0.733984375 0.21305164375 0.765046875 0.1462206578125 0.765046875 0.10964788750000001 0.744890625 0.07183098593750001 0.7306250000000001 0.042816901562499995 0.729796875 0.032746478125 0.651734375 0.0957746484375 0.6483749999999999 0.1361267609375 0.68446875 0.1033568078125 0.6836249999999999 0.162605634375
0 0.550921875 0.11389671406249999 0.56328125 0.1538967140625 0.557578125 0.1853051640625 0.57184375 0.21816901406250003 0.592765625 0.22530516406249998 0.622234375 0.10960093906249999 0.626046875 0.11246478906249999 0.614625 0.0696009390625 0.5937187500000001 0.0553286390625 0.5623437499999999 0.07676056406250001 0.550921875 0.11389671406249999
0 0.71934375 0.89713615 0.734453125 0.9273943656249999 0.7520781249999999 0.9412676062499999 0.7655000000000001 0.9349530515625 0.794875 0.8958685453124999 0.8083125000000001 0.8517370890624999 0.8007500000000001 0.8139201875 0.73109375 0.8479577468749999 0.712625 0.85805164375 0.71934375 0.89713615
0 0.5709375 0.2282394359375 0.57440625 0.209178403125 0.561125 0.195281690625 0.557078125 0.17708920156250002 0.5565 0.16321596249999998 0.5334218749999999 0.1796948359375 0.514359375 0.201361503125 0.500515625 0.2074413140625 0.50109375 0.22650234687499998 0.5074375 0.243849765625 0.506859375 0.249929578125 0.521296875 0.268145540625 0.54784375 0.2707511734375 0.5622812500000001 0.25340375625 0.5709375 0.2282394359375
0 0.960328125 0.7935446015625 0.956703125 0.8087558687499999 0.9625 0.8218075125000001 0.96684375 0.8381220656249999 0.9740781249999999 0.852253521875 0.983484375 0.8587793421875001 1 0.8696478875 0.9986875 0.791361503125 0.9755312500000001 0.790281690625 0.960328125 0.7935446015625
0 0.46990625 0.8280751171875 0.5 0.8484272296875 0.514296875 0.8472769953125001 0.530859375 0.8382394359375 0.5526875 0.7873708921875 0.5534375 0.7805868546875 0.539140625 0.75232394375 0.549671875 0.7466666671875 0.54365625 0.7353521125 0.533875 0.7229107984375001 0.50978125 0.72518779375 0.48871875 0.7330985921875001 0.49727539062500004 0.7558597421875 0.48890234374999997 0.7565669015625 0.4804375 0.74553990625 0.480529296875 0.7572740609374999 0.47215625 0.7579812203125 0.46764062500000003 0.7850938968750001 0.47629687499999995 0.78678990625 0.46839583281249997 0.79942096875 0.46990625 0.8280751171875
0 0.6671875 0.8262910796874999 0.6796875 0.8262910796874999 0.678125 0.8497652578125001 0.6828125 0.8568075125 0.6953125 0.8568075125 0.7015625 0.8521126765625 0.7203125 0.82159624375 0.740625 0.8004694828125001 0.75 0.7699530515624999 0.7484375 0.7488262906250001 0.734375 0.732394365625 0.7296875 0.732394365625 0.7265625 0.7089201875 0.721875 0.6995305171874999 0.7372731859375 0.3226942296875 0.7356557375 0.318825521875 0.739012096875 0.3111464484375 0.737397540625 0.3073578078125 0.7407510078125 0.2995986671875 0.73913934375 0.29589009375 0.74248991875 0.288050884375 0.740881146875 0.2844223796875 0.74422883125 0.27650310624999996 0.7426229515625 0.27295466875 0.7459677421875 0.2649553234375 0.7443647546875 0.2614869546875 0.7477066531250001 0.2534075421875 0.7461065578125 0.2500192421875 0.7494455640625 0.2418597609375 0.7478483609375 0.238551528125 0.7511844765625 0.23031197812499998 0.7495901640625 0.2270838140625 0.7529233875 0.21876419687499998 0.7513319671875001 0.2156161015625 0.7546622984375 0.2072164171875 0.7530737703125 0.2041483875 0.756401209375 0.1956686359375 0.7548155734375 0.1926806734375 0.7581401203125 0.1841208546875 0.7565573765625 0.18121295937499998 0.7598790328125 0.1725730734375 0.7582991796874999 0.169745246875 0.7616179437499999 0.16102529062499998 0.760040984375 0.1582775359375 0.7633568546875 0.14947750937499998 0.7617827875 0.146809821875 0.765095765625 0.1379297296875 0.763524590625 0.1353421078125 0.7668346781250001 0.1263819484375 0.7652663937499999 0.12387439375 0.767008196875 0.11240668125 0.7703125 0.103286384375 0.7828125 0.103286384375 0.7890625 0.0915492953125 0.7875 0.058685445312499994 0.7828125 0.04694835625 0.7828125 0.023474178125 0.778125 0.0140845078125 0.76875 0.009389671875 0.7578125 0.009389671875 0.746875 0.023474178125 0.746875 0.0375586859375 0.7515625 0.0446009390625 0.75625 0.0446009390625 0.7640625 0.0657277 0.7671875 0.09859155 0.73217213125 0.3417609484375 0.7337953625 0.34578979374999996 0.728688525 0.36469637499999996 0.730317540625 0.3688853546875 0.726946721875 0.3761640890625 0.7285786296875 0.3804331359375 0.72520491875 0.387631803125 0.7268397171875 0.3919809171875 0.7234631140625 0.3990995140625 0.7251008062500001 0.4035287 0.7217213109375 0.410567228125 0.7233618953125001 0.41507648125 0.7199795078125 0.422034940625 0.7216229843749999 0.42662426093750005 0.7182377046874999 0.43350265468750004 0.7198840718749999 0.43817204218750005 0.7164959015625 0.44497036874999996 0.7181451609375 0.44971982343750005 0.7147540984375 0.4564380828125 0.71640625 0.46126760625 0.7130122953125 0.4679057953125 0.7146673390625 0.4728153875 0.7112704921875 0.47937350937499995 0.712928428125 0.48436316875 0.7095286890625 0.4908412234375 0.711189515625 0.49591095 0.7077868859375 0.5023089359374999 0.7094506046875 0.5074587296875 0.70604508125 0.5137766484374999 0.70771169375 0.5190065125000001 0.704303278125 0.5252443609374999 0.7059727828125 0.5305542937500001 0.702561475 0.536712075 0.7042338703125 0.5421020750000001 0.7008196718749999 0.5481797890625 0.702494959375 0.5536498562500001 0.69907786875 0.559647503125 0.7007560484375001 0.5651976390625 0.697336065625 0.571115215625 0.6990171375 0.5767454171875 0.6955942625 0.5825829296875 0.6972782265624999 0.5882932000000001 0.6938524593750001 0.5940506437499999 0.6955393140624999 0.5998409812500001 0.69211065625 0.60551835625 0.693800403125 0.6113887625000001 0.6903688531250001 0.6169860703125 0.6920614921875 0.6229365453125 0.6886270484375 0.62845378125 0.69032258125 0.6344843265625 0.6868852453125001 0.6399214953125 0.68858366875 0.6460321062500001 0.6851434421875 0.651389209375 0.6868447578125 0.6575798875000001 0.6834016390625 0.662856921875 0.685105846875 0.6691276687500001 0.6816598359375 0.6743246359375 0.6833669359375001 0.6806754500000001 0.6799180328125 0.68579235 0.6816280234375001 0.6922232328125 0.6781762296875 0.6972600640625 0.6798891125 0.7037710140625 0.6764344265625 0.7087277765625 0.6781502015624999 0.7153187937500001 0.6746926234374999 0.720195490625 0.676411290625 0.7268665750000001 0.6729508203125001 0.7316632046875 0.6765625 0.7417840375 0.671209015625 0.743130915625 0.6729334671875 0.7499621390625 0.6640625 0.767605634375 0.6694556453125 0.7730577015625 0.6640625 0.7805164312499999 0.6625 0.8192488265625 0.6671875 0.8262910796874999