3 0.45962500000000006 0.6544941171875001 0.4954375 0.6657411765625 0.526765625 0.656752940625 0.5670625 0.6207764703125 0.593921875 0.566847059375 0.6148125 0.4882117640625 0.6148125 0.4252705875 0.589453125 0.3691058828125 0.5506562500000001 0.3308941171875 0.49692187499999996 0.3421411765625 0.438734375 0.3691058828125 0.395453125 0.42976470625 0.36859375 0.537647059375 0.3745625 0.5960705875000001 0.407390625 0.6544941171875001 0.45962500000000006 0.6544941171875001
3 0.9548125000000001 0.896682353125 0.9203906249999999 0.8267294125 0.887703125 0.7775058828125 0.7965312499999999 0.782682353125 0.791375 0.7516 0.786203125 0.65056470625 0.732875 0.5624705875 0.674390625 0.552117646875 0.612453125 0.559882353125 0.621046875 0.4484941171875 0.60384375 0.383717646875 0.541921875 0.31896470625 0.42493749999999997 0.3578117640625 0.345796875 0.5262117640625 0.321703125 0.5288 0.2580625 0.5417647062500001 0.12559375 0.5857882359375 0.086015625 0.6635058828125 0.11870312499999999 0.74383529375 0.1703125 0.795647059375 0.156546875 0.8034117640625 0.09978125 0.8215529406250001 0.07225000000000001 0.8888941171875 0.065375 0.9640235296874999 0.06021875 0.9873411765625001 0.96684375 0.9873411765625001 0.9548125000000001 0.896682353125
3 0.66578125 0.5498588234375 0.7330625000000001 0.56023529375 0.793421875 0.6641411765624999 0.78996875 0.6823294125 0.8037812499999999 0.7108941171875001 0.814125 0.7108941171875001 0.846890625 0.6771294125 0.890015625 0.6069882359375 0.890015625 0.5160941171875 0.8762187499999999 0.44856470625 0.8417187500000001 0.3914117640625 0.810671875 0.3550588234375 0.75203125 0.35764705937499996 0.71925 0.3784235296875 0.6813125 0.4199764703125 0.667515625 0.4537411765625 0.6554375 0.5031058828125 0.6554375 0.5420705875 0.660609375 0.5004941171875 0.65715625 0.5420705875 0.66578125 0.5498588234375
3 0.7479375 0.31712941250000004 0.8197656249999999 0.2904235296875 0.8578906249999999 0.2944235296875 0.8711874999999999 0.2690588234375 0.8800625 0.23301176406250002 0.885375 0.2103058828125 0.8924687499999999 0.1809411765625 0.8942500000000001 0.139552940625 0.877390625 0.0794588234375 0.865875 0.0540941171875 0.84015625 0.0420705875 0.808234375 0.0394117640625 0.723109375 0.06343529375 0.703609375 0.0888 0.693859375 0.120847059375 0.691203125 0.1595764703125 0.7124843750000001 0.267717646875 0.72578125 0.3051058828125 0.73375 0.314447059375 0.7479375 0.31712941250000004
3 1 0.1298588234375 0.9383125 0.1298588234375 0.898640625 0.2104 0.8848437499999999 0.2960941171875 0.8951874999999999 0.3402588234375 0.9296875 0.36623529375 0.9296875 0.40519999999999995 0.988328125 0.4181882359375 1 0.43376470625 1 0.1376705875 1 0.1298588234375
3 0.312203125 0.5039058828125 0.315640625 0.4831058828125 0.31909375 0.446752940625 0.33634375 0.38701176406250004 0.37429687500000003 0.3402588234375 0.42603125000000003 0.324682353125 0.41568750000000004 0.2987058828125 0.394984375 0.2675294125 0.351859375 0.24155294062500002 0.317375 0.24155294062500002 0.265625 0.27014117656250003 0.24320312500000002 0.3506588234375 0.24665625000000002 0.3948 0.26390625 0.42597647031249997 0.27425 0.43635294062499996 0.286328125 0.45454117656250004 0.312203125 0.5039058828125
3 0.116984375 0.5857882359375 0.146234375 0.57543529375 0.27009375 0.5339764703125 0.297625 0.5313882359375001 0.311390625 0.5236235296875 0.28385937499999997 0.46143529375 0.242578125 0.3992705875 0.23224999999999998 0.35004705937499997 0.189234375 0.30082352968750004 0.12559375 0.3085882359375 0.0688125 0.3604 0.065375 0.4640235296875 0.07396875 0.51583529375 0.09290625 0.5624705875 0.116984375 0.5857882359375
3 0.25846874999999997 0.2115764703125 0.30003125 0.23503529374999999 0.328609375 0.2311294125 0.364984375 0.22329411718749997 0.377984375 0.19983529375 0.395640625 0.141152940625 0.392015625 0.10202352968749999 0.355109375 0.0550588234375 0.3270625 0.04176470625 0.321859375 0.04176470625 0.27353125 0.05976470625 0.258984375 0.0895058828125 0.2444375 0.1340941171875 0.24028125 0.1654117640625 0.25846874999999997 0.2115764703125
3 0.06381250000000001 0.3818117640625 0.129359375 0.3039058828125 0.20525000000000002 0.3220705875 0.170765625 0.2207764703125 0.11728125 0.1974117640625 0.11384375 0.15583529375 0.056921875 0.0883058828125 0.10521875 0.036352940625 0.108671875 0.0052 0.003453125 0.0052 0 0.0129882359375 0.0017187500000000002 0.3948 0.06381250000000001 0.3818117640625
3 0.11546875000000001 0.18910588281250001 0.12803124999999999 0.2001411765625 0.16678125 0.217482353125 0.182484375 0.2159058828125 0.197140625 0.19383529375 0.22542187500000002 0.162282353125 0.23903124999999997 0.124447059375 0.25159375 0.0660941171875 0.24321874999999998 0.03456470625 0.214953125 0.0061882359375 0.168875 0.0061882359375 0.131171875 0.0329882359375 0.10709375000000002 0.0660941171875 0.09243749999999999 0.1260235296875 0.09453125 0.13232941250000002 0.114421875 0.1654588234375 0.11546875000000001 0.18910588281250001
3 0.39053125 0.08056470624999999 0.399125 0.1323764703125 0.40428125000000004 0.1893882359375 0.407734375 0.24378823593750001 0.43696875 0.2619058828125 0.485140625 0.259317646875 0.529875 0.2412 0.5763281250000001 0.19456470625 0.5935312500000001 0.150517646875 0.5797656250000001 0.0857411765625 0.543640625 0.049482353125 0.49375 0.0054352937499999995 0.43009375 0.028752940625 0.419765625 0.0313411765625 0.40084375000000005 0.049482353125 0.39053125 0.08056470624999999
3 0.439828125 0.32936470625 0.393265625 0.342352940625 0.351859375 0.3683294125 0.31046874999999996 0.4800235296875 0.324265625 0.537152940625 0.348421875 0.531952940625 0.465703125 0.352752940625 0.439828125 0.32936470625
3 0.0466875 0.95703529375 0.145265625 0.8007764703125 0.12278125 0.7304705874999999 0.095109375 0.67056470625 0.08301562500000001 0.6184941171875 0.055343750000000004 0.6184941171875 0 0.6419294125 0.006921874999999999 0.9856705874999999 0.025937500000000002 0.9856705874999999 0.0466875 0.95703529375