1 0.5293281249999999 0.775957446875 0.5795625 0.798486996875 0.60375 0.8069267140624999 0.6118125 0.8059810875 0.618015625 0.788156028125 0.605609375 0.7149645390625 0.592578125 0.717777778125 0.587 0.7534278953125 0.589484375 0.777825059375 0.58390625 0.7797163125 0.5715 0.7571867609375 0.541734375 0.72621749375 0.5212656250000001 0.6905673765625 0.51134375 0.7008983453125001 0.51134375 0.7487470453125 0.5144375 0.7647044921874999 0.5293281249999999 0.775957446875
1 0.7305937499999999 0.726052009375 0.7122499999999999 0.719881796875 0.700015625 0.7353191484375 0.703078125 0.781583925 0.723453125 0.792364065625 0.73365625 0.7707801421875 0.7305937499999999 0.726052009375
1 0.69984375 0.7973758859375 0.7036718750000001 0.7808037828125001 0.700390625 0.7435461 0.6894375 0.7476832156250001 0.6680937499999999 0.7791489359375 0.675765625 0.7973758859375 0.687796875 0.803995271875 0.69984375 0.7973758859375
1 0.7867031250000001 0.73163120625 0.79825 0.7436406625 0.807640625 0.7452955078125 0.8137812500000001 0.7436406625 0.8145 0.737635934375 0.810171875 0.719598109375 0.8015000000000001 0.7032151296875 0.780203125 0.6977541375 0.765390625 0.701560284375 0.7509375 0.715768321875 0.7596093749999999 0.722340425 0.7700781250000001 0.7250591015625 0.7867031250000001 0.73163120625
1 0.8779375 0.760118203125 0.890578125 0.7486288421875 0.893828125 0.729503546875 0.8941874999999999 0.7131205671874999 0.890578125 0.70163120625 0.8837187500000001 0.68799054375 0.880109375 0.693995271875 0.8754062499999999 0.7114657203125 0.8642031250000001 0.7234988171875 0.853375 0.7322458625 0.840734375 0.74042553125 0.827734375 0.7426241140625 0.82303125 0.74425531875 0.82303125 0.7475413718749999 0.828453125 0.7464539 0.832421875 0.754089834375 0.825203125 0.76995271875 0.82484375 0.770496453125 0.8374843750000001 0.768297871875 0.8483124999999999 0.7612056734375 0.862765625 0.761749409375 0.8779375 0.760118203125
1 0.5395 0.5813475171875 0.52884375 0.5671394796875 0.51646875 0.5729550828125001 0.51775 0.58392435 0.52371875 0.6110165484375 0.53096875 0.64392435 0.5079374999999999 0.632316784375 0.490890625 0.615531915625 0.48064062500000004 0.6213475171875 0.479796875 0.6291016546875 0.46784375 0.629739953125 0.46315625000000005 0.629739953125 0.46145312499999996 0.64200945625 0.46529687500000005 0.6478014187500001 0.4623125 0.6587706859375 0.466578125 0.672340425 0.469125 0.6774940890625001 0.46571875 0.6994326234375 0.47339062500000006 0.712340425 0.49301562499999996 0.727825059375 0.5117812500000001 0.7387943265625 0.512640625 0.6987943265625 0.5203125 0.68846335625 0.5292656250000001 0.7033096921875 0.54590625 0.7271867609375 0.551015625 0.72846335625 0.557 0.7200945625 0.55571875 0.7007328609375 0.560828125 0.6807092203125 0.567234375 0.6665248234375001 0.56765625 0.6607092203125 0.5650937500000001 0.6613475171875 0.56553125 0.648439715625 0.563390625 0.6245626484375 0.55571875 0.6071394796875 0.5395 0.5813475171875
1 1 0.7414893609375001 0.987078125 0.7366193859375 0.943125 0.7552009453124999 0.925015625 0.7581323875 0.916609375 0.7747517734375 0.9192031249999999 0.804113475 0.910796875 0.8402836875 0.912734375 0.8491016546875001 0.927609375 0.8794089828124999 0.9411875000000001 0.894089834375 0.968328125 0.9068085109374999 0.968328125 0.90387706875 0.9806250000000001 0.8852955078125 0.997421875 0.8891962171875001 1 0.8735461000000001 1 0.825626478125 1 0.8031205671875 1 0.767919621875 1 0.7414893609375001
1 0.1339375 0.7732387703125 0.154796875 0.7683451531250001 0.1688125 0.7476832156250001 0.1806875 0.7057919625 0.181765625 0.6949172578125 0.1749375 0.6867612296875001 0.16989062500000002 0.6889361703125 0.15803125 0.691654846875 0.14150000000000001 0.7025295515625001 0.122796875 0.7242789593750001 0.10482812500000001 0.74985815625 0.10446875 0.7569267140625 0.10914062499999999 0.7792198578125 0.12315625 0.7830260046874999 0.127109375 0.7808510640625 0.1339375 0.7732387703125
1 0.0062656249999999995 0.9591725765625 0.017875 0.9728605203124999 0.13928125 0.9728605203124999 0.27490625 0.935721040625 0.340765625 0.9044444437499999 0.411796875 0.8614657203125 0.42471875 0.7872104015625 0.42084374999999996 0.7129550828125 0.397609375 0.6133096921875001 0.30978125 0.6113475171875 0.255515625 0.5996217500000001 0.223234375 0.6465248234375001 0.190953125 0.6269739953125 0.17415624999999998 0.6172104015625 0.149625 0.5996217500000001 0.13670312499999998 0.668014184375 0.13025 0.6035224593749999 0.100546875 0.580070921875 0.09667187499999999 0.6386997640625001 0.069546875 0.6035224593749999 0.06309375 0.6230732859375 0.03209375 0.572269503125 0.0036875 0.6230732859375 0.0075625 0.6347754140624999 0.00496875 0.8653664296875 0.0062656249999999995 0.9591725765625
1 0.615234375 0.8056028375000001 0.625515625 0.8087234046875 0.6504375 0.8109456265625001 0.6568906250000001 0.8016075656250001 0.668046875 0.7829787234375 0.6545468750000001 0.790070921875 0.6387031249999999 0.7843026 0.6351875 0.7767612296874999 0.635484375 0.7665484640625 0.6284375 0.774089834375 0.622875 0.7873995265625 0.617296875 0.8007328609375 0.615234375 0.8056028375000001
1 0.7119375 0.6906855796875 0.707734375 0.6556028375 0.700703125 0.6332860515625 0.6908593749999999 0.6226477546875 0.683140625 0.6194562640625 0.6775156250000001 0.6269030734375 0.6768125 0.6449645390625001 0.67821875 0.664113475 0.678921875 0.6811111109375 0.681734375 0.69387706875 0.68665625 0.707683215625 0.694375 0.720449171875 0.700703125 0.7172576828125 0.7105312500000001 0.7087470453125 0.7119375 0.6906855796875
1 0.64915625 0.7447754140625 0.678921875 0.7243262406250001 0.669 0.7011347515625 0.6464531250000001 0.703853428125 0.6121875 0.7393380609375 0.6203125 0.7761702125000001 0.628421875 0.7693380609375 0.64915625 0.7447754140625
1 0.617234375 0.7410874703125 0.62015625 0.7692907796874999 0.631796875 0.7745626484375 0.637625 0.7587234046875 0.6370312499999999 0.7825059109375 0.647515625 0.7869030734375 0.6597500000000001 0.789550828125 0.6620781250000001 0.7957210406249999 0.65334375 0.8089361703125 0.65915625 0.8221513 0.671390625 0.8186288421875 0.688859375 0.8212529546875 0.7098125 0.8212529546875 0.71271875 0.8212529546875 0.740671875 0.812458628125 0.7464999999999999 0.8071631203124999 0.753484375 0.7992434984375001 0.7779375 0.8089361703125 0.803546875 0.7992434984375001 0.81403125 0.7833806140624999 0.8303437499999999 0.7613475171874999 0.8303437499999999 0.748156028125 0.816359375 0.73846335625 0.807625 0.7278723406250001 0.8018124999999999 0.7049881796874999 0.7808437500000001 0.6970449171875 0.749984375 0.705862884375 0.7202968750000001 0.705862884375 0.68825 0.72612293125 0.687671875 0.7269976359375 0.6789375 0.72172576875 0.6498437499999999 0.7093853421875 0.617234375 0.7410874703125