1 0.823828125 0.6176666671875 0.8473124999999999 0.6870208328125 0.872484375 0.6847708328125 0.8791874999999999 0.6333333328124999 0.8473124999999999 0.4185625 0.8305312499999999 0.3492083328125 0.8422812499999999 0.3134166671875 0.8137656249999999 0.3290833328125 0.8036875 0.364875 0.791953125 0.4409375 0.8020156249999999 0.5237083328125001 0.823828125 0.6176666671875
1 0.34290625 0.3547291671875 0.32601562500000003 0.3614791671875 0.30067187500000003 0.4020208328125 0.29898437499999997 0.503375 0.327703125 0.63175 0.34459375 0.7060833328125 0.385140625 0.744375 0.41215624999999995 0.7308541671875 0.415546875 0.6745416671875 0.45776562500000006 0.7668958328125 0.48817187500000003 0.7578750000000001 0.49154687499999994 0.7421249999999999 0.489859375 0.7286041671875 0.4949375 0.6700416671875 0.4949375 0.6610416671875 0.521953125 0.748875 0.5608125 0.7331041671875 0.565875 0.6677916671874999 0.5709531250000001 0.62725 0.572640625 0.6114791671875001 0.540546875 0.49887499999999996 0.50675 0.3952708328125 0.46284375000000005 0.36825 0.46284375000000005 0.3096875 0.43075 0.28039583281249997 0.415546875 0.2713958328125 0.40540624999999997 0.2849166671875 0.391890625 0.2894166671875 0.3699375 0.2916666671875 0.34290625 0.31643750000000004 0.34290625 0.3547291671875
1 0.68946875 0.5738749999999999 0.67096875 0.4976458328125 0.6591875 0.432625 0.664234375 0.3743333328125 0.67096875 0.32275 0.672640625 0.28239583281249997 0.65078125 0.2936041671875 0.612109375 0.33845833281250004 0.5885625 0.4528125 0.647421875 0.6187291671875 0.657515625 0.6276875000000001 0.691140625 0.6164791671875001 0.68946875 0.5738749999999999
1 0.6960625 0.6157291671875 0.71965625 0.6247291671874999 0.72303125 0.6202291671875 0.734828125 0.5775208328125 0.734828125 0.39325 0.716296875 0.292125 0.67415625 0.2763958328125 0.655625 0.43595833281249996 0.6893281250000001 0.5955 0.6960625 0.6157291671875
1 0.695421875 0.24885416718750003 0.709546875 0.24885416718750003 0.7145937499999999 0.250875 0.72971875 0.2697083328125 0.719625 0.2905625 0.72165625 0.346375 0.73375 0.3396458328125 0.73628125 0.3026666671875 0.746359375 0.20514583281249998 0.753421875 0.1876666671875 0.745859375 0.1594166671875 0.7256875 0.14125000000000001 0.713578125 0.14797916718749998 0.7024843749999999 0.1647916671875 0.695421875 0.2246458328125 0.695421875 0.24885416718750003
1 0.817421875 0.11516666718749999 0.798875 0.05 0.78034375 0.0028125 0.6758437500000001 0.0050625 0.6809062499999999 0.020791667187499998 0.6960625 0.0724791671875 0.7483125 0.1263958328125 0.8022500000000001 0.1398958328125 0.817421875 0.11516666718749999
1 0.658984375 0.19102083281249999 0.664046875 0.1146041671875 0.6809062499999999 0.07416666718750001 0.682578125 0 0.48707812500000003 0.00225 0.47359375000000004 0.033708332812500005 0.47528125 0.0471875 0.461796875 0.1325833328125 0.46854687500000003 0.2314583328125 0.48034375 0.3101041671875 0.47528125 0.3865208328125 0.5039374999999999 0.4 0.532578125 0.37752083281250004 0.532578125 0.4112291671875 0.542703125 0.44045833281249996 0.5646093750000001 0.4382083328125 0.608421875 0.3505625 0.638765625 0.305625 0.65225 0.2629166671875 0.658984375 0.19102083281249999
1 0.31515624999999997 0.3383541671875 0.31815625000000003 0.3685208328125 0.34178125000000004 0.3525416671875 0.3474375 0.336125 0.353421875 0.3152708328125 0.360421875 0.2939791671875 0.35109375 0.2500416671875 0.321140625 0.1670833328125 0.2951875 0.10716666718750001 0.29053125 0.1022916671875 0.27421875 0.11160416718749999 0.26790625 0.11116666718749998 0.25192187499999996 0.0925416671875 0.23960937499999999 0.0734583328125 0.232953125 0.0774375 0.22796875 0.08854166718749999 0.238609375 0.12404166718750001 0.26490625 0.1985833328125 0.2725625 0.2234375 0.285203125 0.255375 0.3095 0.30862500000000004 0.31515624999999997 0.3383541671875
1 0.084265625 0.2086041671875 0.06909375 0.2108541671875 0.035390624999999995 0.2670416671875 0.0033750000000000004 0.395125 0.0016875000000000002 0.6535624999999999 0.02359375 0.6647916671874999 0.05225 0.6198541671875 0.06742187499999999 0.6782708328125 0.0960625 0.6782708328125 0.143265625 0.5726666671875 0.138203125 0.6176041671875 0.1449375 0.6760208328124999 0.17865625000000002 0.6895208328125 0.208984375 0.6468125 0.21742187500000001 0.6108541671875 0.2460625 0.6423125 0.291578125 0.595125 0.3050625 0.5456875 0.303375 0.49400000000000005 0.303375 0.4176041671875 0.32190625 0.3569375 0.310109375 0.29625 0.267984375 0.22883333281249998 0.244375 0.21310416718749997 0.210671875 0.17266666718749998 0.208984375 0.1591666671875 0.158421875 0.1546875 0.12134375 0.1816458328125 0.0960625 0.2108541671875 0.084265625 0.2086041671875
1 0.810671875 0.5730416671875 0.7955 0.492125 0.7955 0.43595833281249996 0.8022500000000001 0.3730416671875 0.8207812499999999 0.3280833328125 0.8494375 0.305625 0.8477499999999999 0.2853958328125 0.808984375 0.2898958328125 0.8005625000000001 0.3101041671875 0.782015625 0.34158333281250003 0.75 0.36854166718750003 0.72978125 0.40225 0.72809375 0.4606666671875 0.734828125 0.5258333328125 0.7550625 0.6179791671875 0.8005625000000001 0.6763958328124999 0.8292187500000001 0.6696666671875 0.82584375 0.6247291671874999 0.810671875 0.5730416671875
1 0.45685937499999996 0.21425 0.45276562499999995 0.1760625 0.46196875000000004 0.11739583281249999 0.46709375 0.0928333328125 0.443546875 0.10375000000000001 0.43025 0.12420833281250002 0.413875 0.1405833328125 0.39546875 0.167875 0.381140625 0.2210833328125 0.375 0.2688333328125 0.3780625 0.2865625 0.38215625000000003 0.2865625 0.39546875 0.2824791671875 0.407734375 0.278375 0.428203125 0.27291666718749996 0.44048437500000004 0.2510833328125 0.45685937499999996 0.21425
1 0.27271875 0.1154375 0.28575 0.1135 0.291546875 0.0987083328125 0.300234375 0.0845416671875 0.303625 0.056854167187500006 0.30265624999999996 0.031729167187500004 0.3016875 0 0.297828125 0.0001875 0.232625 0 0.234078125 0.0130625 0.237453125 0.0343125 0.24615625 0.0645833328125 0.248078125 0.07616666718750001 0.26353125 0.10835416718749999 0.27271875 0.1154375
1 0.203953125 0.1678125 0.284484375 0.24481250000000002 0.22265625 0.0918958328125 0.203140625 0.0929791671875 0.196625 0.1515416671875 0.203953125 0.1678125