1 0.68165625 0.1282903984375 0.67159375 0.15091334843749998 0.66034375 0.156252928125 0.653828125 0.1655737703125 0.647609375 0.1841920375 0.659453125 0.202388759375 0.665078125 0.19840749375 0.680765625 0.188196721875 0.69734375 0.1784309140625 0.707125 0.1473770484375 0.698234375 0.1065573765625 0.6946875 0.098571428125 0.6914374999999999 0.104332553125 0.68165625 0.1282903984375
1 0.3558125 0.55067915625 0.383765625 0.55067915625 0.38806250000000003 0.5313583140625 0.3934375 0.5313583140625 0.405265625 0.5071896953125 0.405265625 0.4910772828125 0.38590625 0.46208430937499995 0.3343125 0.38634660468750004 0.421390625 0.465292740625 0.427828125 0.447564403125 0.411703125 0.4056908671875 0.400953125 0.34768149843749996 0.36978125 0.30901639375 0.34184375 0.29451990625 0.3020625 0.30901639375 0.2859375 0.3525058546875 0.260140625 0.3637939109375 0.24939062500000003 0.407283371875 0.2483125 0.4797892265625 0.27734375 0.5426229515625 0.30959375 0.5490866515625 0.31603125 0.5394145203125 0.34721875 0.5555269328125 0.3558125 0.55067915625
1 0.682140625 0.8563934421875 0.7105625 0.8160421546875 0.694109375 0.8137939109375001 0.67615625 0.822763465625 0.65821875 0.8631147546875001 0.662703125 0.9102107734375 0.671671875 0.9057142859375 0.67615625 0.872084309375 0.682140625 0.8563934421875
1 0.183328125 0.377259953125 0.16829687499999998 0.3434660421875 0.13825 0.3524824359375 0.12171875000000001 0.386252928125 0.13674999999999998 0.39976580781250004 0.10218750000000001 0.4470726 0.040578125 0.503372365625 0.046578125 0.5303981265625 0.061609375 0.5484309140625 0.058609375 0.568688525 0.10067187500000001 0.5889695546875 0.12321875 0.5867213109375 0.14876562499999998 0.57093676875 0.19384375 0.6002341921875 0.202859375 0.5844496484375 0.214875 0.55969555 0.22840625 0.5123887593750001 0.22690625 0.492107728125 0.2419375 0.45608899375 0.2464375 0.40203747031250003 0.238921875 0.388524590625 0.21187499999999998 0.363747071875 0.21187499999999998 0.38175644062499997 0.207375 0.35023419218749996 0.183328125 0.377259953125
1 0.29426562500000003 0.703348946875 0.29426562500000003 0.6922014046875 0.2731875 0.6662060890625 0.25584375000000004 0.6234894609375 0.231109375 0.5925292734375 0.22981250000000003 0.6234894609375 0.243453125 0.66805620625 0.283109375 0.7144964875 0.29426562500000003 0.703348946875
1 0.39034375 0.7733255265625 0.35390625 0.6907494140625 0.34325 0.6548009375 0.31925 0.6654566749999999 0.32546875000000003 0.68676815 0.344140625 0.7679859484375 0.373453125 0.8106089000000001 0.39832812500000003 0.8026229515625 0.39034375 0.7733255265625
1 0.58384375 0.2394145203125 0.59121875 0.2123653390625 0.6010625 0.1877985953125 0.609265625 0.15831381718749998 0.61828125 0.1288290390625 0.62565625 0.107939109375 0.631390625 0.08583138125 0.630578125 0.0772131140625 0.62646875 0.062482435937500004 0.615 0.0526463703125 0.606796875 0.057564403125 0.599421875 0.0686182671875 0.59121875 0.082131146875 0.5879531250000001 0.0944262296875 0.587125 0.1103981265625 0.58303125 0.12391100625 0.578921875 0.1374238875 0.574828125 0.15093676875 0.568265625 0.1681498828125 0.564171875 0.1902576109375 0.5625312499999999 0.2037704921875 0.5584374999999999 0.2381733015625 0.560078125 0.2553864171875 0.567453125 0.2639812640625 0.5813906249999999 0.2541451984375 0.58384375 0.2394145203125
1 0.19359375 0.2970726 0.19878125 0.346276346875 0.2160625 0.38255269375 0.26964062499999997 0.343700234375 0.307671875 0.3074238875 0.33532812500000003 0.2970726 0.33359375 0.22451990624999998 0.32321875 0.141615925 0.33014062499999997 0.11311475468750001 0.2661875 0.04836065625 0.29384375 0.009508196875 0.16593750000000002 0.0043091328125 0.1451875 0.0328103046875 0.14346874999999998 0.09758782187500001 0.16765625 0.13644028125000002 0.1953125 0.15716627656249998 0.181484375 0.23229508124999998 0.19359375 0.2970726
1 0.387109375 0.1966978921875 0.399921875 0.2091334890625 0.4248125 0.2159250578125 0.45499999999999996 0.2091334890625 0.47309375 0.1740983609375 0.4685625 0.1390398125 0.46479687500000005 0.140187353125 0.4444375 0.1627868859375 0.40973437500000004 0.1740983609375 0.38860937500000003 0.1808665109375 0.387109375 0.1966978921875
1 0.748859375 0.2897189703125 0.754265625 0.28613583125000003 0.758390625 0.2751053859375 0.760328125 0.263091334375 0.7590312499999999 0.254964871875 0.754046875 0.2455503515625 0.7521093750000001 0.21665105312500002 0.751671875 0.20496487187499998 0.7501562500000001 0.20236533906249998 0.7499374999999999 0.19814988281249998 0.74971875 0.1887353625 0.744953125 0.18451990625 0.738890625 0.184847775 0.73715625 0.18906323125 0.735640625 0.2004215453125 0.735640625 0.204004684375 0.73975 0.20433255312499998 0.735421875 0.2267213109375 0.729578125 0.24067915625 0.726546875 0.24913348906250002 0.725453125 0.24782201406249998 0.7289218749999999 0.2656908671875 0.7323906250000001 0.2725058546875 0.73390625 0.28063231875 0.748859375 0.2897189703125
1 0.74053125 0.336323184375 0.746078125 0.40498829062499997 0.7578750000000001 0.41227166249999997 0.776625 0.3997892265625 0.7752343749999999 0.3581733015625 0.7898125 0.40810304375 0.8036875 0.41435597187499995 0.81896875 0.41227166249999997 0.841859375 0.43932084375 0.8571406250000001 0.433067915625 0.8828125 0.386252928125 0.914046875 0.38936768125 0.922390625 0.3716861828125 0.920296875 0.35297423906250003 0.916140625 0.347775175 0.883515625 0.326955503125 0.8710156250000001 0.30407494218750003 0.916828125 0.3373536296875 0.9459843749999999 0.3300702578125 0.959171875 0.31967213125 0.956390625 0.2978220140625 0.9439062500000001 0.2843091328125 0.8259062500000001 0.2187587828125 0.8224375 0.219812646875 0.789109375 0.22707259999999999 0.76065625 0.2582903984375 0.752328125 0.3019906328125 0.74053125 0.336323184375
1 0.7975 0.9388056203125 0.8270312499999999 0.8971428578125 0.8357187500000001 0.839836065625 0.804453125 0.7799531609375 0.76275 0.7799531609375 0.7540625000000001 0.78255269375 0.74190625 0.8320374703125 0.708890625 0.8294379390625 0.6741406249999999 0.88932084375 0.6967187499999999 0.9231850109374999 0.7227812499999999 0.9544262296875001 0.7975 0.9388056203125
1 0.961640625 0.1894145203125 0.933234375 0.1752224828125 0.8490781249999999 0.1815456671875 0.8280312500000001 0.1957377046875 0.823828125 0.22096018750000002 0.8848437499999999 0.255644028125 0.9290312500000001 0.2398829046875 0.94165625 0.2461826703125 0.9469218749999999 0.2225292734375 0.961640625 0.1894145203125
1 0.990625 1 0.9921875 0.9836065578125 0.996875 0.9789227171875 0.9984375 0.9718969562499999 0.99375 0.9274004687499999 0.9984375 0.8805620609375 0.996875 0.7587822015625 0.9875 0.742388759375 0.98125 0.7400468390625 0.978125 0.7096018734375 0.965625 0.6885245906249999 0.96875 0.653395784375 0.9734375 0.6440281031249999 0.975 0.62997658125 0.96875 0.608899296875 0.965625 0.6042154562500001 0.9578125 0.6042154562500001 0.953125 0.5737704921875 0.95 0.526932084375 0.9609375 0.526932084375 0.9671875 0.517564403125 0.96875 0.4941451984375 0.9640625 0.469555034375 0.9703125 0.4613583140625 0.978125 0.4613583140625 0.9859375 0.444964871875 0.9859375 0.374707259375 0.9984375 0.3395784546875 0.9859375 0.337236534375 0.9984375 0.22014051562499998 0.9984375 0.1686182671875 0.9953125 0.15925058593750002 0.996875 0.140515221875 0.9921875 0.131147540625 0.9421875 0.1288056203125 0.9359375 0.140515221875 0.925 0.14754098437500002 0.9140625 0.14754098437500002 0.909375 0.1545667453125 0.909375 0.1709601875 0.9140625 0.17798594843749999 0.9328125 0.175644028125 0.9609375 0.1920374703125 0.9515625 0.215456675 0.9487500000000001 0.25620608906250003 0.946875 0.257611240625 0.9390625 0.2552693203125 0.93125 0.2412177984375 0.9 0.2505854796875 0.8171875 0.1967213109375 0.81875 0.1733021078125 0.8078125 0.1288056203125 0.809375 0.09836065625 0.79375 0.046838407812499996 0.7859375 0.03512880625 0.7734375 0.0257611234375 0.7484375 0.0257611234375 0.740625 0.030444965624999997 0.725 0.049180328125 0.7203125 0.0702576109375 0.7140625 0.0796252921875 0.7109375 0.07494145156250001 0.703125 0.07728337187499999 0.690625 0.030444965624999997 0.6828125 0.018735362499999998 0.6703125 0.009367681249999999 0.6484375 0.009367681249999999 0.6359375 0.018735362499999998 0.6203125 0.046838407812499996 0.6203125 0.058548009375 0.6265625 0.06323185 0.6296875 0.07494145156250001 0.6234375 0.0765027328125 0.584375 0.07494145156250001 0.5828125 0.067915690625 0.5890625 0.0444964875 0.5890625 0.0257611234375 0.5828125 0.0023419203124999998 0.5171875 0 0.5140625 0.0070257609375 0.4890625 0.0070257609375 0.4765625 0.0210772828125 0.471875 0.042154567187500006 0.465625 0.0444964875 0.4625 0.032786885937499996 0.45 0.014051521875 0.428125 0.014051521875 0.415625 0.0210772828125 0.4125 0.0210772828125 0.4078125 0.014051521875 0.3828125 0.014051521875 0.3625 0.0210772828125 0.3 0.0210772828125 0.296875 0.0257611234375 0.28125 0.02810304375 0.271875 0.0444964875 0.271875 0.0562060890625 0.1921875 0.156908665625 0.1640625 0.1334894609375 0.1359375 0.086651053125 0.11875 0.086651053125 0.115625 0.0819672125 0.1109375 0.058548009375 0.1078125 0.05386416875 0.103125 0.05386416875 0.103125 0.0444964875 0.1125 0.0374707265625 0.1171875 0.0257611234375 0.1171875 0.018735362499999998 0.1125 0.009367681249999999 0.0703125 0.009367681249999999 0.059375 0.0046838406249999995 0.05625 0 0.021875 0.0023419203124999998 0.0171875 0.009367681249999999 0.015625 0.018735362499999998 0.0109375 0.018735362499999998 0.0046875 0.02810304375 0.0015625 0.0444964875 0.0015625 0.112412178125 0.0375 0.21779859531249998 0.0328125 0.2224824359375 0.0328125 0.229508196875 0.0015625 0.3489461359375 0.0015625 0.405152225 0.0078125 0.40749414531249994 0.0046875 0.4426229515625 0.0015625 0.45199063281249996 0.0015625 0.4707259953125 0.00625 0.47775175625 0.0048076921875 0.5274725265625 0.0015625 0.531615925 0.0015625 0.5386416859375001 0.004447115624999999 0.539902721875 0.0015625 0.545667446875 0.0040865390625 0.5523329140625 0.0015625 0.5597189703125001 0.0037259609375000003 0.5647631046875 0.0015625 0.5690866515625 0.003365384375 0.577193296875 0.0015625 0.5784543328125 0.0015625 0.6393442625 0.05 0.6065573765625001 0.0578125 0.608899296875 0.071875 0.5761124125 0.0875 0.5831381734375001 0.090625 0.5878220140625 0.0640625 0.6440281031249999 0.0715625 0.6674473062499999 0.0625 0.6814988296875 0.0546875 0.7142857140625 0.0484375 0.7236533953125 0.040625 0.7681498828125 0.0328125 0.7892271656250001 0.0265625 0.79391100625 0.0015625 0.7658079625 0 0.878220140625 0.0046875 0.8786104609375001 0.006129807812500001 0.8861466390625001 0 0.8899297421875 0 0.913348946875 0.003125 0.9250585484375 0.003125 0.9836065578125 0.0078125 0.99063231875 0.0203125 0.9882903984375 0.0234375 1 0.059375 0.9976580796875 0.0625 0.9929742390625 0.075 0.9929742390625 0.078125 0.9882903984375 0.08125 0.9882903984375 0.090625 1 0.2046875 1 0.2046875 0.995316159375 0.2109375 0.99063231875 0.225 1 0.2453125 1 0.246875 0.9929742390625 0.25 0.9976580796875 0.2828125 0.995316159375 0.2875 1 0.3171875 1 0.325 0.9836065578125 0.35 0.9836065578125 0.3515625 0.9976580796875 0.3546875 1 0.5015625 1 0.503125 0.995316159375 0.55 0.995316159375 0.553125 0.99063231875 0.55625 0.9976580796875 0.5609375 0.984387196875 0.5660511359375 0.977432403125 0.56875 0.9781420765625001 0.56875 0.969555034375 0.5717329546875 0.9684905265625 0.575 0.9742388765625 0.5796875 0.9718969562499999 0.57890625 0.9871194375 0.5828125 1 0.5875 1 0.5953125 0.9929742390625 0.6140625 0.9929742390625 0.61875 0.9976580796875 0.63125 1 0.7296875 1 0.728125 0.9718969562499999 0.8359375 0.8524590156249999 0.8453125 0.8524590156249999 0.8546875 0.8711943796874999 0.8546875 0.8969555031249999 0.85 0.9039812640625 0.8484375 0.9180327875 0.85 0.9508196718749999 0.8609375 0.9625292734374999 0.8609375 0.9789227171875 0.865625 0.985948478125 0.928125 1 0.990625 1