3 0.159546875 1 0.159546875 0.9984999999999999 0.153453125 0.9930555562500001 0.14354687500000002 0.9863055562499999 0.142796875 0.9876388890625 0.13440625 0.9930555562500001 0.132125 0.9991666671875 0.130984375 0.9910277781250001 0.124890625 0.9876388890625 0.115359375 0.9890000000000001 0.117265625 0.98425 0.11573437499999999 0.9747777781250001 0.1085 0.968 0.103171875 0.9720833328125 0.097078125 0.98155555625 0.095921875 0.991722221875 0.09440625 0.9883333328124999 0.08449999999999999 0.9883333328124999 0.078015625 0.995777778125 0.078015625 0.9923888890624999 0.0685 0.9890000000000001 0.06621875 0.9890000000000001 0.05973437499999999 0.991722221875 0.052875000000000005 0.9856111109375 0.0486875 0.9849444437500001 0.04296875 0.9869722218750001 0.0403125 0.9923888890624999 0.037640625 0.99375 0.030406250000000003 0.9944166671874999 0.026390625 1 0.028875 1 0.159546875 1
1 0.22946875000000003 0.42874999999999996 0.22946875000000003 0.44241666718749995 0.23395312499999998 0.4498333328125 0.2406875 0.44413888906250004 0.24421875 0.44413888906250004 0.24965625 0.4378611109375 0.250296875 0.4418611109375 0.25575000000000003 0.44241666718749995 0.2583125 0.43899999999999995 0.26440625 0.43272222187500003 0.27273437500000003 0.41052777812499996 0.274015625 0.386027778125 0.27145312499999996 0.367222221875 0.26246875 0.351277778125 0.255421875 0.34444444375 0.24709374999999997 0.336472221875 0.24517187499999998 0.34444444375 0.24260937500000002 0.36552777812500004 0.2384375 0.3808888890625 0.233640625 0.40652777812499996 0.22946875000000003 0.42874999999999996
1 0.2956875 0.33419444375 0.287984375 0.3501666671875 0.285421875 0.3874166671875 0.294828125 0.4223888890625 0.309375 0.41936111093750006 0.3200625 0.4170833328125 0.327328125 0.391972221875 0.317921875 0.34027777812500004 0.3119375 0.32505555625000004 0.30253125000000003 0.32430555625 0.30465624999999996 0.32505555625000004 0.300390625 0.3311388890625 0.2956875 0.33419444375
1 0.34192187500000004 0.1951666671875 0.32556250000000003 0.22894444374999998 0.326609375 0.2561388890625 0.33453125 0.270222221875 0.346140625 0.28055555625 0.364609375 0.28055555625 0.37146875 0.270222221875 0.3815 0.24958333281249998 0.37621875 0.20830555624999997 0.359859375 0.178277778125 0.359859375 0.1763888890625 0.34771874999999997 0.1763888890625 0.34192187500000004 0.1951666671875
1 0.20134375000000002 0.2256388890625 0.18765625 0.2891388890625 0.19718750000000002 0.29761111093750003 0.210875 0.29441666718750004 0.22515625 0.2595 0.22574999999999998 0.29019444375000003 0.23170312499999998 0.29019444375000003 0.23646875 0.2796111109375 0.242421875 0.2616111109375 0.243015625 0.24044444375000001 0.23943750000000003 0.21716666718750002 0.2346875 0.19494444375 0.228734375 0.18755555625 0.21979687499999997 0.18330555625 0.21384375000000003 0.18225 0.20610937499999998 0.1896666671875 0.20610937499999998 0.19388888906249999 0.20610937499999998 0.2076388890625 0.20134375000000002 0.2256388890625
1 0.06809375 0.18475 0.067109375 0.1973333328125 0.072375 0.2491388890625 0.0814375 0.264972221875 0.086046875 0.26319444375 0.08785937499999999 0.251777778125 0.085875 0.2248611109375 0.08259375 0.199972221875 0.07353125 0.17830555625 0.072546875 0.17361111093749998 0.0674375 0.1686388890625 0.06728125 0.1718611109375 0.06809375 0.18475
1 0.322984375 0.054527778125 0.330703125 0.05158333281250001 0.33896875 0.028055556250000002 0.3439375 0.008444443749999999 0.340078125 0.00355555625 0.33014062499999997 0.01825 0.32353125 0.046694443749999995 0.322984375 0.054527778125
1 0.38073437499999996 0.044027778125 0.38975 0.06719444375 0.390078125 0.07430555625 0.394765625 0.066 0.399765625 0.078472221875 0.40378125000000004 0.0808333328125 0.40845312500000003 0.06897222187499999 0.41546874999999994 0.0778611109375 0.42315625 0.064222221875 0.4265 0.07372222187500001 0.43317187500000004 0.061250000000000006 0.439859375 0.056499999999999995 0.44520312500000003 0.06244444375 0.450203125 0.0606388890625 0.4605625 0.04344444375 0.45856250000000004 0.0161111109375 0.454546875 0.0006666671875 0.36535937500000004 0.001277778125 0.36403125 0.009 0.368703125 0.026222221875 0.37371875 0.032138889062499995 0.375390625 0.0375 0.38073437499999996 0.044027778125
1 0.549890625 0.21825 0.5514218750000001 0.20049999999999998 0.549890625 0.1868611109375 0.546046875 0.173222221875 0.537609375 0.1568333328125 0.52915625 0.1418333328125 0.52071875 0.13774999999999998 0.52071875 0.15275 0.52071875 0.1636666671875 0.52071875 0.173222221875 0.5191874999999999 0.18822222187499998 0.51534375 0.21549999999999997 0.511515625 0.250972221875 0.5191874999999999 0.25916666718750003 0.52225 0.24825 0.528390625 0.25369444375 0.533765625 0.25233333281250003 0.539140625 0.25233333281250003 0.5445156250000001 0.24005555625000002 0.549890625 0.21825
1 0.262390625 0.26044444375000003 0.26103125 0.2663333328125 0.257140625 0.27705555625 0.25421875 0.28880555625 0.25421875 0.32166666718750003 0.256359375 0.322 0.258890625 0.32755555625 0.26160937500000003 0.333777778125 0.26453125 0.33688888906250003 0.27075 0.3296111109375 0.272109375 0.3251388890625 0.276203125 0.3251388890625 0.28145312499999997 0.31822222187500004 0.28300000000000003 0.28500000000000003 0.281640625 0.27255555625 0.27853125 0.2618333328125 0.272109375 0.25286111093749997 0.267046875 0.250777778125 0.26315625 0.250777778125 0.262390625 0.26044444375000003
1 0.33346875 0.41055555625 0.340921875 0.39849999999999997 0.342265625 0.373222221875 0.3314375 0.32505555625000004 0.32465625 0.31422222187500004 0.321953125 0.3093888890625 0.319921875 0.3106111109375 0.31246874999999996 0.32025000000000003 0.321265625 0.4081388890625 0.32871875 0.41777777812499994 0.33346875 0.41055555625
1 0.805390625 0.4174166671875 0.810375 0.42563888906249997 0.81428125 0.42880555625000005 0.8188906250000001 0.42880555625000005 0.82209375 0.4243611109375 0.8256406249999999 0.42627777812499995 0.8306250000000001 0.4243611109375 0.8338125 0.422472221875 0.8384375000000001 0.4231111109375 0.845890625 0.422472221875 0.8473124999999999 0.41680555625000004 0.84803125 0.41111111093749997 0.8498125 0.40669444375 0.8494531249999999 0.40227777812500004 0.8462500000000001 0.39911111093749996 0.8338125 0.39216666718750004 0.82990625 0.3845833328125 0.828140625 0.3751111109375 0.826359375 0.36752777812500004 0.825296875 0.3605833328125 0.8249375000000001 0.355527778125 0.826359375 0.35111111093749997 0.8267187500000001 0.34480555625 0.824234375 0.3391111109375 0.825296875 0.33405555625 0.827421875 0.32775 0.826 0.32080555624999996 0.823515625 0.31763888906250004 0.818546875 0.32080555624999996 0.816765625 0.32394444375 0.815703125 0.329 0.8125 0.33594444375 0.807890625 0.33975 0.799 0.35805555624999996 0.7972187500000001 0.3934166671875 0.805390625 0.4174166671875
1 0.0575625 0.6471111109375001 0.040890625 0.68025 0.041546875 0.6936111109375 0.043828125 0.6988611109375 0.05298437499999999 0.693027778125 0.053968749999999996 0.693027778125 0.059843749999999994 0.6918611109375 0.06737499999999999 0.6808333328125 0.0775 0.6790833328125 0.087640625 0.6692222218749999 0.09646875 0.6529444437499999 0.10104687500000001 0.6331666671875 0.100390625 0.6052777781249999 0.09515625 0.5930833328125 0.088296875 0.5878333328124999 0.0775 0.5750555562499999 0.06899999999999999 0.5791111109375 0.06867187500000001 0.5994722218749999 0.0575625 0.6471111109375001
3 0.328671875 0.7768888890625 0.341125 0.7586666671875 0.336421875 0.7311111109375 0.326171875 0.7178333328125001 0.320640625 0.7178333328125001 0.314 0.72519444375 0.32175 0.7370277781250001 0.327015625 0.7488333328125 0.328671875 0.7768888890625
1 0.2828125 0.10555555624999999 0.290234375 0.115277778125 0.2828125 0.11944444375 0.2828125 0.147222221875 0.2921875 0.1666666671875 0.3015625 0.1666666671875 0.30315290156249997 0.18174603125 0.299609375 0.1833333328125 0.30474330312500003 0.196825396875 0.30234375 0.2 0.3063337046875 0.2119047609375 0.3036458328125 0.2157407421875 0.3079241078125 0.22698412812500002 0.3049479171875 0.23148148124999998 0.3109375 0.24444444375000002 0.30625 0.24722222187499998 0.303125 0.252777778125 0.303125 0.3 0.3078125 0.3083333328125 0.3171875 0.3083333328125 0.321875 0.29444444375 0.31629464218750003 0.26746031718749996 0.321875 0.25555555625 0.375 0.272222221875 0.380625 0.276851853125 0.375 0.302777778125 0.3765625 0.3138888890625 0.38125 0.322222221875 0.390625 0.322222221875 0.39375 0.3166666671875 0.3953125 0.29444444375 0.3984375 0.28611111093749997 0.4078125 0.28611111093749997 0.4125 0.272222221875 0.4125 0.2611111109375 0.403125 0.23333333281250002 0.40625 0.20555555625 0.3975 0.19907407500000002 0.4083984375 0.17430555625 0.4404296875 0.165972221875 0.44375 0.172222221875 0.44375 0.1888888890625 0.4484375 0.197222221875 0.4578125 0.197222221875 0.4609375 0.1916666671875 0.4625 0.175 0.4578125 0.16388888906250001 0.4484375 0.16388888906250001 0.4685267859375 0.09841269687500001 0.471875 0.1 0.48250000000000004 0.1233333328125 0.478125 0.10833333281249999 0.4837053578125 0.09841269687500001 0.484375 0.10833333281249999 0.4872767859375 0.1115079359375 0.4908482140625 0.124603175 0.4878125 0.135 0.49441964218749995 0.1376984140625 0.49312500000000004 0.14666666718750002 0.497991071875 0.15079365 0.4984375 0.1583333328125 0.49375 0.1666666671875 0.49375 0.1833333328125 0.4984375 0.1916666671875 0.505133928125 0.176984128125 0.5015625 0.16388888906250001 0.5078125 0.1583333328125 0.5125 0.16944444375 0.5125 0.177777778125 0.5078125 0.1916666671875 0.5122767859375 0.203174603125 0.522991071875 0.2424603171875 0.528125 0.2415032671875 0.5265625 0.25555555625 0.5234375 0.2611111109375 0.5234375 0.27777777812500004 0.528125 0.28611111093749997 0.5375 0.28611111093749997 0.5421875 0.272222221875 0.540625 0.25833333281250004 0.5375 0.252777778125 0.5484375 0.2388888890625 0.5546875 0.252777778125 0.5609375 0.25833333281250004 0.571875 0.25833333281250004 0.571875 0.2666666671875 0.5671875 0.275 0.5671875 0.2916666671875 0.571875 0.3 0.58125 0.3 0.584375 0.29444444375 0.5859375 0.27777777812500004 0.58125 0.2666666671875 0.578125 0.2666666671875 0.578125 0.25833333281250004 0.59375 0.23611111093749998 0.596875 0.222222221875 0.596875 0.2 0.661125 0.1806666671875 0.703125 0.24444444375000002 0.6984375 0.26944444375 0.6984375 0.29722222187499997 0.703125 0.3138888890625 0.7125 0.325 0.75 0.32777777812500003 0.7609375 0.3111111109375 0.7640625 0.29722222187499997 0.7640625 0.2638888890625 0.7609375 0.25 0.7677083328125 0.2388888890625 0.7670138890625 0.23086419687499998 0.775 0.22916666718749998 0.7760416671875 0.24722222187499998 0.784375 0.25555555625 0.8140625 0.25833333281250004 0.8296875 0.2388888890625 0.830902778125 0.21728394999999998 0.846875 0.2138888890625 0.8453125 0.24722222187499998 0.859375 0.272222221875 0.865625 0.275 0.8703125 0.2833333328125 0.8765625 0.2833333328125 0.8875 0.2916666671875 0.9 0.2916666671875 0.9046875 0.27777777812500004 0.9046875 0.26944444375 0.9 0.25833333281250004 0.9046875 0.24722222187499998 0.909375 0.25555555625 0.91875 0.25555555625 0.9234375 0.2416666671875 0.925 0.18055555625 0.9296875 0.15555555625 0.928125 0.13055555624999998 0.925 0.125 0.915625 0.125 0.9109375 0.13333333281249998 0.9078125 0.16388888906250001 0.9046875 0.172222221875 0.882421875 0.19097222187500001 0.8765625 0.1916666671875 0.871875 0.18055555625 0.8625 0.18055555625 0.8546875 0.1916666671875 0.8265625 0.21111111093749999 0.8229166671874999 0.21898148125 0.815625 0.21111111093749999 0.81493055625 0.2206790109375 0.80694444375 0.22237654375 0.80625 0.225 0.7989583328125 0.224074075 0.7829861109375 0.2274691359375 0.78125 0.2138888890625 0.765625 0.1888888890625 0.7640625 0.175 0.76875 0.16388888906250001 0.775 0.1583333328125 0.7765625 0.1416666671875 0.771875 0.13055555624999998 0.7609375 0.13055555624999998 0.753125 0.13888888906250002 0.7453125 0.15555555625 0.7490625 0.197222221875 0.746875 0.20555555625 0.7375 0.19444444375 0.721875 0.19444444375 0.7125 0.20555555625 0.709375 0.21851851875 0.655125 0.17155555625000002 0.577125 0.0531111109375 0.571875 0.058333332812500006 0.571875 0.04444444375 0.565125 0.0348888890625 0.5703125 0.030555556249999997 0.5640625 0.0166666671875 0.559125 0.025777778125 0.553125 0.0166666671875 0.5484375 0.025 0.5515625 0.030718956250000002 0.5484375 0.0416666671875 0.55 0.0447712421875 0.5501531859375001 0.055283225000000005 0.5484375 0.058823531250000005 0.551868871875 0.0688997828125 0.546875 0.0728758171875 0.54375 0.10098039218749999 0.51875 0.0916666671875 0.5203125 0.072222221875 0.515625 0.061111110937500004 0.49375 0.0638888890625 0.4760416671875 0.09398148125 0.471875 0.08055555625000001 0.4765625 0.072222221875 0.43125 0.0861111109375 0.4265625 0.075 0.4171875 0.075 0.4125 0.08333333281250001 0.4125 0.1 0.4171875 0.10833333281249999 0.4125 0.11837606875 0.414375 0.12129629687500001 0.409375 0.13119658125 0.41156249999999994 0.1342592578125 0.41156249999999994 0.13680555625 0.40625 0.14401709375 0.40875000000000006 0.147222221875 0.40875000000000006 0.1523148140625 0.4059375 0.1601851859375 0.403125 0.15683760625 0.4 0.16965811875 0.403125 0.173148146875 0.400390625 0.1763888890625 0.403125 0.1833333328125 0.40031249999999996 0.1861111109375 0.3923828125 0.178472221875 0.3890625 0.172222221875 0.384375 0.18055555625 0.312946428125 0.103174603125 0.303125 0.10555555624999999 0.30580357187499996 0.0954365078125 0.303125 0.090277778125 0.2986607140625 0.0876984140625 0.303125 0.075 0.2984375 0.0638888890625 0.2890625 0.0638888890625 0.284375 0.072222221875 0.2915178578125 0.07996031718749999 0.286328125 0.086574075 0.28828125 0.100925925 0.2828125 0.10555555624999999