0 0.626171875 0.5971458328125 0.6404687499999999 0.632625 0.658109375 0.6459374999999999 0.67675 0.6410625 0.69771875 0.6166666671875001 0.697375 0.5762916671875 0.691390625 0.565625 0.6830625 0.56075 0.66909375 0.555875 0.657109375 0.5536458328125 0.64546875 0.5594166671874999 0.64346875 0.5616458328125 0.6328125 0.5740624999999999 0.626171875 0.5971458328125
0 0.851625 0.294 0.882875 0.2893541671875 0.915 0.2557916671875 0.9080625 0.2210416671875 0.8889531249999999 0.179375 0.8715937500000001 0.1851666671875 0.843796875 0.2002083328125 0.8247031249999999 0.2337916671875 0.8247031249999999 0.2581041671875 0.83078125 0.28010416718750003 0.851625 0.294
0 0.802984375 0.6432291671875 0.810734375 0.6593541671875001 0.823796875 0.6599999999999999 0.8397656250000001 0.6567916671875 0.855265625 0.6451666671875 0.86203125 0.623875 0.8581562500000001 0.5928958328125 0.8387968750000001 0.5786875 0.833 0.5748333328124999 0.813640625 0.5767708328125 0.8054062500000001 0.5851458328125 0.8010468749999999 0.5948333328125 0.8010468749999999 0.6070833328125 0.798625 0.64 0.802984375 0.6432291671875
0 0.761796875 0.1707916671875 0.7483125 0.1550625 0.7264062499999999 0.15731250000000002 0.7061875 0.1775208328125 0.6960625 0.1955 0.6960625 0.2224791671875 0.7028125000000001 0.24493749999999997 0.72303125 0.2584166671875 0.738203125 0.2516875 0.77190625 0.2404583328125 0.766859375 0.2089791671875 0.761796875 0.1707916671875
0 0.741 1 0.7521875 0.9879791671874999 0.752796875 0.9656041671875 0.744734375 0.9424166671875 0.727953125 0.9333125000000001 0.719875 0.9341458328125001 0.70559375 0.9374583328125 0.6956562500000001 0.9498749999999999 0.6956562500000001 0.9440833328125 0.693171875 0.9705833328125 0.693171875 0.9929375 0.70621875 0.9979166671874999 0.722359375 1 0.741 1
0 0.07246875 0.8265833328125 0.12640625 0.8355833328125 0.143265625 0.8827708328125 0.117984375 0.9456875 0.030343750000000003 0.9456875 0.08090625 0.9793958328124999 0.47696875 0.9838958328125 0.47696875 0.9659166671875001 0.48034375 0.799625 0.45168749999999996 0.7636666671875 0.11629687500000001 0.7591666671875 0.091015625 0.7524375 0.064046875 0.792875 0.07246875 0.8265833328125
0 0.320953125 0.5998125 0.346671875 0.5845 0.3505 0.5560416671875 0.3395625 0.5283333328125 0.32040625 0.5115416671874999 0.2974375 0.5108125 0.277734375 0.5283333328125 0.26953125 0.5451041671875 0.270078125 0.5669791671875 0.277734375 0.5845 0.288671875 0.5947083328125 0.30728125 0.5998125 0.320953125 0.5998125
0 0.6235937500000001 0.303375 0.633703125 0.2674166671875 0.5949375 0.24943749999999998 0.57303125 0.24718749999999998 0.5511250000000001 0.2763958328125 0.5578593749999999 0.3168541671875 0.561234375 0.3348333328125 0.5780937500000001 0.34381249999999997 0.611796875 0.33708333281249997 0.6235937500000001 0.303375
0 0.39845312499999996 0.6874791671875 0.4140625 0.6910624999999999 0.42698437499999997 0.6878333328124999 0.43801562499999996 0.6824583328125 0.44340624999999995 0.6723958328124999 0.447171875 0.6519583328125 0.44662499999999994 0.6411875 0.44312500000000005 0.6239583328125 0.435328125 0.6103125 0.41971875000000003 0.6031458328125 0.40356249999999994 0.6020625 0.3876875 0.6085208328125 0.37771875 0.6160625 0.370453125 0.6318541671875 0.36803125 0.6476458328125 0.37153125 0.6677500000000001 0.37934375 0.6763541671875 0.383109375 0.6774375 0.390375 0.681375 0.39845312499999996 0.6874791671875
0 0.173125 0.5805833328125 0.16490625 0.5952083328125 0.164359375 0.6222708328125 0.17971874999999998 0.6551666671875 0.21809375000000003 0.666125 0.23345312499999998 0.6588125 0.245515625 0.6383541671875 0.24825 0.6186041671875 0.23399999999999999 0.5805833328125 0.20109375 0.5645 0.194515625 0.5659583328125 0.189578125 0.5703541671875 0.173125 0.5805833328125
0 0.035390624999999995 0.599625 0.062359374999999995 0.6468125 0.084265625 0.6558125 0.131453125 0.6580625 0.1516875 0.6647916671874999 0.20393750000000002 0.6670416671875 0.262921875 0.6670416671875 0.31179687500000003 0.6692916671875 0.3539375 0.6782708328125 0.39270312500000004 0.6917500000000001 0.42809375000000005 0.69625 0.45337500000000003 0.6850208328125 0.47696875 0.6535624999999999 0.4955 0.6221041671875 0.507296875 0.5749166671875 0.505625 0.5254583328125 0.505625 0.4850208328125 0.507296875 0.45806250000000004 0.5005625 0.45131249999999995 0.483703125 0.46704166718750006 0.466859375 0.46704166718750006 0.436515625 0.44681249999999995 0.42134375 0.44008333281249995 0.39437500000000003 0.44008333281249995 0.365734375 0.4490625 0.337078125 0.4490625 0.310109375 0.4490625 0.27978125 0.4490625 0.2545 0.4490625 0.22584374999999998 0.4490625 0.187078125 0.4490625 0.1550625 0.44681249999999995 0.10785937500000001 0.44008333281249995 0.09775 0.4378333328125 0.07246875 0.44008333281249995 0.06909375 0.44681249999999995 0.060671875 0.44681249999999995 0.050562499999999996 0.5097291671875 0.058984375 0.5434375 0.0471875 0.5704166671875 0.035390624999999995 0.599625
0 0.656765625 0.8685625 0.647078125 0.8479166671874999 0.6209374999999999 0.84275 0.59190625 0.8653333328124999 0.589 0.8814583328125 0.590453125 0.9021250000000001 0.6020625 0.922125 0.613203125 0.934375 0.6209374999999999 0.9331041671875001 0.62965625 0.929875 0.645140625 0.9117916671874999 0.6562812499999999 0.906 0.6625625 0.8859791671874999 0.656765625 0.8685625
0 0.699421875 0.9347291671875 0.71646875 0.9243958328125 0.7234375 0.8794791671875 0.713359375 0.8578125 0.700203125 0.8505833328125 0.6816093750000001 0.8495416671875 0.661484375 0.8583125 0.6599375000000001 0.8815416671875 0.654125 0.9104583328125001 0.673875 0.9264583328124999 0.699421875 0.9347291671875