2 0.51176 0.70824 0.44648000000000004 0.76 0.4447 0.7646933328125 0.54 0.8800000000000001 0.61764 0.97176 0.66706 0.93176 0.51176 0.70824
2 0.56294 0.45176 0.39882 0.4329333328125 0.41118 0.4894133328125 0.43587999999999993 0.50352 0.55058 0.50824 0.55942 0.50824 0.58058 0.47293333281249994 0.56294 0.45176
2 0.10588 0.5858933328125 0.17294 0.5694133328125 0.19236 0.54352 0.21705999999999998 0.52 0.21000000000000002 0.49648000000000003 0.21352000000000002 0.46352000000000004 0.23294 0.4329333328125 0.22235999999999997 0.4 0.19942 0.41882666718749995 0.18176 0.4353066671875 0.13588 0.4846933328125 0.13412 0.50352 0.12352 0.5223466671875 0.10411999999999999 0.5294133328124999 0.08118 0.5294133328124999 0.0653 0.5294133328124999 0.0247 0.53176 0.0070599999999999994 0.5505866671875 0.03176 0.5953066671875 0.054700000000000006 0.5858933328125 0.08118 0.5858933328125 0.10588 0.5858933328125
2 0.5251 0.63592 0.5435399999999999 0.62568 0.58196 0.5898399999999999 0.5619799999999999 0.5631999999999999 0.49592 0.5673066671875 0.4867 0.5713866671875001 0.49592 0.6010933328125 0.5251 0.63592
2 0.42706 0.9576533328125001 0.5453 0.9623466671875001 0.57176 0.9153066671874999 0.45176 0.8941066671875 0.35294 0.8776533328125 0.33352 0.8729333328125 0.32118 0.9223466671875 0.42706 0.9576533328125001
2 0.51448 0.8372266671874999 0.49329999999999996 0.8372266671874999 0.44742 0.8325333328125 0.35741999999999996 0.8278133328124999 0.31682 0.8372266671874999 0.30448 0.85136 0.31682 0.8654666671875001 0.5638799999999999 0.9148799999999999 0.56212 0.9125333328125 0.52152 0.8419466671875 0.51448 0.8372266671874999
2 0.7656 0.93976 0.79148 0.9537066671875 0.8454599999999999 0.9713333328125 0.8785000000000001 0.9236000000000001 0.8817999999999999 0.8898133328125001 0.8757400000000001 0.8472266671875 0.7771600000000001 0.834 0.75624 0.8744 0.74632 0.8912800000000001 0.74908 0.9192 0.7656 0.93976
2 0.88856 1 0.9669000000000001 0.9987999999999999 0.93618 0.9578133328125 0.91544 0.9373333328125 0.88318 0.9178933328125 0.87088 0.93528 0.8609 0.9803466671875001 0.88856 1
2 0.3466 0.3096 0.34544 0.3018666671875 0.31524 0.28328000000000003 0.26762 0.26624 0.23858000000000001 0.2616 0.25832 0.28328000000000003 0.28504 0.3157866671875 0.31524 0.32664 0.34196 0.32664 0.33964 0.322 0.34428000000000003 0.31888 0.3466 0.3096
2 0.85076 0.46528 0.8109999999999999 0.4561866671875 0.76504 0.48101333281249997 0.7743599999999999 0.4967466671875 0.8613200000000001 0.5216000000000001 0.8638 0.47605333281249995 0.85076 0.46528
2 0.86912 0.32544 0.89702 0.35856 0.9083600000000001 0.37192 0.92186 0.39168 0.9519399999999999 0.40330666718749997 0.9545600000000001 0.41085333281249997 0.9641400000000001 0.42016 0.9733 0.41493333281250006 0.98594 0.4102933328125 0.9968400000000001 0.40621333281250005 1 0.39053333281249997 0.98288 0.36960000000000004 0.9284000000000001 0.32544 0.8726 0.2772 0.8708600000000001 0.2772 0.84428 0.2952 0.86912 0.32544
2 0.6085200000000001 0.44992 0.60808 0.4266666671875 0.6024200000000001 0.41504 0.55928 0.4330666671875 0.55752 0.43888 0.56102 0.45224000000000003 0.56974 0.45456 0.5740999999999999 0.4685066671875 0.6085200000000001 0.44992
2 0.0103636359375 0.349090909375 0.002 0.36266666718749996 0.006 0.368 0.004 0.37333333281250003 0.008666665625 0.377777778125 0.002 0.392 0.002 0.4 0.006 0.40533333281250006 0.02 0.40533333281250006 0.01 0.4453333328125 0.01 0.4613333328125 0.024 0.48 0.036 0.48 0.041999999999999996 0.4693333328125 0.046 0.44266666718750003 0.064 0.4346666671875 0.072 0.4453333328125 0.08 0.4453333328125 0.08 0.45866666718750004 0.076 0.46399999999999997 0.078 0.4853333328125 0.086 0.4933333328125 0.092 0.4933333328125 0.1 0.5093333328125 0.11399999999999999 0.5093333328125 0.12 0.49866666718749997 0.122 0.45866666718750004 0.146 0.45599999999999996 0.152 0.4453333328125 0.152 0.43200000000000005 0.16 0.43200000000000005 0.15896 0.42784000000000005 0.16399999999999998 0.4266666671875 0.16752 0.4354133328125 0.175 0.4266666671875 0.186 0.4266666671875 0.17608 0.44298666718749996 0.236 0.496 0.23399999999999999 0.504 0.24 0.5078787859375 0.23399999999999999 0.52 0.24 0.528 0.304 0.8426666671874999 0.264 0.8426666671874999 0.254 0.8533333328125 0.254 0.8693333328125 0.26 0.8773333328125 0.306 0.8746666671875 0.312 0.8640000000000001 0.306 0.8533333328125 0.308 0.8453333328125 0.3849230765625 0.750974359375 0.394 0.768 0.404 0.7813333328125001 0.40599999999999997 0.7973333328125001 0.418 0.8133333328125 0.42800000000000005 0.8133333328125 0.43600000000000005 0.8240000000000001 0.45 0.8240000000000001 0.462 0.8 0.626 0.8666666671875 0.626 0.8746666671875 0.666 0.9306666671875 0.666 0.9386666671875 0.73 0.9413333328125001 0.746 0.9119999999999999 0.748 0.8826666671875 0.742 0.8720000000000001 0.712 0.8720000000000001 0.708 0.8666666671875 0.6719999999999999 0.8640000000000001 0.654 0.8560000000000001 0.6635294125 0.8178300671875001 0.6554117640625 0.81228758125 0.6559999999999999 0.8053333328125 0.66670588125 0.8051067546875 0.66129411875 0.801411765625 0.661 0.793777778125 0.6698823515625 0.7923834421875 0.6671764703124999 0.7905359468750001 0.666 0.782222221875 0.6730588234375 0.77966013125 0.671 0.7706666671875 0.6789926484375 0.7684313734375 0.6759999999999999 0.7591111125000001 0.6849264703125 0.7572026140625 0.6809999999999999 0.7475555546875 0.69086029375 0.74597385625 0.686 0.736 0.69679411875 0.7347450984375 0.6910000000000001 0.7244444453125001 0.696 0.7128888875 0.7027279421875 0.7235163390625 0.768 0.6 0.788 0.6026666671875 0.79 0.616 0.796 0.624 0.808 0.624 0.8160000000000001 0.6106666671875 0.8220000000000001 0.608 0.8539999999999999 0.6026666671875 0.8640000000000001 0.592 0.884 0.6053333328125 0.898 0.608 0.93 0.608 0.9339999999999999 0.6026666671875 0.9339999999999999 0.5813333328125 0.9179999999999999 0.5706666671875 0.9019999999999999 0.5466666671875 0.8859999999999999 0.5386666671875 0.8800000000000001 0.528 0.844 0.528 0.8220000000000001 0.5173333328124999 0.8201176484375001 0.5077647062499999 0.83776470625 0.47513725625000003 0.8316296296875001 0.464987653125 0.8383703703125001 0.455012346875 0.8436470578125 0.4642614375 0.8495294124999999 0.453385621875 0.8451111125 0.4450370375 0.8518518515625001 0.435061728125 0.8554117640625 0.442509803125 0.8612941187500001 0.43163398593749996 0.8585925921875001 0.42508641875000003 0.8671764703125 0.4207581703125 0.865333334375 0.4151111125 0.8730588234375001 0.40988235156249997 0.8720740734374999 0.405135803125 0.8789411765624999 0.3990065359375 0.8788148140625 0.39516049375 0.8848235296875 0.3881307203125 0.89070588125 0.3772549015625 0.93 0.32799999999999996 0.9560000000000001 0.3493333328125 0.9720000000000001 0.3493333328125 0.978 0.368 0.998 0.38933333281250004 0.998 0.3466666671875 0.9880000000000001 0.32 0.984 0.29333333281249996 0.97 0.27999999999999997 0.958 0.27999999999999997 0.9380000000000001 0.288 0.9259999999999999 0.312 0.9259999999999999 0.3253333328125 0.9201176484375001 0.322875815625 0.919259259375 0.3353086421875 0.91423529375 0.333751634375 0.91251851875 0.34528395 0.9083529421875 0.34462745 0.9057777781249999 0.355259259375 0.9024705875000001 0.35550326718749997 0.8990370375 0.36523456875 0.74 0.5706666671875 0.40736 0.5213866671875 0.40199999999999997 0.5226666671875 0.39727999999999997 0.5198933328125 0.404 0.5093333328125 0.418 0.41600000000000004 0.434 0.41600000000000004 0.44400000000000006 0.40800000000000003 0.46799999999999997 0.4 0.47400000000000003 0.38933333281250004 0.47400000000000003 0.3786666671875 0.46799999999999997 0.368 0.45599999999999996 0.368 0.446 0.36266666718749996 0.446 0.3413333328125 0.454 0.33599999999999997 0.45599999999999996 0.32 0.450666665625 0.30844444531250004 0.46399999999999997 0.304 0.47800000000000004 0.32 0.502 0.32 0.508 0.3093333328125 0.508 0.256 0.504 0.24533333281249997 0.488 0.2186666671875 0.484 0.2186666671875 0.47000000000000003 0.2026666671875 0.46399999999999997 0.2026666671875 0.458 0.192 0.446 0.192 0.44000000000000006 0.2 0.44400000000000006 0.23733333281250002 0.434 0.248 0.434 0.2693333328125 0.44000000000000006 0.2773333328125 0.44000000000000006 0.2853333328125 0.422 0.2853333328125 0.41 0.30133333281249997 0.41200000000000003 0.3253333328125 0.3835 0.33999999999999997 0.384 0.3466666671875 0.362 0.3466666671875 0.346 0.3386666671875 0.33599999999999997 0.3386666671875 0.32599999999999996 0.32799999999999996 0.296 0.3226666671875 0.294 0.3786666671875 0.3 0.3866666671875 0.282 0.4266666671875 0.274 0.4266666671875 0.266 0.4373333328125 0.26 0.4613333328125 0.246 0.4773333328125 0.194 0.42133333281249996 0.21000000000000002 0.392 0.21400000000000002 0.36266666718749996 0.20800000000000002 0.352 0.128 0.3493333328125 0.122 0.344 0.10200000000000001 0.344 0.1 0.3093333328125 0.094 0.2986666671875 0.08199999999999999 0.2986666671875 0.066 0.31466666718749997 0.06 0.304 0.046 0.304 0.041999999999999996 0.2986666671875 0.028000000000000004 0.2986666671875 0.022 0.3066666671875 0.018 0.3333333328125 0.006 0.33599999999999997 0.002 0.3413333328125 0.0103636359375 0.349090909375