2 0.40768750000000004 0.628220140625 0.392671875 0.6620140515624999 0.39203125 0.6695081968750001 0.398921875 0.6882903984375 0.38264062499999996 0.699531615625 0.38953125 0.7136065578124999 0.397046875 0.7183138171875 0.381390625 0.7276814984375 0.392671875 0.740819671875 0.41832812500000005 0.75770491875 0.420203125 0.752084309375 0.42334375 0.7624121781250001 0.41957812499999997 0.770843090625 0.4020625 0.770843090625 0.40268750000000003 0.78679156875 0.42271875000000003 0.7952459015625 0.43460937499999996 0.7455269328125 0.43460937499999996 0.740819671875 0.444625 0.74740046875 0.454015625 0.7351990625 0.45776562500000006 0.7164402812499999 0.45776562500000006 0.7042388765625 0.450265625 0.699531615625 0.44400000000000006 0.689227165625 0.4415 0.680772834375 0.435859375 0.6666978921875 0.445875 0.6488758781249999 0.452140625 0.62259953125 0.450890625 0.5944496484374999 0.450890625 0.586955503125 0.46215624999999994 0.5907025765625 0.46653124999999995 0.5888290390625001 0.46528125 0.5747540984375 0.454640625 0.5803747078125 0.45151562500000003 0.5700468390625 0.44712500000000005 0.5700468390625 0.44337499999999996 0.59163934375 0.440875 0.5981967218750001 0.435234375 0.6010304453125 0.42521875 0.597259953125 0.42334375 0.596323184375 0.42146875 0.6094613578125 0.4108125 0.6160421546875 0.40268750000000003 0.61320843125 0.40268750000000003 0.59163934375 0.40268750000000003 0.581311475 0.375140625 0.5981967218750001 0.39140625 0.6244730671875 0.38890625 0.6357377046875 0.40268750000000003 0.62259953125 0.40768750000000004 0.628220140625
2 0.24890625000000002 0.43622950781250003 0.247796875 0.4403747078125 0.24503124999999998 0.456932084375 0.26271875 0.46271662812500003 0.2820625 0.4734894609375 0.27984375 0.45775175625 0.284265625 0.44615925 0.301953125 0.44285714218749994 0.3025 0.43456674531250006 0.2820625 0.41800936718750004 0.27653125 0.40971897031250004 0.265484375 0.4188290390625 0.23729687500000002 0.4188290390625 0.2361875 0.4188290390625 0.23895312500000002 0.4287587828125 0.24890625000000002 0.43622950781250003
2 0.7064843749999999 0.6017096015625001 0.698296875 0.594332553125 0.66796875 0.6361124125 0.6441874999999999 0.6570023421875 0.643375 0.66805620625 0.6712343749999999 0.644707259375 0.7064843749999999 0.6017096015625001
2 0.22560937499999997 0.6465339578125 0.215625 0.6589227171875 0.21321875 0.6687353625 0.221140625 0.68163934375 0.22871875 0.68421545625 0.243859375 0.6857611234375 0.268671875 0.670796253125 0.2796875 0.6527166281250001 0.28140624999999997 0.6470491796875 0.28003125 0.6294847781249999 0.26109375 0.6274238875 0.253515625 0.627939109375 0.25178124999999996 0.6320843093749999 0.24971875 0.6413583140625 0.240078125 0.6548009375 0.23904687500000002 0.644988290625 0.22698437500000002 0.6439578453125 0.22560937499999997 0.6465339578125
2 0.276453125 0.4026932078125 0.277734375 0.400772834375 0.277984375 0.398079625 0.277984375 0.39770491875 0.279 0.3858079625 0.2455 0.371615925 0.238328125 0.378524590625 0.23704687500000002 0.37967213125 0.25009375 0.39386416875 0.276453125 0.4026932078125
2 0.564734375 0.630491803125 0.553171875 0.6277283375 0.558671875 0.652763465625 0.5621562499999999 0.641756440625 0.564734375 0.630491803125
2 0.602125 0.45372365312499996 0.633265625 0.41932084375 0.633265625 0.40950819687499995 0.59146875 0.44145199062499996 0.602125 0.45372365312499996
2 0.19490625 0.6873536296875 0.1930625 0.69421545625 0.191234375 0.7031381734375 0.2475625 0.701756440625 0.26359374999999996 0.701756440625 0.27778125 0.701756440625 0.28740625 0.701756440625 0.31121875 0.701756440625 0.32175 0.7051990625 0.320828125 0.702435596875 0.314875 0.6907728343749999 0.281 0.6866510531250001 0.21321875 0.6866510531250001 0.19490625 0.6873536296875
2 0.59628125 0.7581733015625 0.5664374999999999 0.7040749421875 0.5400625 0.564660421875 0.485921875 0.48871194375 0.45218749999999996 0.7224590156249999 0.451203125 0.717587821875 0.45745312499999996 0.7810538640625 0.59628125 0.7581733015625
2 0.344703125 0.527564403125 0.334203125 0.5241217796875 0.346015625 0.5172365343750001 0.354875 0.50740046875 0.342734375 0.5069086656249999 0.332890625 0.50936768125 0.318765625 0.51969555 0.311875 0.536932084375 0.2990625 0.54775175625 0.29479687499999996 0.5703747078125 0.318109375 0.556604215625 0.346671875 0.5393911 0.35028125 0.52608899375 0.34765625 0.5221545671875 0.344703125 0.527564403125
2 0.5245625 0.3998829046875 0.5168125 0.394683840625 0.50290625 0.3926697890625 0.48606249999999995 0.386651053125 0.487390625 0.39548009375 0.487125 0.399484778125 0.50690625 0.41110070312499997 0.5218906249999999 0.417915690625 0.52696875 0.4239344265625 0.5245625 0.3998829046875
2 0.696484375 0.5942154562499999 0.6953125 0.5792974234375 0.6818593749999999 0.5871896953125 0.66725 0.60997658125 0.6391875 0.636276346875 0.6409374999999999 0.638899296875 0.664328125 0.6257611234375 0.696484375 0.5942154562499999
2 0.196875 0.6393442625 0.20625 0.6393442625 0.2296875 0.7049180328125 0.221875 0.7142857140625 0.221875 0.7283372359375 0.2265625 0.7353629984375 0.2515625 0.7353629984375 0.259375 0.73067915625 0.2703125 0.7470726 0.290625 0.7540983609375 0.2953125 0.751756440625 0.30625 0.75644028125 0.321875 0.75644028125 0.3265625 0.7470726 0.3265625 0.73770491875 0.31875 0.7236533953125 0.32622767812500003 0.7172967546875 0.32829391874999997 0.7064371171875 0.33214285781249997 0.70859819375 0.403125 0.6042154562500001 0.4078125 0.6112412171875 0.4171875 0.6112412171875 0.421875 0.6018735359375 0.421875 0.5831381734375001 0.4140625 0.5714285718750001 0.4046875 0.5761124125 0.403125 0.580796253125 0.3779296875 0.5755269328125 0.371875 0.5714285718750001 0.3700168921875 0.564086334375 0.42778716250000004 0.366985253125 0.4890625 0.374707259375 0.49264705937500003 0.371263259375 0.4962316171875 0.3818707828125 0.4953125 0.384660421875 0.5015625 0.39461358281250003 0.5034007359375 0.40308582499999995 0.5078125 0.4045667453125 0.50698529375 0.413693346875 0.5125 0.4168618265625 0.5046875 0.4426229515625 0.496875 0.45199063281249996 0.496875 0.468384075 0.490625 0.47775175625 0.490625 0.49648711875 0.5015625 0.5128805625 0.5078125 0.5128805625 0.5171875 0.52224824375 0.5171875 0.5339578453125 0.5390625 0.5644028109375 0.54375 0.5761124125 0.5484375 0.608899296875 0.5546875 0.6018735359375 0.559375 0.6018735359375 0.565625 0.590163934375 0.5703125 0.599531615625 0.578125 0.6159250578125001 0.575 0.672131146875 0.5796875 0.679156909375 0.5890625 0.679156909375 0.596875 0.658079625 0.6125 0.6370023421875 0.6265625 0.6370023421875 0.6359375 0.6276346609375001 0.64375 0.6276346609375001 0.653125 0.6182669796875 0.6578125 0.608899296875 0.6578125 0.5948477750000001 0.6703125 0.5948477750000001 0.675 0.5878220140625 0.684375 0.5878220140625 0.69375 0.580796253125 0.696875 0.590163934375 0.7109375 0.590163934375 0.7140625 0.58548009375 0.715625 0.5714285718750001 0.70625 0.5573770484375 0.6875 0.5573770484375 0.6765625 0.5433255265625 0.65 0.5480093671875 0.6421875 0.531615925 0.63125 0.5245901640625 0.6234375 0.5245901640625 0.61875 0.5199063234375 0.6 0.5199063234375 0.5984375 0.47540983593749997 0.603125 0.4660421546875 0.603125 0.4566744734375 0.5921875 0.444964871875 0.5921875 0.41920374687499995 0.5875 0.40983606562499997 0.5703125 0.40983606562499997 0.565625 0.3583138171875 0.565625 0.3302107734375 0.5609375 0.320843090625 0.5546875 0.31850117031249997 0.546875 0.32786885312499997 0.546875 0.3682669796875 0.51875 0.3676814984375 0.51875 0.346604215625 0.5109375 0.3348946140625 0.5015625 0.3395784546875 0.4984375 0.35128805625 0.490625 0.35597189687499997 0.4890625 0.3606557375 0.48272804062499997 0.3576808671875 0.44324324375 0.366225709375 0.4390625 0.3606557375 0.44375 0.35128805625 0.4421875 0.337236534375 0.4359375 0.3302107734375 0.440625 0.32318501093749996 0.4515625 0.32318501093749996 0.45625 0.3138173296875 0.45625 0.3044496484375 0.44375 0.28571428593750003 0.4140625 0.26463700156250003 0.4046875 0.26463700156250003 0.4 0.27400468437500003 0.4 0.283372365625 0.4046875 0.292740046875 0.396875 0.31615925 0.3890625 0.31615925 0.3671875 0.292740046875 0.3578125 0.2903981265625 0.3390625 0.30210772812500003 0.3328125 0.3138173296875 0.325 0.30210772812500003 0.315625 0.30679156875 0.3109375 0.337236534375 0.303125 0.337236534375 0.2984375 0.33255269374999996 0.2875 0.3348946140625 0.278125 0.3302107734375 0.25625 0.34426229531249997 0.228125 0.3489461359375 0.221875 0.3536299765625 0.221875 0.3708040578125 0.2140625 0.3676814984375 0.21796875 0.385636221875 0.2140625 0.400468384375 0.21875 0.40749414531249994 0.21423141874999999 0.4157858109375 0.20625 0.40983606562499997 0.206334459375 0.417494778125 0.1984375 0.41920374687499995 0.1984375 0.43325526875 0.2015625 0.43793910937499997 0.2015625 0.444964871875 0.19375 0.4660421546875 0.19375 0.4800936765625 0.1984375 0.4871194375 0.21875 0.4941451984375 0.2171875 0.5245901640625 0.221875 0.5386416859375001 0.2149009140625 0.540298165625 0.1796875 0.5761124125 0.1703125 0.580796253125 0.16875 0.599531615625 0.1796875 0.6159250578125001 0.1859375 0.6182669796875 0.196875 0.6393442625