3 0.3685457515625 0.690457515625 0.7460620921875 0.5803431375 0.78202614375 0.5556209156249999 0.7910130718749999 0.5241503265625 0.7887581703125 0.490457515625 0.759542484375 0.44774509843750004 0.712352940625 0.4050490203125 0.68539215625 0.389330065625 0.5955065359375 0.4117973859375 0.5730392156249999 0.3938235296875 0.5348366015625 0.37135620937499997 0.47864379062499995 0.407303921875 0.44718954218749996 0.4522549015625 0.3977450984375 0.46573529375 0.276405228125 0.5016830062500001 0.23820261406249998 0.544379084375 0.3033660125 0.6612418296875 0.3685457515625 0.690457515625
3 0.133382353125 0.5965359484375 0.1424183 0.5761928109375 0.13676470624999998 0.550196078125 0.1107679734375 0.5275817 0.074591503125 0.511748365625 0.0316339875 0.51400326875 0.02823529375 0.6180228765625 0.05763071875 0.62142156875 0.09380718906249999 0.6236764703125 0.0881535953125 0.6282026140625 0.1209477125 0.6112418296875 0.133382353125 0.5965359484375
3 0.078120915625 0.42447712343750005 0.0599019609375 0.403643790625 0.023431371875000002 0.3958333328125 0.023431371875000002 0.5208333328125 0.054689542187499995 0.5104248359375 0.1041666671875 0.5078104578125 0.1510457515625 0.476568628125 0.13021241875 0.42709150312500005 0.0885457515625 0.42709150312500005 0.078120915625 0.42447712343750005
3 0.2509803921875 0.428104575 0.2564705875 0.41573529374999996 0.262647059375 0.38828431406249997 0.275 0.369068628125 0.2681372546875 0.34848039218750004 0.244117646875 0.3217156859375 0.22009803906249997 0.3217156859375 0.20156862812499998 0.324460784375 0.1857679734375 0.34299019531249997 0.172042484375 0.3580882359375 0.1651797390625 0.3752450984375 0.1644934640625 0.3896568625 0.1644934640625 0.40200980468749997 0.1768464046875 0.42328431406249994 0.188513071875 0.4342810453125 0.2070588234375 0.4432026140625 0.2070588234375 0.442516340625 0.22421568593750002 0.4438888890625 0.2509803921875 0.428104575
3 0.3440196078125 0.4553758171875 0.3559640515625 0.46581699375 0.3619281046875 0.4553758171875 0.3835620921875 0.43374182968749997 0.391013071875 0.41285947656250005 0.388774509375 0.3986764703125 0.3753431375 0.37854575156250003 0.3410457515625 0.3613888890625 0.3067320265625 0.3576633984375 0.2828594765625 0.3651143796875 0.2671895421875 0.38227124218749997 0.2552614375 0.427777778125 0.2731535953125 0.4471568625 0.2858496734375 0.444934640625 0.314934640625 0.444934640625 0.3440196078125 0.4553758171875
3 0.3917973859375 0.4125 0.4279901953125 0.41135620937499995 0.4325 0.395539215625 0.4483333328125 0.3763235296875 0.46189542499999997 0.352565359375 0.47433006562499996 0.3299673203125 0.45624182968750004 0.3005718953125 0.4223366015625 0.30282679687499997 0.38728758124999996 0.3130065359375 0.351094771875 0.3503104578125 0.344313725 0.36274509843749997 0.37485294062499996 0.37745097968749997 0.3917973859375 0.4125
3 0.29539215625000004 0.479542484375 0.333169934375 0.472091503125 0.3560457515625 0.464117646875 0.3475326796875 0.4566666671875 0.32838235312499997 0.44815359531250004 0.307091503125 0.4433660125 0.27570261406249996 0.446568628125 0.2496405234375 0.45720588281249996 0.2469771234375 0.47529411718750003 0.2496405234375 0.47848039218749994 0.28049019531249997 0.48326797343749994 0.29539215625000004 0.479542484375
3 0.6623366015625 0.24674836562500002 0.6259803921875 0.2571405234375 0.618186275 0.2909150328125 0.6311764703125 0.3142810453125 0.6571405234375 0.32986928125000003 0.693513071875 0.3194771234375 0.70129085 0.28571895468749997 0.68831699375 0.2675326796875 0.6623366015625 0.24674836562500002
3 0.81710784375 0.3672549015625 0.8185947718750001 0.37395424843749997 0.8335130718749999 0.4075326796875 0.8372549015624999 0.4291666671875 0.8573856203125001 0.4239379078125 0.8745424843749999 0.42021241875 0.8999019609375001 0.419460784375 0.9051307187500001 0.41349673124999997 0.9051307187500001 0.404542484375 0.8976633984375001 0.3873856203125 0.908104575 0.3515849671875 0.908104575 0.348594771875 0.889460784375 0.3381535953125 0.8648529406250001 0.33218954218749996 0.8596241828125001 0.3351797390625 0.847696078125 0.34486928125 0.85142156875 0.343382353125 0.8245751640625001 0.3567973859375 0.81710784375 0.3672549015625
3 0.21055555625000003 0.3173202609375 0.2211111109375 0.325 0.251830065625 0.32883986875 0.3094117640625 0.297173203125 0.32477124218750003 0.2674183 0.3228431375 0.2376633984375 0.3007679734375 0.22133986874999997 0.2642973859375 0.22039215625000003 0.2364705875 0.2232679734375 0.18271241875 0.2760620921875 0.19710784374999998 0.2942973859375 0.20191176406250003 0.3086928109375 0.21055555625000003 0.3173202609375
3 0.7279248359375 0.291699346875 0.7336764703124999 0.28210784375000003 0.759591503125 0.26194444375 0.7883986921874999 0.26194444375 0.8123856203125 0.277303921875 0.8191013078125 0.26866013125 0.8267810453125 0.2513888890625 0.8267810453125 0.22259803906250003 0.7999019609375 0.20147058750000002 0.7557516343749999 0.212042484375 0.73176470625 0.23122549062500003 0.71831699375 0.266748365625 0.7202450984375 0.28498365937500003 0.7279248359375 0.291699346875
3 0.6100326796875 0.1724183 0.589460784375 0.1912581703125 0.5963235296875 0.22382352968750002 0.611748365625 0.252957515625 0.6305882359375 0.25467320312499997 0.67 0.2375326796875 0.68370915 0.196405228125 0.64944444375 0.1775490203125 0.6100326796875 0.1724183
3 0.8946895421875001 0.8480718953125 0.8573692812499999 0.862777778125 0.83702614375 0.887647059375 0.8291013078124999 0.91478758125 0.8381535953125001 0.9486928109375 0.8562418296875001 0.9701797390625 0.94668300625 0.9701797390625 0.972696078125 0.9396568625 0.9489542484375001 0.8616503265625 0.9139052281250001 0.84694444375 0.8946895421875001 0.8480718953125
3 0.795751634375 0 0.7271241828125 0.0016339875000000001 0.69771241875 0.0245098046875 0.4852941171875 0.0228758171875 0.4673202609375 0.026143790625000003 0.46241830000000006 0.0294117640625 0.437908496875 0.0245098046875 0.40359477187500004 0.0245098046875 0.38725490156250003 0.0310457515625 0.3692810453125 0.021241829687499998 0.295751634375 0.021241829687499998 0.27777777812500004 0.014705882812500001 0.1454248359375 0.0114379078125 0.12745097968750002 0.01633986875 0.09477124218750001 0.01960784375 0.032679739062500004 0.01960784375 0.0114379078125 0.0294117640625 0.0032679734374999997 0.0375817 0.0016339875000000001 0.12254902031249999 0.01633986875 0.16993464062500002 0.01797385625 0.2189542484375 0.0228758171875 0.23366013125 0.0228758171875 0.31535947656249996 0.026143790625000003 0.328431371875 0.01633986875 0.34640522812499996 0.01633986875 0.366013071875 0.0228758171875 0.3807189546875 0.0408496734375 0.3954248359375 0.10294117656249999 0.3954248359375 0.0931372546875 0.62418300625 0.0310457515625 0.6192810453125001 0.01797385625 0.6307189546874999 0.0114379078125 0.6454248359375 0.0114379078125 0.6650326796875 0.014705882812500001 0.6748366015625 0.0049019609375 0.69771241875 0.0016339875000000001 0.8594771234374999 0.009803921875 0.8790849671875 0.014705882812500001 0.8839869281249999 0.0049019609375 0.9068627453125 0.0049019609375 0.9264705875000001 0.013071895312500002 0.9477124187499999 0.0228758171875 0.957516340625 0.05392156875 0.9705882359375 0.11601307187500001 0.9705882359375 0.1372549015625 0.9591503265625001 0.14379085 0.9591503265625001 0.1633986921875 0.9509803921875 0.171568628125 0.9509803921875 0.19444444375 0.9411764703125 0.20751634062500002 0.9411764703125 0.23529411718749998 0.9313725484375001 0.2467320265625 0.921568628125 0.2565359484375 0.919934640625 0.26797385625 0.9133986921874999 0.27777777812500004 0.901960784375 0.2826797390625 0.8856209156249999 0.2826797390625 0.87581699375 0.27777777812500004 0.8594771234374999 0.26797385625 0.848039215625 0.292483659375 0.8218954249999999 0.3267973859375 0.8496732031249999 0.33823529375 0.8545751640624999 0.3594771234375 0.8709150328125 0.40359477187500004 0.8807189546874999 0.4689542484375 0.8790849671875 0.47062375625 0.8823529406249999 0.4705882359375 0.8790849671875 0.4787581703125 0.8790849671875 0.47818982656250003 0.8856209156249999 0.614379084375 0.9444444437499999 0.6127450984375 0.9689542484375 0.6192810453125001 0.98366013125 0.633986928125 0.9967320265625 0.6454248359375 1 0.6666666671875 1 0.6911764703125 0.9934640515625001 0.69607843125 0.9934640515625001 0.704248365625 1 0.7973856203125 0.9983660125 0.8039215687500001 0.9950980390625 0.8251633984375 0.9787581703124999 0.8333333328125001 0.9640522875 0.8366013078125001 0.9444444437499999 0.830065359375 0.91176470625 0.8366013078125001 0.8905228765625001 0.8503016578124999 0.8701608859375 0.913650075 0.849044746875 0.9232026140625 0.8496732031249999 0.9248366015625 0.8529411765624999 0.939542484375 0.8578431375 0.9493464046875 0.8643790843750001 0.9640522875 0.91013071875 0.9787581703124999 0.91013071875 0.9983660125 0.8986928109375001 0.9983660125 0.8071895421875 0.9950980390625 0.7647058828125 0.9918300656250001 0.7516339875 0.98039215625 0.7369281046875 0.9689542484375 0.73039215625 0.9444444437499999 0.7287581703125 0.9346405234375 0.73202614375 0.901960784375 0.6830065359375 0.919934640625 0.6666666671875 0.9297385625000001 0.6503267968750001 0.9526143796875 0.6486928109375001 0.9640522875 0.6421568625 0.972222221875 0.633986928125 0.9787581703124999 0.6209150328125 0.98202614375 0.5849673203125 0.9918300656250001 0.5669934640625 0.9950980390625 0.55392156875 0.9934640515625001 0.5032679734375 0.9869281046875 0.490196078125 0.9754901953124999 0.48039215625000004 0.98202614375 0.45751634062499996 0.9901960781250001 0.41013071874999996 0.9901960781250001 0.3366013078125 0.9852941171875 0.3202614375 0.9754901953124999 0.30882352968750004 0.9640522875 0.30228758125 0.9509803921875 0.3006535953125 0.9509803921875 0.295751634375 0.9624183000000001 0.2859477125 0.973856209375 0.26633986875 0.9754901953124999 0.2450980390625 0.9705882359375 0.22875817031249998 0.972222221875 0.20915032656250002 0.9673202609375 0.18954248437500001 0.9787581703124999 0.16993464062500002 0.9885620921875 0.14215686249999998 0.9869281046875 0.12254902031249999 0.9754901953124999 0.1013071890625 0.9918300656250001 0.081699346875 0.9950980390625 0.0588235296875 0.9901960781250001 0.042483659374999996 0.9787581703124999 0.0294117640625 0.9624183000000001 0.021241829687499998 0.921568628125 0.01960784375 0.8888888890625 0.008169934375 0.8790849671875 0.008169934375 0.8676470593750001 0 0.795751634375 0