1 0.61797385625 0.660669934375 0.6876470593749999 0.658431371875 0.7348366015625001 0.6764052281249999 0.78426470625 0.608986928125 0.7887581703125 0.54831699375 0.759542484375 0.512352940625 0.773039215625 0.48539215625 0.7707843140625 0.4539379078125 0.7101143796875 0.4292156859375 0.6516830062500001 0.440457515625 0.6359477124999999 0.4651633984375 0.5977450984375 0.4831535953125 0.5280882359375 0.5168464046875 0.521356209375 0.575277778125 0.5707843140625 0.591013071875 0.575277778125 0.6224673203125 0.61797385625 0.660669934375
1 0.38599673125 0.5521241828125001 0.3113235296875 0.5015359484374999 0.2727941171875 0.4762581703125 0.2438888890625 0.5039542484374999 0.24629085 0.528039215625 0.30289215625 0.5798202609375 0.4028431375 0.6279901953125 0.4293464046875 0.6015032687499999 0.38599673125 0.5521241828125001
1 0.4442320265625 0.5208660125 0.4814542484375 0.5208660125 0.500065359375 0.5063888890625 0.504199346875 0.477434640625 0.49179738593750005 0.4526143796875 0.4235620921875 0.40919934687500004 0.37186274531249996 0.40919934687500004 0.3222385625 0.40919934687500004 0.270539215625 0.42573529375 0.24366013125000002 0.4526143796875 0.24986928125 0.47950980468750004 0.26848039218749997 0.47950980468750004 0.30362745156250004 0.4960457515625 0.3656535953125 0.525 0.442173203125 0.5808333328125 0.45665032656250004 0.57668300625 0.4607843140625 0.560147059375 0.4442320265625 0.5208660125
1 0.6342973859375001 0.4654248359375 0.6427287578125 0.4410294125 0.6943464046875001 0.4297549015625 0.7384477125 0.43258169999999996 0.747826796875 0.43351307187500004 0.752516340625 0.42882352968750004 0.7487581703124999 0.42132352968750003 0.6896568624999999 0.3556372546875 0.6483660125 0.3340522875 0.6127124187499999 0.325604575 0.472908496875 0.3884803921875 0.47196078437500005 0.3959803921875 0.4757189546875 0.41380718906249997 0.47383986875 0.4222549015625 0.6249019609375 0.46728758125000003 0.6342973859375001 0.4654248359375
1 0.5517973859375 0.6531535953125001 0.5991013078125 0.6531535953125001 0.5585620921875 0.5900980390624999 0.477483659375 0.5540522875 0.4752287578125 0.5517973859375 0.4752287578125 0.547303921875 0.4482026140625 0.5788235296875001 0.4752287578125 0.6171241828125 0.49323529375 0.6328758171875 0.5517973859375 0.6531535953125001
1 0.616274509375 0.7071895421875001 0.6439705874999999 0.70478758125 0.675277778125 0.66866013125 0.6740849671875 0.66383986875 0.6198856203124999 0.6578104578125 0.595800653125 0.6517973859375 0.54642156875 0.649379084375 0.47297385625 0.62168300625 0.43924836562499997 0.6048366015625 0.42359477187500005 0.636143790625 0.48259803906250004 0.684313725 0.5259477125 0.70478758125 0.616274509375 0.7071895421875001
1 0.24163398749999998 0.5485457515625 0.24163398749999998 0.560539215625 0.24918300625 0.58271241875 0.301094771875 0.6426143796875 0.35921568593750003 0.68521241875 0.3960457515625 0.6887581703125 0.41156862812500006 0.6776797390625 0.416895425 0.6674673203125 0.40181372499999995 0.6328594765625 0.3680882359375 0.5995751640625 0.3210620921875 0.5694117640624999 0.265147059375 0.5330228765625 0.25805555625 0.5250326796875 0.25405228750000003 0.5272549015625 0.24163398749999998 0.5485457515625
1 0.218186275 0.6218954250000001 0.2211111109375 0.6379901953125 0.2284150328125 0.6650326796875 0.2547385625 0.6847712421875001 0.2715522875 0.707434640625 0.27521241875 0.71986928125 0.28691176406249996 0.7410620921875 0.3432026140625 0.7330228765625 0.35709150312500004 0.73668300625 0.36441176406250003 0.75202614375 0.4009640515625 0.75202614375 0.40900326875 0.747647059375 0.4097385625 0.723513071875 0.42362745156250003 0.703774509375 0.4002287578125 0.7023202609375 0.361486928125 0.7023202609375 0.3176143796875 0.6964705875 0.341748365625 0.6964705875 0.35709150312500004 0.690620915625 0.34831699375 0.6862418296875 0.34978758125 0.6781862750000001 0.341013071875 0.6694281046875 0.31176470625 0.6525980390624999 0.28251634062500003 0.64676470625 0.2452287578125 0.6218954250000001 0.2452287578125 0.610931371875 0.23133986874999998 0.6124019609375 0.218186275 0.6218954250000001
1 0.4828431375 0.30194444374999996 0.4828431375 0.2582679734375 0.4776143796875 0.21808823593749999 0.44965686250000003 0.2250817 0.43916666718749997 0.23555555625000002 0.42519607812500004 0.263513071875 0.41122549062499997 0.3421241828125 0.41472222187499996 0.408513071875 0.46362745156249996 0.42073529374999996 0.46362745156249996 0.38055555625 0.4828431375 0.30194444374999996
1 0.24132352968749998 0.390751634375 0.247352940625 0.39918300625 0.2702287578125 0.40400326875000003 0.293104575 0.4076143796875 0.3292320265625 0.40279411718749997 0.366568628125 0.40279411718749997 0.3978758171875 0.39678104531249997 0.4063071890625 0.39316993437500003 0.41834967343749996 0.332957515625 0.2774509796875 0.35462418281249997 0.24374182968749997 0.35823529375 0.23771241875000002 0.3678758171875 0.24132352968749998 0.390751634375
1 0.312826796875 0.31478758125 0.2792973859375 0.320882353125 0.25109477187499996 0.31707516406249997 0.2396568625 0.3361274515625 0.23813725468750002 0.3513725484375 0.28081699375 0.3559477125 0.34560457499999997 0.34602941249999997 0.405800653125 0.32926470625 0.3997058828125 0.320882353125 0.348643790625 0.3048856203125 0.312826796875 0.31478758125
1 0.28602941249999997 0.253382353125 0.326568628125 0.3096895421875 0.398643790625 0.327696078125 0.42792483593749997 0.334460784375 0.44143790781250003 0.325457515625 0.45045751562499997 0.226356209375 0.3828758171875 0.20156862812499998 0.3355882359375 0.199330065625 0.326568628125 0.2353594765625 0.28602941249999997 0.253382353125
1 0.554248365625 0.2352450984375 0.4794117640625 0.2753594765625 0.473986928125 0.336094771875 0.5054411765625 0.3241666671875 0.5824509796874999 0.281879084375 0.5857026140625 0.282957515625 0.58460784375 0.24607843125 0.554248365625 0.2352450984375