1 0.40257606562500003 0.44718749999999996 0.41716024375 0.42471875 0.41716024375 0.406734375 0.43466531406250003 0.388765625 0.40841785 0.37078125 0.4054969578125 0.3505625 0.35882352968750003 0.35954687500000004 0.34716024375 0.334828125 0.32089249531249997 0.364046875 0.271298175 0.361796875 0.245050709375 0.341578125 0.1954563890625 0.364046875 0.163367140625 0.37303125000000004 0.14878296093750001 0.38651562500000003 0.1429411765625 0.406734375 0.140020284375 0.440453125 0.11085192656250001 0.46517187499999996 0.207119675 0.47865624999999995 0.245050709375 0.48539062499999996 0.309229209375 0.48090625 0.3559026375 0.47640625 0.393833671875 0.462921875 0.40257606562500003 0.44718749999999996
0 0.610811359375 0.581609375 0.6265922921875 0.595125 0.640628803125 0.599171875 0.66255578125 0.597828125 0.6932657203125 0.58025 0.6985192703124999 0.5694375 0.6959026374999999 0.5586249999999999 0.681866125 0.5424218749999999 0.672210953125 0.536328125 0.6467748484375 0.5255156249999999 0.623975659375 0.529578125 0.6151926984375 0.547828125 0.6064300203124999 0.5687656249999999 0.610811359375 0.581609375
0 0.79158215 0.577328125 0.819513184375 0.5722031249999999 0.8288032453125 0.567078125 0.838113590625 0.573234375 0.866044625 0.547625 0.8500811359375 0.521 0.8288032453125 0.508703125 0.78492900625 0.504609375 0.767647059375 0.512796875 0.7570182562500001 0.494359375 0.742393509375 0.48003125 0.7224543609375 0.473890625 0.7078296140625 0.476953125 0.7078296140625 0.46671874999999996 0.6878701828125 0.4575 0.65730223125 0.4575 0.6307099390625 0.48003125 0.633367140625 0.49642187499999996 0.6187423937500001 0.508703125 0.6067748484375 0.53840625 0.6027789046875001 0.5722031249999999 0.629371196875 0.598828125 0.6626166328124999 0.598828125 0.6798985796875 0.5875625 0.6825557812499999 0.598828125 0.699837728125 0.598828125 0.7224543609375 0.61521875 0.7344219062499999 0.617265625 0.7344219062499999 0.62340625 0.7344219062499999 0.6244375 0.745050709375 0.622390625 0.7743002031249999 0.600875 0.78492900625 0.5742499999999999 0.79158215 0.577328125
1 0.162373225 0.579359375 0.16541582187499998 0.5754374999999999 0.1659229203125 0.5703437499999999 0.172028396875 0.566421875 0.177119675 0.563296875 0.182718053125 0.560546875 0.187281946875 0.557421875 0.18933062812499998 0.5523281250000001 0.18933062812499998 0.551546875 0.191866125 0.551546875 0.1994929 0.5542812500000001 0.20610547656249997 0.55859375 0.212718053125 0.5609375 0.21474644999999998 0.55859375 0.212210953125 0.5550625 0.20610547656249997 0.550359375 0.1715212984375 0.5370468749999999 0.1516835703125 0.5346875 0.12472616562500001 0.531953125 0.1237119671875 0.535484375 0.1369371203125 0.546453125 0.142028396875 0.5542812500000001 0.15474645 0.5636875 0.14101419843750002 0.562515625 0.11965517187500001 0.56134375 0.1186206890625 0.568 0.1242190671875 0.577 0.15981744375 0.591109375 0.160344828125 0.588375 0.1608519265625 0.5856250000000001 0.162373225 0.579359375
3 0.1342190671875 0.6331249999999999 0.1320081140625 0.643 0.13864097343749998 0.661734375 0.1589858015625 0.679453125 0.18949290000000002 0.681828125 0.1983367140625 0.6808125 0.2168965515625 0.66990625 0.2292900609375 0.6596875 0.2315010140625 0.63721875 0.2164705875 0.61915625 0.20320486875000002 0.610296875 0.18993914843749998 0.6089375 0.17888438125 0.6089375 0.1607505078125 0.611328125 0.143955375 0.618484375 0.1359837734375 0.6242656249999999 0.1351115625 0.631421875 0.1342190671875 0.6331249999999999
3 0.27377281875000004 0.7015 0.2788032453125 0.6806875 0.284766734375 0.6722187500000001 0.29805273906249996 0.66128125 0.28430020312500004 0.65175 0.2751318453125 0.647515625 0.2467342796875 0.6439843749999999 0.22888438125000002 0.654578125 0.21833671406250002 0.6676249999999999 0.21377281875 0.68315625 0.212393509375 0.68421875 0.24079107500000002 0.7004374999999999 0.2540770796875 0.71984375 0.2586612578125 0.709609375 0.27377281875000004 0.7015
3 0.1272616640625 0.69659375 0.1127383359375 0.7144999999999999 0.1146855984375 0.7286718750000001 0.2105476671875 0.740609375 0.2211967546875 0.7465625 0.24056795156250002 0.7473124999999999 0.254117646875 0.73090625 0.2424949296875 0.699578125 0.206673428125 0.682421875 0.167931034375 0.6786875 0.1330831640625 0.6891406250000001 0.14083164374999999 0.687640625 0.1359837734375 0.689875 0.1272616640625 0.69659375
3 0.321298175 0.7316874999999999 0.3348073015625 0.7309375 0.356064909375 0.72053125 0.37247464531249996 0.710109375 0.3898580125 0.6907656249999999 0.3811764703125 0.67290625 0.3589452328125 0.6595156249999999 0.33770791093749997 0.6550625 0.30874239375 0.65803125 0.2884584171875 0.668453125 0.2788032453125 0.686296875 0.2701014203125 0.7168125 0.30196754531250003 0.724984375 0.321298175 0.7316874999999999
3 0.49186612500000004 0.670640625 0.447119675 0.662984375 0.4272413796875 0.670640625 0.42227180468750003 0.686921875 0.44462474687500003 0.741484375 0.48937119687499997 0.735734375 0.511744421875 0.7127656250000001 0.49186612500000004 0.670640625
3 0.39002028437499997 0.68859375 0.37651115625 0.6953750000000001 0.36121703906249997 0.7166718750000001 0.3594523328125 0.7320625 0.391784990625 0.728890625 0.4152941171875 0.7375 0.43058823593750006 0.75153125 0.43823529375000003 0.74021875 0.437647059375 0.719828125 0.4247058828125 0.69628125 0.424117646875 0.69628125 0.4135496953125 0.689953125 0.39002028437499997 0.68859375
3 0.375091278125 0.6602812499999999 0.3670993921875 0.635609375 0.3327789046875 0.630328125 0.3041987828125 0.639140625 0.29046653125 0.654109375 0.2973427984375 0.6664375 0.33507099375 0.65675 0.3602231234375 0.6602812499999999 0.375091278125 0.6602812499999999
3 0.3967545640625 0.691265625 0.41780933124999997 0.6858593749999999 0.40799188593749997 0.671796875 0.37989857968749996 0.663140625 0.3616430015625 0.660984375 0.3770791078125 0.682609375 0.3967545640625 0.691265625
3 0.43237322499999997 0.759375 0.4584989859375 0.76065625 0.45821500937500004 0.7576562499999999 0.45600405625 0.7557343750000001 0.4548884375 0.7544531250000001 0.450162271875 0.751015625 0.4362474640625 0.745234375 0.4337525359375 0.7484531249999999 0.43125760625 0.752953125 0.43237322499999997 0.759375
3 0.33815415781249997 0.7525625 0.33815415781249997 0.74834375 0.33572008124999997 0.744125 0.3296348890625 0.7394375 0.3229411765625 0.735234375 0.3186815421875 0.7286718750000001 0.3059026375 0.723984375 0.28827586250000004 0.722578125 0.277931034375 0.723984375 0.262718053125 0.727265625 0.24083164375 0.74834375 0.245091278125 0.7488125 0.33511156249999996 0.75584375 0.33815415781249997 0.7525625
3 0.3338539546875 0.78834375 0.33961460468750004 0.7948125 0.40770791093750003 0.797875 0.42363083125 0.793109375 0.432028396875 0.7600625 0.432028396875 0.750875 0.4218458421875 0.738265625 0.404158215625 0.7307812499999999 0.39046653125 0.72771875 0.3745436109375 0.729078125 0.3648073015625 0.731453125 0.356855984375 0.73384375 0.344908721875 0.739625 0.3378498984375 0.748140625 0.33474645000000003 0.756328125 0.3338539546875 0.7774375 0.3338539546875 0.78834375