3 0.6335625 0.3932916671875 0.640171875 0.3932916671875 0.643828125 0.36983333281249997 0.641640625 0.3473333328125 0.635765625 0.32875 0.6218281250000001 0.3160208328125 0.599078125 0.3013541671875 0.5778125000000001 0.3091875 0.568265625 0.32483333281250004 0.5609375 0.3297291671875 0.5550625 0.3541666671875 0.5550625 0.3708125 0.5602031249999999 0.3913541671875 0.5726718749999999 0.41189583281250003 0.5888125 0.3942708328125 0.602015625 0.3874375 0.615953125 0.3845 0.6335625 0.3932916671875
3 0.54775 0.2786458328125 0.5646093750000001 0.303375 0.596625 0.303375 0.640453125 0.3191041671875 0.657296875 0.37752083281250004 0.69775 0.40675 0.7061875 0.46741666718749997 0.7264062499999999 0.47864583281249995 0.7550625 0.4651666671875 0.792140625 0.4808958328125 0.808984375 0.4426875 0.817421875 0.39325 0.8342656249999999 0.36854166718750003 0.82584375 0.33258333281249997 0.8072968749999999 0.3101041671875 0.785390625 0.298875 0.77696875 0.2269583328125 0.72303125 0.2292083328125 0.6539375 0.22472916718749997 0.596625 0.2179791671875 0.583140625 0.2157291671875 0.567984375 0.23595833281249998 0.54775 0.2786458328125
3 0.734734375 0.6845208328125 0.74190625 0.7057916671875 0.741109375 0.7174791671875 0.73871875 0.7355625 0.747484375 0.7355625 0.76503125 0.7376875 0.778578125 0.7376875 0.784953125 0.7355625 0.78734375 0.7281041671875 0.788953125 0.7047291671875 0.78575 0.6792083328125 0.77778125 0.6600833328125 0.7570625 0.6483958328125 0.7434999999999999 0.6430833328125 0.731546875 0.6483958328125 0.723578125 0.6632708328125 0.72596875 0.6653958328125 0.734734375 0.6845208328125
3 0.91815625 0.4409375 0.922953125 0.44731249999999995 0.928375 0.454125 0.9344374999999999 0.45158333281249996 0.93828125 0.44264583281250003 0.940515625 0.42858333281250005 0.940828125 0.4056041671875 0.93828125 0.39410416718749997 0.9248593749999999 0.3766458328125 0.9037968749999999 0.36983333281249997 0.88559375 0.3736666671875 0.875375 0.38856250000000003 0.88015625 0.395375 0.8881406249999999 0.4179375 0.88559375 0.44604166718749994 0.8929375 0.4430625 0.8977187499999999 0.4422083328125 0.91815625 0.4409375
3 0.882390625 0.48122916718750003 0.8871874999999999 0.4944375 0.8875 0.5089166671875 0.8875 0.5174166671875 0.9018750000000001 0.5174166671875 0.913046875 0.5178541671875 0.9251875 0.5246666671875 0.932203125 0.5097708328125 0.93540625 0.4935833328125 0.93253125 0.4680416671875 0.92421875 0.45099999999999996 0.91209375 0.4425 0.9012343749999999 0.44164583281249997 0.890375 0.44377083281249996 0.880796875 0.4505833328125 0.8731406249999999 0.4637708328125 0.875046875 0.4663333328125 0.8776093749999999 0.4735625 0.882390625 0.48122916718750003
3 0.816390625 0.5457916671875 0.8366875 0.5519999999999999 0.8503281250000001 0.57375 0.8526562500000001 0.5915 0.8529843749999999 0.6158958328125 0.8549843750000001 0.6167916671875 0.8609843749999999 0.6167916671875 0.8866093749999999 0.623 0.901578125 0.6083541671875 0.90190625 0.5803958328125 0.899578125 0.56575 0.8822812499999999 0.533375 0.8879374999999999 0.5173958328125 0.8866093749999999 0.4836666671875 0.871296875 0.46281249999999996 0.851 0.4503958328125 0.8433437500000001 0.45570833281249995 0.8326874999999999 0.46947916718749994 0.827703125 0.4690208328125 0.8140625 0.4641458328125 0.7984218750000001 0.46725000000000005 0.789421875 0.485 0.8044062500000001 0.5417916671875 0.816390625 0.5457916671875
3 0.6839062499999999 0.7301458328125 0.688703125 0.7272291671875 0.70396875 0.72375 0.7170468750000001 0.7225833328125 0.73665625 0.7371041671875 0.7388281250000001 0.7289791671875 0.7431875 0.7097916671875 0.7384062499999999 0.6912083328125 0.725328125 0.667375 0.72053125 0.6575 0.698296875 0.65575 0.682171875 0.6592291671875 0.671265625 0.6749375 0.6778125 0.6818958328125 0.68565625 0.6993333328125 0.6839062499999999 0.7301458328125
3 0.7025625 0.6564791671875 0.722671875 0.6607291671875 0.731671875 0.6395416671875 0.731921875 0.6381458328125 0.72821875 0.6025 0.71790625 0.5873333328125 0.704140625 0.5760416671875 0.688796875 0.5711041671875 0.67371875 0.5908541671875 0.6745 0.5933333328125 0.681921875 0.6162708328125001 0.683234375 0.6448541671875 0.6800625 0.6596666671875 0.7025625 0.6564791671875
3 0.6797187499999999 0.4889791671875 0.6909375 0.47864583281249995 0.6986875 0.4523333328125 0.692484375 0.41258333281250004 0.675453125 0.3888333328125 0.661125 0.3852083328125 0.6425468750000001 0.3898541671875 0.641375 0.39397916718750003 0.6425468750000001 0.40895833281250005 0.653765625 0.4296041671875 0.657640625 0.4425208328125 0.650671875 0.4636875 0.6429218750000001 0.4729791671875 0.651828125 0.4781458328125 0.6797187499999999 0.4889791671875
3 0.63353125 0.2320833328125 0.643234375 0.24364583281250002 0.665203125 0.2405833328125 0.675421875 0.2467291671875 0.681546875 0.24297916718749998 0.688453125 0.23752083281249997 0.6945781249999999 0.2116458328125 0.6930468750000001 0.1816666671875 0.6838437500000001 0.1612291671875 0.6613749999999999 0.1435208328125 0.647828125 0.14010416718750002 0.64296875 0.14010416718750002 0.63225 0.1445416671875 0.6355625 0.15475 0.64425 0.183375 0.64425 0.1912083328125 0.64271875 0.2017708328125 0.640421875 0.20960416718750002 0.6345468750000001 0.2215208328125 0.63353125 0.2320833328125
3 0.7267812499999999 0.5767708328125 0.7164531249999999 0.5856041671875001 0.728890625 0.6018333328125001 0.7320781249999999 0.638875 0.7273125 0.6494583328125 0.73709375 0.6445208328125 0.749 0.6420625 0.7619687500000001 0.6480625 0.76990625 0.6533541671875 0.774671875 0.6483958328125 0.7797031249999999 0.6385208328124999 0.783671875 0.6279375 0.784734375 0.6102916671874999 0.781828125 0.5880625 0.7810312500000001 0.5838333328124999 0.77546875 0.5774791671874999 0.7712343749999999 0.571125 0.766734375 0.5679583328125 0.7558906249999999 0.5605416671875 0.737359375 0.5619583328125 0.737625 0.5626666671875 0.73525 0.5665416671875 0.7267812499999999 0.5767708328125
3 0.83009375 0.2816875 0.8281875 0.30062500000000003 0.8206093750000001 0.3176875 0.8395625000000001 0.31514583281249997 0.85471875 0.3183125 0.862296875 0.324625 0.865609375 0.3195833328125 0.8731875 0.3069375 0.8774531250000001 0.2974791671875 0.8793593749999999 0.288625 0.8793593749999999 0.2703125 0.8755625 0.2507291671875 0.8689375 0.2393541671875 0.8594531249999999 0.2305208328125 0.849984375 0.22672916718749997 0.8338749999999999 0.22925 0.8258281249999999 0.2393541671875 0.816828125 0.2456875 0.8182499999999999 0.2482083328125 0.823453125 0.2595833328125 0.83009375 0.2816875
3 0.65790625 0.44439583281250006 0.642484375 0.4017291671875 0.6389218750000001 0.3875 0.58675 0.3890625 0.5701562499999999 0.4127916671875 0.56540625 0.414375 0.56540625 0.4538958328125 0.5879375 0.4791875 0.642484375 0.47760416718750004 0.65790625 0.44439583281250006
3 0.003125 0.9166666671874999 0.0140625 0.9208333328125 0.0546875 0.91875 0.084375 0.9020833328125001 0.1078125 0.8729166671874999 0.1140625 0.8479166671874999 0.1171875 0.8083333328125001 0.121875 0.79375 0.1296875 0.73125 0.134375 0.7125 0.1421875 0.6979166671875 0.1546875 0.6583333328125 0.175 0.6166666671875001 0.19375 0.5875 0.2046875 0.5833333328125 0.2234375 0.56875 0.2515625 0.56875 0.2703125 0.5604166671875 0.2828125 0.55 0.3046875 0.5166666671875 0.3109375 0.49791666718750005 0.3140625 0.4770833328125 0.4640625 0.4770833328125 0.4640625 0.5270833328125 0.46875 0.5520833328125 0.4765625 0.5729166671875 0.490625 0.5979166671875 0.503125 0.6125 0.53125 0.63125 0.5296875 0.7 0.5359375 0.75 0.5359375 0.8354166671875 0.53125 0.875 0.53125 0.9083333328125001 0.534375 0.9270833328125001 0.5421875 0.9479166671874999 0.5515625 0.9645833328125001 0.56875 0.9833333328125 0.59375 0.9958333328125001 0.65 0.99375 0.65625 0.9979166671874999 0.95625 1 0.9578125 0.9958333328125001 0.978125 0.98125 0.99375 0.9604166671875 0.9984375 0.95 0.784375 0.7375 0.7875 0.7270833328124999 0.7859375 0.68125 0.778125 0.6625 0.7703125 0.65625 0.7828125 0.63125 0.784375 0.6083333328125 0.78125 0.5854166671875001 0.7703125 0.5708333328124999 0.8046875 0.54375 0.8359375 0.5520833328125 0.85 0.575 0.853125 0.6166666671875001 0.8875 0.6229166671875 0.9015625 0.6104166671875 0.9 0.56875 0.8828125 0.5354166671875 0.8875 0.51875 0.9140625 0.51875 0.925 0.525 0.9328125 0.5083333328124999 0.9328125 0.47083333281249995 0.9265625 0.45625 0.9328125 0.45416666718750004 0.9390625 0.43958333281249995 0.940625 0.40625 0.9375 0.39375 0.925 0.3770833328125 0.90625 0.3708333328125 0.8859375 0.375 0.8765625 0.3875 0.8673076921874999 0.3802884625 0.8625 0.325 0.8734375 0.3083333328125 0.8805118109375 0.3042979 0.8819602265625001 0.29905303125 0.8883735234374999 0.3041502625 0.9984375 0.3020833328125 0.984375 0.29375 0.9640625 0.28958333281250004 0.9578125 0.2833333328125 0.9421875 0.2520833328125 0.9265625 0.23125 0.9140625 0.2 0.903125 0.1854166671875 0.890625 0.1375 0.8703125 0.10625 0.865625 0.0875 0.8421875 0.03125 0.8265625 0.010416667187500001 0.815625 0.0020833328125000002 0.29375 0 0.2859375 0.0125 0.2734375 0.0458333328125 0.259375 0.05625 0.228125 0.09375 0.1953125 0.1270833328125 0.1703125 0.1458333328125 0.134375 0.19375 0.1234375 0.20208333281250002 0.1078125 0.20833333281250002 0.0875 0.225 0.05625 0.23541666718749998 0.0375 0.24583333281250003 0.0125 0.27291666718749996 0.0015625 0.2916666671875 0.0078617125 0.3206856953125 0 0.32083333281250004 0.003125 0.4375 0.003125 0.9166666671874999