2 0.5492343749999999 0.7375416671874999 0.5470625 0.6678958328125 0.535078125 0.6011458328125 0.5198437499999999 0.5866458328124999 0.5057031249999999 0.6026041671875 0.5100625 0.7215833328125 0.5198437499999999 0.7317291671875 0.535078125 0.7520625 0.5492343749999999 0.7375416671874999
2 0.3605625 0.7797291671875 0.39649999999999996 0.7293541671875 0.43981250000000005 0.6654583328125 0.42229687499999996 0.6494791671875 0.40203125 0.6728333328125 0.34028125 0.7342708328125 0.33290625 0.749 0.33290625 0.7809583328125 0.3605625 0.7797291671875
2 0.41690625 0.561625 0.47021875 0.5885833328125 0.51065625 0.6069583328125 0.5216875 0.586125 0.518921875 0.5567291671875 0.514328125 0.5493750000000001 0.4775625 0.5346666671875 0.42976562500000004 0.5211875 0.42885937500000004 0.5211875 0.41875 0.5383333328125001 0.41690625 0.561625
2 0.467984375 0.587375 0.463515625 0.5896250000000001 0.463515625 0.63575 0.4880625 0.6327708328125 0.4880625 0.6000416671875 0.467984375 0.587375
2 0.33182812500000003 0.6611041671875 0.339015625 0.6668541671875 0.34762499999999996 0.6658958328125 0.35696875 0.6591875 0.391421875 0.6228125 0.400765625 0.6161041671875 0.416546875 0.6036666671875001 0.41798437499999996 0.596 0.416546875 0.5806875 0.41296875 0.5739791671875001 0.40578125 0.565375 0.397890625 0.5644166671875 0.392140625 0.5644166671875 0.38065625000000003 0.571125 0.360546875 0.5921875 0.333265625 0.6333333328124999 0.32753125 0.6448333328125 0.32823437499999997 0.6515208328125001 0.33182812500000003 0.6611041671875
2 0.463265625 0.6497708328125 0.463703125 0.5852708328125 0.45890624999999996 0.5782916671875 0.43581250000000005 0.5701458328125 0.433625 0.5707291671875 0.420984375 0.6108333328125 0.42490625 0.6306041671875 0.428390625 0.6521041671875001 0.44582812499999996 0.6660416671875 0.44889062500000004 0.6654791671875 0.455859375 0.6648958328125001 0.463265625 0.6497708328125
2 0.3094375 0.6072083328125 0.315375 0.5981458328125 0.325546875 0.565375 0.33234375 0.4873541671875 0.319625 0.46360416718749997 0.298421875 0.4681458328125 0.29078125 0.51675 0.287390625 0.5947708328125 0.29078125 0.6038125 0.298421875 0.6128541671875001 0.3094375 0.6072083328125
2 0.346578125 0.7200624999999999 0.3558125 0.7132083328125 0.384046875 0.6789791671875001 0.41742187499999994 0.6413333328124999 0.4225625 0.6194166671875 0.42204687500000004 0.6187291671875 0.41434375 0.6180625 0.40356249999999994 0.6180625 0.38815625 0.6283333328125 0.350671875 0.6632291671874999 0.327578125 0.6885625 0.326546875 0.706375 0.33528125000000003 0.72075 0.346578125 0.7200624999999999
2 0.37396875 0.4716666671875 0.364703125 0.4519166671875 0.35676562500000003 0.4339166671875 0.350421875 0.4505 0.350671875 0.45472916718749995 0.3575625 0.4695625 0.359671875 0.476625 0.37184375 0.4797916671875 0.37396875 0.4716666671875
2 0.49784375000000003 0.7653749999999999 0.503375 0.72975 0.506140625 0.6892083328124999 0.4923125 0.6756875 0.453609375 0.7322083328125 0.453609375 0.7629166671875 0.47112499999999996 0.780125 0.486796875 0.7764375 0.49784375000000003 0.7653749999999999
2 0.28714062500000004 0.6776666671875 0.2915 0.6962708328125 0.29846875 0.69975 0.31371875 0.7026666671874999 0.327234375 0.6956875 0.32810937500000004 0.6875625000000001 0.34903125 0.6660416671875 0.343359375 0.6672083328125 0.33595312499999996 0.6654583328125 0.33028124999999997 0.6590833328125 0.327671875 0.6491875 0.327671875 0.645125 0.33595312499999996 0.63175 0.309359375 0.6404791671875001 0.2901875 0.6544166671875 0.285390625 0.6625625 0.28714062500000004 0.6776666671875
2 0.486859375 0.6803125 0.49957812500000004 0.6509166671875 0.4885625 0.6362291671875 0.46990625 0.6350833328125 0.4648125 0.6373541671875 0.454640625 0.667875 0.4334375 0.6701458328125 0.41903125 0.7040625 0.404609375 0.7119791671875 0.40884375000000006 0.7492708328125001 0.416484375 0.7662291671875 0.44446874999999997 0.7639791671875 0.486859375 0.6803125
2 0.22916666718749998 0.6493055562500001 0.22578125 0.6635416671875001 0.215625 0.6666666671875 0.2265625 0.6875 0.23125 0.6875 0.2375 0.69375 0.2609375 0.6958333328124999 0.28125 0.69375 0.284375 0.6895833328125 0.2890625 0.6895833328125 0.2859375 0.6625 0.290625 0.6541666671875 0.2953125 0.65 0.2991071421875 0.65089285625 0.2984375 0.6479166671875001 0.303125 0.6458333328125 0.3071428578125 0.6532738109375 0.371428571875 0.6723214296875 0.3745625 0.6668333328125 0.37946428593750003 0.67470238125 0.3818125 0.6709166671875 0.390625 0.6833333328125 0.4015625 0.675 0.4203125 0.6520833328125 0.4265625 0.6541666671875 0.421875 0.65 0.4265625 0.6416666671875 0.421875 0.6229166671875 0.421875 0.6083333328125 0.4328125 0.5708333328124999 0.4171875 0.5625 0.41875 0.5395833328124999 0.428125 0.5229166671875001 0.425 0.5104166671875 0.415625 0.5 0.4015625 0.4916666671875 0.39375 0.48125 0.384375 0.4791666671875 0.375 0.47083333281249995 0.371875 0.48125 0.359375 0.4770833328125 0.35 0.45 0.3453125 0.4458333328125 0.3234375 0.44375 0.31875 0.4479166671875 0.29375 0.4479166671875 0.2875 0.44166666718750003 0.278125 0.4458333328125 0.2671875 0.4791666671875 0.2625 0.48333333281249996 0.25625 0.49791666718750005 0.246875 0.50625 0.24375 0.51875 0.2375 0.5270833328125 0.225 0.5354166671875 0.2203125 0.5645833328125 0.209375 0.56875 0.2078125 0.5854166671875001 0.2171875 0.5958333328125 0.215625 0.6354166671875 0.22916666718749998 0.6493055562500001