1 0.8581093750000001 0.6813125 0.8581093750000001 0.6069791671875 0.84628125 0.5416666671875 0.7449375 0.46733333281249995 0.6959531250000001 0.4020208328125 0.6520312500000001 0.3975208328125 0.6300625 0.3885208328125 0.58784375 0.3907708328125 0.5827656250000001 0.3524791671875 0.5236562499999999 0.3479791671875 0.4425625 0.3952708328125 0.40034375000000005 0.46960416718750003 0.40540624999999997 0.5484166671875 0.46115625 0.5484166671875 0.628375 0.503375 0.43075 0.6069791671875 0.364859375 0.7241041671875 0.32601562500000003 0.7736458328125 0.334453125 0.875 0.3800625 0.9155416671875001 0.371625 0.9831041671875 0.375 0.9876041671875001 0.804046875 0.9876041671875001 0.84628125 0.9155416671875001 0.86825 0.8254583328124999 0.864859375 0.760125 0.8581093750000001 0.6813125
1 0.34045312499999997 0.5546875 0.32190625 0.604125 0.289890625 0.6917500000000001 0.2528125 0.8513125 0.22246875 0.8850208328125 0.205625 0.9119791671874999 0.21909375 0.9681666671875 0.27471875 0.9838958328125 0.310109375 0.9501875 0.32865625 0.9254583328124999 0.34045312499999997 0.9029999999999999 0.34550000000000003 0.8602916671875 0.32190625 0.7906458328125 0.4028125 0.6288333328125 0.3960625 0.4805208328125 0.3505625 0.46704166718750006 0.3471875 0.49175 0.34045312499999997 0.5546875
1 0.633703125 0.3820208328125 0.665734375 0.3865208328125 0.692703125 0.39775 0.743265625 0.4651666671875 0.808984375 0.5123541671875 0.859546875 0.5393333328125001 0.87978125 0.5438125 0.9421406250000001 0.5483125 0.958984375 0.5303333328125001 0.98090625 0.49887499999999996 0.9842656249999999 0.45618749999999997 0.9707812499999999 0.4179791671875 0.92696875 0.3842708328125 0.9539375 0.3168541671875 0.932015625 0.2719166671875 0.9219062499999999 0.2404583328125 0.8932656250000001 0.2292083328125 0.8140468750000001 0.2224791671875 0.7398906249999999 0.25393750000000004 0.72471875 0.2763958328125 0.6438125 0.298875 0.6050625000000001 0.32360416718749996 0.581453125 0.34381249999999997 0.5949375 0.3865208328125 0.5949375 0.3820208328125 0.62021875 0.3887708328125 0.633703125 0.3820208328125
1 0.367421875 0.32360416718749996 0.391015625 0.1707916671875 0.382578125 0.006750000000000001 0.288203125 0.0045 0.291578125 0.24943749999999998 0.3050625 0.37752083281250004 0.3016875 0.3887708328125 0.32528125 0.3752708328125 0.367421875 0.32360416718749996
1 0.7483125 0.21179166718750003 0.7061875 0.09718750000000001 0.6471875 0.0073124999999999996 0.510671875 0.0073124999999999996 0.5494375 0.1196666671875 0.65225 0.2545 0.733140625 0.2702291671875 0.7483125 0.21179166718750003
1 0.11460937499999999 0.21179166718750003 0.08595312499999999 0.2410208328125 0.055625 0.2365208328125 0.030343750000000003 0.2185416671875 0.0033750000000000004 0.1983125 0 0.3825833328125 0.038765625 0.3915833328125 0.042140625 0.45 0.06909375 0.5174166671875 0.109546875 0.5533750000000001 0.165171875 0.5646041671875001 0.20393750000000002 0.5443749999999999 0.208984375 0.5376458328125 0.22246875 0.5196666671875 0.23090625 0.5016875 0.234265625 0.42752083281250003 0.22921874999999997 0.3691041671875 0.22246875 0.3376458328125 0.207296875 0.3039375 0.190453125 0.2612291671875 0.185390625 0.2028125 0.190453125 0.142125 0.17190624999999998 0.1196666671875 0.11460937499999999 0.11516666718749999 0.13482812500000002 0.1623541671875 0.12640625 0.1938125 0.11460937499999999 0.21179166718750003
1 1 0.9011250000000001 0.9977499999999999 0.8157291671875001 0.97921875 0.7191041671875 0.9741562500000001 0.5730416671875 0.97753125 0.5123541671875 0.9286562500000001 0.5483125 0.867984375 0.5415833328125 0.8612343750000001 0.5505625000000001 0.857859375 0.6157291671875 0.8612343750000001 0.7236041671875 0.859546875 0.8202291671875 0.864609375 0.8741666671875 0.913484375 0.9505625 0.9421406250000001 0.9865208328125 1 0.9865208328125 1 0.9011250000000001
1 0.535953125 0.34158333281250003 0.52415625 0.26516666718750004 0.49887499999999996 0.1505625 0.5174218749999999 0.008979167187500001 0.39775 0 0.391015625 0.2089791671875 0.47190624999999997 0.35954166718749997 0.47865624999999995 0.35954166718749997 0.510671875 0.3617916671875 0.535953125 0.34158333281250003
1 0.337015625 0.48312499999999997 0.309734375 0.4389583328125 0.24934375000000003 0.4649375 0.23376562500000003 0.48570833281250003 0.21234375 0.5428541671875 0.183109375 0.5636458328125 0.130515625 0.6623333328125 0.0935 0.7376666671875001 0.079875 0.8285625 0.09740625 0.8623333328125 0.10325 0.8545416671874999 0.12273437499999999 0.870125 0.169484375 0.8259791671875 0.292203125 0.5973958328125 0.337015625 0.48312499999999997
1 0.269171875 0.6434791671875 0.19821875 0.7727708328125 0.15446875 0.8532083328125 0.131984375 0.9367708328125 0.13553125 0.9982708328125 0.1923125 1 0.22542187500000002 0.9588541671874999 0.23015625 0.8815833328125 0.24670312499999997 0.8345416671875 0.292828125 0.6894791671875 0.323578125 0.5507083328125 0.31175 0.544125 0.296375 0.59775 0.269171875 0.6434791671875
1 0.24156249999999999 0.42337499999999995 0.23960937499999999 0.45454166718750005 0.245453125 0.4649375 0.284421875 0.4493541671875 0.319484375 0.4363541671875 0.321421875 0.4363541671875 0.325328125 0.3818125 0.319484375 0.3740208328125 0.30584375 0.4051875 0.301953125 0.376625 0.29415625 0.2805208328125 0.286359375 0.1610416671875 0.284421875 0.0103958328125 0.284421875 0.005187499999999999 0.2551875 0.005187499999999999 0.222078125 0.3350625 0.23376562500000003 0.3792291671875 0.24156249999999999 0.42337499999999995