2 0.603875 0.49325526875000003 0.6034375 0.48615925000000004 0.600421875 0.47583138125 0.5913906250000001 0.46744730624999997 0.5900937500000001 0.45323185 0.567703125 0.44355971875 0.538 0.44936768125000004 0.530671875 0.45583138125 0.53584375 0.50810304375 0.540578125 0.50163934375 0.5509062499999999 0.50744730625 0.5569375 0.52163934375 0.569859375 0.53325526875 0.587515625 0.5358548015625 0.608171875 0.50487119375 0.60946875 0.5068149890625 0.610328125 0.49519906249999995 0.603875 0.49325526875000003
2 0.8471093749999999 0.5973770484375 0.8411093749999999 0.561428571875 0.8605937499999999 0.5344496484375 0.829109375 0.5074941453124999 0.8006249999999999 0.5119906328125 0.794625 0.52770491875 0.799125 0.552435596875 0.824609375 0.5659250578125 0.827609375 0.5973770484375 0.8471093749999999 0.5973770484375
2 0.6516093749999999 0.3888290390625 0.6343125 0.39836065625 0.613375 0.42428571406250004 0.6179375 0.44611241250000006 0.629765625 0.4529508203125 0.664359375 0.448852459375 0.6679999999999999 0.4188290390625 0.67528125 0.3997423890625 0.6516093749999999 0.3888290390625
2 0.52628125 0.284028103125 0.522984375 0.3371194375 0.530390625 0.3309601875 0.60290625 0.355644028125 0.61115625 0.3247775171875 0.608671875 0.3173536296875 0.52628125 0.284028103125
2 0.537546875 0.89032786875 0.518546875 0.942131146875 0.5271874999999999 0.9473302109375 0.57384375 0.9395550343749999 0.62225 0.9291803281250001 0.6585468750000001 0.9188290390624999 0.670640625 0.9084543328124999 0.73978125 0.8722014046875 0.73978125 0.8618266984374999 0.7345937499999999 0.851475409375 0.7224999999999999 0.8177985953125001 0.696578125 0.7815222484375 0.687921875 0.758196721875 0.675828125 0.7452459015625 0.662 0.72969555 0.6412656250000001 0.73229508125 0.6360781249999999 0.72969555 0.6187968749999999 0.71674473125 0.58940625 0.7219437937500001 0.535828125 0.7452459015625 0.530640625 0.7530210765625001 0.52371875 0.8385245906250001 0.537546875 0.89032786875
2 0.5519375 0.724660421875 0.565515625 0.7122248250000001 0.5625 0.6726463703125 0.564 0.65229508125 0.549671875 0.639859484375 0.521765625 0.630819671875 0.511203125 0.639859484375 0.49762500000000004 0.6636065578125 0.49762500000000004 0.6703981265625 0.496125 0.702060890625 0.51346875 0.71901639375 0.532328125 0.73936768125 0.5519375 0.724660421875
2 0.66165625 0.5746370015625 0.636234375 0.59676815 0.632140625 0.6237939109374999 0.6444375 0.6655737703125 0.6780468749999999 0.6729274000000001 0.684609375 0.6631147546875 0.674765625 0.632388759375 0.677234375 0.60290398125 0.66165625 0.5746370015625
2 0.69859375 0.3865339578125 0.71590625 0.3789695546875 0.72384375 0.40925058593749997 0.716625 0.4384543328125 0.725296875 0.47414519843749997 0.716625 0.494707259375 0.7021875 0.5011943796875 0.684875 0.521756440625 0.6682812499999999 0.5109367687499999 0.67115625 0.48065573749999996 0.651671875 0.47414519843749997 0.62353125 0.46873536250000003 0.60765625 0.5412177984375 0.6386875 0.5790866515624999 0.66321875 0.5747540984375 0.67909375 0.5541920375 0.6819843750000001 0.5790866515624999 0.696421875 0.5931381734375 0.718078125 0.555292740625 0.743328125 0.5444730671875 0.7483906250000001 0.506604215625 0.771484375 0.528243559375 0.79890625 0.5120140515625 0.83065625 0.5001170953125 0.84653125 0.4449414515625 0.834984375 0.369227165625 0.809734375 0.356252928125 0.7945781249999999 0.399508196875 0.77509375 0.37030445 0.7534375 0.37355971875 0.7483906250000001 0.3302810296875 0.7404375 0.318384075 0.710140625 0.3237939109375 0.712296875 0.350843090625 0.6819843750000001 0.3529976578125 0.67909375 0.37679156874999997 0.684875 0.40925058593749997 0.69859375 0.3865339578125
2 0.617015625 0.55583138125 0.606453125 0.5518735359375 0.597640625 0.5531850109375 0.58003125 0.5723419203125 0.579140625 0.5888290390625001 0.582234375 0.6007259953124999 0.60778125 0.605995315625 0.619671875 0.6132552687499999 0.61790625 0.6159016390625001 0.6315625 0.6007259953124999 0.6346406250000001 0.5875175640625 0.6315625 0.571007025 0.617015625 0.55583138125
2 0.7735937500000001 0.5645199062499999 0.76515625 0.5692740046875 0.745109375 0.574004684375 0.719796875 0.602459015625 0.71346875 0.6419906328125 0.7103125 0.6577985953125001 0.7008125 0.6688758781249999 0.682875 0.698899296875 0.6797187499999999 0.7463466046875 0.7103125 0.7621545671875001 0.73984375 0.6925761125000001 0.754609375 0.6657142859375 0.78203125 0.6514754093749999 0.8062968749999999 0.6641217796875 0.8041874999999999 0.6720374703124999 0.813671875 0.6736065578125 0.8273906249999999 0.6293442625 0.8273906249999999 0.589812646875 0.8105156250000001 0.5613583140625 0.7735937500000001 0.5645199062499999
2 0.723578125 0.770468384375 0.718515625 0.8041920375 0.733140625 0.8437939109375 0.752828125 0.8437939109375 0.760703125 0.8522248250000001 0.7837500000000001 0.833700234375 0.8214218750000001 0.7810304453125 0.833796875 0.7591100703125 0.834921875 0.7338407499999999 0.8236718749999999 0.7127634656249999 0.8158125 0.6849414515625 0.798375 0.7001170953125 0.8045625 0.7102341921875001 0.80625 0.7296252921875 0.791625 0.7355269328125 0.786 0.7473302109375 0.7685625 0.7641686187500001 0.7691250000000001 0.7620374703125 0.742703125 0.7628805625 0.723578125 0.770468384375
2 0.53465625 0.5514051515625 0.5467187499999999 0.5107025765625 0.5210781250000001 0.5186182671874999 0.503734375 0.5366978921875 0.49770312499999997 0.5570491796875 0.50296875 0.574004684375 0.532390625 0.59775175625 0.54975 0.59098360625 0.565578125 0.55932084375 0.53465625 0.5514051515625
2 0.6293124999999999 0.404707259375 0.6367499999999999 0.395035128125 0.65065625 0.3868618265625 0.65909375 0.3942857140625 0.669015625 0.38163934374999997 0.6680312500000001 0.36081967187499997 0.65809375 0.339227165625 0.639734375 0.3310538640625 0.61490625 0.3288290390625 0.59903125 0.3600702578125 0.604484375 0.399508196875 0.6109375 0.40545667500000004 0.62384375 0.409180328125 0.6293124999999999 0.404707259375
2 0.21875 0.4800936765625 0.2265625 0.482435596875 0.22383720937499998 0.48820870312500003 0.2276162796875 0.49872011250000003 0.23312499999999997 0.49667447343750004 0.23139534843749998 0.509231521875 0.23517441875 0.519742934375 0.230625 0.520468384375 0.213125 0.6870257609375 0.22146139687500002 0.6876980296874999 0.21884191249999999 0.6988565921875 0.21187499999999998 0.6989227171875 0.210625 0.7108196718750001 0.21788602968749998 0.7108417140625 0.216930146875 0.7228268359375 0.21360294062500002 0.7211737140625 0.209375 0.7227166281249999 0.21098345625 0.7323322765625 0.20812499999999998 0.7346135828125 0.2071875 0.7478688531250001 0.2150183828125 0.7467970796875 0.2140625 0.7587822015625 0.20625 0.761124121875 0.203125 0.7658079625 0.203125 0.7822014046875 0.2078125 0.7892271656250001 0.2109375 0.7892271656250001 0.2125 0.8032786890624999 0.2171875 0.81030445 0.23125 0.81030445 0.234375 0.8149882906249999 0.2515625 0.8173302109374999 0.28125 0.8173302109374999 0.2953125 0.7892271656250001 0.2984375 0.77517564375 0.296875 0.761124121875 0.314534884375 0.7404825453125 0.3712209296875 0.8981536953125 0.3763608875 0.8969932765624999 0.38125 0.9039812640625 0.375 0.9086651046875 0.3734375 0.9274004687499999 0.378125 0.9344262296875 0.4015625 0.9344262296875 0.4046875 0.9391100703124999 0.415625 0.941451990625 0.421875 0.9484777515625 0.4421875 0.9484777515625 0.446875 0.9391100703124999 0.4453125 0.9250585484375 0.4390625 0.9180327875 0.4234375 0.9180327875 0.4046875 0.9039812640625 0.3890625 0.9039812640625 0.3777217734375 0.885321446875 0.4117439515625 0.5935257234375 0.4921875 0.6206089 0.4921875 0.6370023421875 0.496875 0.6440281031249999 0.509375 0.6440281031249999 0.5203125 0.6323185015624999 0.54375 0.6370023421875 0.5625 0.6510538640625 0.5640625 0.6651053859375 0.571875 0.6651053859375 0.5765625 0.6557377046874999 0.5733630953125 0.6351065015625 0.5809782609374999 0.6337440187500001 0.6826086953125 0.4987272171875 0.6890625 0.508196721875 0.6953125 0.5105386421875 0.6875 0.5199063234375 0.7125 0.4988290390625 0.71875 0.491803278125 0.725 0.473067915625 0.76772629375 0.47710570937499996 0.7318965515625 0.698053784375 0.7359375 0.7025761125 0.7300107765625 0.7096826296875001 0.7328125 0.7096018734375 0.728125 0.721311475 0.73125 0.7283372359375 0.7359375 0.73067915625 0.7375 0.7400468390625 0.7421875 0.7470726 0.7546875 0.75644028125 0.76875 0.75644028125 0.778125 0.7400468390625 0.7765625 0.721311475 0.7703125 0.7142857140625 0.7609375 0.7119437937499999 0.7546875 0.697892271875 0.740625 0.69320843125 0.741741071875 0.6840080296875 0.7859375 0.5644028109375 0.7953125 0.5644028109375 0.7984375 0.5597189703125001 0.7953125 0.52224824375 0.790625 0.5199063234375 0.784375 0.5245901640625 0.784375 0.42341920312500003 0.7771551718749999 0.4189614796875 0.7790409484375 0.4073326328125 0.784375 0.410772834375 0.784375 0.3981264640625 0.7801454734375 0.3945328265625 0.784375 0.3864168625 0.7984375 0.3864168625 0.80625 0.3676814984375 0.80625 0.3606557375 0.7984375 0.34426229531249997 0.7859375 0.33255269374999996 0.7765625 0.30210772812500003 0.765625 0.2903981265625 0.7578125 0.27400468437500003 0.7515625 0.2716627640625 0.7453125 0.2763466046875 0.7421875 0.28805620625 0.734375 0.29742388750000004 0.719097221875 0.291178765625 0.7109375 0.2997658078125 0.7114583328124999 0.28805620625 0.7038194437499999 0.284933646875 0.7 0.2950819671875 0.69375 0.28571428593750003 0.6961805562500001 0.281811084375 0.696875 0.26463700156250003 0.6921875 0.2459016390625 0.6859375 0.238875878125 0.6765625 0.24355971875 0.671875 0.2365339578125 0.6671875 0.194379390625 0.659375 0.17798594843749999 0.65 0.1686182671875 0.6328125 0.16627634687499998 0.625 0.1733021078125 0.61875 0.1920374703125 0.6078125 0.1967213109375 0.60625 0.215456675 0.6109375 0.2224824359375 0.60546875 0.23145979687499998 0.6045138890625 0.2443403578125 0.6 0.24043715937500001 0.596875 0.2412177984375 0.59453125 0.2494145203125 0.5892361109375 0.23809523906250002 0.581597221875 0.23497267656249998 0.5734375 0.24355971875 0.5739583328125 0.23185011718749998 0.55859375 0.2271662765625 0.55868055625 0.22560499531249997 0.5510416671875 0.2224824359375 0.5609375 0.20608899374999998 0.5609375 0.1967213109375 0.553125 0.185011709375 0.54375 0.1873536296875 0.5359375 0.1826697890625 0.5296875 0.1873536296875 0.525 0.2014051515625 0.5204861109375 0.20999219375 0.5166015625 0.2019906328125 0.512847221875 0.2068696328125 0.508203125 0.2025761125 0.4998046875 0.2031615921875 0.49756944374999995 0.2006245125 0.49140625 0.203747071875 0.4890625 0.1967213109375 0.4921875 0.18969555 0.4921875 0.18032786875 0.484375 0.1686182671875 0.4796875 0.1686182671875 0.471875 0.17798594843749999 0.474652778125 0.19125683124999998 0.459375 0.185011709375 0.4578125 0.20608899374999998 0.4552923390625 0.220027196875 0.4618634265625 0.222981178125 0.4627893515625 0.23518952187500003 0.4539314515625 0.231699025 0.42535282187499995 0.47680743281250004 0.34375 0.4496487125 0.34375 0.43793910937499997 0.328125 0.4168618265625 0.3296875 0.405152225 0.3390625 0.3817330203125 0.3390625 0.3723653390625 0.334375 0.3629976578125 0.328125 0.3606557375 0.321875 0.365339578125 0.315625 0.3793911 0.3109375 0.374707259375 0.303125 0.374707259375 0.29375 0.3817330203125 0.2875 0.4106167046875 0.2921875 0.4238875875 0.284375 0.42505854843749996 0.281709559375 0.43105110937499996 0.2765625 0.42622950781249996 0.271875 0.41451990624999996 0.275 0.39578454375 0.2703125 0.3864168625 0.2296875 0.3864168625 0.2171875 0.39578454375 0.215625 0.41451990624999996 0.2234375 0.4238875875 0.234375 0.4238875875 0.2359375 0.43793910937499997 0.2203125 0.444964871875 0.2125 0.4566744734375 0.21627907031250002 0.4671858828125 0.2125 0.4707259953125 0.2200581390625 0.4776972921875 0.21875 0.4800936765625