3 0.758421875 0.1662916671875 0.736515625 0.10787500000000001 0.6674218749999999 0.096625 0.6016874999999999 0.11235416718749999 0.581453125 0.1460625 0.57471875 0.1887708328125 0.593265625 0.2314583328125 0.608421875 0.2584166671875 0.62696875 0.2674166671875 0.67415625 0.2606666671875 0.717984375 0.2808958328125 0.734828125 0.23595833281249998 0.758421875 0.1662916671875
3 0.886515625 0.33708333281249997 0.9016875000000001 0.2808958328125 0.87809375 0.2089791671875 0.8342656249999999 0.2089791671875 0.798875 0.19102083281249999 0.7483125 0.2179791671875 0.731453125 0.23370833281249997 0.72978125 0.26516666718750004 0.7264062499999999 0.3123541671875 0.7550625 0.34831249999999997 0.77528125 0.3393333328125 0.8612343750000001 0.3258333328125 0.886515625 0.33708333281249997
3 0.2774375 0.18204166718749998 0.297453125 0.2013125 0.29634375 0.2532083328125 0.294109375 0.2680208328125 0.31190625 0.2665416671875 0.34303125 0.24874999999999997 0.37084375 0.24133333281249997 0.39640624999999996 0.24133333281249997 0.408640625 0.185 0.404203125 0.1553541671875 0.3841875 0.1301458328125 0.35750000000000004 0.1227291671875 0.33303125 0.1227291671875 0.29300000000000004 0.131625 0.270765625 0.153875 0.26742187500000003 0.153875 0.26075 0.1701666671875 0.2774375 0.18204166718749998
3 0.668765625 0.8494999999999999 0.6998125 0.8323958328125001 0.71465625 0.8216041671875001 0.73896875 0.7702916671875 0.7517968749999999 0.7297916671875 0.7504375 0.6784791671875 0.737609375 0.6460833328125 0.698453125 0.6145833328125 0.666734375 0.6010833328125 0.630953125 0.6010833328125 0.57896875 0.6055833328125 0.53846875 0.6352916671875 0.515515625 0.6739791671875001 0.514171875 0.7261875 0.5344218749999999 0.7865 0.5580468749999999 0.8197916671875 0.59990625 0.8486041671875 0.622171875 0.8576041671875 0.668765625 0.8494999999999999
3 0.43314062499999995 0.6269583328125 0.38932812499999997 0.60675 0.32696875 0.5955 0.293265625 0.6 0.28314062500000003 0.6471875 0.28314062500000003 0.7280833328125 0.30842187499999996 0.79775 0.3505625 0.8426875 0.367421875 0.8561875000000001 0.40954687500000003 0.8404583328124999 0.45337500000000003 0.8269583328125 0.508984375 0.7280833328125 0.5005625 0.6966249999999999 0.483703125 0.6629166671875 0.43314062499999995 0.6269583328125
3 0.11460937499999999 0.5707916671875 0.11460937499999999 0.59775 0.12303125 0.6494375 0.15 0.6696666671875 0.20224999999999999 0.7258333328125001 0.23932812499999997 0.7213541671875 0.26965625000000004 0.7056250000000001 0.27978125 0.6853958328124999 0.27978125 0.6561874999999999 0.289890625 0.60225 0.306734375 0.5910208328125 0.33201562500000004 0.5887708328125 0.342140625 0.5191041671875001 0.296625 0.48314583281249995 0.251125 0.48314583281249995 0.17528125 0.49887499999999996 0.12978125000000001 0.5258333328125 0.12978125000000001 0.5168541671875 0.12134375 0.5505625000000001 0.11460937499999999 0.5707916671875
3 0.902921875 0.47741666718750003 0.87796875 0.4564166671875 0.8228125000000001 0.43539583281249994 0.76896875 0.43714583281249997 0.737453125 0.4494166671875 0.71775 0.47741666718750003 0.709875 0.5019375 0.7033125 0.5352083328125 0.702 0.6017291671875 0.7190624999999999 0.62975 0.745328125 0.6647708328124999 0.75715625 0.6962916671875 0.76109375 0.7085416671875 0.818875 0.7260625 0.8582656249999999 0.7137916671875 0.87796875 0.6980416671875 0.902921875 0.6612708328125 0.9252343749999999 0.5947291671875 0.9239218749999999 0.5282083328125 0.926546875 0.5264375 0.904234375 0.47741666718750003 0.902921875 0.47741666718750003
3 0.11476562500000001 0.5277708328124999 0.12909375 0.5305 0.162859375 0.5073125 0.20378124999999997 0.48685416718749996 0.24674999999999997 0.47458333281250004 0.25596874999999997 0.4254583328125 0.24982812499999998 0.39 0.194578125 0.35041666718750003 0.078953125 0.37635416718750003 0.05746875 0.4063541671875 0.05746875 0.42272916718750003 0.06975 0.47866666718750006 0.11476562500000001 0.5277708328124999
3 0.26175000000000004 0.364875 0.2835625 0.3447291671875 0.28690625000000003 0.320125 0.295296875 0.30222916718750004 0.295296875 0.2597291671875 0.29865624999999996 0.23512499999999997 0.291953125 0.19708333281249998 0.24496875 0.16352083281250002 0.2281875 0.1590625 0.197984375 0.16129166718750002 0.16107812500000002 0.1814166671875 0.12415625 0.2105 0.117453125 0.2642083328125 0.122484375 0.29552083281249997 0.139265625 0.3313125 0.164421875 0.3603958328125 0.19128125 0.35368750000000004 0.21812499999999999 0.3805208328125 0.248328125 0.3805208328125 0.26175000000000004 0.364875
3 0.39928125 0.12887500000000002 0.396953125 0.1421875 0.42490625 0.20475 0.44985937500000006 0.23581249999999998 0.46915625 0.2185 0.492125 0.21275 0.51475 0.2025416671875 0.5403749999999999 0.199875 0.5433749999999999 0.1989791671875 0.5650000000000001 0.13374999999999998 0.5660000000000001 0.10225 0.56334375 0.09027083281250001 0.5506875 0.0769583328125 0.51009375 0.0685416671875 0.47050000000000003 0.0703125 0.43354687500000005 0.08449999999999999 0.41224999999999995 0.1031458328125 0.40260937500000005 0.1168958328125 0.39928125 0.12887500000000002
3 0.83090625 0.43595833281249996 0.87809375 0.45618749999999997 0.8983125 0.47191666718749997 0.9151718750000001 0.46291666718749996 0.9353906249999999 0.4292083328125 0.937078125 0.3752708328125 0.9050625 0.34381249999999997 0.810671875 0.32360416718749996 0.766859375 0.3348333328125 0.734828125 0.3752708328125 0.734828125 0.4426875 0.7550625 0.4337083328125 0.790453125 0.4269583328125 0.83090625 0.43595833281249996