0 0.27335937499999996 0.5603504671875 0.281203125 0.5468224296875001 0.28965625 0.5404906546875 0.308953125 0.5404906546875 0.32404687499999996 0.539602803125 0.328265625 0.5368925234375 0.330671875 0.51434579375 0.336703125 0.4989953265625 0.33792187500000004 0.49539719687500006 0.336703125 0.49088785 0.328859375 0.48275700937500005 0.310765625 0.48186915937499997 0.28904687500000004 0.47915887812499997 0.2781875 0.47915887812499997 0.2625 0.49448598125 0.25406249999999997 0.5269626171875 0.26190625 0.555841121875 0.27335937499999996 0.5603504671875
0 0.193859375 0.48315420624999994 0.193859375 0.4449532703125 0.174328125 0.41348130781250003 0.154796875 0.402242990625 0.12323437500000001 0.43147196250000003 0.11571875000000001 0.474158878125 0.12323437500000001 0.51911215 0.15178125 0.5393224296875 0.177328125 0.5303271031250001 0.18184375 0.51911215 0.193859375 0.48315420624999994
0 0.18225 0.6385046734375 0.14309375 0.6475233640625 0.12953125000000001 0.6655373828125 0.118984375 0.6970794390624999 0.23496875 0.719602803125 0.224421875 0.6678037390625 0.18225 0.6385046734375
0 0.42960937499999996 0.4123598125 0.43740625 0.41448598125 0.450890625 0.41553738281249997 0.46010937500000004 0.41448598125 0.47074999999999995 0.40282710312500003 0.4828125 0.3826635515625 0.478546875 0.373130840625 0.470046875 0.3455373828125 0.45726562499999995 0.3200934578125 0.446640625 0.3200934578125 0.41684374999999996 0.32752336406250004 0.40620312500000005 0.350841121875 0.40620312500000005 0.3699532703125 0.40549999999999997 0.3688785046875 0.41117187499999996 0.39539719687499997 0.42960937499999996 0.4123598125
0 0.7020625 0.2365186921875 0.708109375 0.2261915890625 0.7219218749999999 0.22165887812500001 0.714578125 0.1997196265625 0.7068125000000001 0.1855373828125 0.696453125 0.18100467343749999 0.684375 0.182943925 0.67315625 0.1971495328125 0.66796875 0.2145794390625 0.671421875 0.2171495328125 0.67790625 0.2145794390625 0.693 0.2371495328125 0.7020625 0.2365186921875
0 0.5729062500000001 0.38525700937499996 0.583203125 0.38161215 0.587125 0.3728037390625 0.58809375 0.36549065468749997 0.589078125 0.3552336453125 0.58565625 0.33177570156249997 0.575359375 0.3200467296875 0.560171875 0.31492990625 0.544 0.3163785046875 0.53028125 0.3266355140625 0.524890625 0.342757009375 0.522921875 0.361074765625 0.53028125 0.37647196250000003 0.532234375 0.37647196250000003 0.544 0.3838084109375 0.5533125 0.39478972031250004 0.56359375 0.3925934578125 0.5729062500000001 0.38525700937499996
0 0.8188281249999999 0.16081775625 0.827734375 0.1621495328125 0.8286250000000001 0.15460280312500002 0.828328125 0.14394859843750002 0.82565625 0.1377336453125 0.8217968750000001 0.1328504671875 0.8143750000000001 0.130186915625 0.8084374999999999 0.129299065625 0.8045781249999999 0.131074765625 0.80071875 0.1324065421875 0.7989375 0.13595794375 0.79715625 0.140841121875 0.7950781250000001 0.14483644843750001 0.7941874999999999 0.14661215 0.79834375 0.1621495328125 0.80071875 0.165700934375 0.8093281250000001 0.15948598125 0.8188281249999999 0.16081775625
0 0.7664375 0.2292056078125 0.7288593750000001 0.2202336453125 0.71984375 0.1910046734375 0.6717500000000001 0.1820327109375 0.6371875 0.1685280375 0.601125 0.1910046734375 0.5860937500000001 0.202242990625 0.5545312499999999 0.161799065625 0.527484375 0.1752803734375 0.49592187499999996 0.19551401875000002 0.428296875 0.20448598125 0.396734375 0.20448598125 0.3651875 0.2314719625 0.333625 0.24044392499999998 0.28103125 0.2584345796875 0.2645 0.2449532703125 0.21790625000000002 0.2202336453125 0.18484375 0.2157242984375 0.14728125 0.22247663593749997 0.127734375 0.24719626093749997 0.126234375 0.2719158875 0.172828125 0.278644859375 0.196875 0.2629205609375 0.22090625 0.2629205609375 0.21790625000000002 0.29212616874999997 0.202875 0.2988785046875 0.1698125 0.28088785 0.14728125 0.28088785 0.11871875000000001 0.278644859375 0.08715625 0.278644859375 0.060109375 0.28988317812500003 0.040578125 0.29212616874999997 0.010515625 0.29212616874999997 0.003 0.3011214953125 0.0045156250000000005 0.37752336406250003 0.025546875000000004 0.3865186921875 0.07814062499999999 0.402242990625 0.160796875 0.4089953265625 0.31709375 0.42920560781250006 0.52146875 0.45392523437500004 0.602625 0.4651635515625 0.6777656249999999 0.4876401875 0.8280468750000001 0.2966355140625 0.773953125 0.2719158875 0.7664375 0.2292056078125
0 0.47614062500000004 0.634556075 0.4848125 0.6185514015625 0.502140625 0.6017990656250001 0.519984375 0.5880841125 0.5240625 0.5796962609375 0.52609375 0.5705373828125 0.50621875 0.5423364484375 0.495 0.5339719625 0.485328125 0.53242990625 0.47665625 0.53242990625 0.4649375 0.5370093453125 0.44964062499999996 0.5537850468750001 0.43690625 0.5774065421875 0.432828125 0.593411215625 0.431796875 0.6193224296875 0.43587499999999996 0.641425234375 0.44353125000000004 0.662757009375 0.456265625 0.6764719625 0.462390625 0.662757009375 0.462890625 0.6528504671875 0.47614062500000004 0.634556075
0 0.39734375 0.659088784375 0.40484375000000006 0.64338785 0.41234374999999995 0.5985514015625 0.40334375 0.5604205609374999 0.350875 0.531285046875 0.323875 0.5559345796875 0.31039062500000003 0.5918224296875 0.33587500000000003 0.62095794375 0.338875 0.614228971875 0.36735937500000004 0.62095794375 0.39734375 0.659088784375
0 0.405765625 0.68088785 0.38171875 0.6606775703125 0.34114062500000003 0.6516822437500001 0.311078125 0.68088785 0.3020625 0.730327103125 0.40726562499999996 0.7528037390625 0.41026562499999997 0.7280841125 0.405765625 0.68088785
0 0.021046875 0.6584345796875 0.009015625 0.685397196875 0.494421875 0.766285046875 0.67025 0.5168457937500001 0.65371875 0.49439252343750006 0.61615625 0.4651635515625 0.593609375 0.4606775703125 0.557546875 0.47640186875 0.544015625 0.478644859375 0.524484375 0.45392523437500004 0.506453125 0.4606775703125 0.47639062499999996 0.48088784999999995 0.45384375 0.478644859375 0.4343125 0.478644859375 0.405765625 0.49663551406249995 0.39523437499999997 0.5123598125 0.3696875 0.48315420624999994 0.33964062500000003 0.485397196875 0.329109375 0.48088784999999995 0.290046875 0.47640186875 0.258484375 0.4876401875 0.255484375 0.5370794390625 0.255484375 0.5528037390625 0.223921875 0.5325934578125 0.189359375 0.50787383125 0.1638125 0.5348364484375 0.145765625 0.5595560749999999 0.145765625 0.5752803734375 0.09618750000000001 0.5910046734375001 0.093171875 0.63595794375 0.052593749999999995 0.6202336453124999 0.021046875 0.6584345796875