1 0.72532 0.5647802203125 0.72636 0.56909340625 0.72898 0.5752472531249999 0.73214 0.5784890109374999 0.7386999999999999 0.5820879125 0.74184 0.5842582421875 0.74578 0.584972528125 0.75234 0.5806318687500001 0.75444 0.573791209375 0.75288 0.5716208796875 0.74526 0.57090659375 0.73266 0.5618956046875 0.73292 0.5608241765625 0.7295200000000001 0.5615384609375 0.72532 0.5647802203125
1 0.77672 0.58409340625 0.7654799999999999 0.5679670328124999 0.75884 0.5623626374999999 0.7562800000000001 0.566565934375 0.7562800000000001 0.574972528125 0.76344 0.5890109890625 0.76804 0.5918131875 0.7726200000000001 0.5910989015625 0.77672 0.58409340625
1 0.72148 0.5666208796875 0.72126 0.5829670328125001 0.72892 0.576840659375 0.73806 0.58445055 0.7425200000000001 0.5923351640625001 0.75634 0.58326923125 0.76018 0.5920329671875 0.77464 0.596703296875 0.78122 0.583571428125 0.7805799999999999 0.576840659375 0.7723 0.5721703296875 0.7682599999999999 0.5601923078125 0.7689 0.545 0.76974 0.5368406593749999 0.7672 0.534203296875 0.75932 0.5400549453125 0.7572 0.5456043953124999 0.7555 0.5464835171875 0.75614 0.5476373625 0.73912 0.522225275 0.71956 0.534203296875 0.72552 0.5619505499999999 0.72148 0.5666208796875
1 0.78112 0.57590659375 0.78274 0.575027471875 0.7834 0.5696703296875001 0.7821 0.5616483515625 0.77982 0.55450549375 0.77722 0.5429395609375 0.77852 0.5326648359374999 0.77852 0.5233241765625001 0.7765799999999999 0.5193131875 0.77366 0.507252746875 0.76684 0.5028021984375 0.7675 0.505934065625 0.7684599999999999 0.51173076875 0.76684 0.5166208796875 0.7649 0.5282142859375 0.76716 0.531346153125 0.7684599999999999 0.540247253125 0.76814 0.55049450625 0.76878 0.5620879125 0.77236 0.5696703296875001 0.77722 0.5696703296875001 0.77398 0.57590659375 0.77626 0.5768131875 0.78112 0.57590659375
1 0.35554 0.547390109375 0.364 0.5304945062499999 0.36707999999999996 0.5199175828125 0.36347999999999997 0.5086538468749999 0.36297999999999997 0.5068956046875 0.35784 0.5047802203125 0.35219999999999996 0.50549450625 0.33272 0.5132417578124999 0.32452000000000003 0.5164010984375 0.3076 0.5209890109375 0.2994 0.523434065625 0.29838 0.5276648359375 0.30094 0.5445604390625001 0.30812 0.5572527468749999 0.30735999999999997 0.5558516484375 0.3176 0.5551373625 0.32402000000000003 0.5523076921875 0.34504 0.55549450625 0.35554 0.547390109375
3 0.26442 0.7099175828125001 0.26614 0.719340659375 0.27644 0.724065934375 0.2833 0.724065934375 0.29704 0.7146153843749999 0.3142 0.6910439562499999 0.32108 0.6745329671875 0.32966 0.6674450546874999 0.33652000000000004 0.6603846156250001 0.33996 0.6462362640625 0.33652000000000004 0.6462362640625 0.32794 0.6344230765625001 0.30218 0.655659340625 0.28502 0.6745329671875 0.26614 0.6981043953125 0.26442 0.7099175828125001
3 0.48762 0.438791209375 0.48762 0.440247253125 0.5262 0.4416758234375 0.54182 0.41016483593749997 0.4991 0.40156593437500004 0.48762 0.438791209375
3 0.6988800000000001 0.42700549375 0.6996800000000001 0.42118131875 0.69624 0.41609890156249996 0.69094 0.4142857140625 0.6867 0.41609890156249996 0.68352 0.42337912031249997 0.68406 0.4313736265625 0.6867 0.4357417578125 0.69146 0.43502747187499996 0.6946399999999999 0.43282967031249997 0.69332 0.4342857140625 0.69596 0.43282967031249997 0.6988800000000001 0.42700549375
0 0.58814 0.701703296875 0.59168 0.706565934375 0.59658 0.7046703296875 0.60266 0.6992857140625001 0.60128 0.6871703296875 0.59502 0.6817857140625 0.58972 0.6858241765625 0.5856 0.690659340625 0.58814 0.701703296875
3 0.14468 0.491208790625 0.14798 0.4834615390625 0.14704 0.47568681249999994 0.13996 0.47505494531250003 0.1348 0.48409340624999997 0.13620000000000002 0.4834615390625 0.13762000000000002 0.48991758281250003 0.14468 0.491208790625
3 0.7369 0.7375824171875001 0.73732 0.742225275 0.72976 0.74395604375 0.7268 0.74799450625 0.72764 0.75436813125 0.72638 0.7566758234375001 0.72218 0.757252746875 0.7179599999999999 0.7728571421875 0.72134 0.787884615625 0.73018 0.7838461531250001 0.73732 0.78673076875 0.74448 0.7873076921875 0.74996 0.78673076875 0.75796 0.7873076921875 0.76552 0.7890384609375001 0.7689 0.7844230765625 0.7769 0.7884615390625 0.78362 0.7751648359375001 0.79416 0.7474175828125 0.8013 0.7242857140625001 0.79962 0.7179395609375 0.787 0.7185164828125 0.78532 0.7242857140625001 0.7823599999999999 0.730659340625 0.77732 0.727774725 0.77564 0.71563186875 0.76342 0.7132967031249999 0.75796 0.7225549453125 0.75038 0.7196703296875 0.74112 0.7248626375 0.7407 0.728928571875 0.7381800000000001 0.7329670328125 0.7369 0.7375824171875001
3 0.7332799999999999 0.212884615625 0.71266 0.2837637359375 0.76588 0.28673076875 0.78704 0.2151373625 0.7332799999999999 0.212884615625
0 0.50666 0.7264560437500001 0.49623999999999996 0.7196978015625 0.47538 0.716346153125 0.4447 0.77450549375 0.46066 0.7778571421875 0.476 0.7795604390624999 0.50666 0.7264560437500001
0 0.50794 0.6886538468750001 0.49512 0.6851373625 0.48486 0.69659340625 0.47587999999999997 0.7150824171875 0.5111600000000001 0.7177197796875 0.51372 0.708928571875 0.51244 0.6983516484375001 0.50794 0.6886538468750001
0 0.53754 0.6702197796875 0.5363800000000001 0.663846153125 0.5297 0.6602747250000001 0.5250600000000001 0.6554945062499999 0.52188 0.6518956046875 0.51316 0.6522802203125 0.50998 0.6558791203125 0.5024200000000001 0.660659340625 0.49226000000000003 0.683791209375 0.49692 0.68576923125 0.5085200000000001 0.6897802203125 0.5242 0.6933516484375 0.5242 0.6929670328124999 0.5282600000000001 0.6905769234375 0.53754 0.6702197796875
0 0.6101 0.395109890625 0.59744 0.4264010984375 0.58816 0.4490109890625 0.59406 0.4495879125 0.65104 0.44728022031250003 0.6826800000000001 0.37423076875 0.62444 0.3748076921875 0.6101 0.395109890625
0 0.6825 0.3736263734375 0.70468 0.2951373625 0.65282 0.29 0.62424 0.3591758234375 0.622 0.37414835156250004 0.66184 0.37722527499999997 0.6825 0.3736263734375
0 0.43133999999999995 0.7801923078125 0.43785999999999997 0.7667857140625001 0.44546 0.7593131875 0.44764 0.749615384375 0.45686 0.73618131875 0.4585 0.73173076875 0.44383999999999996 0.7264835171875 0.43624 0.725 0.43133999999999995 0.7212637359375 0.42699999999999994 0.7302197796875001 0.41886 0.7399175828125 0.41452 0.7466483515625 0.41342 0.7548351640625001 0.40582 0.7555769234375 0.40309999999999996 0.7593131875 0.39768 0.769752746875 0.39986 0.7779670328125 0.4004 0.7764835171875 0.40746000000000004 0.77945055 0.4232 0.778708790625 0.42864 0.77945055 0.43133999999999995 0.7801923078125
0 0.40746000000000004 0.752472528125 0.40675999999999995 0.745659340625 0.40936000000000006 0.7401373625 0.41692 0.733653846875 0.41976 0.72813186875 0.41289999999999993 0.7222802203125 0.4084 0.7206593406249999 0.40156000000000003 0.7135164828125 0.39540000000000003 0.708653846875 0.3928 0.708653846875 0.38784 0.7174175828125 0.38784 0.7239010984375 0.38028 0.7291208796875 0.37934 0.7339835171875 0.372 0.7368956046874999 0.36019999999999996 0.7440384609375 0.3635 0.7502197796875001 0.36208 0.7667582421875 0.3713 0.7794230765625 0.3739 0.7839835171875 0.3869 0.7852747250000001 0.3869 0.7778021984375 0.38523999999999997 0.77813186875 0.38902000000000003 0.77618131875 0.3973 0.765796703125 0.40343999999999997 0.7583241765625 0.40746000000000004 0.752472528125
0 0.6126 0.7896703296875 0.6167 0.7809890109375 0.62452 0.7784340656250001 0.6319600000000001 0.769203296875 0.63868 0.7630769234375 0.64276 0.7497802203124999 0.65282 0.7170329671875 0.64054 0.71395604375 0.63532 0.709340659375 0.62786 0.709340659375 0.61632 0.7124175828125 0.6126 0.71804945 0.60738 0.7293131875000001 0.6018 0.74159340625 0.59844 0.7487362640625 0.59024 0.7615384609375 0.58466 0.7784340656250001 0.59658 0.7820054937500001 0.60366 0.7840384609375 0.60328 0.7860989015625 0.6043999999999999 0.7907142859375 0.6126 0.7896703296875
0 0.4131 0.7168956046875 0.42458 0.7168956046875 0.43079999999999996 0.7129395609375 0.45136000000000004 0.67354395625 0.45039999999999997 0.66631868125 0.44036 0.6584340656250001 0.43079999999999996 0.653846153125 0.42123999999999995 0.6558241765624999 0.4131 0.671565934375 0.40736 0.6781593406249999 0.40164 0.6906318687499999 0.39971999999999996 0.6965384609374999 0.39780000000000004 0.7024450546875001 0.39828 0.7109890109375 0.40115999999999996 0.7149175828125001 0.4131 0.7168956046875
0 0.44766000000000006 0.7161263734375 0.46064 0.7190934062500001 0.47256 0.7146153843749999 0.48285999999999996 0.6967857140625 0.48718000000000006 0.6863461531249999 0.48124 0.6729670328124999 0.4742 0.661071428125 0.46714 0.6580769234375 0.46390000000000003 0.6580769234375 0.45144 0.6781868125 0.44656 0.6878571421874999 0.43898000000000004 0.699752746875 0.43628 0.7079395609375 0.43844000000000005 0.71090659375 0.44766000000000006 0.7161263734375
0 0.44116 0.7304395609375 0.45644 0.7298351640625 0.46322 0.7251923078125 0.46154 0.7187637359375 0.43438 0.7088736265625 0.42674 0.717609890625 0.42801999999999996 0.7210989015625 0.44116 0.7304395609375
0 0.4683 0.6558241765624999 0.4963 0.66340659375 0.50648 0.6494230765625 0.5200400000000001 0.6045604390625 0.49332000000000004 0.5975549453125 0.48907999999999996 0.6016483515625 0.46362 0.6494230765625 0.4683 0.6558241765624999
3 0.68892 0.41436813125 0.68928 0.4079670328125 0.68642 0.40499999999999997 0.6839000000000001 0.40403846093749995 0.67818 0.40499999999999997 0.67352 0.41041208749999997 0.67458 0.4168131875 0.6817599999999999 0.422225275 0.68426 0.42076923125 0.68678 0.418791209375 0.68892 0.41436813125
3 0.69438 0.7251648359375 0.69036 0.722390109375 0.68554 0.7190934062500001 0.6819200000000001 0.7246153843750001 0.6799000000000001 0.7312362640625001 0.68394 0.74063186875 0.6927800000000001 0.7395329671875001 0.6968 0.7340109890625001 0.696 0.7279120875 0.69438 0.7251648359375
3 0.66654 0.425934065625 0.66498 0.43409340625 0.6681 0.43881868125 0.68404 0.44140109843750003 0.6853 0.43494505468750005 0.68374 0.4267857140625 0.68404 0.4225 0.68092 0.4225 0.67436 0.4164835171875 0.67122 0.4147802203125 0.66998 0.4151923078125 0.6681 0.42164835156249997 0.66654 0.425934065625
3 0.6761999999999999 0.40008241718750004 0.66498 0.4332142859375 0.6683399999999999 0.44013736249999996 0.68516 0.43629120937500004 0.70984 0.4324450546875 0.71826 0.4301373625 0.72612 0.4100824171875 0.7351 0.3823626375 0.7351 0.3738736265625 0.71658 0.3754120875 0.6834800000000001 0.3746428578125 0.67732 0.3885164828125 0.6711400000000001 0.40162087968750004 0.6761999999999999 0.40008241718750004
3 0.66554 0.78423076875 0.67884 0.776703296875 0.7007399999999999 0.78423076875 0.725 0.711153846875 0.66788 0.70576923125 0.6491 0.7519780218750001 0.6389199999999999 0.7853021984375 0.66554 0.78423076875
0 0.728 0.43681318750000003 0.734 0.4450549453125 0.758 0.4450549453125 0.766 0.43406593437499996 0.782 0.43131868124999995 0.786 0.4258241765625 0.79 0.3956043953125 0.784 0.384615384375 0.778 0.384615384375 0.77 0.36813186875000004 0.746 0.36813186875000004 0.74 0.3763736265625 0.736 0.390109890625 0.724 0.40109890156250005 0.724 0.4203296703125 0.728 0.43681318750000003