2 0.9439968656250001 0.384453125 0.9600156734375 0.393171875 0.96183385625 0.392078125 0.9753134796875 0.383 0.9851410656249999 0.379375 0.9902351093749999 0.375375 0.9971473359375 0.37103125000000003 0.996786834375 0.34815625 0.9920532921874999 0.348515625 0.9702037625000001 0.34996875 0.9592946703124999 0.35759375000000004 0.957460815625 0.363046875 0.952366771875 0.363765625 0.94181818125 0.36848437500000003 0.9316144203125001 0.372484375 0.9327115984375001 0.37828125 0.9363479625 0.38228125 0.9439968656250001 0.384453125
2 0.26105015625 0.6270156250000001 0.27144200625 0.62021875 0.276974921875 0.61503125 0.2665673984375 0.60240625 0.2457836984375 0.58296875 0.24318181874999997 0.5839375 0.22824451406250001 0.5981875 0.2266144203125 0.59884375 0.25163009375 0.628625 0.26105015625 0.6270156250000001
2 0.473213165625 0.78990625 0.4663322890625 0.780984375 0.44567398125 0.8022500000000001 0.4470532921875 0.8146093750000001 0.47802507812500006 0.8276562500000001 0.4835423203125 0.82146875 0.47666144218750006 0.7892187500000001 0.473213165625 0.78990625
2 0.3486363640625 0.9407343750000001 0.316880878125 0.931703125 0.31007837031249996 0.946390625 0.32935736718749997 0.976921875 0.3407053296875 0.9938750000000001 0.3554545453125 0.97465625 0.3486363640625 0.9407343750000001
2 0.23365203750000002 0.7075781250000001 0.235626959375 0.71790625 0.243040753125 0.7287343749999999 0.24896551718749999 0.72184375 0.257351096875 0.7159375 0.2598119125 0.71790625 0.268699059375 0.713484375 0.2667241375 0.71003125 0.23316614375000003 0.6898593749999999 0.23365203750000002 0.7075781250000001
2 0.9111285265625 0.8151406250000001 0.911489028125 0.8123125 0.9121943578125 0.8108906250000001 0.9157366765624999 0.8101875 0.9157366765624999 0.807703125 0.9128996859375 0.799921875 0.9065203765625001 0.8002812499999999 0.9029623828125001 0.8020468749999999 0.906159875 0.8059375 0.9018965515625 0.808765625 0.8962225703125 0.81125 0.8940909093749999 0.813375 0.8933855796874999 0.81796875 0.8901880875 0.825390625 0.8870062703125001 0.8268125 0.887351096875 0.829640625 0.8859404390625001 0.838484375 0.89125391875 0.8395468749999999 0.904749215625 0.837078125 0.9111285265625 0.83671875 0.9192946703124999 0.8360156249999999 0.9175235109375001 0.82928125 0.9128996859375 0.8207968749999999 0.9132601875 0.8211562499999999 0.912554859375 0.81796875 0.9111285265625 0.8151406250000001
2 0.28851097187499997 0.6156406249999999 0.284373040625 0.631421875 0.3071003140625 0.63896875 0.3236206890625 0.632796875 0.3284326015625 0.64378125 0.33257053281250004 0.6444687499999999 0.3367084640625 0.632109375 0.28851097187499997 0.6156406249999999
2 0.040893417187499996 0.760515625 0.0478840125 0.750046875 0.0537147328125 0.7465625 0.05780564218749999 0.741921875 0.052554859375 0.737265625 0.06479623749999999 0.71634375 0.06771159843749999 0.7105312500000001 0.061300940625 0.70646875 0.047304075 0.708203125 0.038557993750000005 0.7285468749999999 0.042648903125 0.72971875 0.037978056249999996 0.747140625 0.040893417187499996 0.760515625
2 0.8641379312499999 0.668203125 0.8525078374999999 0.675734375 0.8501724140625001 0.6937031250000001 0.8641379312499999 0.691390625 0.895532915625 0.658921875 0.893213165625 0.634578125 0.8664576796875 0.635734375 0.8426175546874999 0.660078125 0.8431974921875 0.671671875 0.8594827593750001 0.6635625 0.8641379312499999 0.668203125
2 0.845438871875 0.773359375 0.83951410625 0.803859375 0.8301253921875 0.797953125 0.8306269593750001 0.81125 0.8345768031249999 0.81665625 0.8400000000000001 0.8146875 0.8429623828125001 0.827484375 0.8518495296875 0.829453125 0.8582601875 0.831421875 0.8641849531249999 0.8309374999999999 0.8706112859375 0.827984375 0.868134796875 0.8205937499999999 0.8577742953125 0.819125 0.8523354234375 0.813703125 0.848887146875 0.803375 0.8592476484375 0.78959375 0.8612225703125 0.787625 0.8622100312500001 0.78959375 0.8617241375000001 0.7945156250000001 0.8686363640625 0.796484375 0.8720846390625001 0.803859375 0.8755485890625 0.7945156250000001 0.868134796875 0.77778125 0.8518495296875 0.772375 0.845438871875 0.773359375
2 0.8707366765625 0.242828125 0.8891222578125 0.25671875 0.8884796234375001 0.263671875 0.894184953125 0.28135937499999997 0.9214263328125 0.28325 0.9106583078125 0.261140625 0.8878526640625 0.22767187500000002 0.8707366765625 0.242828125
2 0.93539185 0.329546875 0.9463322890624999 0.32034375000000004 0.9552194359374999 0.3115 0.9548746078124999 0.30842187499999996 0.950423196875 0.3033125 0.9415517234375 0.3033125 0.9330094046875 0.3033125 0.9237774296874999 0.3046875 0.9203605015624999 0.309453125 0.92241379375 0.31829687500000003 0.93539185 0.329546875
2 0.99258620625 0.280484375 0.9946394984375001 0.269234375 0.992931034375 0.256984375 0.97960815 0.258 0.966959246875 0.260046875 0.9628683390624999 0.264125 0.9659404390624999 0.28115625 0.9690125390625 0.291375 0.9799529781249999 0.29103124999999996 0.99258620625 0.280484375
2 0.44827586249999996 0.7296875 0.44827586249999996 0.703125 0.445141065625 0.7 0.456242953125 0.5704174906249999 0.496041234375 0.4003767296875 0.5022513546875 0.403721590625 0.5015673984375 0.43125 0.5062695921875 0.4359375 0.51567398125 0.4359375 0.520376175 0.4296875 0.5235109718750001 0.40625 0.5133228843750001 0.40234375 0.5235109718750001 0.384375 0.518808778125 0.378125 0.523390403125 0.3765625 0.5846394984375001 0.378125 0.5846394984375001 0.3875 0.5893416921875 0.3921875 0.5987460812500001 0.3921875 0.626959246875 0.4171875 0.622257053125 0.421875 0.622257053125 0.43125 0.626959246875 0.4359375 0.6316614421875 0.4359375 0.633228840625 0.44375 0.642633228125 0.453125 0.6551724140624999 0.453125 0.6614420062499999 0.4421875 0.6614420062499999 0.428125 0.831307 0.401080421875 0.8784996218750001 0.7286099140625 0.873040753125 0.7375 0.873040753125 0.7484375 0.87460815 0.7546875 0.8793103453125 0.759375 0.87460815 0.7984375 0.8714733546875 0.803125 0.8714733546875 0.8109375 0.8761755484375 0.815625 0.893416928125 0.81875 0.8949843265625 0.8125 0.8996865203125 0.8109375 0.9012539187499999 0.80625 0.8965517234375 0.8 0.8840125390625 0.796875 0.8844043890625001 0.7875 0.8887147328125 0.78046875 0.8847962375 0.778125 0.8853096953125 0.7751616375 0.8894984328125 0.772265625 0.8851880875000001 0.76875 0.8855799375 0.759375 0.8887147328125 0.759375 0.893416928125 0.753125 0.8918495296875 0.74765625 0.8949843265625 0.7484375 0.8965517234375 0.74375 0.9608150468750001 0.75625 0.9608150468750001 0.765625 0.9655172406249999 0.7703125 0.979623825 0.76875 0.98432601875 0.7640625 0.9905956109374999 0.75 0.9905956109374999 0.734375 0.9858934171874999 0.728125 0.976489028125 0.728125 0.971786834375 0.7328125 0.9040017015625 0.4978009265625 0.8968367046875001 0.4946022734375 0.9018150859375 0.4902199078125 0.8970029453125001 0.4867660984375 0.8996284687499999 0.4826388890625 0.8971691828124999 0.478929925 0.8973354234375 0.47109375 0.895255234375 0.46747685156249996 0.8975016625000001 0.463257575 0.8930686171875 0.45989583281249996 0.8976679015625001 0.4554214015625 0.8908820000000001 0.45231481406249996 0.8886953828124999 0.44473379687500003 0.8978341406249999 0.4475852265625 0.9023225984375 0.2360085234375 0.9106583078125 0.228125 0.9247648906249999 0.2390625 0.9388714734375 0.2390625 0.9451410656249999 0.2296875 0.9451410656249999 0.2125 0.9373040749999999 0.2 0.9075235109375 0.1984375 0.9028213171875 0.203125 0.8369905953125001 0.176171875 0.8369905953125001 0.1734375 0.8432601875 0.16875 0.8479623828125 0.16875 0.8526645765625 0.1625 0.8652037625 0.1625 0.86990595625 0.1671875 0.8855799375 0.1671875 0.8918495296875 0.1578125 0.9012539187499999 0.1578125 0.9043887140625 0.1546875 0.9059561125 0.1453125 0.9012539187499999 0.1390625 0.8432601875 0.1375 0.83855799375 0.1421875 0.819749215625 0.1421875 0.815047021875 0.1359375 0.8213166140625001 0.13125 0.8228840125 0.121875 0.81818181875 0.115625 0.8056426328124999 0.115625 0.8025078375 0.11875 0.794670846875 0.11875 0.7899686515625 0.1234375 0.7863636359374999 0.12062500000000001 0.76144200625 0.12625 0.7570532921875001 0.13125 0.753134796875 0.128125 0.7492163015625 0.13125 0.7448275859375 0.13 0.7365203765625 0.13187500000000002 0.731974921875 0.1375 0.7282131656249999 0.13374999999999998 0.721786834375 0.1375 0.71990595625 0.135625 0.7115987453125 0.1375 0.7093111921874999 0.145059121875 0.705329153125 0.14375 0.7070236375000001 0.15261824375 0.705329153125 0.153125 0.704736084375 0.160177365625 0.6292468015625 0.409628378125 0.622257053125 0.410546875 0.6081504703125 0.390625 0.6034482765625 0.3859375 0.6034482765625 0.378125 0.5987460812500001 0.37734375 0.6034482765625 0.3703125 0.5987460812500001 0.3640625 0.5940438875 0.370703125 0.5893416921875 0.3640625 0.5846394984375001 0.36875 0.5815176546874999 0.364553203125 0.5189253609375 0.36847882187500003 0.5231492656250001 0.3609375 0.5219435734375 0.2828125 0.534482759375 0.265625 0.534482759375 0.240625 0.5297805640625 0.234375 0.5235109718750001 0.23125 0.5141065828125 0.23125 0.5094043890625 0.2359375 0.507836990625 0.2421875 0.5066970640624999 0.27400568125 0.5094043890625 0.2796875 0.5064120828124999 0.28196022656249997 0.50356226875 0.36150568125000004 0.425489734375 0.7018126234375 0.4310344828125 0.7046875 0.42368072031250004 0.7095417484375 0.42187170781249994 0.717270875 0.4278996859375 0.71875 0.4200626953125 0.725 0.4184952984375 0.740625 0.42319749218749997 0.7453125 0.43260188125 0.7453125 0.44827586249999996 0.7296875