1 0.382435596875 0.210890625 0.3787587828125 0.210890625 0.36871194375 0.21576562500000002 0.36824355937500003 0.22340624999999997 0.36824355937500003 0.2270625 0.36824355937500003 0.22949999999999998 0.3732786890625 0.22859375 0.37648711874999996 0.229203125 0.3787587828125 0.2270625 0.38105386406249997 0.22523437500000001 0.3815222484375 0.22523437500000001 0.38608899375 0.221875 0.38379391093750004 0.22340624999999997 0.3888290390625 0.21637499999999998 0.3902107734375 0.212109375 0.3902107734375 0.20965625000000002 0.382435596875 0.210890625
1 0.5213348953125 0.257515625 0.5210538640625 0.2614375 0.52159250625 0.2664375 0.5232084312499999 0.271796875 0.5242622953125 0.274296875 0.5274941453124999 0.273578125 0.52936768125 0.271625 0.52936768125 0.266265625 0.52936768125 0.254125 0.5274941453124999 0.253578125 0.522388759375 0.25465625 0.5213348953125 0.257515625
1 0.3570726 0.270546875 0.3485948484375 0.283734375 0.362716628125 0.29295312500000004 0.3894145203125 0.300484375 0.40824355937499995 0.2904375 0.408852459375 0.281015625 0.4013348953125 0.2730625 0.4007025765625 0.26321875 0.3941217796875 0.2569375 0.384683840625 0.2569375 0.3671194375 0.257359375 0.3551990625 0.258609375 0.3526932078125 0.260078125 0.3570726 0.270546875
1 0.2492974234375 0.28893749999999996 0.254543325 0.296234375 0.2567213109375 0.304125 0.28037470781249996 0.298578125 0.2921779859375 0.298578125 0.2921779859375 0.287484375 0.28868852500000003 0.274328125 0.2873770484375 0.26353125 0.2834426234375 0.2594375 0.27117096093750004 0.255640625 0.2540983609375 0.2568125 0.24491803281250002 0.26003125 0.24098360625 0.269078125 0.2436065578125 0.27959375 0.2492974234375 0.28893749999999996
1 0.5286651046874999 0.23543750000000002 0.5240749421875 0.22548437500000001 0.5183372359375 0.22548437500000001 0.5183372359375 0.23926562499999998 0.5229274 0.246140625 0.5263700234375001 0.242328125 0.5286651046874999 0.23543750000000002
1 0.49402810312499995 0.2613125 0.49868852500000005 0.2613125 0.504004684375 0.26042187499999997 0.5080093671875 0.2573125 0.5113348953125 0.254203125 0.5119906328125 0.25065624999999997 0.5113348953125 0.246671875 0.5113348953125 0.242671875 0.5113348953125 0.238234375 0.5080093671875 0.236015625 0.5026697890625 0.23557812500000003 0.49868852500000005 0.23734375000000002 0.4920374703125 0.24089062499999997 0.4926932078125 0.25509375 0.4926932078125 0.26042187499999997 0.49402810312499995 0.2613125
1 0.5164637 0.209171875 0.5128805625 0.214359375 0.512131146875 0.216640625 0.5110772828125 0.2214375 0.5109367687499999 0.226828125 0.512131146875 0.23071875 0.5136065578125 0.231203125 0.5174941453125 0.230515625 0.5192974234375 0.228125 0.5203512875 0.224421875 0.5213817328125 0.21764062499999998 0.5200468390624999 0.21215625 0.5197423890625 0.21015625 0.5164637 0.209171875
3 0.8308430906250001 0.294734375 0.8396721312500001 0.2885625 0.8475878218749999 0.28532812500000004 0.8449414515625 0.2765 0.841428571875 0.268265625 0.8418735359375 0.26179687500000004 0.8308430906250001 0.2615 0.82159250625 0.2644375 0.817611240625 0.268859375 0.8211475406250001 0.273859375 0.811007025 0.2835625 0.7960187359375 0.289734375 0.7955737703125 0.295328125 0.792060890625 0.3015 0.7929274000000001 0.30679687499999997 0.7960187359375 0.310921875 0.8057142859375 0.310921875 0.8154098359375 0.30796875 0.8255503515625 0.305921875 0.8370257609375 0.30003125 0.8308430906250001 0.294734375
3 0.9157142859375 0.47865624999999995 0.9000702578125 0.477953125 0.885456675 0.479 0.872412178125 0.48596874999999995 0.8645901640625 0.49362500000000004 0.8656206093750001 0.504765625 0.87709601875 0.5152187500000001 0.8953629984375 0.518 0.9063231843749999 0.518 0.9177985953125001 0.5131249999999999 0.930843090625 0.502671875 0.9334660421875001 0.49396874999999996 0.9287587828125 0.485609375 0.9157142859375 0.47865624999999995
3 0.7360421546875 0.29315625 0.7503512875 0.29315625 0.756955503125 0.243953125 0.759156909375 0.24542187499999998 0.7602576109375 0.29315625 0.7635597187500001 0.292421875 0.7657611234374999 0.277734375 0.7668384078125 0.26818749999999997 0.774543325 0.27332812500000003 0.775644028125 0.2799375 0.7800468390625 0.27846875 0.795456675 0.280671875 0.8141686187499999 0.279203125 0.8152693203125001 0.26818749999999997 0.8328805625 0.26084375 0.8405854796875 0.252765625 0.8405854796875 0.2446875 0.8196721312499999 0.23440625 0.8097658078125001 0.238078125 0.7855503515625 0.236609375 0.762459015625 0.23146874999999997 0.7415456671875 0.236609375 0.71512880625 0.243953125 0.7129274 0.258640625 0.69421545625 0.26525 0.695316159375 0.276265625 0.6799063234375 0.282140625 0.6677985953125 0.288015625 0.6644964875 0.295359375 0.6655971890625 0.310046875 0.652388759375 0.310046875 0.652388759375 0.315921875 0.66229508125 0.324 0.6722014046875 0.324734375 0.67770491875 0.33353125 0.6865105390624999 0.33646875 0.6964168625 0.33353125 0.6964168625 0.329140625 0.695316159375 0.32253125 0.706323184375 0.305640625 0.7129274 0.30196875 0.725035128125 0.293890625 0.7360421546875 0.29315625
1 0.364379390625 0.24704687500000003 0.364379390625 0.250390625 0.366299765625 0.25553125 0.3678454328125 0.25656249999999997 0.375948478125 0.257078125 0.3836533953125 0.25579687500000003 0.38674473125 0.253484375 0.3905854796875 0.24962499999999999 0.392131146875 0.24009375 0.387892271875 0.2388125 0.375948478125 0.23753125000000003 0.3728571421875 0.24139062500000003 0.3678454328125 0.24343750000000003 0.364379390625 0.24704687500000003
1 0.373676815625 0.2385 0.3858079625 0.24146874999999998 0.3910772828125 0.24742187499999999 0.3959250578125 0.24903124999999998 0.41332552656250005 0.24984375 0.4218266984375 0.244171875 0.42142857187500005 0.2325625 0.41374707187500004 0.221484375 0.40725995312499996 0.22176562500000002 0.40241217812499996 0.22284375 0.3987587828125 0.2225625 0.3910772828125 0.22040625 0.38217798593749996 0.225 0.3756908671875 0.234453125 0.373676815625 0.2385
1 0.4573536296875 0.30679687499999997 0.45290398125 0.30159375 0.448992975 0.29862500000000003 0.4423185015625 0.2984375 0.4328571421875 0.2984375 0.42840749375 0.29695312500000004 0.42255269375 0.29565625 0.41810304374999996 0.29546875 0.4105854796875 0.29676562500000003 0.40529274062500004 0.2991875 0.4027868859375 0.305875 0.4027868859375 0.30846874999999996 0.4186651046875 0.30846874999999996 0.4259016390625 0.311078125 0.43674473125 0.3179375 0.44482435625 0.320359375 0.45290398125 0.32165625000000003 0.4592974234375 0.324265625 0.4629274 0.3248125 0.46459016406250003 0.3186875 0.461803278125 0.314234375 0.4573536296875 0.30679687499999997
3 0.7326932078125 0.46237500000000004 0.7191334890625 0.46237500000000004 0.710843090625 0.45734375 0.6912412171875 0.45181250000000006 0.6852224828125 0.45684375 0.6784309140625 0.46840624999999997 0.6799531609375 0.47896875000000005 0.6814519906250001 0.48801562499999995 0.6852224828125 0.498078125 0.6867213109375 0.518703125 0.688992975 0.5277499999999999 0.692763465625 0.531765625 0.6987822015625 0.5277499999999999 0.706323184375 0.515171875 0.7093442624999999 0.508640625 0.72063231875 0.510140625 0.73194379375 0.513171875 0.739484778125 0.5166875 0.755316159375 0.5171875 0.7681264640625 0.5171875 0.79224824375 0.5116562499999999 0.79676815 0.508640625 0.8020374703125001 0.49456249999999996 0.8058079625 0.48801562499999995 0.8088290390624999 0.47645312500000003 0.8088290390624999 0.46690624999999997 0.79901639375 0.46287500000000004 0.773395784375 0.460375 0.759836065625 0.460375 0.7530444968750001 0.460375 0.7326932078125 0.46237500000000004
3 0.8885714281249999 0.262875 0.9005854796874999 0.251765625 0.9005854796874999 0.23753125000000003 0.8872365343749999 0.23396875 0.8652459015625 0.23307812499999997 0.8445667453124999 0.2361875 0.8432318499999999 0.2401875 0.8399063234374999 0.24685937500000002 0.8425761125 0.25798437500000004 0.8612412171875 0.263765625 0.8725761125 0.269109375 0.8885714281249999 0.262875
1 0.4134426234375 0.26560937500000004 0.41124121718750006 0.270703125 0.4054332546875 0.27749999999999997 0.410515221875 0.282359375 0.41634660468750007 0.277984375 0.41852459062499997 0.28381249999999997 0.411615925 0.28890625000000003 0.411615925 0.2961875 0.42180327812499996 0.29425 0.424707259375 0.289625 0.432716628125 0.29109375000000004 0.4410772828125 0.292296875 0.44871194374999995 0.2918125 0.4410772828125 0.287203125 0.4396252921875 0.268515625 0.447611240625 0.26415625 0.4410772828125 0.26075 0.4294379390625 0.26075 0.42580796249999997 0.2631875 0.42142857187500005 0.262453125 0.4134426234375 0.26560937500000004
1 0.4597423890625 0.25410937499999997 0.4609133484375 0.24474999999999997 0.45810304375 0.2424375 0.4442388765625 0.24143750000000003 0.4369789234375 0.241984375 0.4307025765625 0.245515625 0.4311943796875 0.25234375 0.4399531609375 0.252453125 0.4453864171875 0.25398437500000004 0.4597423890625 0.25410937499999997
1 0.52674473125 0.218609375 0.527775175 0.22203124999999999 0.529812646875 0.22409374999999998 0.5329039812499999 0.22271875 0.5329039812499999 0.209 0.5288056203125 0.20625 0.5257142859374999 0.211046875 0.5257142859374999 0.214484375 0.52674473125 0.218609375
1 0.3302107734375 0.3140625 0.3629976578125 0.3140625 0.3793911 0.3078125 0.3864168625 0.3078125 0.391100703125 0.3109375 0.405152225 0.3109375 0.40281030468749995 0.30625 0.41504033281249997 0.30555555624999997 0.4644808734375 0.2786458328125 0.46370023437499996 0.2703125 0.4707259953125 0.2703125 0.474368984375 0.2732638890625 0.47540983593749997 0.2671875 0.4800936765625 0.2671875 0.4894613578125 0.275 0.52224824375 0.2734375 0.5292740046875 0.278125 0.5433255265625 0.278125 0.5526932078125 0.265625 0.5503512875000001 0.2515625 0.5597189703125001 0.2359375 0.5597189703125001 0.2234375 0.5480093671875 0.2046875 0.536299765625 0.196875 0.517564403125 0.190625 0.5011709609375 0.190625 0.4941451984375 0.1875 0.4168618265625 0.1890625 0.3981264640625 0.1953125 0.3793911 0.209375 0.3887587828125 0.2109375 0.3887587828125 0.221875 0.3793911 0.2265625 0.3793911 0.2296875 0.374707259375 0.2296875 0.3770491796875 0.2328125 0.3723653390625 0.2390625 0.3629976578125 0.2359375 0.3302107734375 0.2359375 0.31850117031249997 0.2390625 0.30210772812500003 0.2484375 0.292740046875 0.2484375 0.28571428593750003 0.253125 0.292740046875 0.29375 0.31147540937499996 0.3078125 0.3302107734375 0.3140625