3 0.6442 0.7216720249999999 0.64888 0.7205466234375 0.65168 0.7126366562500001 0.6514599999999999 0.7066237937500001 0.65052 0.6979421218749999 0.6453599999999999 0.6900321546875 0.6388 0.6900321546875 0.6331800000000001 0.69495176875 0.62944 0.7043408359375001 0.62896 0.7130225078125 0.63084 0.720160771875 0.63436 0.720160771875 0.63834 0.7205466234375 0.6442 0.7216720249999999
3 0.86004 0.6486173640625 0.86154 0.6462057875 0.8606400000000001 0.6374919609374999 0.85944 0.63073955 0.8567199999999999 0.624469453125 0.85462 0.622990353125 0.8471 0.622990353125 0.8432000000000001 0.6263987140625 0.8396000000000001 0.6384565921875 0.8398999999999999 0.6462057875 0.8468 0.65199356875 0.84952 0.6510289390625 0.85612 0.6510289390625 0.86004 0.6486173640625
1 0.09504 0.988778134375 0.23481999999999997 0.9865273312499999 0.23622 0.9730225078125001 0.22784 0.9303215437500001 0.20407999999999998 0.8943729906250001 0.17751999999999998 0.9258520906250001 0.07548 0.9505466234375 0.06570000000000001 0.9707717046875001 0.07688 0.9865273312499999 0.09504 0.988778134375
1 0.27196 0.98643086875 0.30124 0.975209003125 0.30124 0.9281350484375 0.27334 0.8900321546875001 0.25382 0.8698392281249999 0.26080000000000003 0.9101929265625 0.23988 0.948327975 0.23847999999999997 0.9640192921875 0.24964 0.98643086875 0.27196 0.98643086875
1 0.11939999999999999 0.874630225 0.10576 0.8642443734375 0.10288 0.8457556265624999 0.1115 0.8399678453125 0.12444 0.8330546625 0.12516 0.8215112546875 0.12372000000000001 0.8007073953124999 0.12946 0.7799035375 0.12516 0.7556591640625 0.11077999999999999 0.7614147906250001 0.11294 0.8064630218750001 0.09856000000000001 0.8272668812499999 0.07846 0.835369775 0.08348 0.8850160765625 0.09928000000000001 0.8861736328125 0.11939999999999999 0.874630225
1 0.17992 0.82569131875 0.15546 0.8182636656250001 0.13033999999999998 0.8193247593749999 0.1105 0.833151125 0.10522000000000001 0.8586495171875 0.1244 0.8767202578125 0.14754 0.8799035375 0.16736 0.8586495171875 0.17992 0.82569131875
1 0.1627 0.8667202578125 0.11979999999999999 0.9028938906249999 0.11135999999999999 0.9108038578125001 0.11135999999999999 0.9220900328124999 0.12684 0.9322829578125 0.1627 0.9209646296875 0.19363999999999998 0.9085530546875 0.18732 0.8768810296874999 0.19856000000000001 0.874630225 0.21753999999999998 0.9175884249999999 0.23584 0.8949839234375 0.25272 0.8542765265625001 0.24567999999999998 0.7988745984375 0.23162 0.79662379375 0.21614 0.7660771703125 0.19574 0.741221865625 0.1845 0.753633440625 0.1845 0.7751446953125 0.19012 0.7807717046875 0.18098 0.8203536984375001 0.1627 0.8667202578125
1 0.019 0.7211897109375001 0.01366 0.7297749203125 0 0.7537620578124999 0.00088 0.764051446875 0.044579999999999995 0.7554662375000001 0.05416 0.7554662375000001 0.06695999999999999 0.7726045015625 0.07868 0.75717041875 0.05736 0.7194855312499999 0.04244 0.716045015625 0.019 0.7211897109375001
1 0.09242 0.7985530546875 0.11377999999999999 0.805852090625 0.12412000000000001 0.80273311875 0.13642 0.8089710609375 0.13902 0.8068810296875 0.12996000000000002 0.7912861734375001 0.1306 0.788167203125 0.11054 0.8006430874999999 0.10147999999999999 0.7985530546875 0.11054 0.774630225 0.0989 0.774630225 0.08466 0.7683922828124999 0.06588000000000001 0.777749196875 0.073 0.8152090031249999 0.0853 0.80273311875 0.09242 0.7985530546875
1 0.06568 0.77495176875 0.06634 0.7781350484375 0.08454 0.7682636656249999 0.09903999999999999 0.77495176875 0.11176 0.7756591640625 0.12010000000000001 0.766848875 0.12142 0.7590675234375001 0.11839999999999999 0.7562379421875 0.10940000000000001 0.751318328125 0.09706000000000001 0.7506109328125 0.08016 0.7555627015625 0.06568 0.77495176875
1 0.09364 0.9485208999999999 0.11779999999999999 0.944565915625 0.12925999999999999 0.93337620625 0.11164 0.9254662375 0.11164 0.9090032156250001 0.12886 0.8892604499999999 0.12105999999999999 0.8800321546875001 0.10303999999999999 0.8866237937499999 0.08421999999999999 0.890578778125 0.09364 0.9485208999999999
3 0.6604 0.7259807078125 0.6633 0.7303536984375001 0.6644599999999999 0.730675240625 0.6666000000000001 0.7235048234375 0.67338 0.7129260453125 0.66718 0.713215434375 0.65962 0.7126045015625 0.65168 0.7166559484375 0.65186 0.7269131828125001 0.65226 0.72569131875 0.65536 0.7219292609375 0.6604 0.7259807078125