0 0.41409375 0.587 0.72409375 0.5255263890624999 0.81071875 0.52053819375 0.813578125 0.5230625 0.8071406250000001 0.5440625 0.816796875 0.6485833328124999 0.83290625 0.6600416671875 0.952109375 0.6643333328125001 0.945671875 0.5998958328125 0.931703125 0.5669583328125001 0.911296875 0.5540833328125 0.8887499999999999 0.5569375 0.8737187499999999 0.5698333328125 0.8651249999999999 0.5540833328125 0.857609375 0.5497708328125 0.8500937499999999 0.5182708328125 0.84221875 0.51872430625 0.8420390624999999 0.5132604171875 0.83434375 0.5191777765625 0.833984375 0.50825 0.825390625 0.5104062500000001 0.8264687500000001 0.51963125 0.81859375 0.5200847234375 0.816796875 0.5125625 0.71621875 0.5259798609375 0.37759375 0.5454791671875 0.35731250000000003 0.5530625 0.345375 0.53975 0.33034375 0.5411875 0.31315624999999997 0.5583750000000001 0.290609375 0.5927291671875 0.28926562499999997 0.6145677078125 0.28523437500000004 0.6800833328125 0.40121874999999996 0.684375 0.41303124999999996 0.652875 0.41409375 0.587
2 0.194515625 0.5504374999999999 0.188625 0.5386458328125 0.16209374999999998 0.5425833328125 0.13778125000000002 0.5268541671875 0.13704687499999998 0.5357083328125001 0.14809375 0.5455208328125 0.15546875 0.5553541671875 0.13778125000000002 0.5563333328125 0.133359375 0.5484791671875 0.120828125 0.5553541671875 0.117140625 0.5632083328124999 0.11862500000000001 0.5740208328125 0.133359375 0.5808958328125 0.1355625 0.5976041671875 0.145140625 0.5907291671875 0.14440625 0.5877708328125 0.174625 0.5789375 0.185671875 0.568125 0.190828125 0.5553541671875 0.194515625 0.5504374999999999
2 0.7975625 0.6303958328125 0.79059375 0.6269166671875 0.793203125 0.6199375 0.793640625 0.6158541671875 0.777515625 0.6077291671875 0.73175 0.5780833328125 0.7143125 0.5455416671875 0.702984375 0.5373958328125 0.694265625 0.5414791671875 0.6964375 0.5519375 0.699921875 0.5594791671875 0.7295625 0.5978541671875 0.77490625 0.6309791671875 0.7949531249999999 0.6362083328125 0.7975625 0.6303958328125
2 0.63109375 0.6172083328125 0.6389218750000001 0.6134791671875 0.646203125 0.6060208328125001 0.6517968749999999 0.6022916671874999 0.6579531249999999 0.5970833328125 0.659625 0.5896250000000001 0.659625 0.587375 0.64340625 0.5940833328124999 0.63109375 0.5940833328124999 0.627734375 0.5940833328124999 0.615421875 0.5940833328124999 0.59696875 0.5940833328124999 0.5908125 0.5940833328124999 0.579625 0.5940833328124999 0.5684375 0.5985625 0.559484375 0.6037916671875 0.55725 0.6052708328125 0.55725 0.6127291671874999 0.55725 0.6194583328125 0.5583750000000001 0.6298958328125 0.56340625 0.6313958328125 0.583546875 0.6306458328125 0.6036875 0.6246666671875001 0.623828125 0.6187083328125 0.63109375 0.6172083328125
2 0.733046875 0.6695 0.7559843749999999 0.6784375 0.773328125 0.6799375000000001 0.77053125 0.6709791671875001 0.7638125 0.6620416671875 0.714578125 0.6202708328125001 0.681015625 0.5919166671875 0.672625 0.5963958328125 0.66759375 0.6053333328125 0.664234375 0.6105625 0.660875 0.6187708328125 0.6580781250000001 0.6284583328125 0.66759375 0.6344375 0.68884375 0.6441250000000001 0.733046875 0.6695
2 0.1058125 0.6779583328125 0.13174999999999998 0.6783750000000001 0.1470625 0.6604583328125 0.137375 0.6379583328125 0.1251875 0.6442083328125 0.11862500000000001 0.6504583328125 0.1155 0.658375 0.1058125 0.6779583328125
2 0.250296875 0.5627291671875 0.250515625 0.5585416671875 0.250515625 0.5558541671875 0.250515625 0.5492708328125 0.24514062499999997 0.549875 0.24089062499999997 0.5492708328125 0.23729687500000002 0.5522708328125 0.23484375000000002 0.5543541671875001 0.23349999999999999 0.5615208328125 0.23371875000000003 0.5624166671874999 0.250296875 0.565125 0.250296875 0.5627291671875
2 0.24660937500000002 0.6437083328125001 0.2591875 0.6255625 0.26021875 0.6035833328125 0.257953125 0.6054999999999999 0.258578125 0.6057708328125 0.24846875000000002 0.6236458328125 0.242078125 0.6335416671874999 0.241453125 0.6351875 0.24660937500000002 0.6437083328125001
2 0.09846875000000001 0.6231041671875001 0.09846875000000001 0.6279166671875 0.10246875 0.6322083328125 0.10689062499999999 0.6338125 0.1076875 0.6370208328125 0.118125 0.6338125 0.12173437499999999 0.6247083328125 0.12173437499999999 0.6108125 0.09846875000000001 0.6231041671875001
2 0.023078124999999998 0.6733125 0.01971875 0.6631458328125001 0.015234375 0.6488125 0.01075 0.647625 0.003359375 0.6523958328125 0.00021875000000000003 0.6697291671875 0.0073906250000000005 0.6858541671875 0.023296875 0.6816875 0.023296875 0.6786875 0.023078124999999998 0.6733125
2 0.616296875 0.6635416671875001 0.622359375 0.6622916671875 0.614421875 0.6436041671875 0.60975 0.6361458328125 0.59784375 0.6274166671875 0.5945625 0.6274166671875 0.583125 0.6314583328125 0.5821875000000001 0.6330208328125 0.595265625 0.6492083328125 0.61278125 0.6629166671875 0.6148906249999999 0.6678958328125 0.616296875 0.6635416671875001
2 0.57365625 0.5674791671875 0.57584375 0.5761875 0.5710468750000001 0.5942083328125001 0.588484375 0.5959583328125 0.6338125 0.591875 0.639046875 0.5883958328125 0.639046875 0.5825833328125001 0.6312031250000001 0.5703750000000001 0.6272656249999999 0.5727083328125 0.60984375 0.5767708328125 0.60765625 0.5767708328125 0.5998125 0.5767708328125 0.5976250000000001 0.5744374999999999 0.5980624999999999 0.5668958328125 0.596328125 0.5413125 0.59196875 0.5360833328125 0.5845625 0.5331875 0.579328125 0.53725 0.57234375 0.5430625 0.5645 0.5605 0.5675625 0.5633958328124999 0.571484375 0.5616666671874999 0.57365625 0.5674791671875