1 0.40316666718749994 0.696328125 0.46254166718749995 0.690984375 0.4775833328125 0.676734375 0.3817916671875 0.672578125 0.3722916671875 0.679109375 0.37545833281249996 0.6892031249999999 0.40316666718749994 0.696328125
1 0.4440416671875 0.7269687499999999 0.461375 0.7269687499999999 0.47074999999999995 0.7210156249999999 0.47904166718749996 0.7112812500000001 0.46749999999999997 0.7166875 0.4595625 0.7215625 0.4545208328125 0.724 0.4501875 0.721828125 0.44945833281249997 0.7175 0.45560416718749996 0.71209375 0.4620833328125 0.706953125 0.4649791671875 0.7034374999999999 0.4465833328125 0.7112812500000001 0.44225000000000003 0.712625 0.43214583281249996 0.7134375000000001 0.41627083281250005 0.71371875 0.4050833328125 0.713984375 0.4032708328125 0.7145312500000001 0.4029166671875 0.71696875 0.403625 0.7185937499999999 0.4061666671875 0.7323906250000001 0.4223958328125 0.73103125 0.4270833328125 0.72859375 0.4440416671875 0.7269687499999999
1 0.3103958328125 0.7127656250000001 0.3273541671875 0.7176875 0.3475833328125 0.71975 0.3738333328125 0.71975 0.3820416671875 0.71809375 0.3842291671875 0.715640625 0.3787708328125 0.699234375 0.34922916718749997 0.6980000000000001 0.3109375 0.69840625 0.30383333281249997 0.702109375 0.30383333281249997 0.7107187500000001 0.3103958328125 0.7127656250000001
1 0.3751041671875 0.740953125 0.3720833328125 0.7281093750000001 0.3675416671875 0.72471875 0.3388541671875 0.731140625 0.3197291671875 0.731140625 0.303625 0.7326406249999999 0.2950625 0.7326406249999999 0.2935625 0.7341562500000001 0.2975833328125 0.7383124999999999 0.2991041671875 0.7386874999999999 0.31016666718749997 0.745484375 0.3469166671875 0.746609375 0.3685625 0.745109375 0.3751041671875 0.740953125
1 0.252 0.707453125 0.23118750000000002 0.6970468750000001 0.2126875 0.7152499999999999 0.25547916718749997 0.7282656249999999 0.2728125 0.727390625 0.2705 0.716984375 0.252 0.707453125
1 0.2110833328125 0.7225625 0.1992083328125 0.72434375 0.1920625 0.72703125 0.1855208328125 0.7283593749999999 0.1795833328125 0.7283593749999999 0.17422916718749998 0.7288125 0.1801875 0.7341562500000001 0.1843333328125 0.7359375 0.1926666671875 0.7390625 0.1968125 0.741734375 0.2039583328125 0.741734375 0.2164375 0.741734375 0.22475 0.7421875 0.2354583328125 0.7421875 0.23725000000000002 0.739953125 0.23485416718750002 0.7341562500000001 0.2384375 0.7283593749999999 0.2384375 0.72746875 0.2354583328125 0.725234375 0.22833333281249998 0.722125 0.22654166718750002 0.721234375 0.2206041671875 0.722125 0.2110833328125 0.7225625
1 0.4887708328125 0.673921875 0.5205208328125 0.671578125 0.5192916671875001 0.6678437500000001 0.48566666718749996 0.66690625 0.465125 0.6664375 0.430875 0.6678437500000001 0.4146875 0.6725156250000001 0.4146875 0.673921875 0.47445833281249994 0.67671875 0.4887708328125 0.673921875
1 0.1494166671875 0.72928125 0.1450416671875 0.73275 0.1452916671875 0.7383437500000001 0.1471041671875 0.74665625 0.1573958328125 0.74665625 0.17335416718750002 0.74684375 0.1689791671875 0.73390625 0.1661458328125 0.72928125 0.1571458328125 0.7283125 0.1494166671875 0.72928125
1 0.4412708328125 0.658859375 0.44387499999999996 0.652046875 0.4386666671875 0.64815625 0.4295833328125 0.64815625 0.4205 0.65009375 0.40881249999999997 0.658859375 0.3932291671875 0.671515625 0.4023125 0.67346875 0.41270833281249997 0.67346875 0.4295833328125 0.6695781249999999 0.4412708328125 0.658859375
1 0.4062708328125 0.73259375 0.40795833281249994 0.7193906250000001 0.39377083281249997 0.710453125 0.3886666671875 0.70534375 0.3752916671875 0.6976875 0.3724583328125 0.69853125 0.36735416718749997 0.694703125 0.35996875 0.698109375 0.3565625 0.6921406250000001 0.34975 0.69384375 0.3474791671875 0.6976875 0.3761875 0.7147187500000001 0.396625 0.73515625 0.4062708328125 0.73259375
1 0.4146875 0.748765625 0.4099375 0.752328125 0.39979166718750003 0.754703125 0.396625 0.75946875 0.393125 0.7635 0.4010625 0.765890625 0.414375 0.762078125 0.42325 0.75565625 0.4251666671875 0.746625 0.42325 0.7325781250000001 0.40549999999999997 0.73353125 0.40041666718749996 0.7354375 0.4127916671875 0.74471875 0.4146875 0.748765625
3 0.26106250000000003 0.80665625 0.2775625 0.788109375 0.27549999999999997 0.76646875 0.259 0.761828125 0.2281041671875 0.7695624999999999 0.2239791671875 0.7942812499999999 0.2239791671875 0.805109375 0.23220833281250003 0.8112812500000001 0.2404583328125 0.8112812500000001 0.26106250000000003 0.80665625
3 0.2991041671875 0.39971875 0.28791666718750003 0.39714062499999997 0.2724166671875 0.392625 0.2646666671875 0.39456250000000004 0.2629583328125 0.40359375000000003 0.2663958328125 0.41004687500000003 0.2775833328125 0.4165 0.289625 0.411984375 0.2991041671875 0.408109375 0.2991041671875 0.39971875
1 0.2780833328125 0.742984375 0.2679791671875 0.734140625 0.2536666671875 0.727828125 0.2359791671875 0.730359375 0.2342916671875 0.734140625 0.2393541671875 0.744890625 0.2401875 0.744890625 0.25956250000000003 0.744890625 0.2780833328125 0.742984375
3 0.3642291671875 0.772109375 0.3617916671875 0.756875 0.3552916671875 0.75078125 0.34391666718749997 0.755046875 0.3163125 0.7562656249999999 0.297625 0.7477343750000001 0.2919375 0.7422500000000001 0.2310208328125 0.751390625 0.2310208328125 0.76053125 0.20910416718749997 0.7654062500000001 0.21316666718750002 0.7715 0.2058541671875 0.7690625 0.1985416671875 0.76296875 0.1798541671875 0.77028125 0.15225 0.7623593750000001 0.149 0.773921875 0.14575 0.778796875 0.137625 0.777578125 0.12625 0.7733125000000001 0.1197708328125 0.77940625 0.1148958328125 0.783671875 0.140875 0.79403125 0.38533333281250004 0.79159375 0.3756041671875 0.780625 0.3642291671875 0.772109375
3 0.5332083328125 0.8425312500000001 0.5305 0.829953125 0.4921458328125 0.82971875 0.48975 0.832640625 0.48975 0.8425312500000001 0.5332083328125 0.8425312500000001
3 0.6259375 0.8354531250000001 0.615 0.8302343750000001 0.5821666671875 0.827984375 0.56825 0.83246875 0.5612916671875 0.8429062500000001 0.5642708328125 0.84215625 0.6239375 0.8429062500000001 0.6259375 0.8354531250000001
1 0.3829166671875 0.7015156250000001 0.385 0.7015156250000001 0.39579166718750003 0.712109375 0.4032708328125 0.7145937499999999 0.4319166671875 0.71396875 0.4651458328125 0.70525 0.4659583328125 0.700578125 0.4381458328125 0.710859375 0.43606249999999996 0.710859375 0.4331666671875 0.708984375 0.4447916671875 0.69809375 0.4618125 0.691859375 0.4535 0.692171875 0.4194583328125 0.6952812500000001 0.40408333281250003 0.69590625 0.3887291671875 0.6931093749999999 0.38 0.692796875 0.3750208328125 0.689375 0.37293750000000003 0.6896718749999999 0.37254166718750004 0.690296875 0.3737708328125 0.69684375 0.38 0.703078125 0.3829166671875 0.7015156250000001
1 0.21875 0.71875 0.24375 0.728125 0.2479166671875 0.728125 0.2479166671875 0.7213541671875 0.25833333281250004 0.7192708328124999 0.2625 0.7140625 0.26875 0.7171875 0.27291666718749996 0.711875 0.275 0.7140625 0.2854166671875 0.715625 0.29375 0.7184375000000001 0.3083333328125 0.7328125 0.3083333328125 0.7296875 0.3145833328125 0.725 0.3201388890625 0.7322916671875 0.34375 0.73125 0.3645833328125 0.7265625 0.3625 0.7203125 0.3375 0.71875 0.3260416671875 0.721875 0.30416666718749996 0.72171875 0.2916666671875 0.7140625 0.2979166671875 0.7078125 0.2979166671875 0.7015625 0.2916666671875 0.6953125 0.2604166671875 0.6953125 0.2479166671875 0.690625 0.23541666718749998 0.6911458328125 0.23125 0.69875 0.2208333328125 0.6954687500000001 0.22291666718749997 0.6916666671875 0.2104166671875 0.6921875 0.20416666718749998 0.696875 0.20416666718749998 0.70625 0.20833333281250002 0.7109375 0.21875 0.71875