0 0.12362500000000001 0.5825416671875 0.1329375 0.5918541671875001 0.14340625 0.5934166671875001 0.1550625 0.5934166671875001 0.164375 0.58875 0.171359375 0.5825416671875 0.176015625 0.5747916671875 0.1736875 0.5499583328125001 0.160875 0.532875 0.148078125 0.5251041671875 0.13409374999999998 0.5266666671875 0.12478125 0.5359791671874999 0.11896875 0.5546041671874999 0.117796875 0.5577083328125 0.117796875 0.5747916671875 0.12362500000000001 0.5825416671875
0 0.09812499999999999 0.5735833328125 0.10718749999999999 0.5745 0.11834375 0.5745 0.11764062500000001 0.5582499999999999 0.121125 0.5470833328125 0.13018749999999998 0.5312916671875 0.135421875 0.5266458328125 0.129140625 0.5159583328124999 0.12078124999999999 0.5117708328125 0.1120625 0.5108333328125 0.095328125 0.5150208328125 0.089765625 0.5229166671875001 0.089765625 0.5224583328125 0.083828125 0.5359375 0.083484375 0.5456875 0.086265625 0.556375 0.09812499999999999 0.5735833328125
3 0.5607031250000001 0.5134375 0.59346875 0.5253541671875 0.6077656250000001 0.5229791671874999 0.620265625 0.516625 0.629203125 0.4999375 0.6345625 0.4800833328125 0.6345625 0.4689583328125 0.6345625 0.4514791671875 0.631 0.43481249999999994 0.62265625 0.4141666671875 0.6119375 0.4038333328125 0.599421875 0.3974791671875 0.5833437499999999 0.3990625 0.569640625 0.4086041671875 0.540453125 0.43958333281249995 0.53925 0.4570416671875 0.539859375 0.47531249999999997 0.543421875 0.4888125 0.5607031250000001 0.5134375
3 0.633484375 0.43324999999999997 0.63553125 0.46604166718749995 0.636765625 0.46604166718749995 0.6486562499999999 0.46604166718749995 0.658890625 0.46604166718749995 0.65725 0.461125 0.65396875 0.45237499999999997 0.6527499999999999 0.4403541671875 0.6527499999999999 0.4266875 0.658484375 0.4168541671875 0.669546875 0.4103125 0.665453125 0.40045833281250004 0.662578125 0.390625 0.659296875 0.3807916671875 0.64209375 0.3736875 0.62775 0.3720625 0.6134062499999999 0.37752083281250004 0.60684375 0.3878958328125 0.599875 0.39718749999999997 0.618328125 0.40374999999999994 0.62775 0.4206875 0.633484375 0.43324999999999997
3 0.698234375 0.2497083328125 0.683796875 0.2567083328125 0.67853125 0.26897916718750003 0.675328125 0.2912916671875 0.68071875 0.3191875 0.692203125 0.3308958328125 0.700296875 0.3335833328125 0.713125 0.32458333281249996 0.7239375 0.3101875 0.7153125 0.20418750000000002 0.704796875 0.22693750000000001 0.698234375 0.2497083328125
3 0.685984375 0.467375 0.67728125 0.47768750000000004 0.685984375 0.5041458328124999 0.69034375 0.5060833328125 0.702921875 0.5054375 0.714546875 0.5093125 0.725671875 0.5067291671875 0.734390625 0.48802083281249997 0.730515625 0.4641458328125 0.718421875 0.43122916718750004 0.700984375 0.4215416671875 0.68646875 0.4325208328125 0.687921875 0.4422083328125 0.68646875 0.44349999999999995 0.689375 0.45122916718750006 0.685984375 0.467375
0 0.03634375 0.6765416671875 0.050249999999999996 0.6641874999999999 0.056421874999999996 0.6470208328125 0.05384375 0.6278125 0.0528125 0.618875 0.056937499999999995 0.6236875000000001 0.0610625 0.6305416671875 0.067234375 0.6298541671875 0.067234375 0.6374166671875 0.074953125 0.6511458328125 0.087828125 0.66625 0.11665624999999999 0.6689791671875 0.143421875 0.653875 0.148046875 0.6339791671875 0.148046875 0.6181875 0.13878125 0.5996666671875001 0.132609375 0.5873125 0.125375 0.5825625 0.11796875 0.5779166671875 0.107078125 0.5790833328125 0.09181249999999999 0.58025 0.087890625 0.5721041671875 0.078296875 0.5645416671875 0.064796875 0.5633958328124999 0.056515625 0.5732708328125 0.052578124999999996 0.58025 0.04996875 0.5794791671875 0.051078124999999995 0.5585833328125 0.046609374999999995 0.5421875 0.02759375 0.53025 0.009125 0.5287499999999999 0.001859375 0.5339791671875 0 0.5421875 0.00134375 0.6682916671875 0.008546874999999999 0.6724166671875 0.01678125 0.6772291671875 0.026046875000000004 0.6772291671875 0.03634375 0.6765416671875
3 0.68621875 0.433875 0.7007656250000001 0.4219375 0.70859375 0.4256666671875 0.717546875 0.40031249999999996 0.716984375 0.389125 0.700203125 0.3645 0.67559375 0.3615208328125 0.660484375 0.3794166671875 0.660484375 0.38314583281250003 0.668875 0.40777083281250004 0.68621875 0.433875
3 0.6193593749999999 0.5216458328125 0.639453125 0.5407916671875 0.65309375 0.5513333328125001 0.668890625 0.5522916671875 0.675359375 0.5455833328125 0.68253125 0.5350416671875 0.68540625 0.5168541671875 0.6832499999999999 0.5015416671875 0.6789531249999999 0.4919791671875 0.66459375 0.47091666718749997 0.65525 0.46708333281250003 0.638015625 0.46708333281250003 0.636578125 0.4728333328125 0.637296875 0.4871875 0.6193593749999999 0.5216458328125
3 0.718640625 0.2317291671875 0.722140625 0.23337500000000003 0.723375 0.23337500000000003 0.72440625 0.2331041671875 0.738640625 0.22760416718749998 0.738640625 0.2243125 0.728125 0.2113958328125 0.721734375 0.205625 0.716375 0.2086458328125 0.716375 0.20891666718750002 0.716984375 0.22377083281250001 0.718640625 0.2317291671875
3 0.0605625 0.3068958328125 0.030171874999999997 0.2704166671875 0.01496875 0.2679791671875 0.000375 0.28177083281250004 0.000375 0.4528125 0.026515624999999998 0.4528125 0.056921875 0.4179375 0.061171875 0.3336458328125 0.0605625 0.3068958328125