1 0.2498133328125 0.61844 0.24773333281249998 0.62212 0.2696266671875 0.6279 0.30104000000000003 0.6306 0.3136533328125 0.62868 0.33968 0.6227 0.3522933328125 0.61612 0.35357333281250003 0.60936 0.3414666671875 0.60744 0.3273066671875 0.60744 0.3100533328125 0.6089800000000001 0.2941066671875 0.60936 0.2722133328125 0.6149600000000001 0.2613866671875 0.61652 0.2498133328125 0.61844
1 0.2613333328125 0.60114 0.2660266671875 0.59604 0.2681066671875 0.59448 0.2691466671875 0.5941 0.25872 0.59292 0.2545333328125 0.5948800000000001 0.23573333281250003 0.59056 0.23416 0.60702 0.23362666718749997 0.6078 0.24096 0.60938 0.24565333281249999 0.6089800000000001 0.2576533328125 0.60506 0.2613333328125 0.60114
1 0.2922666671875 0.61128 0.3017066671875 0.60906 0.3282933328125 0.6064 0.3513066671875 0.60818 0.35072000000000003 0.62058 0.36312 0.62324 0.38850666718750004 0.62102 0.38733333281250004 0.61348 0.3713866671875 0.6046400000000001 0.3424533328125 0.59798 0.3347733328125 0.5948800000000001 0.31234666718750004 0.5948800000000001 0.30408 0.5940000000000001 0.2922666671875 0.59046 0.2822133328125 0.59224 0.27514666718749997 0.5988800000000001 0.2627466671875 0.5988800000000001 0.25506666718750004 0.6064 0.2574133328125 0.61482 0.2592 0.6152599999999999 0.26864 0.6152599999999999 0.2922666671875 0.61128
1 0.42912 0.6201800000000001 0.4225066671875 0.62374 0.4265333328125 0.6229199999999999 0.44304 0.61688 0.46832 0.61714 0.47016 0.61468 0.48261333281249996 0.61522 0.4837333328125 0.60726 0.4628266671875 0.6056 0.4334933328125 0.60918 0.41333333281250006 0.6166 0.4144533328125 0.61688 0.4283733328125 0.6155 0.42912 0.6201800000000001
1 0.5082666671875 0.6085 0.5086933328125001 0.6123999999999999 0.5212533328125 0.6111 0.5208266671875 0.60818 0.5130399999999999 0.60558 0.5043733328125 0.59812 0.5043733328125 0.59778 0.5009066671875 0.5994200000000001 0.5082666671875 0.6085
1 0.7571733328125 0.6267 0.7660533328125 0.6262800000000001 0.7766133328125 0.6258600000000001 0.7888533328125 0.6258600000000001 0.7982933328125 0.6262800000000001 0.8088533328124999 0.6292 0.8149599999999999 0.63212 0.8166133328124999 0.6292 0.8166133328124999 0.6242 0.81272 0.61878 0.8027200000000001 0.61504 0.7844 0.61294 0.7599466671874999 0.61504 0.7454933328125 0.62004 0.7410666671875 0.6242 0.7482933328125 0.6262800000000001 0.7571733328125 0.6267
1 0.18021333281250002 0.60122 0.1433333328125 0.6056199999999999 0.1198933328125 0.60938 0.14168 0.6163000000000001 0.17184 0.61692 0.18608 0.6125200000000001 0.2053333328125 0.59934 0.20114666718750002 0.59556 0.1936 0.59996 0.18021333281250002 0.60122
1 0.4498933328125 0.62244 0.4352533328125 0.62276 0.42458666718750004 0.62276 0.41882666718749995 0.62294 0.4061866671875 0.6232599999999999 0.4006133328125 0.6221 0.3970666671875 0.6241 0.3919733328125 0.6274200000000001 0.40106666718749995 0.63208 0.4037333328125 0.6291 0.43746666718749994 0.63176 0.45944 0.63076 0.45834666718749995 0.62294 0.4498933328125 0.62244
1 0.5503733328125 0.6378199999999999 0.5525333328124999 0.62652 0.5521066671875 0.62232 0.55296 0.6191 0.55296 0.61424 0.5512533328125 0.61232 0.54952 0.61296 0.5490933328125001 0.61424 0.5430666671875 0.62426 0.53832 0.63234 0.5400533328125 0.6378199999999999 0.5503733328125 0.6378199999999999
1 0.8592533328125 0.64108 0.8704000000000001 0.64008 0.8743466671875 0.6351600000000001 0.8815466671875001 0.63468 0.8881066671875001 0.63664 0.8946666671875001 0.6391 0.8953333328124999 0.63762 0.89272 0.6332 0.8795733328124999 0.62976 0.86384 0.6268 0.8487466671874999 0.6268 0.8356266671875 0.62876 0.8277599999999999 0.6307400000000001 0.8225066671875 0.63468 0.8231466671875 0.6420600000000001 0.8448 0.6396 0.8592533328125 0.64108
1 0.60056 0.63728 0.6035999999999999 0.63988 0.6555466671875 0.6402 0.6559733328124999 0.63566 0.6559733328124999 0.63046 0.6399466671875 0.62818 0.6126933328125 0.62852 0.6031733328125 0.63208 0.60056 0.63728
1 0.8485333328125 0.62296 0.9257333328125 0.6365000000000001 0.9093066671875001 0.61064 0.8567466671874999 0.6057 0.8485333328125 0.62296
1 0.5989333328125 0.634 0.6170133328125 0.6266200000000001 0.5973066671875 0.6106 0.58088 0.60936 0.56608 0.61922 0.5545866671875 0.63524 0.58416 0.6376999999999999 0.5857866671874999 0.6241399999999999 0.5989333328125 0.634
1 0.0933333328125 0.618 0.1146666671875 0.63 0.17333333281250002 0.6286666656250001 0.17333333281250002 0.618 0.1866666671875 0.614 0.188 0.6283333343749999 0.2026666671875 0.628 0.20800000000000002 0.624 0.2213333328125 0.622 0.23199999999999998 0.614 0.2637575765625 0.5965454546875 0.37333333281250003 0.5980000000000001 0.368 0.604 0.3866666671875 0.614 0.38933333281250004 0.622 0.41600000000000004 0.622 0.4186666671875 0.616 0.42400000000000004 0.614 0.42400000000000004 0.606 0.4266666671875 0.60129411875 0.5866666671874999 0.6111764703125 0.616 0.626 0.616 0.63 0.6728888875 0.632 0.6568888875 0.644666665625 0.6373333328124999 0.696 0.5733333328125 0.774 0.5733333328125 0.786 0.5813333328125 0.792 0.5973333328125 0.792 0.6053333328125 0.784 0.6373333328124999 0.781333334375 0.6559999999999999 0.764 0.6613333328125 0.774 0.6533333328125 0.78 0.6533333328125 0.794 0.6613333328125 0.8 0.6773333328125 0.8 0.6853333328125 0.792 0.6853333328125 0.782 0.648 0.748 0.648 0.742 0.7066666671874999 0.742 0.72 0.732 0.72 0.724 0.712 0.716 0.6559999999999999 0.718 0.6559999999999999 0.692 0.6444444453125 0.687333334375 0.6515555546875 0.678666665625 0.6559999999999999 0.682 0.659259259375 0.6817777781250001 0.6625185171875 0.67155555625 0.6586666671875 0.67 0.665777778125 0.661333334375 0.657777778125 0.657333334375 0.6728888875 0.652666665625 0.6871111125 0.6353333343750001 0.6871111125 0.632 0.6982222218749999 0.622 0.7013333328125 0.632 0.712 0.64 0.7333333328125 0.642 0.7413333328125 0.646 0.8186666671875 0.646 0.8240000000000001 0.644 0.8133333328125 0.632 0.8160000000000001 0.624 0.8266666671875 0.632 0.8506666671875 0.626 0.8560000000000001 0.608 0.8666666671875 0.608 0.8666666671875 0.604 0.9157333328125 0.6032 0.9119999999999999 0.616 0.9253333328125001 0.634 0.976 0.632 0.984 0.624 0.984 0.616 0.976 0.608 0.9306666671875 0.608 0.9338666671875 0.588 0.9194666671875 0.5904 0.9231999999999999 0.5776 0.9354666671875 0.5780000000000001 0.9370666671875 0.568 0.9269333328125 0.5668 0.9333333328125001 0.558 0.9946666671875001 0.5559999999999999 0.9973333328124999 0.532 0.9733333328124999 0.522 0.9626666671875 0.522 0.944 0.54 0.9279999999999999 0.546 0.9279999999999999 0.554 0.9148799999999999 0.54864 0.82304 0.56712 0.8186666671875 0.564 0.8106666671875 0.5700000000000001 0.67872 0.59616 0.6693333328125 0.608 0.6656 0.5988 0.65248 0.60144 0.6533333328125 0.608 0.63936 0.60408 0.6373333328124999 0.608 0.62624 0.6067199999999999 0.61312 0.60936 0.6053333328125 0.608 0.6 0.612 0.41600000000000004 0.5980000000000001 0.41333333281250006 0.6004705875 0.40177777812500004 0.5980000000000001 0.4 0.5996470578124999 0.38755555468749997 0.5980000000000001 0.2363636375 0.59618181875 0.23199999999999998 0.5980000000000001 0.2266666671875 0.5940000000000001 0.2226666671875 0.596 0.2106666671875 0.5940000000000001 0.19866666718749998 0.604 0.19527272812500002 0.5956363640625 0.1815757578125 0.5954545453125 0.1706666671875 0.604 0.1678787859375 0.595272728125 0.1626666671875 0.592 0.15418181875 0.595090909375 0.14666666718750002 0.592 0.1404848484375 0.5949090906250001 0.1267878796875 0.594727271875 0.1306666671875 0.604 0.1226666671875 0.604 0.11309090937499999 0.5945454546875 0.072 0.5940000000000001 0.061333332812499995 0.602 0.061333332812499995 0.614 0.06933333281250001 0.62 0.0933333328125 0.618