2 0.43684375 0.6102107734375 0.43503125000000004 0.6149414515625 0.434578125 0.6217096015625 0.452625 0.6669789234375 0.46164062499999997 0.6696955499999999 0.46434375 0.6595550343750001 0.43684375 0.6102107734375
2 0.44121875 0.55421545625 0.45332812499999997 0.5468149890625 0.4600625 0.534707259375 0.46051562500000004 0.5320140515625 0.450640625 0.5279859484375 0.43134375 0.5474707265625 0.42731250000000004 0.56159250625 0.43224999999999997 0.5723653390625 0.44121875 0.55421545625
2 0.428171875 0.5802107734375 0.42629687499999996 0.5905854796875001 0.43509374999999995 0.5952927406249999 0.43823437500000006 0.5905854796875001 0.43760937499999997 0.5905854796875001 0.45395312499999996 0.5773770484375 0.45584375 0.5717330203125 0.45081249999999995 0.56229508125 0.428171875 0.5802107734375
2 0.3410625 0.5042857140625 0.346859375 0.5042857140625 0.355421875 0.5042857140625 0.364734375 0.5042857140625 0.372046875 0.5042857140625 0.37178125 0.49709601875000003 0.36171875 0.49484777500000005 0.34835937499999997 0.4963466046875 0.335265625 0.49559718906250005 0.333 0.49786885312500007 0.33401562500000004 0.502763465625 0.335015625 0.5054098359375 0.33578125000000003 0.5050351281250001 0.3410625 0.5042857140625
2 0.468078125 0.5211943796875 0.46634374999999995 0.5171428578125 0.46287500000000004 0.519484778125 0.45592187500000003 0.5263934421875 0.456453125 0.5302810296875 0.46104687499999997 0.5318501171875 0.46121875 0.53224824375 0.46825 0.5232552687500001 0.468078125 0.5211943796875
2 0.47037500000000004 0.65487119375 0.47509375 0.65386416875 0.48268750000000005 0.6505854796875 0.483203125 0.647283371875 0.479484375 0.64451990625 0.46953125 0.642224825 0.4619375 0.6394379390625 0.45990624999999996 0.6434894609375 0.46109375 0.6495784546875 0.463453125 0.6495784546875 0.466828125 0.649812646875 0.47037500000000004 0.65487119375
2 0.40753125 0.69740046875 0.39187500000000003 0.6875175640625 0.387765625 0.6912412171875 0.3828125 0.7023419203125 0.3869375 0.7122248250000001 0.412484375 0.7468149890625 0.42565625 0.759156909375 0.42895312499999994 0.7492740046875 0.40753125 0.69740046875
2 0.4524375 0.5831615921875 0.443953125 0.5868852453125 0.43646874999999996 0.59063231875 0.43946874999999996 0.60259953125 0.44196875 0.60709601875 0.457421875 0.596627634375 0.46890625 0.5854098359375 0.474890625 0.5749180328125 0.4524375 0.5831615921875
2 0.4174375 0.523348946875 0.41517187499999997 0.5157142859375 0.39821875 0.5157142859375 0.390859375 0.5157142859375 0.384078125 0.5216627640625 0.365421875 0.5225058546875 0.364859375 0.5225058546875 0.365421875 0.5292740046875 0.369953125 0.5318266984375 0.37390625 0.5326697890625 0.390859375 0.54030445 0.40443749999999995 0.5419906328125 0.4174375 0.5301170953125001 0.4174375 0.523348946875
2 0.348640625 0.6372131140625 0.35920312499999996 0.6213817328125 0.3576875 0.6112177984375 0.34185937499999997 0.6021779859375 0.3245 0.5829508203125 0.319984375 0.5953864171875 0.342609375 0.6247775171875001 0.348640625 0.6372131140625
2 0.44153125 0.6068852453125 0.430484375 0.611756440625 0.42290625000000004 0.618571428125 0.42290625000000004 0.6211709609375 0.42312500000000003 0.6228103046875 0.42615625 0.6221545671875 0.434375 0.619555034375 0.43481249999999994 0.618243559375 0.43503125000000004 0.616627634375 0.43546874999999996 0.613395784375 0.43589062500000003 0.612412178125 0.436328125 0.6104683843750001 0.43742187499999996 0.609812646875 0.4385 0.611428571875 0.44175000000000003 0.618899296875 0.46015625 0.607540984375 0.4608125 0.6033255265624999 0.46340624999999996 0.59487119375 0.459078125 0.59487119375 0.459515625 0.5958548015625 0.44175000000000003 0.6072131140625 0.44153125 0.6068852453125
2 0.335453125 0.630444965625 0.332953125 0.6229508203125 0.32796875000000003 0.63578454375 0.32618749999999996 0.649156909375 0.32010937500000003 0.67482435625 0.319046875 0.6903278687500001 0.31940625 0.7053161593749999 0.32475 0.7063700234375 0.331171875 0.708524590625 0.336171875 0.7058548015625 0.33581249999999996 0.6641217796875 0.33723437500000003 0.6432786890625 0.33795312499999997 0.6400702578125 0.334390625 0.6400702578125 0.335453125 0.630444965625
2 0.508328125 0.544004684375 0.499 0.5401170953125 0.486609375 0.5394613578125 0.474234375 0.5391334890625 0.46706250000000005 0.5368618265625 0.46446875 0.5374941453125001 0.46425 0.5414051515625 0.46706250000000005 0.542388759375 0.487484375 0.546627634375 0.49703125000000004 0.5443325531250001 0.49964062499999995 0.543372365625 0.508328125 0.544004684375
2 0.2390625 0.5597189703125001 0.2125 0.5737704921875 0.20625 0.5831381734375001 0.20625 0.5971896953125 0.2109375 0.6042154562500001 0.2578125 0.6042154562500001 0.278125 0.6159250578125001 0.290625 0.6346604218749999 0.3078125 0.6323185015624999 0.3171875 0.6510538640625 0.3171875 0.6604215453125 0.3125 0.6744730671875 0.3046875 0.68384075 0.3015625 0.697892271875 0.3015625 0.716627634375 0.309375 0.7330210765625 0.315625 0.7330210765625 0.31875 0.73770491875 0.3203125 0.7494145203125 0.325 0.75644028125 0.3359375 0.75644028125 0.36875 0.742388759375 0.375 0.7470726 0.3828125 0.7470726 0.3890625 0.7587822015625 0.409375 0.7587822015625 0.4125 0.7540983609375 0.4265625 0.75644028125 0.4265625 0.761124121875 0.43125 0.7681498828125 0.45625 0.7658079625 0.4671875 0.75644028125 0.475 0.75644028125 0.478125 0.751756440625 0.4890625 0.7494145203125 0.503125 0.7330210765625 0.540625 0.7330210765625 0.5765625 0.721311475 0.59375 0.707259953125 0.596875 0.7002341921874999 0.6078125 0.697892271875 0.61875 0.6885245906249999 0.6375 0.68384075 0.6515625 0.6744730671875 0.65625 0.6651053859375 0.6546875 0.64871194375 0.6453125 0.6346604218749999 0.640625 0.6346604218749999 0.6328125 0.6252927406250001 0.6265625 0.6252927406250001 0.6140625 0.6159250578125001 0.5890625 0.6135831375 0.5828125 0.599531615625 0.571875 0.599531615625 0.56875 0.6042154562500001 0.553125 0.5784543328125 0.5578125 0.5690866515625 0.55625 0.555035128125 0.53125 0.5245901640625 0.5171875 0.517564403125 0.5015625 0.5011709609375 0.4890625 0.4988290390625 0.478125 0.4847775171875 0.4625 0.4847775171875 0.4578125 0.47540983593749997 0.446875 0.47540983593749997 0.44375 0.4660421546875 0.4453125 0.4566744734375 0.459375 0.45199063281249996 0.4640625 0.4426229515625 0.4640625 0.43325526875 0.459375 0.4238875875 0.4421875 0.4238875875 0.4328125 0.428571428125 0.421875 0.454332553125 0.4140625 0.4496487125 0.3859375 0.4496487125 0.378125 0.444964871875 0.3453125 0.44730679218749997 0.3421875 0.4426229515625 0.325 0.4426229515625 0.309375 0.4566744734375 0.2859375 0.46370023437499996 0.28125 0.4707259953125 0.2796875 0.4941451984375 0.2546875 0.4988290390625 0.2453125 0.5128805625 0.24375 0.5245901640625 0.240625 0.5245901640625 0.2359375 0.531615925 0.2390625 0.5597189703125001