0 0.73909375 0.709203746875 0.75603125 0.6857142859375001 0.779875 0.6828805625000001 0.77046875 0.6509133484375 0.73909375 0.6161124124999999 0.7014375 0.6236299765625 0.693921875 0.6518501171875 0.688265625 0.6922950812499999 0.695796875 0.7007494140625 0.7083437499999999 0.731779859375 0.721515625 0.7411943796875 0.7328125 0.7449414515624999 0.73909375 0.709203746875
0 0.81115625 0.7894613578125 0.8184374999999999 0.7417096015625 0.823890625 0.7198829046874999 0.808421875 0.689859484375 0.786578125 0.677587821875 0.768375 0.68032786875 0.742890625 0.7048711937500001 0.735609375 0.7335363 0.731046875 0.7526229515625 0.7437968749999999 0.78810304375 0.762 0.814028103125 0.780203125 0.8208430906249999 0.81115625 0.7894613578125
0 0.6036406249999999 0.765011709375 0.6186875 0.7843325531249999 0.6563125000000001 0.8069086656250001 0.69715625 0.8149648718750001 0.7584375 0.8165573765625 0.814328125 0.761779859375 0.8250781249999999 0.755339578125 0.832609375 0.7843325531249999 0.8358281249999999 0.7843325531249999 0.8551875000000001 0.7746838406250001 0.8573281250000001 0.792388759375 0.8713124999999999 0.782740046875 0.883125 0.798852459375 0.8928125 0.803676815625 0.902484375 0.779508196875 0.915375 0.773067915625 0.9282812500000001 0.779508196875 0.9411875000000001 0.781124121875 0.9519375 0.765011709375 0.947625 0.7182903984375 0.9401093749999999 0.6892740046875 0.9196875 0.6699531609375 0.894953125 0.6651053859375 0.8906562499999999 0.6409367687499999 0.8906562499999999 0.61676815 0.8820625 0.6038875874999999 0.8713124999999999 0.59259953125 0.84765625 0.5829508203125 0.8379843749999999 0.58615925 0.8229374999999999 0.59583138125 0.813265625 0.61517564375 0.8025156250000001 0.591007025 0.7874531250000001 0.57810304375 0.7638125 0.57810304375 0.74446875 0.5732786890625 0.7326406249999999 0.5732786890625 0.71328125 0.58615925 0.692859375 0.62967213125 0.6735156250000001 0.64416861875 0.65846875 0.6457845437499999 0.6262187499999999 0.652224825 0.6036406249999999 0.6602810296875 0.5842968749999999 0.6989461359375 0.5864375 0.7247306796874999 0.58859375 0.740843090625 0.6036406249999999 0.765011709375
0 0.58878125 0.6860187359375 0.594640625 0.6755035125 0.627421875 0.657939109375 0.647328125 0.6386416859375 0.680109375 0.63512880625 0.68128125 0.633372365625 0.6883125 0.617587821875 0.680109375 0.5842388765625001 0.6672343749999999 0.5702107734374999 0.644984375 0.5702107734374999 0.62625 0.5666978921875 0.605171875 0.5666978921875 0.6005 0.5754566750000001 0.577078125 0.5754566750000001 0.5606875 0.5737002343750001 0.541953125 0.6035363 0.5372656250000001 0.6228571421875 0.522046875 0.5947775171874999 0.5126875 0.557915690625 0.49629687499999997 0.55615925 0.482234375 0.5544028109375 0.471703125 0.561428571875 0.458828125 0.5824824359375 0.45531249999999995 0.5912646374999999 0.45531249999999995 0.6088056203125001 0.43423437500000006 0.6123185015625 0.42954687500000005 0.6474238875 0.447109375 0.6860187359375 0.4810625 0.7018266984375 0.5372656250000001 0.6965573765624999 0.557171875 0.687775175 0.541953125 0.687775175 0.570046875 0.6860187359375 0.58878125 0.6860187359375
0 0.299921875 0.37953161562500004 0.310734375 0.3174238875 0.30653125000000003 0.2949180328125 0.285515625 0.2706089 0.25007812500000004 0.25892271718750004 0.21825 0.280515221875 0.20564062500000002 0.30032786875 0.205046875 0.314707259375 0.21225 0.33271662812499997 0.24828125 0.33091334843750003 0.291515625 0.35611241250000003 0.299921875 0.37953161562500004
0 0.21982812499999999 0.1755971890625 0.220171875 0.213044496875 0.22393749999999998 0.22740046875000003 0.24720312500000002 0.21456674531250003 0.27425 0.2176580796875 0.29409375 0.230491803125 0.308140625 0.24278688593750003 0.31634375000000003 0.25152224843750004 0.32525 0.1986651046875 0.321140625 0.165339578125 0.308140625 0.140187353125 0.292046875 0.122740046875 0.264671875 0.11608899375 0.232484375 0.1268618265625 0.224625 0.1463466046875 0.21982812499999999 0.1755971890625
0 0.28445312500000003 0.2705854796875 0.306859375 0.293723653125 0.312828125 0.319812646875 0.313328125 0.28775175625 0.31829687500000003 0.26014051562499996 0.299890625 0.23255269374999998 0.27749999999999997 0.21838407499999998 0.248625 0.2131615921875 0.22374999999999998 0.2273302109375 0.21081249999999999 0.2534426234375 0.20284375 0.29967213125000003 0.218765625 0.2832786890625 0.24912499999999999 0.26014051562499996 0.28445312500000003 0.2705854796875
0 0.298359375 0.42407494218749997 0.30046875 0.3844262296875 0.298359375 0.3670023421875 0.24548437500000003 0.33529274062500003 0.22749999999999998 0.33529274062500003 0.20846874999999998 0.33529274062500003 0.165109375 0.44149882968750004 0.176734375 0.4494145203125 0.21692187500000001 0.4399063234375 0.298359375 0.42407494218749997
0 0.13659375 0.2031147546875 0.102171875 0.1773067921875 0.0833125 0.18098360625 0.070203125 0.1895784546875 0.044796875 0.2252224828125 0.034953125 0.25103044531249996 0.034140625 0.2768149890625 0.03740625 0.3087587828125 0.0890625 0.3087587828125 0.095609375 0.30386416875 0.11365624999999999 0.2841920375 0.12840625 0.2731381734375 0.15135937500000002 0.2731381734375 0.154640625 0.25103044531249996 0.148890625 0.2252224828125 0.13659375 0.2031147546875
0 0.23126562499999997 0.035667446874999995 0.21809375000000003 0.0455503515625 0.201390625 0.0639812640625 0.192609375 0.0876814984375 0.191296875 0.11007025781249999 0.193046875 0.13707260000000002 0.207109375 0.1660421546875 0.21984374999999998 0.177236534375 0.22423437499999999 0.1495784546875 0.22995312499999998 0.13707260000000002 0.24401562499999999 0.1225761125 0.26509375 0.11271662812500001 0.27959375 0.1120374703125 0.292328125 0.1225761125 0.29276562500000003 0.10744730625000001 0.28925 0.07913348906249999 0.27915625 0.05805620625 0.269921875 0.0475175640625 0.254546875 0.035011709375 0.23126562499999997 0.035667446874999995
0 0.164625 0.077915690625 0.15596875 0.067540984375 0.140375 0.0649414515625 0.100515625 0.072716628125 0.071046875 0.0909133484375 0.058921875 0.1168852453125 0.062390625 0.1584309140625 0.07625 0.1844262296875 0.10398437499999999 0.19740046875 0.150765625 0.1818266984375 0.17676562499999998 0.1636299765625 0.185421875 0.1506557375 0.180234375 0.1168852453125 0.164625 0.077915690625
0 0.12462500000000001 0.3470257609375 0.13739062500000002 0.369508196875 0.147140625 0.41224824375 0.155390625 0.443747071875 0.16665625 0.43138173281250003 0.17565625 0.40775175625 0.197421875 0.380772834375 0.20642187500000003 0.3526463703125 0.204921875 0.32451990625 0.20192187499999997 0.3031615921875 0.192921875 0.286276346875 0.17715625 0.2716627640625 0.155390625 0.2604215453125 0.12987500000000002 0.2604215453125 0.100609375 0.27840749374999996 0.092359375 0.3132786890625 0.096859375 0.3132786890625 0.10510937499999999 0.32676815000000003 0.12462500000000001 0.3470257609375
0 0.015203125000000001 0.4576814984375 0.08809375 0.46391100625000004 0.142234375 0.45351288125 0.15334375 0.4389461359375 0.13182812500000002 0.3557142859375 0.090171875 0.30578454375 0.037421875 0.30578454375 0.036734375 0.3068384078125 0.013125000000000001 0.3401170953125 0.013125000000000001 0.354683840625 0.0200625 0.42229508125 0.015203125000000001 0.4576814984375
0 0.015625 0.337236534375 0.0359375 0.30913348906250004 0.0359375 0.2505854796875 0.0453125 0.22482435625 0.0703125 0.18969555 0.0765625 0.1873536296875 0.1328125 0.2014051515625 0.1484375 0.22482435625 0.1546875 0.26229508125 0.1765625 0.2716627640625 0.1921875 0.28571428593750003 0.203125 0.3044496484375 0.2078125 0.29742388750000004 0.2046875 0.2903981265625 0.2109375 0.2552693203125 0.22750303437500002 0.2210727359375 0.7768962375 0.40933585 0.21953125 0.19906323125 0.21875 0.1826697890625 0.209375 0.1686182671875 0.196875 0.15925058593750002 0.18125 0.156908665625 0.175 0.16627634687499998 0.15625 0.18032786875 0.1664593453125 0.2001546109375 0.15119842187500002 0.19492508125000002 0.14609375 0.185011709375 0.1435679609375 0.192310315625 0.1359375 0.18969555 0.06953125 0.10070257656249999 0.06875 0.0960187359375 0.0765625 0.086651053125 0.0609375 0.07259953125 0.05745738593750001 0.084522034375 0.05142045468749999 0.07643176562500001 0.046875 0.067915690625 0.046875 0.046838407812499996 0.039346590625 0.060251225 0.0272727265625 0.044070684375 0.0421875 0.0257611234375 0.0375 0.016393442187500003 0.0328125 0.016393442187500003 0.021875 0.0070257609375 0.00625 0.0070257609375 0.003125 0.0117096015625 0.00916193125 0.019799871875 0.0030827703125 0.023609089062499998 0.0016047296875 0.44009114531250004 0.0015625 0.45199063281249996 0.0140625 0.454332553125 0.01875 0.43325526875 0.01875 0.40983606562499997 0.0125 0.337236534375 0.015625 0.337236534375
0 0.9984375 0.52224824375 0.9984375 0.4215456671875 0.9859375 0.41920374687499995 0.975 0.3981264640625 0.9515625 0.39578454375 0.9453125 0.400468384375 0.9390625 0.4121779859375 0.934375 0.4426229515625 0.928125 0.44730679218749997 0.7768962375 0.40933585 0.921875 0.45901639375 0.9203125 0.4871194375 0.928125 0.5058548015625 0.934375 0.5105386421875 0.9484375 0.5105386421875 0.959375 0.52224824375 0.9984375 0.52224824375