3 0.276023490625 0.39914062499999997 0.2683557046875 0.405375 0.264060403125 0.415625 0.26261745 0.429 0.2707550328125 0.44504687499999995 0.2855872484375 0.4490625 0.299479865625 0.44460937500000003 0.30904362343749997 0.43746875 0.31431208125 0.428109375 0.31384228125 0.420984375 0.310016778125 0.40982812500000004 0.3013926171875 0.401359375 0.28894295312499996 0.397796875 0.2793791953125 0.39825 0.276023490625 0.39914062499999997
3 0.630285234375 0.22525 0.621677853125 0.22390625000000003 0.6015771812499999 0.226578125 0.5900838921875 0.23771874999999998 0.585285234375 0.256 0.5876845640624999 0.27160937500000004 0.5900838921875 0.275625 0.5934395968749999 0.278734375 0.6020469796875 0.28409375 0.6255033562500001 0.286765625 0.6393791953125 0.283203125 0.649446309375 0.275171875 0.6532718125 0.2626875 0.6523154359375 0.247984375 0.6499161078125 0.239953125 0.6422651 0.231046875 0.630285234375 0.22525
3 0.607516778125 0.05834375000000001 0.581560403125 0.05550000000000001 0.5632550328125 0.06118749999999999 0.5464597312499999 0.08249999999999999 0.5556208046875 0.112359375 0.581560403125 0.13368750000000001 0.622785234375 0.109515625 0.622785234375 0.0881875 0.607516778125 0.05834375000000001
3 0.7580033562499999 0.0440625 0.76592281875 0.024046875000000002 0.7630872484375 0.013000000000000001 0.7506543625 0.00246875 0.7059899328125 0.0019375 0.697516778125 0.0193125 0.697516778125 0.032468750000000005 0.6997818796875 0.048796875 0.707130871875 0.0614375 0.7252181203125 0.070390625 0.7427349000000001 0.06353125 0.7517953015625001 0.055109375 0.7580033562499999 0.0440625
3 0.67461409375 0.27309375 0.7024161078125 0.2895625 0.7251510062500001 0.2895625 0.7327349 0.26368749999999996 0.7327349 0.24485937500000002 0.72261745 0.22839062499999999 0.7049328859374999 0.22368749999999998 0.69734899375 0.22839062499999999 0.684714765625 0.23075 0.6720805375000001 0.237796875 0.6720805375000001 0.258984375 0.67461409375 0.27309375
3 0.8540771812499999 0.22090625 0.8625671140625 0.20378124999999997 0.8484228187499999 0.20378124999999997 0.83568791875 0.19718750000000002 0.8229530203125 0.18796875 0.7988926171874999 0.19718750000000002 0.8003187921875 0.21959374999999998 0.82011745 0.23145312499999998 0.8385067109375001 0.23145312499999998 0.8540771812499999 0.22090625
3 0.0648154359375 0.531859375 0.088573825 0.52921875 0.0970469796875 0.510265625 0.09365771875 0.49762500000000004 0.0795134234375 0.4886875 0.0682046984375 0.49184374999999997 0.043338926562500005 0.50446875 0.055218120312499994 0.5202656250000001 0.055218120312499994 0.52290625 0.0648154359375 0.531859375
3 0.4017281875 0.42990625 0.3946979859375 0.43821875 0.3915100671875 0.4459375 0.39342281875 0.45603125 0.39788590625000003 0.46790624999999997 0.405553690625 0.47325 0.418942953125 0.47562499999999996 0.42914429531250003 0.47562499999999996 0.43743288593749996 0.47087500000000004 0.44380872499999996 0.46315625000000005 0.44699664375000003 0.4530625 0.44444630937499996 0.44178125 0.431057046875 0.42871875 0.42723154374999994 0.42753125000000003 0.4093791953125 0.42753125000000003 0.4017281875 0.42990625
3 0.7827349 0.018 0.7978355703125 0.01203125 0.810637584375 0.011609375 0.82800335625 0.021828125 0.8243456374999999 0.0111875 0.81199664375 0.003515625 0.8028523484375001 0.00010937500000000002 0.780906040625 0.0005468749999999999 0.7708557046875 0.009046875 0.7649161078125 0.0175625 0.7639932890625001 0.031625 0.7649161078125 0.032890625 0.7708557046875 0.02778125 0.7827349 0.018
3 0.2680369125 0.10296875000000001 0.271828859375 0.103359375 0.274362415625 0.100625 0.27645973125 0.0935625 0.27645973125 0.082984375 0.274362415625 0.07515625000000001 0.27140939531249997 0.072015625 0.2663590609375 0.0685 0.256677853125 0.0685 0.246593959375 0.074765625 0.24447986562500001 0.086125 0.250369128125 0.097484375 0.2604697984375 0.10101562500000001 0.2680369125 0.10296875000000001
3 0.0665148609375 0.3909575890625 0.06632550312499999 0.404109375 0.0802181203125 0.400578125 0.075529721875 0.38877455312500003 0.0845445828125 0.38659151718749996 0.082634228125 0.37962109375 0.097571309375 0.38520703125 0.0928355703125 0.391578125 0.10314597343750001 0.3925546875 0.09830536875 0.40254687499999997 0.10671979843749999 0.404703125 0.10872063750000001 0.39990234375 0.1142953015625 0.40725 0.121442953125 0.405671875 0.12691275156249998 0.40018750000000003 0.12901006718750002 0.390390625 0.12817114062499999 0.381390625 0.12523489999999998 0.375515625 0.1206040265625 0.377859375 0.10257430468749999 0.38222544687500004 0.09199664375 0.377859375 0.0907214765625 0.370421875 0.0823154359375 0.36296875 0.0751677859375 0.3621875 0.0671644296875 0.36335937500000004 0.06169463125 0.366890625 0.0566442953125 0.372765625 0.06390939531249999 0.38314453125000003 0.0545469796875 0.38490625 0.057499999999999996 0.393140625 0.0665148609375 0.3909575890625
3 0.219899328125 0.398578125 0.22545302031249997 0.405671875 0.2330704703125 0.40824999999999995 0.24484899375000002 0.40824999999999995 0.2545469796875 0.399859375 0.2545469796875 0.38825 0.24901006718750002 0.381796875 0.2413926171875 0.377921875 0.2275335578125 0.379859375 0.221291946875 0.38825 0.219899328125 0.398578125
3 0.35546140937500004 0.426828125 0.34681208125 0.4290625 0.3509731546875 0.43823437500000006 0.355134228125 0.44034375 0.36120805312500004 0.44846874999999997 0.36877516718750003 0.45375 0.3918959734375 0.450578125 0.40211409375 0.43893750000000004 0.4043959734375 0.427640625 0.398708053125 0.41565624999999995 0.390058725 0.41789062499999996 0.3875335578125 0.41071093750000004 0.3763590609375 0.405765625 0.3725671140625 0.427640625 0.3641107375 0.42459375 0.36006711406249997 0.428703125 0.35546140937500004 0.426828125
3 0 0.6328125 0.013422818750000001 0.6453125 0.0453020140625 0.646875 0.06711409375 0.675 0.0771812078125 0.675 0.08221476562499999 0.66875 0.08221476562499999 0.6625 0.06543624218750001 0.6390625 0.060402684375 0.6171875 0.053691275000000004 0.6125 0.053691275000000004 0.5734375 0.0436241609375 0.5640625 0.031879195312500004 0.5671875 0.029362415625 0.556640625 0.0489373609375 0.530859375 0.046979865625 0.5265625 0.0538310953125 0.5244140625 0.06361856875 0.5115234375 0.060402684375 0.496875 0.06711409375 0.49375 0.073406040625 0.4986328125 0.073825503125 0.490625 0.08221476562499999 0.490625 0.0922818796875 0.496875 0.0973154359375 0.50625 0.11744966406249999 0.50625 0.1342281875 0.496875 0.135906040625 0.4875 0.1308724828125 0.4796875 0.1325503359375 0.4765625 0.14261744999999998 0.4765625 0.14765100625 0.4703125 0.14765100625 0.4640625 0.14261744999999998 0.4578125 0.140939596875 0.4390625 0.1325503359375 0.43125 0.2046979859375 0.375 0.20973154374999997 0.3796875 0.22147650937500002 0.3828125 0.220637584375 0.38984375 0.22678970937499998 0.40130208281249996 0.225671140625 0.4049479171875 0.22986577187499999 0.409375 0.22818791875 0.425 0.23657718125 0.43125 0.251677853125 0.43125 0.2617449671875 0.4140625 0.265100671875 0.4140625 0.2684563765625 0.40625 0.2751677859375 0.4 0.2953020140625 0.4 0.3003355703125 0.39375 0.3003355703125 0.3875 0.32261050625 0.3921336203125 0.3289639265625 0.39560546875 0.3247512140625 0.399892240625 0.3323720640625 0.402783203125 0.3268919234375 0.4076508625 0.32903263125 0.4154094828125 0.3204697984375 0.421875 0.32550335625 0.4265625 0.323126396875 0.42962239531249996 0.333752796875 0.4606119796875 0.34187688125000004 0.46196120625 0.33640939531249997 0.468359375 0.3440175890625 0.469719828125 0.33906599531250003 0.4761067703125 0.346158296875 0.4774784484375 0.3417225953125 0.4838541671875 0.34829900468749997 0.48523706874999994 0.3443791953125 0.4916015625 0.3504397125 0.4929956890625 0.34703579375000004 0.4993489578125 0.352580421875 0.5007543109375 0.34969239375 0.5070963546875 0.3547211296875 0.5085129312500001 0.35234899375 0.51484375 0.3568618375 0.5162715515625 0.3550055921875 0.5225911453125 0.3590025453125 0.524030171875 0.3576621921875 0.5303385421875 0.361143253125 0.53178879375 0.3603187921875 0.5380859375 0.3632839609375 0.5395474140625 0.362975390625 0.5458333328125 0.36542466875 0.547306034375 0.37625838906250003 0.5845703125 0.37826891875 0.593857759375 0.37699245000000003 0.594287109375 0.380409628125 0.6016163796875 0.377726509375 0.60400390625 0.3842281875 0.6078125 0.3784605703125 0.613720703125 0.37919463124999997 0.6234375 0.39261745000000003 0.6328125 0.4077181203125 0.6328125 0.41275167812499997 0.6265625 0.4284116328125 0.6270833328125 0.42281879218749996 0.659375 0.42281879218749996 0.6765625 0.42785234843750003 0.68125 0.4379194625 0.68125 0.4429530203125 0.675 0.4496644296875 0.6484375 0.458053690625 0.6328125 0.458053690625 0.6234375 0.4479865765625 0.60625 0.43541600156250004 0.604141865625 0.5237828906249999 0.46143353125 0.7005654984375 0.40530960625 0.786387128125 0.671447 0.7938105890625 0.6689980156249999 0.7951155859375 0.6767609125 0.788839175 0.6790509265625 0.7964205828125 0.684523809375 0.7900354218750001 0.68702256875 0.7912316671874999 0.6949942124999999 0.7977255765625 0.69228670625 0.7990305734375001 0.700049603125 0.7924279140625 0.70296585625 0.796979865625 0.709375 0.7936241609375 0.7109375 0.7852349000000001 0.75 0.7818791953125 0.753125 0.7818791953125 0.765625 0.7885906046875 0.771875 0.8070469796875 0.771875 0.8104026843750001 0.76875 0.8204697984375 0.76875 0.823825503125 0.765625 0.8255033562499999 0.75625 0.8221476515624999 0.7484375 0.8288590609375 0.7484375 0.8355704703125 0.7421875 0.837248321875 0.7296875 0.8338926171875001 0.715625 0.8523489937500001 0.7140625 0.8590604031250001 0.7203125 0.8842281875 0.7203125 0.8892617453125 0.7140625 0.8875838921874999 0.671875 0.8825503359375 0.66875 0.8741610734374999 0.66875 0.8691275171875 0.6734375 0.8590604031250001 0.6765625 0.8523489937500001 0.684375 0.75068639375 0.35759943125000004 0.742915734375 0.3662450390625 0.7390007453125 0.3429563484375 0.7459579015625 0.34240056874999997 0.7435936546875 0.3348011359375 0.73769575 0.335193453125 0.736390753125 0.32743055625 0.7412294078125 0.3272017046875 0.7388651609375 0.31960227343750003 0.7350857562499999 0.31966765937499997 0.7365009140625001 0.312002840625 0.733780759375 0.3119047625 0.7341366687499999 0.304403409375 0.7265100671875 0.3015625 0.7317724234375 0.2968039765625 0.7294081765625 0.2892045453125 0.7315436234375 0.2890625 0.7270439296875 0.2816051140625 0.726945065625 0.27602513281249996 0.7246796828125001 0.27400568125 0.7257022125 0.26767526406250003 0.7223154359375 0.26640625 0.7244593593750001 0.259325396875 0.7199511890625 0.25880681875 0.7175869421875001 0.2512073859375 0.7232165046875 0.2509755296875 0.715222696875 0.2436079546875 0.7219736515624999 0.24262566093750002 0.7128584499999999 0.2360085234375 0.7207307984375 0.23427579375000002 0.7156685609375 0.2271634609375 0.7194258015624999 0.226512896875 0.7197986578125 0.2203125 0.751677853125 0.221875 0.7550335578125 0.21875 0.765100671875 0.1953125 0.7751677859375 0.1890625 0.778523490625 0.1796875 0.7869127515625001 0.1796875 0.791946309375 0.175 0.7936241609375 0.165625 0.7751677859375 0.1484375 0.756711409375 0.1453125 0.7466442953125 0.1484375 0.7449664421875 0.1515625 0.729865771875 0.1484375 0.721476509375 0.1546875 0.721476509375 0.165625 0.7265100671875 0.1703125 0.716442953125 0.18125 0.7114093953125 0.1765625 0.703020134375 0.1765625 0.696308725 0.1828125 0.698672971875 0.19041193125 0.6979865765625 0.1921875 0.6921007765625 0.189608134375 0.5279908390625 0.454637896875 0.38690226562499996 0.517626953125 0.3460046140625 0.431494140625 0.3674496640625 0.4296875 0.372483221875 0.425 0.3758389265625 0.409375 0.3825503359375 0.4078125 0.3825503359375 0.3984375 0.3741610734375 0.390625 0.3473154359375 0.390625 0.34395973125 0.384375 0.33389261718749996 0.378125 0.3255557890625 0.388427734375 0.3204697984375 0.384375 0.3221476515625 0.38125 0.230285234375 0.334375 0.2231543625 0.3359375 0.2226300328125 0.33046875 0.2248322140625 0.325 0.21979865781250002 0.31875 0.21140939531249997 0.315625 0.20731963125 0.32265625 0.1996644296875 0.31875 0.19798657656250002 0.321875 0.19373601875 0.32437499999999997 0.05738255 0.45375 0.053691275000000004 0.4609375 0.0514541390625 0.459375 0.04026845625 0.471875 0.039597315625000004 0.47062499999999996 0.0336689046875 0.47625 0.0302013421875 0.475 0.0277404921875 0.48187499999999994 0.02181208125 0.4875 0.02181208125 0.5203125 0.0302013421875 0.528125 0.0052432890625 0.5814453125 0.0067114093750000004 0.584375 0.001677853125 0.5890625 0 0.6015625 0.0033557046875000002 0.6046875 0.0033557046875000002 0.6171875 0 0.6234375 0 0.6328125