2 0.57878125 0.686 0.577625 0.6689166671875 0.571796875 0.6611666671875 0.558984375 0.6549583328125 0.5508437500000001 0.6565000000000001 0.543859375 0.6658125 0.5228906249999999 0.6844375 0.51475 0.6953125 0.51125 0.712375 0.513578125 0.72325 0.5205625 0.7434375 0.53803125 0.7511875 0.539203125 0.7511875 0.54734375 0.7542916671875 0.5648125 0.7418750000000001 0.57296875 0.72325 0.57878125 0.7061666671875 0.57878125 0.686
2 0.76459375 0.8791249999999999 0.77871875 0.8857291671875 0.787203125 0.8885416671874999 0.7857968750000001 0.8640416671875 0.77871875 0.8461458328125 0.7589375 0.8310625 0.741265625 0.8310625 0.7292500000000001 0.8452083328125 0.725 0.8810208328125 0.7320781249999999 0.9008125 0.735609375 0.8989166671875 0.748328125 0.8857291671875 0.76459375 0.8791249999999999
2 0.16515625 0.6069791671875 0.17046875 0.5989791671875 0.192765625 0.5745833328125001 0.21007812499999998 0.5661458328125 0.20675 0.5568333328125 0.19343749999999998 0.5417500000000001 0.17146875 0.5390833328125 0.15084375 0.5523958328125 0.1515 0.5701458328125 0.153828125 0.595875 0.16515625 0.6069791671875
2 0.7526875000000001 0.43097916718749996 0.761765625 0.43518749999999995 0.777171875 0.43939583281249994 0.788625 0.4346666671875 0.8008593749999999 0.4251875 0.7973125 0.3993958328125 0.78821875 0.40043749999999995 0.7850625 0.3946458328125 0.775984375 0.3978125 0.762953125 0.4025416671875 0.75465625 0.41097916718749994 0.7538750000000001 0.41150000000000003 0.753078125 0.414125 0.7526875000000001 0.43097916718749996
2 0.79859375 0.9166458328125 0.7868125 0.8952083328124999 0.773953125 0.8852083328125 0.7418125 0.8852083328125 0.72359375 0.9152083328125 0.72359375 0.9237916671875 0.721453125 0.9266458328124999 0.74609375 0.9566458328125 0.7793125 0.9637708328124999 0.8018124999999999 0.9452083328124999 0.79859375 0.9166458328125
2 0.15628124999999998 0.6395416671875 0.147703125 0.6727291671875 0.16143749999999998 0.7402291671875 0.176015625 0.7511041671875 0.19446875 0.7213541671875 0.19532812500000002 0.7190624999999999 0.18846875000000002 0.7093333328125 0.18203125 0.68875 0.18203125 0.6664166671875 0.18803125 0.6492708328125001 0.19532812500000002 0.6355208328125 0.203484375 0.6166458328125 0.21164062499999997 0.5977708328125 0.21721875000000002 0.5800416671875 0.2150625 0.5651458328125 0.201765625 0.5685833328125 0.171296875 0.5880416671875001 0.15628124999999998 0.6395416671875
2 0.675546875 0.41208333281250004 0.66715625 0.4152083328125 0.6722812499999999 0.42016666718750006 0.6736875 0.4295 0.6788125 0.43510416718749995 0.675078125 0.4481458328125 0.6680937499999999 0.45562500000000006 0.6834687500000001 0.45437500000000003 0.702125 0.43510416718749995 0.69046875 0.3940625 0.676015625 0.404 0.675546875 0.41208333281250004
2 0.866359375 0.45999999999999996 0.84784375 0.4417083328125 0.84240625 0.44808333281249996 0.84528125 0.44699999999999995 0.8293125 0.4610416671875 0.8733906250000001 0.49856249999999996 0.8743437500000001 0.48239583281250004 0.866359375 0.45999999999999996
2 0.526578125 0.4996666671875 0.528671875 0.4996666671875 0.531828125 0.496875 0.5339375000000001 0.49477083281249995 0.53446875 0.49406249999999996 0.5449843750000001 0.48075 0.54603125 0.4779375 0.547078125 0.4618125 0.54025 0.42954166718750003 0.538140625 0.4274375 0.5328906250000001 0.4274375 0.522359375 0.4316458328125 0.502375 0.44427083281249996 0.500265625 0.44427083281249996 0.49712500000000004 0.45899999999999996 0.49712500000000004 0.46460416718750003 0.500796875 0.4772291671875 0.501328125 0.4779375 0.50553125 0.48285416718749996 0.5134218749999999 0.48706250000000006 0.512375 0.48425 0.51446875 0.48635416718749996 0.519203125 0.4961666671875 0.5228906249999999 0.4975625 0.526578125 0.4996666671875
2 0.126375 0.6181666671875 0.12423437500000001 0.625 0.12467187500000002 0.63525 0.1345 0.650625 0.145171875 0.6614583328125 0.148171875 0.6574583328125 0.154140625 0.63525 0.164828125 0.6079166671875 0.158421875 0.5982291671875 0.15371875 0.5856874999999999 0.1473125 0.5856874999999999 0.143046875 0.6010833328125 0.141765625 0.6067708328125 0.126375 0.6181666671875
2 0.62271875 0.9914583328125 0.625234375 1 0.678625 0.9995833328125 0.695015625 1 0.715828125 0.9799583328124999 0.716890625 0.9466041671875001 0.684296875 0.9673541671875 0.660546875 0.96875 0.6361718749999999 0.9712708328125 0.6365937500000001 0.9718333328125001 0.625234375 0.9802500000000001 0.62271875 0.9914583328125
2 0.357671875 0.790125 0.36084375 0.7858958328125001 0.36717187500000004 0.7782916671875 0.36717187500000004 0.7732291671875 0.364015625 0.7588541671875 0.3589375 0.7453333328125 0.34753124999999996 0.7385833328125 0.33992187500000004 0.7428125 0.34435937499999997 0.7588541671875 0.34943749999999996 0.7774583328125 0.357671875 0.790125
2 0.3359375 0.48125 0.3390625 0.48125 0.34375 0.4875 0.3625 0.4875 0.3671875 0.48541666718750004 0.3734375 0.475 0.3734375 0.46666666718750005 0.3671875 0.4479166671875 0.4662259609375 0.32855769218750003 0.7265625 0.13125 0.7302734375 0.1404947921875 0.725 0.1458333328125 0.72875 0.1558333328125 0.733984375 0.1497395828125 0.7376953125 0.158984375 0.7325 0.16583333281249998 0.73625 0.1758333328125 0.74140625 0.1682291671875 0.7451171875 0.1774739578125 0.74 0.1858333328125 0.74375 0.19583333281249998 0.748828125 0.18671875 0.7525390625 0.1959635421875 0.7484375 0.20208333281250002 0.808203125 0.3346354171875 0.8453125 0.4270833328125 0.84375 0.44375 0.8484375 0.44375 0.8609375 0.45625 0.8640625 0.45625 0.8734375 0.47083333281249995 0.875 0.48333333281249996 0.8796875 0.4895833328125 0.8890625 0.4895833328125 0.8953125 0.4770833328125 0.9 0.44166666718750003 0.9 0.43125 0.8953125 0.42083333281249996 0.884375 0.4125 0.86875 0.4125 0.853125 0.4222222234375 0.8044921875 0.325390625 0.75625 0.2052083328125 0.7640625 0.19375 0.7640625 0.1833333328125 0.7703125 0.1583333328125 0.7703125 0.14375 0.7625 0.125 0.7640625 0.1125 0.7765625 0.11041666718750001 0.7875 0.0958333328125 0.79375 0.0958333328125 0.7984375 0.0875 0.796875 0.075 0.790625 0.06875 0.7796875 0.06875 0.7734375 0.07291666718749999 0.7671875 0.08333333281250001 0.746875 0.09375 0.7390625 0.1270833328125 0.7296875 0.1270833328125 0.2949519234375 0.4583653859375 0.296875 0.46458333281249997 0.2881009609375 0.4635576921875 0.28125 0.46875 0.2796875 0.48541666718750004 0.284375 0.4916666671875 0.328125 0.4895833328125 0.3359375 0.48125