2 0.1325 0.44235555625 0.1275833328125 0.44400000000000006 0.12051666718750001 0.45055555625 0.1183666671875 0.453822221875 0.11745000000000001 0.46364444374999997 0.12390000000000001 0.4796 0.13925 0.48737777812500005 0.1610333328125 0.495977778125 0.17455 0.5017111109375 0.1809833328125 0.49924444375 0.1840666671875 0.4914666671875 0.17485 0.47346666718749997 0.1665666671875 0.46528888906250004 0.1453833328125 0.4489111109375 0.14508333281250002 0.4472666671875 0.13986666718750002 0.4444 0.1325 0.44235555625
2 0.0695333328125 0.5512666671875001 0.0877833328125 0.5553111109375 0.10805000000000001 0.5566666671875 0.1688666671875 0.5668 0.1850833328125 0.5661111109375 0.1911666671875 0.55935555625 0.1855833328125 0.5472 0.1409833328125 0.513422221875 0.1237666671875 0.50124444375 0.1075333328125 0.4965333328125 0.0989333328125 0.5019333328125 0.12021666718749999 0.4444888890625 0.12528333281249998 0.42693333281249995 0.12275 0.41408888906249997 0.12173333281250001 0.39584444375 0.1197 0.3944888890625 0.1121 0.395177778125 0.1045 0.3978666671875 0.0958833328125 0.4053111109375 0.08625000000000001 0.4215111109375 0.0761166671875 0.4411111109375 0.067 0.4620666671875 0.0573666671875 0.489777778125 0.050283332812500005 0.51815555625 0.0477333328125 0.52355555625 0.059399999999999994 0.543822221875 0.0695333328125 0.5512666671875001
2 0.12456666718750001 0.4117333328125 0.12181666718749999 0.4300888890625 0.1361333328125 0.44035555625 0.1554166671875 0.4300888890625 0.18680000000000002 0.39924444375 0.1802 0.3786888890625 0.1653166671875 0.3786888890625 0.15485 0.39484444375 0.15485 0.3625333328125 0.17633333281250002 0.3515111109375 0.1901 0.33388888906249997 0.18514999999999998 0.3140666671875 0.1587166671875 0.3243333328125 0.14825 0.32875555625 0.1444 0.3118666671875 0.1405333328125 0.31553333281249996 0.1317333328125 0.350777778125 0.1289666671875 0.3742666671875 0.1278666671875 0.375 0.1405333328125 0.381622221875 0.12456666718750001 0.4117333328125
2 0.39835 0.23564444375 0.40931666718750004 0.265622221875 0.42794999999999994 0.27586666718749997 0.42960000000000004 0.27075555625000003 0.43563333281250005 0.26488888906249997 0.44221666718749997 0.2692888890625 0.44166666718750003 0.25466666718750003 0.43563333281250005 0.2268888890625 0.4285 0.1903333328125 0.4126 0.170577778125 0.3956 0.17424444375 0.39231666718749997 0.1852 0.39121666718750003 0.1925111109375 0.3956 0.21226666718749998 0.39835 0.23564444375
2 0.7594000000000001 0.4921333328125 0.7311666671875 0.4695333328125 0.7095 0.48335555625 0.7292833328125 0.5147333328125 0.7405666671875 0.51975555625 0.7546999999999999 0.516 0.7594000000000001 0.4921333328125
2 0.7067833328125 0.46715555625 0.70765 0.45671111093750005 0.7019833328125 0.4508888890625 0.6880333328125 0.44160000000000005 0.6780166671875001 0.44566666718750003 0.6710333328125 0.45031111093750004 0.6706000000000001 0.46077777812500004 0.6671166671875 0.46715555625 0.6854166671875 0.4694888890625 0.6963166671875001 0.46715555625 0.7024166671875001 0.46715555625 0.7067833328125 0.46715555625
2 0.5742 0.3917333328125 0.5564833328125001 0.4000888890625 0.5273166671875 0.413377778125 0.5265833328125 0.4291333328125 0.5339666671875001 0.43897777812500005 0.56165 0.42075555624999994 0.5660666671875 0.4202666671875 0.5727166671874999 0.41042222187500005 0.5742 0.3917333328125
2 0.2684 0.5540888890625 0.26745 0.5382888890624999 0.2660333328125 0.5193555562500001 0.2598833328125 0.504822221875 0.25135 0.49155555624999997 0.24425 0.4871333328125 0.2380833328125 0.48208888906249997 0.2257666671875 0.48019999999999996 0.20871666718749998 0.48651111093750005 0.2011333328125 0.49786666718749994 0.19261666718749998 0.516822221875 0.19544999999999998 0.543977778125 0.2035166671875 0.56355555625 0.25844999999999996 0.5743111109375 0.2613 0.568622221875 0.2684 0.5540888890625
2 0.39645 0.31520000000000004 0.3902166671875 0.324577778125 0.4183 0.38282222187500003 0.4206333328125 0.36306666718749997 0.4136166671875 0.3432888890625 0.39645 0.31520000000000004
2 0.75815 0.578222221875 0.7631 0.593422221875 0.7725 0.60464444375 0.7853833328125 0.598022221875 0.7799333328125 0.58284444375 0.7715166671875 0.55775555625 0.7660666671875 0.54324444375 0.75815 0.5320222218749999 0.7556666671875 0.5221111109375001 0.7413166671875 0.5214666671875 0.7398333328125 0.53795555625 0.7457666671875 0.5465333328125 0.7462666671875 0.5610666671875 0.75815 0.578222221875
2 0.8354333328125 0.40957777812499996 0.8387333328125001 0.41204444375 0.8416166671875001 0.4128666671875 0.8473833328125 0.40957777812499996 0.8535666671875 0.407377778125 0.8577 0.39775555625000003 0.8665666671875 0.39335555625 0.8671833328125 0.3851111109375 0.8647 0.380422221875 0.8618166671875 0.380422221875 0.8595499999999999 0.380422221875 0.8587333328125 0.38235555625 0.8579000000000001 0.3842666671875 0.8554333328125001 0.3862 0.8511 0.3864666671875 0.8473833328125 0.3873111109375 0.8434666671875 0.3881333328125 0.8403833328125 0.3895111109375 0.8385166671875 0.3916888890625 0.8358333328124999 0.395822221875 0.8358333328124999 0.39335555625 0.8341833328125 0.3960888890625 0.8354333328125 0.40957777812499996