3 0.48489361718749996 0.47173437500000004 0.487919621875 0.47093749999999995 0.4933569734375 0.470546875 0.49638297812500004 0.4689375 0.498203309375 0.46375 0.49697399531249997 0.458546875 0.49094562656249996 0.45175 0.48066193906250004 0.450546875 0.47037825 0.45375 0.4625059109375 0.460546875 0.46312056718749994 0.46534375 0.46796690312500006 0.4729375 0.48489361718749996 0.47173437500000004
3 0.520189125 0.450265625 0.5246808515625 0.450703125 0.53229314375 0.44996875000000003 0.5388179671875 0.446546875 0.54172576875 0.443296875 0.542174940625 0.44165625000000003 0.5406146578125 0.43765625 0.5309692671875 0.436171875 0.5251300234375 0.436328125 0.5188416078125 0.440328125 0.5174940890624999 0.444328125 0.51817966875 0.446546875 0.520189125 0.450265625
3 0.5357919625 0.43382812499999995 0.5469976359375 0.43234374999999997 0.5499054375 0.43071875000000004 0.5512529546875 0.4265625 0.5485579203125 0.423609375 0.5425059109375 0.419890625 0.5333096921875 0.419453125 0.5306146578125001 0.42196875 0.5290543734375001 0.42478125 0.5288179671875 0.42774999999999996 0.5299527187499999 0.430578125 0.5357919625 0.43382812499999995
3 0.5010638296875001 0.381859375 0.498345153125 0.3881875 0.49900709218749995 0.39449999999999996 0.497659575 0.40173437500000003 0.4894562640625 0.408515625 0.49148936093750006 0.415734375 0.5038061468749999 0.42476562500000004 0.5051773046875 0.431546875 0.5024349875 0.43425 0.49900709218749995 0.444640625 0.49286052031249994 0.455484375 0.49286052031249994 0.462703125 0.4949172578125 0.46948437500000006 0.498345153125 0.47670312499999995 0.497659575 0.4839375 0.4949172578125 0.48845312500000004 0.5044917250000001 0.493421875 0.5160992906249999 0.49115624999999996 0.5338770687500001 0.490265625 0.549598109375 0.491609375 0.5550591015624999 0.48981250000000004 0.5550591015624999 0.48303124999999997 0.54822695 0.466328125 0.549598109375 0.449609375 0.5489125296874999 0.431546875 0.5447990546875 0.420703125 0.5509456265625 0.40940624999999997 0.5571158390625001 0.40354687499999997 0.5646099296875 0.39540625 0.5632624109375 0.3823125 0.556430259375 0.369671875 0.5550591015624999 0.361078125 0.5325059109375 0.35340625000000003 0.521560284375 0.351140625 0.5051773046875 0.35746875 0.50037825 0.359734375 0.492174940625 0.36198437499999997 0.4935461 0.372828125 0.5010638296875001 0.381859375
3 0.4956028375 0.37560937499999997 0.492127659375 0.37503125000000004 0.486052009375 0.37571875 0.4843026 0.37825000000000003 0.484137115625 0.381921875 0.48517730468750003 0.384671875 0.48725768281250004 0.385359375 0.49229314375 0.38478124999999996 0.49593380624999994 0.383640625 0.4987234046875 0.381109375 0.49836879375 0.37825000000000003 0.4956028375 0.37560937499999997
3 0.3869503546875 0.3944375 0.3925768328125 0.41009375 0.40839243437499995 0.404875 0.424184396875 0.40040624999999996 0.4275650125 0.403390625 0.4433806140625 0.403390625 0.45352245937499996 0.392203125 0.458037825 0.37728125 0.4569030734375 0.36384375 0.45127659531250003 0.36310937499999996 0.424184396875 0.359375 0.409503546875 0.36459375 0.3925768328125 0.375046875 0.3869503546875 0.3944375
3 0.459503546875 0.435578125 0.4613475171875 0.435390625 0.46555555625 0.43565624999999997 0.46891252968749997 0.43732812499999996 0.46933806093749997 0.4363125 0.47283687968750004 0.434546875 0.47255319218749997 0.431953125 0.47101654843749996 0.428421875 0.4669503546875 0.42731250000000004 0.460212765625 0.42834374999999997 0.457825059375 0.431859375 0.457825059375 0.431953125 0.4572576828125 0.43371875 0.459503546875 0.435578125
3 0.450496453125 0.479578125 0.4465011828125 0.48575 0.450496453125 0.49192187499999995 0.45583924375 0.49456249999999996 0.459834515625 0.4954375 0.46382978750000003 0.48839062499999997 0.45848699687499994 0.479578125 0.450496453125 0.479578125
3 0.4770449171875 0.41559375000000004 0.470165484375 0.41656250000000006 0.46770685624999997 0.41915625 0.4686997640625 0.422734375 0.47165484687500003 0.42532812499999995 0.47557919687499994 0.42598437499999997 0.4829550828125 0.424359375 0.484420803125 0.4181875 0.4770449171875 0.41559375000000004
3 0.48990543750000004 0.372265625 0.48990543750000004 0.3686875 0.4813947984375 0.36203124999999997 0.47286052031250003 0.36203124999999997 0.4705437359375 0.36971875 0.474420803125 0.37278125 0.48990543750000004 0.372265625
3 0.48491725781249995 0.43481249999999994 0.48737588593750003 0.434375 0.49004728125 0.432015625 0.48737588593750003 0.42759375000000005 0.485815603125 0.42642187500000006 0.4831442078125 0.42553124999999997 0.4786761234375 0.42582812499999995 0.47378250624999996 0.42670312499999996 0.47222222187499996 0.42951562499999996 0.47222222187499996 0.430828125 0.4746572109375 0.43334374999999997 0.4769030734375 0.43334374999999997 0.47912529531250003 0.434078125 0.4813475171875 0.434671875 0.48491725781249995 0.43481249999999994
3 0.4681323875 0.446296875 0.46498817968750006 0.44479687500000004 0.46238770625000003 0.444921875 0.458061465625 0.446296875 0.455626478125 0.44846874999999997 0.4549172578125 0.450890625 0.45631205625 0.45284375 0.458392434375 0.454796875 0.45978723437499996 0.45525000000000004 0.4609929078125 0.455015625 0.464137115625 0.45203125 0.4691725765625 0.44939062500000004 0.469692671875 0.44825 0.4681323875 0.446296875
3 0.461891253125 0.485515625 0.46165484687499997 0.4876875 0.46215130000000004 0.49135937500000004 0.46215130000000004 0.49403125000000003 0.46468085156249994 0.49535937499999994 0.46669030781250004 0.495703125 0.4722458625 0.49603125 0.4752718671875 0.495703125 0.4765484640625 0.49403125000000003 0.478061465625 0.4876875 0.4767848703125 0.4841875 0.4697163125 0.48167187499999997 0.4629078015625 0.4851875 0.4669503546875 0.482515625 0.463664303125 0.4836875 0.461891253125 0.485515625
3 0.45862884218750005 0.54375 0.46572104062499997 0.540625 0.47281323906250006 0.5453125 0.4869976359375 0.5453125 0.49172576875 0.5421875 0.4964539 0.5244791671875 0.49034673125 0.5149739578125 0.5022655625 0.5149088546875 0.5035461 0.509375 0.514184396875 0.51484375 0.6452915671875 0.5141276046875001 0.65248226875 0.5171875 0.65248226875 0.5234375 0.661938534375 0.525 0.6666666671875 0.521875 0.6666666671875 0.5171875 0.669976359375 0.5140625 0.6827423171875 0.5140625 0.7163120562499999 0.5234375 0.7257683218750001 0.525 0.730496453125 0.521875 0.730496453125 0.5171875 0.7210401890625 0.5140625 0.7163120562499999 0.5171875 0.70827423125 0.5140625 0.5035461 0.5015625 0.5035461 0.49375 0.4964539 0.490625 0.4964539 0.4859375 0.48969942499999997 0.478125 0.4964539 0.4734375 0.49172576875 0.471875 0.494089834375 0.4546875 0.4869976359375 0.4515625 0.494089834375 0.4453125 0.49172576875 0.3875 0.4846335703125 0.384375 0.4846335703125 0.378125 0.4893617015625 0.3765625 0.49172576875 0.36875 0.4846335703125 0.3625 0.47517730468749997 0.3734375 0.470449171875 0.365625 0.46572104062499997 0.3625 0.45862884218750005 0.3671875 0.46572104062499997 0.37890625 0.456264775 0.384375 0.45390070937500004 0.3921875 0.44444444375 0.403125 0.4349881796875 0.4046875 0.4231678484375 0.4265625 0.4192277375 0.5072916671875001 0.43075256093750003 0.5152994796875 0.41883372812499997 0.5153645828125 0.4186367203125 0.5240885421875 0.41843971562500004 0.5328125 0.42789598125 0.5390625 0.44444444375 0.54375 0.45862884218750005 0.54375