1 0.62822 0.3336266671875 0.63412 0.33085333281249996 0.6455599999999999 0.3285333328125 0.65876 0.3206666671875 0.66396 0.31096 0.66084 0.3030933328125 0.6570199999999999 0.3030933328125 0.64522 0.3067733328125 0.62996 0.3178933328125 0.62024 0.3238933328125 0.6192 0.3238933328125 0.6244 0.3313066671875 0.62822 0.3336266671875
1 0.64428 0.34287999999999996 0.65586 0.3424 0.6678 0.34432 0.67104 0.3370933328125 0.6743 0.3308266671875 0.66128 0.3308266671875 0.64284 0.3279466671875 0.64176 0.3337333328125 0.64428 0.34287999999999996
2 0.7157199999999999 0.58704 0.7280599999999999 0.5942933328125 0.74224 0.6098133328124999 0.7484200000000001 0.6088266671875 0.75022 0.6117333328125001 0.76768 0.6165866671875 0.77348 0.6161066671875 0.77894 0.6132 0.7833 0.6069066671875001 0.7902 0.5972000000000001 0.79166 0.5942933328125 0.78874 0.5909066671875001 0.78548 0.5923733328125 0.7782 0.6025333328125 0.77022 0.6088266671875 0.7611399999999999 0.6049599999999999 0.7484200000000001 0.59624 0.7484200000000001 0.5923733328125 0.73896 0.5831733328125 0.73024 0.57784 0.7208 0.5657333328124999 0.71026 0.5545866671875 0.69646 0.54392 0.69318 0.54344 0.68738 0.55168 0.69136 0.5628266671875 0.70008 0.5720266671875 0.7157199999999999 0.58704
2 0.79778 0.5422933328124999 0.79972 0.5379466671875 0.79972 0.5344800000000001 0.77566 0.5284 0.7412 0.5266666671875 0.7275400000000001 0.5214666671875 0.71192 0.5214666671875 0.70152 0.5266666671875 0.70346 0.5362133328125 0.70802 0.5396799999999999 0.7516 0.5466133328125 0.7743599999999999 0.5474933328125 0.78802 0.5422933328124999 0.79778 0.5422933328124999
1 0.616 0.3710133328125 0.6328199999999999 0.3689333328125 0.64756 0.36751999999999996 0.6586000000000001 0.3668266671875 0.67544 0.3598133328125 0.67386 0.3577066671875 0.66228 0.3577066671875 0.6670200000000001 0.34858666718750003 0.65334 0.3457866671875 0.6423 0.3569866671875 0.64072 0.35069333281250004 0.64072 0.34928 0.63652 0.3499733328125 0.6333599999999999 0.35418666718749997 0.62388 0.3577066671875 0.62652 0.3534933328125 0.62652 0.3528 0.6333599999999999 0.3387733328125 0.6328199999999999 0.3324533328125 0.62862 0.3324533328125 0.6181 0.3443733328125 0.6049599999999999 0.3577066671875 0.60232 0.36261333281249997 0.60758 0.37312 0.616 0.3710133328125
1 0.62288 0.3199466671875 0.6329 0.3166933328125 0.6342399999999999 0.30768 0.63966 0.30229333281250004 0.64344 0.2918133328125 0.64262 0.2864266671875 0.6366799999999999 0.2867733328125 0.6258600000000001 0.29616 0.6218 0.29975999999999997 0.61828 0.29975999999999997 0.61044 0.29904000000000003 0.60396 0.3048 0.6028800000000001 0.3120266671875 0.60368 0.3199466671875 0.60748 0.3268 0.61342 0.3293066671875 0.61586 0.33293333281250004 0.61964 0.33832 0.62694 0.33002666718749996 0.61748 0.32752 0.62288 0.3199466671875
1 0.61536 0.3385866671875 0.61398 0.3334133328125 0.60894 0.3254666671875 0.60002 0.3166133328125 0.59406 0.3089866671875 0.58536 0.30808 0.5844400000000001 0.31509333281249996 0.58216 0.3175466671875 0.57528 0.3169333328125 0.5714 0.3251733328125 0.57528 0.3328 0.59474 0.3523466671875 0.60802 0.35386666718750004 0.61604 0.3465333328125 0.61582 0.3431733328125 0.61536 0.3385866671875
1 0.6357999999999999 0.31026666718749996 0.65344 0.3040533328125 0.65084 0.29368 0.6451399999999999 0.29090666718749997 0.6357999999999999 0.31026666718749996
2 0.72626 0.47517333281249996 0.7337 0.4679733328125 0.74382 0.45538666718750004 0.7458400000000001 0.4490666671875 0.7418 0.44458666718749995 0.73976 0.44458666718749995 0.7363999999999999 0.44367999999999996 0.72694 0.4481866671875 0.7303200000000001 0.43106666718750003 0.7148 0.4418666671875 0.70804 0.4490666671875 0.70938 0.4283733328125 0.69792 0.43826666718749996 0.68914 0.4517866671875 0.67698 0.47248 0.6695599999999999 0.47517333281249996 0.68238 0.4247733328125 0.6688799999999999 0.44637333281249997 0.65606 0.4814666671875 0.6466000000000001 0.5147733328124999 0.65404 0.5264800000000001 0.66012 0.5282933328125 0.66754 0.5291733328125 0.6796800000000001 0.5237866671875 0.6695599999999999 0.53368 0.68442 0.51928 0.69588 0.50488 0.7141200000000001 0.49226666718749995 0.72626 0.47517333281249996
1 0.5435800000000001 0.3375733328125 0.5453 0.3372 0.54884 0.3370133328125 0.55382 0.3347466671875 0.5541 0.3307466671875 0.55226 0.3201333328125 0.55026 0.31464 0.54884 0.3091466671875 0.54756 0.3061066671875 0.54558 0.30517333281250003 0.5389 0.3044 0.5360400000000001 0.30629333281250004 0.5332 0.30989333281250003 0.5332 0.32032 0.53676 0.3294133328125 0.5406 0.3353066671875 0.54088 0.3354933328125 0.5435800000000001 0.3375733328125
0 0.49616 0.4324 0.48704000000000003 0.4234933328125 0.47914 0.4234933328125 0.46820000000000006 0.4275466671875 0.46394 0.4405066671875 0.46272 0.45671999999999996 0.46698000000000006 0.46319999999999995 0.47124 0.46645333281249995 0.47062 0.4672533328125 0.48339999999999994 0.47293333281249994 0.49494 0.46399999999999997 0.49798 0.4486133328125 0.49616 0.4324
0 0.49124 0.4291733328125 0.5022 0.4181333328125 0.5055 0.40133333281250005 0.50508 0.3925066671875 0.50322 0.38754666718749997 0.49786 0.3801066671875 0.48938 0.37679999999999997 0.48566000000000004 0.37679999999999997 0.48048 0.3801066671875 0.47636 0.3834133328125 0.47450000000000003 0.39112 0.47241999999999995 0.39855999999999997 0.47241999999999995 0.40765333281249994 0.47759999999999997 0.41317333281249996 0.48422 0.4197866671875 0.49124 0.4291733328125
0 0.49718 0.4505333328125 0.49644000000000005 0.45792 0.49938000000000005 0.4589066671875 0.50566 0.4598933328125 0.51414 0.46973333281249996 0.51784 0.46973333281249996 0.52154 0.4648266671875 0.52412 0.45448000000000005 0.52338 0.43922666718750003 0.51268 0.4278933328125 0.5016 0.4274133328125 0.49383999999999995 0.42888000000000004 0.49532 0.43183999999999995 0.49644000000000005 0.43479999999999996 0.49718 0.4505333328125
0 0.55436 0.42562666718750003 0.55992 0.42031999999999997 0.5578000000000001 0.4041066671875 0.55118 0.3938666671875 0.5443 0.3917333328125 0.53186 0.3981066671875 0.5302800000000001 0.4069066671875 0.5324 0.41504 0.53504 0.41997333281250004 0.54906 0.41997333281250004 0.55436 0.42562666718750003
0 0.5673 0.4210133328125 0.55806 0.42248 0.55586 0.42594666718749996 0.5577 0.4490666671875 0.55992 0.45693333281250004 0.5654600000000001 0.45792 0.57836 0.4534933328125 0.58316 0.4402133328125 0.57984 0.4244533328125 0.5673 0.4210133328125
0 0.599 0.4474133328125 0.6030599999999999 0.4378133328125 0.60336 0.43114666718750005 0.60244 0.4253066671875 0.60024 0.4198933328125 0.59586 0.4169866671875 0.59056 0.41490666718749997 0.5846199999999999 0.41490666718749997 0.5786800000000001 0.4169866671875 0.5768 0.42031999999999997 0.5768 0.4232266671875 0.579 0.4273866671875 0.5815 0.4315733328125 0.58336 0.4357333328125 0.58336 0.4394933328125 0.5815 0.4453066671875 0.58274 0.4490666671875 0.58806 0.4494933328125 0.59118 0.4494933328125 0.599 0.4474133328125
0 0.5883 0.4819466671875 0.58804 0.4759466671875 0.5877600000000001 0.46784 0.58328 0.4611466671875 0.5740000000000001 0.45549333281250004 0.5642199999999999 0.4590133328125 0.56264 0.4646666671875 0.56316 0.47135999999999995 0.56316 0.47912 0.56316 0.48618666718750003 0.5674 0.4904266671875 0.58644 0.48760000000000003 0.5883 0.48583999999999994 0.5883 0.4819466671875
3 0.6593600000000001 0.28856000000000004 0.6554800000000001 0.29664 0.6552399999999999 0.3040533328125 0.6596 0.3030933328125 0.66372 0.3037333328125 0.6642 0.31472 0.65984 0.3211733328125 0.65766 0.3221333328125 0.65864 0.3257066671875 0.6702600000000001 0.3276266671875 0.67584 0.32893333281250003 0.67728 0.3189066671875 0.68068 0.3092266671875 0.6877 0.3030933328125 0.68964 0.30146666718750004 0.6865 0.29016000000000003 0.67632 0.2830666671875 0.66688 0.28274666718749997 0.6593600000000001 0.28856000000000004
3 0.67742 0.3341333328125 0.67366 0.3341333328125 0.6707799999999999 0.33736 0.66814 0.34384000000000003 0.66936 0.35018666718749997 0.6695800000000001 0.35503999999999997 0.67366 0.3584266671875 0.67918 0.3598933328125 0.68008 0.358 0.68128 0.35090666718749997 0.68118 0.34472 0.67962 0.3388266671875 0.67742 0.3341333328125
3 0.6958 0.29368 0.68324 0.3025333328125 0.6766 0.3246666671875 0.6814 0.3241866671875 0.7194200000000001 0.3217333328125 0.72126 0.32122666718750004 0.71462 0.30992000000000003 0.6958 0.29368
3 0.54658 0.4958666671875 0.55952 0.4897333328125 0.56384 0.47325333281250004 0.5621 0.45522666718749993 0.5523399999999999 0.45138666718750003 0.54082 0.45445333281250005 0.53422 0.4648266671875 0.53106 0.4717066671875 0.53478 0.48552 0.53766 0.4935733328125 0.54658 0.4958666671875
2 0.78232 0.4975466671875 0.7498199999999999 0.5119733328125 0.72816 0.52216 0.74154 0.5264266671875 0.7402599999999999 0.5272533328125 0.76766 0.5170666671874999 0.8027 0.4966933328125 0.80844 0.48904 0.78232 0.4975466671875
2 0.70132 0.52672 0.7115400000000001 0.5212 0.72688 0.52216 0.75756 0.5085333328125 0.78484 0.4961866671875 0.7897000000000001 0.4893866671875 0.78216 0.4870933328125 0.7463599999999999 0.49944 0.71738 0.5075733328124999 0.70034 0.5143733328125 0.69352 0.5234666671875 0.6928 0.5234666671875 0.6928 0.5270400000000001 0.70132 0.52672
2 0.7759400000000001 0.5601066671875 0.7832399999999999 0.5601066671875 0.78384 0.5528 0.7802 0.5471199999999999 0.7157600000000001 0.53984 0.71088 0.5463199999999999 0.69872 0.5446933328125 0.71818 0.5665866671875001 0.75952 0.56576 0.77412 0.5673866671875001 0.7887 0.5860266671875001 0.78688 0.57792 0.7759400000000001 0.5601066671875
2 0.72272 0.49949333281249997 0.72746 0.48760000000000003 0.72784 0.4792533328125 0.7270800000000001 0.47469333281250004 0.7244200000000001 0.47469333281250004 0.721 0.48 0.7138 0.48986666718749994 0.70716 0.4977066671875 0.69596 0.5053066671875001 0.6923600000000001 0.5106133328125 0.69786 0.5156799999999999 0.70184 0.5133866671875 0.7157 0.5068266671874999 0.72272 0.49949333281249997
2 0.7285999999999999 0.5060266671875 0.7517199999999999 0.49562666718750004 0.7617200000000001 0.4902133328125 0.76766 0.48728 0.7736 0.48437333281250006 0.77828 0.48103999999999997 0.7704799999999999 0.48186666718750004 0.76298 0.48269333281250004 0.75766 0.4822933328125 0.74922 0.4848 0.72578 0.5014666671875 0.71766 0.5064533328125 0.72046 0.5064533328125 0.7285999999999999 0.5060266671875
2 0.64376 0.5177866671875 0.64756 0.5070666671875 0.65034 0.48130666718750004 0.64976 0.47624000000000005 0.6472800000000001 0.47176 0.6442 0.47058666718750003 0.64112 0.47293333281249994 0.6365999999999999 0.49554666718749996 0.6344000000000001 0.5090133328124999 0.63484 0.5158400000000001 0.63834 0.5183733328125 0.6389400000000001 0.5164266671875 0.64156 0.5170133328125 0.64376 0.5177866671875