0 0.9300937499999999 0.47379166718750004 0.9221875 0.46325000000000005 0.909015625 0.457625 0.888984375 0.4611458328125 0.8815937500000001 0.49066666718749996 0.88634375 0.5054166671875 0.89478125 0.5117499999999999 0.900578125 0.5187708328125 0.9084843749999999 0.5166666671875 0.9211406249999999 0.5117499999999999 0.9295781249999999 0.5005 0.9316875 0.4927708328125 0.9300937499999999 0.47379166718750004
0 0.8753125 0.4829791671875 0.8713124999999999 0.4730625 0.8633124999999999 0.46314583281250005 0.8530312500000001 0.4593541671875 0.8393124999999999 0.460875 0.8301562499999999 0.4654375 0.8232968749999999 0.4791666671875 0.818734375 0.49135416718749997 0.819296875 0.5058333328125 0.82559375 0.5119374999999999 0.837015625 0.5195624999999999 0.8478749999999999 0.524125 0.863890625 0.524125 0.8753125 0.5172708328125 0.87303125 0.5096458328125 0.8770312499999999 0.49439583281250005 0.8753125 0.4829791671875
0 0.9362187499999999 0.5183958328125 0.9362187499999999 0.5306458328125 0.937671875 0.5383958328125 0.942015625 0.5377500000000001 0.950734375 0.5377500000000001 0.978328125 0.5409791671875 1 0.5435625 0.998171875 0.48289583281250004 0.9972031250000001 0.4693541671875 0.9889687500000001 0.46677083281250004 0.981234375 0.46677083281250004 0.96815625 0.47064583281249994 0.9637968750000001 0.4757916671875 0.95896875 0.48160416718750004 0.9575156249999999 0.49322916718750004 0.95509375 0.49322916718750004 0.950734375 0.4925833328125 0.943953125 0.4925833328125 0.935734375 0.49452083281250003 0.9289531249999999 0.5003124999999999 0.925078125 0.5048333328125 0.9197656249999999 0.5164583328125001 0.927984375 0.5158125 0.9313750000000001 0.5158125 0.9362187499999999 0.5183958328125
0 0.8100625000000001 0.4995416671875 0.8036406250000001 0.4995416671875 0.796359375 0.5001249999999999 0.7886562500000001 0.50525 0.78821875 0.5126875 0.786078125 0.5166666671875 0.784359375 0.52125 0.7830781250000001 0.5275208328125001 0.7830781250000001 0.5332291671875 0.7830781250000001 0.5372291671875 0.7835156249999999 0.5406458328125 0.8323281250000001 0.5395208328125001 0.8327500000000001 0.5406458328125 0.8331875 0.5258125 0.829328125 0.5149583328125 0.82546875 0.5086875 0.8100625000000001 0.4995416671875
0 0.608515625 0.3633958328125 0.6131875 0.3509583328125 0.609859375 0.3482916671875 0.601203125 0.34962499999999996 0.5975312500000001 0.3549583328125 0.59853125 0.3629375 0.596875 0.361625 0.59021875 0.3465208328125 0.570234375 0.3438541671875 0.554921875 0.3687083328125 0.555921875 0.3780416671875 0.5449375 0.3807083328125 0.541609375 0.39579166718750003 0.5449375 0.4126666671875 0.555265625 0.41664583281249995 0.60453125 0.4102291671875 0.6055312500000001 0.3900208328125 0.608515625 0.3633958328125
0 0.32071875 0.3423333328125 0.305109375 0.3419375 0.29596875 0.34627083281250004 0.29096875 0.35608333281250004 0.290375 0.3662916671875 0.291859375 0.37493750000000003 0.29715625 0.382 0.326890625 0.3827916671875 0.33071875 0.3694375 0.328078125 0.3517708328125 0.32071875 0.3423333328125
0 0.286375 0.3458333328125 0.275921875 0.3441666671875 0.26770312500000004 0.3494791671875 0.263984375 0.3591041671875 0.26496875000000003 0.3683958328125 0.26621875 0.3753541671875 0.270703125 0.38133333281250004 0.27740624999999997 0.38297916718749997 0.287359375 0.38264583281250003 0.29259375 0.381 0.29334375 0.3780208328125 0.29259375 0.3746875 0.290109375 0.36475 0.29034375 0.3577708328125 0.29234375 0.353125 0.29259375 0.3514791671875 0.29084374999999996 0.3501458328125 0.286375 0.3458333328125
0 0.436078125 0.43658333281250006 0.419390625 0.433625 0.399375 0.43956249999999997 0.3949375 0.46179166718750003 0.3949375 0.4721666671875 0.40271875 0.4810625 0.41382812500000005 0.4944166671875 0.43940625000000005 0.5033125 0.45720312500000004 0.4988541671875 0.459421875 0.46327083281250003 0.436078125 0.43658333281250006
0 0.11071875 0.4747083328125 0.104640625 0.47427083281250004 0.09665625 0.47768750000000004 0.089640625 0.48237500000000005 0.0835625 0.49087500000000006 0.08165625 0.4998333328125 0.080703125 0.5070625 0.08101562500000001 0.513875 0.09921875 0.5155833328125 0.11421875 0.5113125000000001 0.1151875 0.47810416718750004 0.11071875 0.4747083328125
0 0.079390625 0.4763541671875 0.07095312499999999 0.45608333281249996 0.040546874999999996 0.46733333281249995 0.030406250000000003 0.503375 0.042234375000000005 0.5236458328125 0.048984375000000004 0.5168958328125 0.076015625 0.505625 0.079390625 0.4763541671875
0 0.08953124999999999 0.43131250000000004 0.076015625 0.46508333281249997 0.08953124999999999 0.4831041671875 0.113171875 0.4786041671875 0.11654687500000001 0.4403125 0.08953124999999999 0.43131250000000004
0 0.37753125 0.35789583281250004 0.3720625 0.3505833328125 0.356703125 0.349125 0.348484375 0.349125 0.336421875 0.36666666718749996 0.340796875 0.3820208328125 0.3523125 0.3820208328125 0.37315624999999997 0.37324999999999997 0.37753125 0.3673958328125 0.37753125 0.35789583281250004
0 0.53125 0.3980416671875 0.5396875 0.39637500000000003 0.5431250000000001 0.3780208328125 0.5387500000000001 0.3717708328125 0.534375 0.3646875 0.525625 0.3651041671875 0.5225 0.3609375 0.520625 0.3521875 0.5090625 0.3492708328125 0.4965625 0.3530208328125 0.5096875 0.398875 0.510625 0.3942916671875 0.53125 0.3980416671875
0 0.1515625 0.49375 0.1734375 0.4916666671875 0.1796875 0.46875 0.1828125 0.43125 0.18125 0.4125 0.2015625 0.3875 0.2046875 0.3916666671875 0.2484375 0.3875 0.2515625 0.38125 0.328125 0.38125 0.328125 0.35902777656249996 0.3375 0.36666666718749996 0.34453125 0.36875 0.3390625 0.3791666671875 0.346484375 0.3791666671875 0.35625 0.43125 0.3546875 0.4791666671875 0.3609375 0.4895833328125 0.3859375 0.4895833328125 0.3953125 0.47291666718750003 0.3984375 0.4791666671875 0.3953125 0.46180555625 0.3955492421875 0.43503787968749996 0.6077651515625 0.455492425 0.8546875 0.5291666671875 0.8546875 0.5375 0.8578125 0.5416666671875 0.9015625 0.5416666671875 0.9046875 0.5375 0.9046875 0.5229166671875001 0.8875 0.5083333328124999 0.8828125 0.49583333281249997 0.8828125 0.4791666671875 0.875 0.48125 0.615625 0.45625 0.390625 0.4291666671875 0.38768939375 0.43428030156249997 0.3798295453125 0.4335227265625 0.3796875 0.425 0.3703125 0.425 0.342578125 0.3583333328125 0.34375 0.35625 0.340625 0.3479166671875 0.3326286765625 0.34914215625 0.328125 0.3479166671875 0.324632353125 0.3503676484375 0.252665440625 0.3613970578125 0.25 0.36875 0.2446691171875 0.36262255 0.23667279375 0.36384803906249996 0.2338541671875 0.3625 0.2286764703125 0.3650735296875 0.22395833281250002 0.3625 0.220680146875 0.36629901875000004 0.2140625 0.3625 0.2126838234375 0.3675245109375 0.2046875 0.36875 0.1661458328125 0.4048611109375 0.16875 0.41041666718750003 0.15972222187500001 0.4108796296875 0.146875 0.42291666718750004 0.1421875 0.4291666671875 0.1421875 0.44375 0.1453125 0.4479166671875 0.1484375 0.4895833328125 0.1515625 0.49375