1 0.30364 0.3472672671875 0.29988000000000004 0.3847147140625 0.28866 0.41936936874999997 0.27806000000000003 0.425915915625 0.27058 0.4399699703125 0.27183999999999997 0.45120120156250004 0.27993999999999997 0.45120120156250004 0.29802 0.436216215625 0.30985999999999997 0.41468468437499995 0.31672 0.3734834828125 0.3161 0.3463363359375 0.30862 0.3238738734375 0.31112 0.32105105156249997 0.30488 0.31732732656249996 0.30364 0.3472672671875
1 0.019459999999999998 0.2202102109375 0.011980000000000001 0.24045044999999998 0.003 0.276396396875 0.02844 0.35954955 0.02994 0.38426426406249997 0.01048 0.431471471875 0.03442 0.528078078125 0.03442 0.5550450453125 0.040400000000000005 0.5775375375 0.07334 0.6045045046874999 0.07483999999999999 0.6045045046874999 0.07034 0.5932732734374999 0.12572 0.5528228234375 0.12572 0.5595495500000001 0.12122 0.6022522515625 0.14218 0.5977477484375 0.15864 0.5977477484375 0.15416000000000002 0.5325825828124999 0.14966 0.44495495468749996 0.15416000000000002 0.3550450453125 0.16314 0.2854054046875 0.16014 0.2606606609375 0.09578 0.2134834828125 0.0898 0.20450450468749998 0.06734 0.20450450468749998 0.05238 0.20450450468749998 0.040400000000000005 0.20450450468749998 0.019459999999999998 0.2202102109375
1 0.43141999999999997 0.3389789796875 0.42962 0.3479579578125 0.42842 0.3578678671875 0.42782 0.37048048125 0.43262 0.37675675625 0.43442 0.379459459375 0.43562 0.3992792796875 0.43802 0.4064864859375 0.44279999999999997 0.4055855859375 0.44400000000000006 0.415465465625 0.44880000000000003 0.415465465625 0.4506 0.4109609609375 0.45359999999999995 0.415465465625 0.4566 0.4199699703125 0.4596 0.41456456406250003 0.462 0.4064864859375 0.46498 0.4118618625 0.47038 0.41366366406250005 0.47578 0.41456456406250003 0.47817999999999994 0.415465465625 0.47938000000000003 0.410060059375 0.47998 0.4001801796875 0.47998 0.3821621625 0.47998 0.361471471875 0.47998 0.3515615609375 0.47397999999999996 0.348858859375 0.47698 0.3371771765625 0.47758 0.3326726734375 0.47637999999999997 0.3245645640625 0.47158 0.32816816875 0.46618000000000004 0.32996997031249997 0.45359999999999995 0.3218618625 0.44400000000000006 0.32276276249999997 0.43621999999999994 0.3272672671875 0.43141999999999997 0.3389789796875
1 0.45114 0.1804204203125 0.44782 0.1906606609375 0.44684 0.2026726734375 0.45212 0.21732732656249998 0.45816 0.21732732656249998 0.46224 0.2061861859375 0.46458000000000005 0.19447447499999998 0.46692 0.1719519515625 0.46752000000000005 0.15846846875 0.45874 0.164924925 0.45114 0.1804204203125
1 0.60998 0.42204204218749997 0.60398 0.40459459531249997 0.60784 0.40330330312499996 0.6065400000000001 0.3942642640625 0.616 0.394924925 0.6203000000000001 0.3987987984375 0.62202 0.3981381375 0.61428 0.3826726734375 0.6009599999999999 0.3820120125 0.5983799999999999 0.3845945953125 0.5936600000000001 0.3839639640625 0.58936 0.386546546875 0.58292 0.3904204203125 0.58334 0.44978978906249995 0.59194 0.44009009062500004 0.59408 0.4368768765625 0.5958 0.4239639640625 0.60312 0.4387987984375 0.60784 0.4368768765625 0.60998 0.42204204218749997
1 0.6166 0.3254354359375 0.60842 0.329309309375 0.60714 0.322852853125 0.608 0.3106006 0.59984 0.3106006 0.59038 0.3196396390625 0.58436 0.32996997031249997 0.58392 0.34351351406249997 0.5847800000000001 0.354474475 0.58694 0.36093093125000003 0.58736 0.365465465625 0.59166 0.365465465625 0.59768 0.372552553125 0.61186 0.35060060000000004 0.62176 0.3364264265625 0.61918 0.3254354359375 0.6166 0.3254354359375
1 1 0.38669669687499997 0.99742 0.38360360312499997 0.9922599999999999 0.37894894843750004 0.98504 0.37429429375 0.9747199999999999 0.3773873875 0.97266 0.39444444375 0.97988 0.4052852859375 0.9737 0.408378378125 0.97162 0.42852852812500003 1 0.45174174218749996 1 0.38669669687499997
1 0.5877399999999999 0.30954955 0.60816 0.3112012015625 0.61478 0.3294294296875 0.63408 0.3203303296875 0.64512 0.3261261265625 0.6589 0.3468168171875 0.6727000000000001 0.32363363437500003 0.66276 0.2399699703125 0.6258 0.249909909375 0.60154 0.24660660625 0.5871999999999999 0.2615015015625 0.5877399999999999 0.30954955
1 0.5996400000000001 0.3726726734375 0.5980800000000001 0.368708709375 0.59234 0.368708709375 0.5961000000000001 0.37666666718749997 0.5985199999999999 0.37666666718749997 0.6009599999999999 0.3789789796875 0.6051599999999999 0.38198198125 0.60936 0.37798798749999996 0.614 0.37798798749999996 0.61798 0.3906006 0.6208400000000001 0.3906006 0.6221599999999999 0.3823123125 0.6246 0.37201201250000004 0.6193 0.3614114109375 0.6199600000000001 0.35906906875 0.6201800000000001 0.35045044999999997 0.61754 0.34579579531250004 0.61178 0.351771771875 0.6014 0.3673573578125 0.5996400000000001 0.3726726734375
1 0.44482 0.3686486484375 0.44584 0.38078078125000003 0.45038 0.389909909375 0.45088 0.39066066093749996 0.4514 0.4005105109375 0.45796000000000003 0.399759759375 0.45898000000000005 0.39672672656249997 0.45644 0.39066066093749996 0.45898000000000005 0.3754954953125 0.45796000000000003 0.35954955 0.4625 0.3474174171875 0.46302000000000004 0.343603603125 0.45796000000000003 0.33906906875 0.45289999999999997 0.34057057031250004 0.44684 0.345135134375 0.44482 0.3587987984375 0.44482 0.3686486484375
1 0.42504 0.19513513437500002 0.42354 0.217597596875 0.42654 0.23108108125000001 0.42354 0.2580480484375 0.42354 0.2805105109375 0.43102 0.296246246875 0.44749999999999995 0.31423423437500003 0.45048000000000005 0.32096096093750004 0.45946 0.325465465625 0.46546000000000004 0.31198198125 0.46844 0.2670270265625 0.47294 0.26030030000000004 0.4909 0.2872672671875 0.49688 0.3052552546875 0.50736 0.2760360359375 0.51036 0.27153153125 0.52382 0.251321321875 0.5343 0.2221021015625 0.5343 0.19513513437500002 0.51036 0.17267267343749998 0.46396 0.125465465625 0.45946 0.154684684375 0.4415 0.16816816875 0.42954 0.177147146875 0.42504 0.19513513437500002
1 0.16419999999999998 0.29570570625000003 0.15628 0.35720720781250004 0.15628 0.37108108125 0.18006 0.33339339375 0.19061999999999998 0.31555555625 0.17742 0.39093093125 0.18402000000000002 0.4048048046875 0.19724 0.398858859375 0.19988 0.41075074999999994 0.24346 0.365135134375 0.24081999999999998 0.41075074999999994 0.25668 0.39687687656250004 0.24346 0.44249249218750003 0.28574 0.416696696875 0.29764 0.41075074999999994 0.31216 0.31555555625 0.31744 0.365135134375 0.31216 0.41867867812500004 0.3016 0.46630630625 0.3201 0.4603603609375 0.3267 0.4682882890625 0.34784000000000004 0.4504204203125 0.35972 0.41867867812500004 0.37294 0.3770270265625 0.36236 0.33141141093750004 0.32934 0.29174174218750004 0.3399 0.27192192187500003 0.33198 0.25801801874999997 0.34916 0.232222221875 0.34652 0.198528528125 0.32802 0.1469369375 0.31348 0.11915915937499999 0.29500000000000004 0.1151951953125 0.27782 0.12513513437499998 0.25668 0.11123123125 0.24876 0.1290990984375 0.23157999999999998 0.12711711718750002 0.18006 0.198528528125 0.16684000000000002 0.26198198125 0.1708 0.2639639640625 0.16419999999999998 0.29570570625000003
1 0.508 0.31273273281249997 0.49505999999999994 0.32108108125 0.49413999999999997 0.3321921921875 0.48396 0.3863363359375 0.47380000000000005 0.444624625 0.47102000000000005 0.48906906875 0.46918 0.5334834828125 0.46918 0.5709609609374999 0.47656 0.586246246875 0.48952 0.5904204203125001 0.50246 0.586246246875 0.50892 0.55846846875 0.52372 0.6251051046875 0.53852 0.61954955 0.5302 0.572372371875 0.53574 0.55846846875 0.54498 0.5445945953125 0.557 0.5390390390625 0.5736600000000001 0.5029429421875 0.57088 0.473783784375 0.5616399999999999 0.4474174171875 0.5653400000000001 0.3974174171875 0.5607 0.38354354375 0.55978 0.3682882890625 0.55332 0.3377477484375 0.54222 0.31690690625 0.51726 0.31273273281249997 0.5255799999999999 0.284984984375 0.50986 0.296096096875 0.508 0.31273273281249997
1 0.188 0.5795795796875 0.20400000000000001 0.5795795796875 0.21000000000000002 0.5855855859375 0.23399999999999999 0.5825825828125 0.244 0.5675675671875 0.248 0.552552553125 0.252 0.4924924921875 0.268 0.5015015015625 0.266 0.5105105109375 0.27280000000000004 0.522522521875 0.266 0.534534534375 0.268 0.54354354375 0.274 0.5555555562500001 0.284 0.5645645640625 0.304 0.5645645640625 0.32599999999999996 0.534534534375 0.344 0.525525525 0.352 0.540540540625 0.362 0.5495495499999999 0.382 0.5495495499999999 0.39 0.540540540625 0.4 0.5375375375 0.414 0.5135135140625 0.41600000000000004 0.48348348281250003 0.41200000000000003 0.46846846875 0.404 0.45645645625000003 0.4048 0.4426426421875 0.4732 0.4132132125 0.6 0.4354354359375 0.604 0.4414414421875 0.602 0.44744744687500004 0.606 0.45645645625000003 0.618 0.46846846875 0.638 0.46846846875 0.6519999999999999 0.453453453125 0.666 0.471471471875 0.686 0.471471471875 0.704 0.4624624625 0.72 0.43843843906249996 0.736 0.4294294296875 0.744 0.41741741718750003 0.76 0.4144144140625 0.77 0.39939939999999996 0.774 0.384384384375 0.808 0.38213213281249997 0.808 0.4294294296875 0.8160000000000001 0.45045045000000006 0.8300000000000001 0.4624624625 0.836 0.48048048125 0.8480000000000001 0.4924924921875 0.8720000000000001 0.4894894890625 0.882 0.47447447499999995 0.89 0.45045045000000006 0.9039999999999999 0.4414414421875 0.914 0.4264264265625 0.9179999999999999 0.41141141093750005 0.916 0.3543543546875 0.9019999999999999 0.3333333328125 0.8960000000000001 0.3123123125 0.882 0.29429429375 0.86 0.29429429375 0.8480000000000001 0.30630630625 0.8320000000000001 0.309309309375 0.8140000000000001 0.3363363359375 0.808 0.36636636562499997 0.7767368421875 0.3644697328125 0.774 0.36636636562499997 0.766315790625 0.36383752187499996 0.769 0.35285285312500003 0.764 0.3393393390625 0.774 0.31531531562500004 0.774 0.2852852859375 0.77 0.2702702703125 0.76 0.2552552546875 0.736 0.2522522515625 0.724 0.26426426406250003 0.718 0.2822822828125 0.72 0.3333333328125 0.714 0.3393393390625 0.7142105265625001 0.360676465625 0.7037894734375 0.3600442546875 0.696 0.3423423421875 0.693368421875 0.3594120453125 0.688 0.3533533546875 0.6799999999999999 0.3643643640625 0.672526315625 0.35814762187500004 0.665 0.35585585625 0.6639999999999999 0.3393393390625 0.6559999999999999 0.3453453453125 0.651684209375 0.3568831984375 0.6412631578125 0.3562509875 0.644 0.32732732656249997 0.634 0.321321321875 0.62 0.32732732656249997 0.6204210515625 0.3549865640625 0.61 0.3543543546875 0.48297142812500005 0.40900900937499995 0.42800000000000005 0.36936936875000004 0.434 0.3333333328125 0.446 0.32432432499999997 0.44400000000000006 0.3123123125 0.43200000000000005 0.3003003 0.42400000000000004 0.2852852859375 0.394 0.2882882890625 0.366 0.2552552546875 0.346 0.2552552546875 0.33599999999999997 0.26426426406250003 0.33799999999999997 0.2762762765625 0.32999999999999996 0.29429429375 0.362 0.3333333328125 0.368 0.3543543546875 0.3588571421875 0.3599313609375 0.3612 0.36636636562499997 0.3517142859375 0.37151437187499997 0.3544 0.37837837812499997 0.34457142812499997 0.38309738437499996 0.3476 0.390390390625 0.3408 0.402402403125 0.33742857187499997 0.39468039374999997 0.3302857140625 0.4062634046875 0.33399999999999996 0.4144144140625 0.3272 0.4264264265625 0.3231428578125 0.41784641718750004 0.316 0.4294294296875 0.3204 0.43843843906249996 0.31 0.4414414421875 0.304 0.453453453125 0.282 0.471471471875 0.275 0.48648648593750005 0.248666665625 0.4904904890625 0.24700000000000003 0.47747747812499997 0.242 0.4624624625 0.23399999999999999 0.45045045000000006 0.22799999999999998 0.4264264265625 0.21400000000000002 0.4084084078125 0.188 0.4084084078125 0.161 0.428678678125 0.161666665625 0.440940940625 0.152 0.4354354359375 0.15 0.453453453125 0.154 0.53153153125 0.158 0.5555555562500001 0.188 0.5795795796875