0 0.146879084375 0.5611601312500001 0.1292973859375 0.5511274515625 0.0991666671875 0.5536274515625 0.08535947656250001 0.5661928109375001 0.0753104578125 0.5925490203125 0.08535947656250001 0.61263071875 0.0966503265625 0.6264379078125 0.12176470625 0.6377450984374999 0.14812091562500002 0.6327287578125 0.1594281046875 0.616405228125 0.158169934375 0.5825 0.146879084375 0.5611601312500001
0 0 0.6517320265625 0.0021241828125 0.6517320265625 0.015228757812499999 0.64900326875 0.0349019609375 0.65392156875 0.052385620312500006 0.6626633984375 0.0666013078125 0.6763235296875 0.0649509796875 0.658300653125 0.0704248359375 0.647908496875 0.080800653125 0.6369771234375 0.0899509796875 0.62797385625 0.0877614375 0.6064052281250001 0.075196078125 0.5946405234375 0.056486928125 0.5942320265625 0.03107843125 0.6009150328125 0.009215685937499999 0.6113071890625 0 0.6182679734375001 0 0.6517320265625
0 0.142222221875 0.4476797390625 0.145882353125 0.4308333328125 0.145147059375 0.422042484375 0.1297712421875 0.40444444375 0.1158496734375 0.394934640625 0.094591503125 0.389068628125 0.07919934687499999 0.3883333328125 0.0499019609375 0.389803921875 0.033774509375 0.4095751640625 0.030114379687499998 0.4242320265625 0.030114379687499998 0.4381535953125 0.0315849671875 0.446225490625 0.0367156859375 0.4586764703125 0.047696078125 0.46893790781250005 0.05869281093749999 0.47186274531250005 0.06527777812499999 0.4784640515625 0.0836111109375 0.48285947656249995 0.10045751562500001 0.47919934687500004 0.123905228125 0.4711274515625 0.142222221875 0.4476797390625
0 0.1406372546875 0.6484803921875 0.131356209375 0.6392156859375 0.10354575156250001 0.631486928125 0.08344771250000001 0.6361111109375 0.07418300625 0.642303921875 0.0679901953125 0.6515686281249999 0.0649019609375 0.6623856203125 0.0602614375 0.6701143796875 0.057173203125 0.6809477125 0.07109477187499999 0.7072222218750001 0.120539215625 0.7025817 0.143725490625 0.6917647062500001 0.1483660125 0.6623856203125 0.1406372546875 0.6484803921875
0 0.1789705875 0.684068628125 0.20848039218749997 0.6785947718750001 0.21996732031250002 0.672042484375 0.22214052343750001 0.6501797390624999 0.2150490203125 0.63379085 0.198104575 0.62176470625 0.1658660125 0.61357843125 0.1467320265625 0.6288725484375 0.141274509375 0.6376143796875 0.13908496718750002 0.6370751640625001 0.1494771234375 0.6665849671874999 0.1467320265625 0.68952614375 0.1642320265625 0.693905228125 0.1789705875 0.684068628125
0 0.270604575 0.6525490203125 0.279460784375 0.6363071890625001 0.279460784375 0.6186111109375 0.27650326875000003 0.6082679734374999 0.2484640515625 0.5994117640625001 0.23370915 0.60383986875 0.2204248359375 0.6097549015625 0.22781045781249998 0.677647059375 0.2440359484375 0.6658333328125 0.270604575 0.6525490203125
0 0 0.7032189546875001 0.0040196078125 0.7423202609375 0.0616666671875 0.7155718953125 0.0616666671875 0.6641013078125 0.053431371875 0.6517483656249999 0.001960784375 0.643513071875 0 0.6579248359375 0 0.7032189546875001
0 0.18352941250000002 0.507957515625 0.1771405234375 0.4845098046875 0.16116013125 0.47599673124999997 0.15050653593750002 0.47066993437500004 0.11960784375 0.4717320265625 0.0908496734375 0.48771241875 0.08978758125 0.496225490625 0.0908496734375 0.507957515625 0.0951143796875 0.519673203125 0.098300653125 0.5239379078125 0.1036274515625 0.5335130718750001 0.11215686250000001 0.542042484375 0.1185457515625 0.5494934640625 0.13452614375 0.5537581703125001 0.13026143750000002 0.5590849671875 0.16754902031250002 0.5463071890625 0.1771405234375 0.5345915031249999 0.19099673125 0.5228594765625 0.18352941250000002 0.507957515625
0 0.2286928109375 0.5895751640625 0.23991829999999997 0.580604575 0.21748365937499997 0.558186275 0.195065359375 0.542483659375 0.18161764687499998 0.5492156859375 0.15694444375 0.5671568625 0.15694444375 0.6142320265625 0.19058823593750002 0.6254411765625 0.2219771234375 0.6187254906249999 0.23094771249999999 0.6075163406249999 0.2286928109375 0.5895751640625
3 0.48779411718750004 0.8072058828124999 0.48704248437500003 0.8224509796874999 0.486274509375 0.8361764703125001 0.49694444375 0.8369281046875001 0.5182843140625 0.8369281046875001 0.541143790625 0.832352940625 0.563251634375 0.8163562093750001 0.56857843125 0.7957843140625 0.5693464046875001 0.7652941171875 0.56400326875 0.7477614375 0.5556209156249999 0.734803921875 0.538856209375 0.7218464046874999 0.527434640625 0.718039215625 0.508382353125 0.718039215625 0.49617647031249995 0.7218464046874999 0.4855065359375 0.7249019609375 0.4832189546875 0.7309967312500001 0.480931371875 0.73176470625 0.4641666671875 0.7477614375 0.47864379062499995 0.770620915625 0.486274509375 0.78892156875 0.48779411718750004 0.8072058828124999
0 0.0129901953125 0.4122058828125 0 0.3958496734375 0.00107843125 0.48065359531249996 0.00107843125 0.48511437968750004 0.0159640515625 0.47098039218750004 0.022663398437500003 0.445686275 0.022663398437500003 0.436013071875 0.0129901953125 0.4122058828125
0 0.0701797390625 0.47442810468749996 0.056748365625 0.4715359484375 0.0461928109375 0.46578431406250004 0.034673203125 0.4552287578125 0.024117646875000003 0.453300653125 0.014509804687499999 0.459068628125 0.0125980390625 0.4753758171875 0.0039542484375 0.49073529374999997 0 0.5214542484375 0.0077941171875000005 0.5492810453125 0.034673203125 0.55599673125 0.06539215625 0.560800653125 0.0970588234375 0.5310457515625 0.089379084375 0.49553921562500003 0.0903431375 0.49553921562500003 0.0903431375 0.484983659375 0.0701797390625 0.47442810468749996
3 0.415931371875 0.7421568625 0.4143627453125 0.6888235296875 0.37357843125 0.6464542484375 0.30140522812500004 0.6527287578125 0.2778758171875 0.6888235296875 0.30232026093750003 0.74702614375 0.320408496875 0.7780228765625 0.331225490625 0.7845098046875 0.387696078125 0.7798039218749999 0.415931371875 0.7421568625
3 0.293513071875 0.7420588234375 0.28052287656249997 0.6901143796875 0.24155228750000002 0.6771241828125001 0.18181372499999998 0.6823202609375 0.1402614375 0.7394607843750001 0.1428594765625 0.8147875812500001 0.17142156875 0.8355718953125001 0.24934640468749997 0.8355718953125001 0.27013071875 0.8251797390625001 0.28831699375 0.7862254906249999 0.293513071875 0.7420588234375
3 0.43364379062499997 0.5814052281250001 0.39591503281249996 0.5248202609375 0.2943464046875 0.539330065625 0.3059640515625 0.5436764703125 0.2827450984375 0.603169934375 0.31756535937499997 0.6510620921875 0.41913398749999997 0.6438071890625 0.43364379062499997 0.5814052281250001
3 0.419248365625 0.711143790625 0.419248365625 0.7238235296875 0.419248365625 0.73202614375 0.4282026140625 0.7379901953125 0.443856209375 0.7432026140625 0.45803921562500005 0.74694444375 0.46400326875 0.74694444375 0.4796568625 0.731274509375 0.4863725484375 0.7133660125 0.496813725 0.6895098046875 0.4923366015625 0.6619117640625001 0.48116013124999996 0.63952614375 0.4625 0.6283333328125 0.44312091562499994 0.6253594765625 0.4311764703125 0.6253594765625 0.419248365625 0.6283333328125 0.4155228765625 0.6335620921875 0.4110457515625 0.643251634375 0.400604575 0.6462418296875 0.3894117640625 0.6484803921875 0.38194444375000003 0.6499673203125 0.3789705875 0.6499673203125 0.3946241828125 0.6611601312500001 0.407303921875 0.676830065625 0.4147712421875 0.696225490625 0.419248365625 0.711143790625
3 0.3008496734375 0.87944444375 0.30513071875 0.9000163406249999 0.301699346875 0.9214542484375 0.3094281046875 0.9257352937500001 0.3179901953125 0.9257352937500001 0.33771241875 0.9274509796875 0.35142156875 0.9266013078125 0.36599673125 0.923169934375 0.378856209375 0.9137418296875 0.387434640625 0.904313725 0.3968627453125 0.8837418296875 0.4028594765625 0.8665849671875 0.40457516406250005 0.8408660125 0.3994281046875 0.8263071890625 0.386568628125 0.8074346406249999 0.36857843125 0.7954411765625 0.34285947656250004 0.7945751640625 0.3231372546875 0.79629085 0.299983659375 0.799722221875 0.28370915 0.8100163406249999 0.26826797343750003 0.8365849671875001 0.269983659375 0.8391503265625 0.2845588234375 0.8520098046875001 0.3008496734375 0.87944444375
3 0.42228758125 0.8784967312499999 0.47150326875 0.8733169937499999 0.492222221875 0.8448202609375001 0.48704248437500003 0.767091503125 0.4352287578125 0.7411928109375 0.40155228750000005 0.7619117640625 0.3808333328125 0.7955882359374999 0.39119281093749997 0.8241013078125 0.40155228750000005 0.8681372546875 0.42228758125 0.8784967312499999
3 0.46669934687500003 0.882483659375 0.472352940625 0.8971895421875 0.4791339875 0.9175326796875 0.48704248437500003 0.9378758171875001 0.4938235296875 0.9514542484374999 0.5017483656249999 0.9638888890624999 0.5164379078125 0.9706699343749999 0.5379248359375 0.9684150328125 0.5627941171875 0.9525817 0.5650490203125 0.923186275 0.5627941171875 0.89831699375 0.560539215625 0.8745751640625 0.556013071875 0.8508333328125 0.5322712421875 0.8417810453125 0.50513071875 0.83952614375 0.5017483656249999 0.8440522874999999 0.491568628125 0.8564869281249999 0.47573529375 0.8700490203125 0.46555555625 0.8791013078125 0.46669934687500003 0.882483659375
3 0.1320751640625 0.9531535953124999 0.1551143796875 0.9848366015625001 0.1810294125 0.9848366015625001 0.231895425 0.9838725484375 0.274117646875 0.972352940625 0.3000326796875 0.9464379078125 0.30483660156250003 0.89460784375 0.287565359375 0.8600490203125 0.2654901953125 0.8427777781250001 0.21941176406250001 0.832222221875 0.1627941171875 0.8475816999999999 0.13687908437500002 0.8629411765624999 0.1176797390625 0.903251634375 0.1320751640625 0.9531535953124999
3 0.301225490625 0.6283006531249999 0.29362745156250003 0.6283006531249999 0.2733986921875 0.6333660125 0.2557026140625 0.6510620921875 0.25065359531250003 0.676356209375 0.28099673125 0.69236928125 0.301225490625 0.6510620921875 0.315539215625 0.6527450984375001 0.301225490625 0.6283006531249999
3 0.573513071875 0.91486928125 0.5691830062500001 0.9343464046875001 0.6167810453125 0.910539215625 0.6340849671875 0.86944444375 0.6319281046875 0.8402287578125 0.6146241828125001 0.81426470625 0.5940686281249999 0.795882353125 0.5724346406249999 0.80129085 0.568104575 0.817516340625 0.5637745093750001 0.819673203125 0.539983659375 0.8358986921874999 0.5551143796875 0.8499673203125001 0.573513071875 0.8889052281250001 0.573513071875 0.91486928125