2 0.857 0.3081875 0.851734375 0.3108125 0.8418906249999999 0.3116875 0.830078125 0.3186875 0.8169375000000001 0.3475833328125 0.8223125 0.3862083328125 0.870125 0.3256875 0.86946875 0.3213125 0.857 0.3081875
0 0.1224375 0.449 0.10515624999999999 0.4480416671875 0.08140625 0.4816458328125 0.07564062499999999 0.5104375 0.11667187500000001 0.5133125 0.12028125 0.5075624999999999 0.11956249999999999 0.48452083281249997 0.1224375 0.449
0 0.236 0.6922083328124999 0.232953125 0.701125 0.25970312500000003 0.7059791671875 0.26760937500000004 0.7084166671875 0.27673437500000003 0.6881458328125001 0.279765625 0.677625 0.27673437500000003 0.6378958328125 0.24693749999999998 0.6265416671875 0.24085937500000001 0.6257291671874999 0.239640625 0.6565416671875 0.236 0.6922083328124999
0 0.15371875 0.32747916718750003 0.12146874999999999 0.3315416671875 0.11840625 0.34027083281250003 0.1275625 0.35420833281249997 0.134109375 0.3693333328125 0.134984375 0.3693333328125 0.1436875 0.3547916671875 0.15459375 0.3350416671875 0.156765625 0.332125 0.15371875 0.32747916718750003
0 0.08403125 0.7621666671875 0.064828125 0.7296875 0.049328125 0.7134583328125 0.037890625 0.6937708328125 0.029765625 0.6913125 0.0268125 0.7046041671875 0.05192187499999999 0.7577499999999999 0.06446874999999999 0.7744791671875 0.07221875 0.7744791671875 0.088453125 0.7710416671875 0.092890625 0.7710416671875 0.08403125 0.7621666671875
0 0.05615625 0.7655416671874999 0.039359375 0.7252500000000001 0.022578124999999998 0.7304791671875 0.034328125 0.7976041671874999 0.04271875 0.794625 0.05615625 0.7655416671874999
0 0.176984375 0.7304583328125 0.1865 0.7371666671875 0.193765625 0.743125 0.19432812500000002 0.743875 0.2071875 0.7274583328124999 0.21278125 0.7252291671875 0.18817187500000002 0.7132916671875 0.170265625 0.7073333328125 0.1741875 0.699875 0.154046875 0.6961458328125001 0.149578125 0.7177708328125 0.161875 0.7393958328125 0.176984375 0.7304583328125
0 0.131953125 0.6675208328125 0.137109375 0.6739166671875 0.15335937500000002 0.6911458328125 0.16221875 0.6965625 0.176234375 0.6955833328125001 0.178828125 0.6926249999999999 0.172921875 0.6808125 0.170703125 0.6542291671875 0.158515625 0.6527499999999999 0.14781249999999999 0.6443958328125 0.137484375 0.6468541671875 0.128625 0.6483333328125 0.11865624999999999 0.6576875 0.11940625 0.6621041671875 0.12493749999999999 0.6650625 0.131953125 0.6675208328125
0 0.1213125 0.6524791671875 0.144578125 0.6401666671874999 0.14678125 0.6347708328125 0.12575 0.62 0.12575 0.627875 0.124265625 0.6416458328125 0.1213125 0.6524791671875
2 0.9311718750000001 0.408875 0.9001250000000001 0.38216666718750003 0.889109375 0.43022916718750004 0.915140625 0.45827083281250003 0.92615625 0.43958333281249995 0.9311718750000001 0.408875
2 0.870765625 0.416875 0.8727499999999999 0.41227083281250004 0.89546875 0.3576041671875 0.9082968749999999 0.3319375 0.9082968749999999 0.3266666671875 0.9063281249999999 0.3240416671875 0.903359375 0.3200833328125 0.88559375 0.33918750000000003 0.8692968750000001 0.3622291671875 0.856453125 0.3984375 0.870765625 0.416875
2 0.9422656249999999 0.46039583281249996 0.9449062500000001 0.4491041671875 0.9409375000000001 0.4381666671875 0.9258593749999999 0.4565208328125 0.9184374999999999 0.47027083281250004 0.9192343749999999 0.4745208328125 0.9287656249999999 0.4861458328125 0.932203125 0.48475 0.9393437499999999 0.4695625 0.9422656249999999 0.46039583281249996
2 0.852890625 0.3141041671875 0.85775 0.3008333328125 0.8600468749999999 0.2844791671875 0.8590312499999999 0.2694791671875 0.852640625 0.2705 0.84778125 0.271875 0.8352656250000001 0.275625 0.8286250000000001 0.2790208328125 0.8227499999999999 0.2872083328125 0.8138125 0.302875 0.81509375 0.32637499999999997 0.8166249999999999 0.3454375 0.830671875 0.3338541671875 0.8401249999999999 0.3246666671875 0.852890625 0.3141041671875
2 0.828296875 0.3784166671875 0.84640625 0.3979583328125 0.858203125 0.38225 0.871421875 0.3500416671875 0.8659687500000001 0.33239583281249996 0.8659687500000001 0.331625 0.864234375 0.331625 0.828296875 0.3784166671875
2 0.908140625 0.38416666718750003 0.91540625 0.35583333281249996 0.90365625 0.3550833328125 0.8874375000000001 0.3737291671875 0.8717812500000001 0.41624999999999995 0.8717812500000001 0.4207291671875 0.8874375000000001 0.4333958328125 0.908140625 0.38416666718750003
2 0.8807812500000001 0.2717083328125 0.8668906249999999 0.2710208328125 0.859171875 0.2888541671875 0.8596875 0.3032708328125 0.8617343749999999 0.3087708328125 0.8699843749999999 0.3163125 0.88696875 0.2998333328125 0.89159375 0.2799375 0.8807812500000001 0.2717083328125
2 0.892 0.29333333281249996 0.883515625 0.302375 0.87165625 0.3215833328125 0.8657187499999999 0.3408125 0.8733437500000001 0.3577708328125 0.875890625 0.3622916671875 0.8987812500000001 0.3204583328125 0.8979374999999999 0.3012291671875 0.892 0.29333333281249996
0 0.12053125 0.4402916671875 0.12532812499999998 0.4495416671875 0.15090625 0.42322916718750003 0.1594375 0.4211041671875 0.1594375 0.41825 0.13865624999999998 0.3791666671875 0.135453125 0.3805833328125 0.13278125000000002 0.4061666671875 0.124796875 0.42322916718750003 0.12159374999999999 0.429625 0.12053125 0.4402916671875
0 0.1568125 0.41312499999999996 0.1600625 0.4104791671875 0.15428124999999998 0.3897916671875 0.153203125 0.3845 0.15446875 0.3797083328125 0.16059375 0.3640625 0.170703125 0.34700000000000003 0.16871875 0.34387500000000004 0.16203125000000002 0.33810416718749997 0.155546875 0.3352083328125 0.13479687499999998 0.3710416671875 0.14490625 0.388125 0.1568125 0.41312499999999996
0 0.241453125 0.5822083328125001 0.22084375 0.5803333328125 0.21195312500000002 0.5828333328124999 0.21475 0.5978125000000001 0.23254687500000001 0.6040625000000001 0.239109375 0.6159375 0.24565625 0.6277916671875 0.27937500000000004 0.6377708328125 0.27749999999999997 0.53975 0.267671875 0.5578541671874999 0.25690625 0.5666041671875 0.24659375 0.5778333328125 0.241453125 0.5822083328125001
0 0.13965624999999998 0.778375 0.133453125 0.8048333328125 0.121046875 0.8263333328125 0.162796875 0.8224791671875 0.15907812500000001 0.8070416671875 0.149984375 0.7794791671875 0.157421875 0.7403541671875 0.14709375 0.7403541671875 0.122703125 0.7453125 0.116921875 0.7546875 0.11940625 0.7568958328125001 0.139234375 0.7717708328125 0.13965624999999998 0.778375