1 0.6351093750000001 0.5536686390625001 0.622046875 0.57683431875 0.616328125 0.603106509375 0.616328125 0.6263017750000001 0.6171562500000001 0.6402071 0.6073593749999999 0.658757396875 0.601640625 0.6881065093750001 0.609796875 0.6989349109375 0.616328125 0.71902366875 0.608984375 0.743757396875 0.6171562500000001 0.7452958578125 0.626125 0.6695857984375 0.63184375 0.6711242609375 0.64653125 0.6695857984375 0.656328125 0.6695857984375 0.6604062500000001 0.67576923125 0.671015625 0.6850295859375 0.675921875 0.680384615625 0.683265625 0.6680177515625 0.6930625 0.6263017750000001 0.6930625 0.601568046875 0.6799999999999999 0.5582840234375 0.6604062500000001 0.541301775 0.6718437500000001 0.525828403125 0.68815625 0.49647929062499996 0.6946875 0.45011834375 0.69225 0.4346449703125 0.684078125 0.41301775156250004 0.668578125 0.39446745625 0.638375 0.40683431875 0.622859375 0.440828403125 0.622046875 0.48257396406249997 0.6253124999999999 0.49647929062499996 0.63103125 0.5134615390625 0.635921875 0.52739645 0.64653125 0.538195265625 0.64653125 0.5536686390625001 0.6351093750000001 0.5536686390625001
1 0.45378125 0.39056212968750004 0.458703125 0.3967751484375 0.461984375 0.41695266249999996 0.464453125 0.4324852078125 0.46854687500000003 0.437130178125 0.478390625 0.43559171562500004 0.4915 0.430917159375 0.49232812499999995 0.430917159375 0.503796875 0.4045266265625 0.50871875 0.3889940828125 0.50871875 0.38124260312499997 0.503796875 0.36881656875 0.50215625 0.3439940828125 0.500515625 0.3269230765625 0.493140625 0.3144970421875 0.485765625 0.30517751406250004 0.479203125 0.2974260359375 0.46690624999999997 0.2974260359375 0.447234375 0.3098224859375 0.43984375 0.3284615390625 0.43739062500000003 0.3471005921875 0.43739062500000003 0.36727810625 0.43903125000000004 0.37813609531250003 0.44148437500000004 0.3797041421875 0.45378125 0.39056212968750004
1 0.46135937499999996 0.6794378703125 0.48071875000000003 0.6904437875 0.48459375 0.6886094671875 0.49428124999999995 0.6482840234375 0.48846875 0.587781065625 0.463296875 0.5676035500000001 0.44103125 0.58227810625 0.4206875 0.5932840234375 0.41778125 0.6152958578125001 0.41778125 0.6464497046875 0.42940625 0.6922781062500001 0.43715624999999997 0.7106213015625 0.43715624999999997 0.697781065625 0.46135937499999996 0.6794378703125
1 0.4849375 0.757337278125 0.469515625 0.773757396875 0.46662499999999996 0.8120710062500001 0.47721875 0.8357988171875 0.493609375 0.8449112421875 0.516734375 0.8449112421875 0.5389062499999999 0.8175443781249999 0.5495 0.7847041421875 0.5389062499999999 0.7372485203125 0.54371875 0.713520709375 0.54371875 0.70076923125 0.533125 0.6788757390625 0.515765625 0.6478402359375 0.498421875 0.6460059171875 0.48107812499999997 0.6952958578125 0.49071875 0.74272189375 0.4849375 0.757337278125
1 0.41075 0.8917159765625 0.430453125 0.8945857984375 0.4403125 0.898905325 0.448640625 0.8773668640625001 0.4403125 0.8630177515625 0.43423437500000006 0.8572781062500001 0.42590625 0.8558284031250001 0.41832812500000005 0.840059171875 0.413015625 0.8271301781249999 0.397859375 0.8142307687500001 0.38270312500000003 0.808491125 0.380421875 0.8070414203125 0.37209375 0.8285798812499999 0.38270312500000003 0.8630177515625 0.399375 0.8788165687499999 0.41075 0.8917159765625
0 0.474109375 0.30523668593750003 0.446640625 0.32579881718750003 0.4376875 0.3487869828125 0.4345 0.37902366875000004 0.44535937499999995 0.41893491093749996 0.460046875 0.4382840234375 0.47346875 0.4382840234375 0.49134374999999997 0.4322485203125 0.504765625 0.416508875 0.50859375 0.37781065156250004 0.50284375 0.34032544374999996 0.47984375 0.30402366875000003 0.474109375 0.30523668593750003
3 0.8619375 0.8407988171874999 0.8980625 0.847869821875 0.936671875 0.7842011828125 0.944140625 0.73467455625 0.937921875 0.6875147921875 0.9316875 0.6592011828125 0.920484375 0.64739645 0.9192343749999999 0.64032544375 0.9155 0.6285502953125001 0.904296875 0.6214497046874999 0.894328125 0.6214497046874999 0.8856093749999999 0.6073076921875 0.849484375 0.6120414203125 0.823328125 0.682781065625 0.8283125 0.7912721890625 0.8619375 0.8407988171874999
3 0.11556249999999998 0.7976331359375 0.1255 0.8 0.13296875 0.8 0.14165624999999998 0.7858875734375 0.147875 0.7717751484375001 0.15284375 0.7576331359374999 0.15409375 0.729408284375 0.15409375 0.710591715625 0.149125 0.6941124265624999 0.146625 0.6682248515625 0.144140625 0.65881656875 0.134203125 0.649408284375 0.123015625 0.6376331359375 0.113078125 0.6305917156249999 0.10065625 0.63292899375 0.091953125 0.6376331359375 0.086984375 0.6447041421875 0.08201562500000001 0.656479290625 0.07828125 0.670591715625 0.072078125 0.68707100625 0.07082812499999999 0.6964792906249999 0.06959375 0.7152958578125 0.07082812499999999 0.72707100625 0.072078125 0.7505917156249999 0.0733125 0.7623668640625 0.086984375 0.776479290625 0.086984375 0.78118343125 0.093203125 0.7858875734375 0.11556249999999998 0.7976331359375
3 0.30890625 0.40363905312500004 0.31146875 0.4400295859375 0.31403125 0.47032544375 0.32234375000000004 0.4727514796875 0.340921875 0.459408284375 0.35564062500000004 0.41455621249999997 0.35884375 0.37334319531250004 0.35628125 0.3660650890625 0.347328125 0.3612130171875 0.32682812499999997 0.3660650890625 0.315953125 0.37334319531250004 0.310828125 0.3830473375 0.30890625 0.40363905312500004
1 0.47106250000000005 0.5113313609375 0.469046875 0.526568046875 0.46804687500000003 0.545591715625 0.483109375 0.56272189375 0.4971875 0.5646153843749999 0.506234375 0.56272189375 0.532359375 0.5303846156249999 0.527328125 0.5303846156249999 0.53134375 0.5094378703125 0.53134375 0.49041420156250004 0.5243125 0.45615384687500005 0.49215625 0.43142011875 0.48009375 0.4428402359375 0.457984375 0.4732840234375 0.462015625 0.48470414218749996 0.46503125 0.49423076874999994 0.47106250000000005 0.5113313609375
1 0.62196875 0.3845266265625 0.632125 0.40488165625 0.64525 0.4026331359375 0.653015625 0.38905325468749996 0.640484375 0.37210059218749997 0.6386875 0.36304733749999996 0.629140625 0.3291420125 0.614203125 0.323491125 0.620171875 0.352869821875 0.62196875 0.3845266265625
1 0.42935937500000004 0.7981065093749999 0.426359375 0.7673076921875001 0.39382812500000003 0.7705621296875 0.357015625 0.7697337281250001 0.3544375 0.802988165625 0.36 0.8086390531250001 0.398109375 0.802988165625 0.42935937500000004 0.7981065093749999
0 0.52215625 0.16852070937500002 0.518140625 0.1617159765625 0.5139218750000001 0.156508875 0.5135 0.148520709375 0.508015625 0.14571005937499998 0.471703125 0.171301775 0.458609375 0.178491125 0.4565 0.181686390625 0.457984375 0.1908875734375 0.46051562500000004 0.20248520781249998 0.466421875 0.20207100625000002 0.47317187499999996 0.2036686390625 0.477609375 0.20328402343750002 0.477828125 0.2208579875 0.47592187499999994 0.23245562187500002 0.47317187499999996 0.2396449703125 0.47317187499999996 0.24724852031250003 0.47698437499999996 0.25683431875 0.4799375 0.2648520703125 0.48457812499999997 0.26683431875 0.48921875000000004 0.26884615312500004 0.49343750000000003 0.2704437875 0.49998437500000004 0.27363905312500003 0.505265625 0.27242603593750003 0.5151875 0.2572485203125 0.51709375 0.2508579875 0.520890625 0.23766272187499998 0.52490625 0.22005917187500001 0.525109375 0.1932840234375 0.5253281249999999 0.19289940781249998 0.525109375 0.173313609375 0.52215625 0.16852070937500002
0 0.6736093750000001 0.6804733734374999 0.65821875 0.6648816562500001 0.6335 0.6596745562499999 0.6230625 0.6711242609375 0.619765625 0.76162721875 0.622515625 0.7886686390625 0.6620625 0.760591715625 0.6736093750000001 0.6804733734374999
0 0.12446874999999999 0.3656213015625 0.142625 0.361035503125 0.154734375 0.3518639046875 0.162 0.33810650937500003 0.169265625 0.31976331406249997 0.17653125 0.285384615625 0.17653125 0.2441124265625 0.1716875 0.21887573906250002 0.158359375 0.1638757390625 0.1365625 0.1409467453125 0.117203125 0.12260355 0.101453125 0.11801775156250001 0.059078125 0.1569822484375 0.044546875 0.234940828125 0.062703125 0.310591715625 0.09903125 0.361035503125 0.09540625 0.358757396875 0.1099375 0.36792899375 0.12446874999999999 0.3656213015625
0 0.6113593749999999 0.3256804734375 0.6233125 0.3262130171875 0.6287499999999999 0.318491125 0.6287499999999999 0.3143786984375 0.627125 0.29946745625000004 0.6151718749999999 0.225917159375 0.6037656250000001 0.2341420125 0.57334375 0.2757988171875 0.5741562499999999 0.2912130171875 0.5785 0.3045857984375 0.586375 0.315917159375 0.593984375 0.3246449703125 0.6113593749999999 0.3256804734375
0 0.5843125 0.330710059375 0.578015625 0.311301775 0.57525 0.30011834375 0.567375 0.30011834375 0.555953125 0.30011834375 0.545703125 0.31207100625 0.5374375 0.341153846875 0.536640625 0.36053254375 0.567765625 0.43065088749999997 0.5878593750000001 0.38665680468749997 0.5878593750000001 0.35532544375 0.5843125 0.330710059375
0 0.401953125 0.2428402359375 0.40903124999999996 0.2376331359375 0.412578125 0.23017751406250003 0.394859375 0.22792899375000003 0.38225 0.22792899375000003 0.365703125 0.2361242609375 0.35703125 0.2421005921875 0.3523125 0.25254437812499997 0.39721875 0.295059171875 0.411796875 0.2898224859375 0.41296875 0.2808875734375 0.401953125 0.2428402359375
0 0.327296875 0.664289940625 0.354234375 0.6036686390625 0.34965625 0.572869821875 0.327296875 0.579615384375 0.316625 0.611360946875 0.30340625 0.65467455625 0.3049375 0.6556508875 0.316625 0.6739349109375 0.327296875 0.664289940625
0 0.5468124999999999 0.2715384609375 0.554296875 0.23050295781250002 0.550765625 0.2230473375 0.540515625 0.209615384375 0.541296875 0.1999112421875 0.541703125 0.182011834375 0.5259375000000001 0.17754437812499999 0.5255468750000001 0.18053254375 0.5255468750000001 0.185 0.5231874999999999 0.226035503125 0.51490625 0.26032544375 0.531453125 0.2670414203125 0.537765625 0.269289940625 0.5468124999999999 0.2715384609375
0 0.579296875 0.2584023671875 0.561375 0.24257396406249998 0.551828125 0.2482248515625 0.54525 0.27198224843749996 0.5345156249999999 0.28781065156249996 0.52675 0.322869821875 0.52615625 0.3296449703125 0.535109375 0.322869821875 0.5506249999999999 0.2991124265625 0.569140625 0.2832840234375 0.5786875 0.26973372812499996 0.579296875 0.2584023671875
0 0.531171875 0.5787278109375 0.5309999999999999 0.5665384609374999 0.528203125 0.5624852078125 0.52128125 0.5637278109375 0.47921874999999997 0.565591715625 0.48021874999999997 0.5812130171875001 0.503296875 0.6327514796875 0.50578125 0.6327514796875 0.52325 0.6208875734375 0.531171875 0.5787278109375
3 0.361046875 0.47094674531249997 0.351828125 0.490710059375 0.34753124999999996 0.529082840625 0.34384375 0.5709467453125 0.348765625 0.5732544374999999 0.35612499999999997 0.5744378703125 0.36471875 0.5476923078125 0.36534374999999997 0.5476923078125 0.351828125 0.5384023671875 0.362265625 0.479082840625 0.362890625 0.47094674531249997 0.361046875 0.47094674531249997
0 0.6175937499999999 0.719940828125 0.609765625 0.6999112421875 0.577625 0.6605917156250001 0.5674375 0.668757396875 0.5545 0.6873076921875 0.5349062499999999 0.7451775140625 0.5623437499999999 0.7934023671875 0.5623437499999999 0.797130178125 0.59134375 0.7844970421874999 0.6175937499999999 0.719940828125
1 0.367671875 0.7664497046875 0.37629687500000003 0.76553254375 0.375578125 0.7582840234375 0.368140625 0.72739645 0.357109375 0.7106213015625 0.34368750000000003 0.6951775140625001 0.33337500000000003 0.7001775140625 0.327375 0.711508875 0.32618749999999996 0.726035503125 0.3319375 0.746035503125 0.340328125 0.7691715968749999 0.354953125 0.7900591718750001 0.35567187499999997 0.79142011875 0.35759375000000004 0.7832544375 0.367671875 0.7664497046875
0 0.32040625 0.2969822484375 0.32040625 0.33760355 0.32775 0.366479290625 0.34185937499999997 0.3611242609375 0.35203125 0.35792899375 0.355984375 0.34402366875 0.357109375 0.3205029578125 0.3588125 0.2958875734375 0.36389062499999997 0.273431953125 0.363328125 0.2659467453125 0.357109375 0.2627514796875 0.348078125 0.255266271875 0.340734375 0.255266271875 0.32604687499999996 0.267011834375 0.32040625 0.2969822484375