1 0.691015625 0.6224791671875 0.6539375 0.5955 0.561234375 0.5640416671875 0.4955 0.5550625 0.47190624999999997 0.5640416671875 0.47865624999999995 0.6 0.4971875 0.6089791671875 0.535953125 0.6179791671875 0.6050625000000001 0.6426875 0.660671875 0.6674166671874999 0.67415625 0.6606666671875 0.6960625 0.6449374999999999 0.691015625 0.6224791671875
1 0.102359375 0.4119166671875 0.06353125 0.4142708328125 0 0.42368750000000005 0.0017656249999999998 0.9813333328124999 0.195875 0.9601666671875 0.22764062499999999 0.9295625 0.25059375 0.9131041671875 0.254125 0.8636874999999999 0.252359375 0.7813333328125001 0.23293750000000002 0.7131041671875 0.22940624999999998 0.6425 0.222359375 0.5483958328125 0.20823437500000003 0.5225 0.16059375 0.4072083328125 0.165875 0.3719166671875 0.16412500000000002 0.3695625 0.102359375 0.4119166671875
1 1 0.9033749999999999 0.9977499999999999 0.8943749999999999 0.9893281249999999 0.8898958328125 0.932015625 0.8898958328125 0.918546875 0.8898958328125 0.881453125 0.907875 0.837640625 0.9146041671875 0.8342656249999999 0.9280833328125 0.8190937500000001 0.9438124999999999 0.82246875 0.9460625 0.8342656249999999 0.9595416671875 0.841015625 0.9640416671875001 0.8477499999999999 0.9685416671875 0.859546875 0.9685416671875 0.884828125 0.9662916671874999 0.883140625 0.9775208328125 0.886515625 0.9842708328124999 0.9050625 0.9842708328124999 0.958984375 0.9887708328124999 0.98090625 0.9865208328125 0.9960625000000001 0.9797708328124999 1 0.9685416671875 1 0.9460625 1 0.9258333328124999 1 0.9033749999999999
1 0.781625 0.6319583328125 0.800140625 0.632375 0.825375 0.6306666671875 0.841015625 0.6234375 0.878703125 0.6059791671875 0.917015625 0.5885208328125 0.941921875 0.5715 0.95565625 0.5544583328125 0.9562968749999999 0.5416875 0.9499062500000001 0.5191250000000001 0.9339375000000001 0.5203958328125 0.90296875 0.5323333328125 0.85603125 0.5591458328125001 0.8311249999999999 0.57575 0.808765625 0.5829791671875 0.802375 0.5829791671875 0.801734375 0.5829791671875 0.7876875 0.5991666671875 0.7774687499999999 0.6076875 0.77715625 0.6234375 0.781625 0.6319583328125
1 0.639390625 0.43543750000000003 0.6459374999999999 0.4458958328125 0.655078125 0.4615833328125 0.6838437500000001 0.4807708328125 0.719140625 0.47379166718750004 0.7583593750000001 0.4650625 0.8067343749999999 0.45287499999999997 0.8185 0.43543750000000003 0.8355 0.4110416671875 0.8511875 0.3761666671875 0.8537968749999999 0.3395625 0.84203125 0.3203958328125 0.8341875 0.327375 0.804125 0.3674583328125 0.774046875 0.39708333281249997 0.7204531249999999 0.4110416671875 0.657703125 0.42845833281249995 0.647234375 0.4249791671875 0.640703125 0.4302083328125 0.639390625 0.43543750000000003
1 0.65015625 0.3160208328125 0.589890625 0.29862500000000003 0.554484375 0.3019375 0.54640625 0.3243125 0.560078125 0.340875 0.581203125 0.3549375 0.60853125 0.367375 0.6327499999999999 0.374 0.6308906249999999 0.3549375 0.65325 0.3168541671875 0.65015625 0.3160208328125
1 0.52803125 0.3451875 0.4658125 0.33845833281250004 0.38340625 0.31604166718750004 0.3565 0.32275 0.34304687500000003 0.3676041671875 0.38171875 0.3900208328125 0.47757812499999996 0.41693749999999996 0.566703125 0.41693749999999996 0.5885625 0.39675 0.5885625 0.35189583281250003 0.52803125 0.3451875
1 0.66025 0.5905208328125 0.679640625 0.5905208328125 0.6915625000000001 0.5885208328125 0.66621875 0.5229166671875001 0.6080625000000001 0.4831666671875 0.532015625 0.46327083281250003 0.4828125 0.4791875 0.45746875 0.49906249999999996 0.4425625 0.530875 0.454484375 0.5646666671875 0.5051875 0.5507500000000001 0.57228125 0.5547291671875 0.63340625 0.5845625 0.66025 0.5905208328125
1 0.485703125 0.6035625 0.48359375 0.6279583328125 0.5025937500000001 0.6448541671875 0.530734375 0.6561041671875001 0.5877343749999999 0.6908333328125 0.627140625 0.7180416671875001 0.66303125 0.749 0.713703125 0.747125 0.6975156250000001 0.7105416671875 0.6454375 0.6626875 0.558890625 0.6279583328125 0.58 0.6335833328125 0.5370625 0.6213958328125 0.485703125 0.6035625
1 0.651890625 0.31825000000000003 0.63565625 0.3429791671875 0.6310156250000001 0.3615208328125 0.63565625 0.381625 0.64609375 0.381625 0.657671875 0.381625 0.654203125 0.3893541671875 0.654203125 0.40325 0.664640625 0.415625 0.67390625 0.42335416718749996 0.655359375 0.4264375 0.644921875 0.4264375 0.640296875 0.4310833328125 0.6484062500000001 0.4511666671875 0.67159375 0.4805416671875 0.68896875 0.4851666671875 0.68896875 0.49754166718750004 0.68665625 0.5068125 0.692453125 0.5160833328125001 0.716796875 0.5238125 0.76084375 0.5268958328125 0.78634375 0.5268958328125 0.7909843750000001 0.5408125 0.806046875 0.5408125 0.8500937499999999 0.49754166718750004 0.853578125 0.48670833281250003 0.8860312499999999 0.4573541671875 0.89646875 0.4140833328125 0.89646875 0.39397916718750003 0.9103749999999999 0.3445208328125 0.905734375 0.3043333328125 0.888359375 0.2657083328125 0.8616875 0.26106250000000003 0.85821875 0.25797916718749997 0.8500937499999999 0.23479166718750002 0.830390625 0.23479166718750002 0.82459375 0.2363333328125 0.82228125 0.2239791671875 0.8164843749999999 0.2146875 0.8106875 0.2069791671875 0.78634375 0.21006249999999999 0.742296875 0.24097916718749998 0.679703125 0.2950625 0.651890625 0.31825000000000003
1 0.956078125 0.6903125 0.9797343749999999 0.6475208328125001 0.9797343749999999 0.62725 0.945953125 0.6475208328125001 0.8952656250000001 0.6700416671875 0.83784375 0.6858125 0.8158749999999999 0.7060833328125 0.80575 0.7128333328124999 0.8125 0.7421249999999999 0.8141875000000001 0.7376041671875 0.820953125 0.7376041671875 0.84628125 0.746625 0.9341250000000001 0.7105833328125 0.956078125 0.6903125
3 0.5526875 0.1686875 0.553765625 0.17250000000000001 0.5559062499999999 0.17535416718750002 0.5587500000000001 0.1758333328125 0.559828125 0.1765416671875 0.562140625 0.179875 0.56125 0.1827291671875 0.5601875 0.1882083328125 0.5748125 0.1862916671875 0.575171875 0.1789166671875 0.609234375 0.1760625 0.614765625 0.1858125 0.62796875 0.1874791671875 0.63153125 0.1801041671875 0.63153125 0.1765416671875 0.63046875 0.16775 0.6299375 0.1641875 0.6261875 0.158 0.62171875 0.16012500000000002 0.62065625 0.15775 0.61584375 0.1532291671875 0.61584375 0.148 0.612984375 0.14395833281249998 0.6040625000000001 0.1461041671875 0.602453125 0.1442083328125 0.5931875 0.14681249999999998 0.5915781250000001 0.14491666718750001 0.58515625 0.148 0.582484375 0.1463333328125 0.578203125 0.1470625 0.5742812500000001 0.1525208328125 0.5735625 0.1518125 0.56553125 0.15347916718750002 0.56125 0.1513333328125 0.5575 0.15037499999999998 0.5539375 0.1584791671875 0.552875 0.16012500000000002 0.55196875 0.1632291671875 0.5526875 0.1686875
3 0.63490625 0.1688541671875 0.6365000000000001 0.17350000000000002 0.639828125 0.17775000000000002 0.644609375 0.1839375 0.64678125 0.1876041671875 0.6550312500000001 0.1910833328125 0.67459375 0.192625 0.681546875 0.1785208328125 0.6873437499999999 0.16693750000000002 0.69284375 0.1642291671875 0.704578125 0.1640416671875 0.70471875 0.1626875 0.7009531250000001 0.1572708328125 0.697765625 0.1534166671875 0.697625 0.15031250000000002 0.69603125 0.1404791671875 0.690953125 0.1377708328125 0.689078125 0.1383541671875 0.68603125 0.1406666671875 0.682125 0.14550000000000002 0.677203125 0.14125000000000001 0.67053125 0.14550000000000002 0.666484375 0.14395833281249998 0.661546875 0.1464583328125 0.6583593750000001 0.1514791671875 0.6556093749999999 0.1549583328125 0.6534375 0.1511041671875 0.6483749999999999 0.1452916671875 0.643734375 0.1464583328125 0.63953125 0.14897916718749998 0.633890625 0.1505208328125 0.6307031249999999 0.1524375 0.63359375 0.1609375 0.6340312499999999 0.1630625 0.63490625 0.1688541671875
3 0.5956875 0.1364791671875 0.59875 0.1356666671875 0.60046875 0.1348541671875 0.6008281249999999 0.1323958328125 0.60021875 0.1279791671875 0.597765625 0.1256875 0.596546875 0.1253541671875 0.594953125 0.1250416671875 0.5935937499999999 0.1250416671875 0.591140625 0.1263541671875 0.5901562499999999 0.1281458328125 0.589921875 0.1323958328125 0.5913906250000001 0.1355 0.5931093749999999 0.1364791671875 0.594203125 0.1364791671875 0.5956875 0.1364791671875
1 1 0.39216666718750004 0.9672812499999999 0.3400208328125 0.925390625 0.325125 0.9114218749999999 0.32325 0.9044375 0.35491666718750003 0.8988437499999999 0.39216666718750004 0.89465625 0.4312708328125 0.887671875 0.4573333328125 0.86253125 0.48714583281249996 0.842984375 0.5020416671875 0.8094531249999999 0.5355624999999999 0.78990625 0.544875 0.770359375 0.561625 0.7955 0.5746666671875 0.81784375 0.5746666671875 0.9114218749999999 0.5299583328125 0.943546875 0.5169374999999999 0.961703125 0.5523125 0.9672812499999999 0.5672083328124999 0.9449375 0.5709375 0.8667187500000001 0.6174999999999999 0.823421875 0.6379791671875 0.805265625 0.6566041671875 0.8401875000000001 0.6733541671875 0.8904687499999999 0.6659166671875 0.9728749999999999 0.6323958328125 0.98265625 0.6100416671875 0.984046875 0.5727916671875 0.979859375 0.5746666671875 1 0.5560416671875 1 0.39216666718750004
3 0.610390625 0.12477083281250001 0.601296875 0.12310416718749999 0.60378125 0.11981250000000002 0.602546875 0.10933333281249999 0.5934375000000001 0.09720833281249999 0.5880625 0.0944375 0.5860000000000001 0.09114583281250001 0.58021875 0.0894791671875 0.576078125 0.0933333328125 0.57484375 0.08837500000000001 0.52978125 0.09225 0.528125 0.0938958328125 0.526875 0.10106250000000001 0.52440625 0.104375 0.51903125 0.0999583328125 0.513234375 0.10547916718749999 0.5202656250000001 0.1170416671875 0.522328125 0.11981250000000002 0.5248125 0.1308333328125 0.52521875 0.131375 0.526875 0.1341458328125 0.53059375 0.1462708328125 0.531421875 0.1457083328125 0.6116406249999999 0.1357916671875 0.610390625 0.12477083281250001
3 0.6446562499999999 0.1419583328125 0.66890625 0.1424583328125 0.6873750000000001 0.13374999999999998 0.69775 0.12554166718749998 0.69775 0.12091666718750001 0.6823750000000001 0.10860416718749999 0.67390625 0.0911666671875 0.663125 0.0932083328125 0.609265625 0.1014166671875 0.6285000000000001 0.14656249999999998 0.62965625 0.148625 0.6446562499999999 0.1368333328125 0.6446562499999999 0.1419583328125
1 1 0.830875 0.932578125 0.8245833328125001 0.871234375 0.8403124999999999 0.8275937499999999 0.8528958328125 0.84175 0.8812083328125 0.8334843749999999 0.9110833328125001 0.822875 0.917375 0.872421875 0.9095208328125001 0.931390625 0.8875 1 0.8922291671875 1 0.830875
1 0.7828125 1 0.8046875 0.9854166671875 0.8125 0.9645833328125001 0.815625 0.9166666671874999 0.8078125 0.9 0.79375 0.8916666671875 0.795256696875 0.8788690484374999 0.86953125 0.8166666671874999 0.8625 0.8041666671875 0.875 0.8041666671875 0.8762834828124999 0.8110119046875001 0.8765625 0.8041666671875 0.8796875 0.8041666671875 0.9125 0.8291666671875 0.93125 0.825 0.9390625 0.8270833328125 0.971875 0.7666666671875 0.984375 0.7770833328125 0.9984375 0.7770833328125 0.9640625 0.7458333328125 0.9640625 0.7375 0.95625 0.725 0.9984375 0.6520833328125 0.9765625 0.6541666671875 0.95625 0.6916666671875 0.95 0.6979166671875 0.934375 0.6520833328125 0.925 0.6520833328125 0.8890625 0.6666666671875 0.8591145828125001 0.6267361109375 0.853125 0.625 0.840625 0.5645833328125 0.8359375 0.5666666671875 0.8328125 0.5581439390625 0.6640625 0.3842803015625 0.65625 0.3854166671875 0.6578125 0.3778409078125 0.6390625 0.3585227265625 0.6328125 0.35625 0.63125 0.3125 0.653125 0.31875 0.7203125 0.2604166671875 0.7125 0.2479166671875 0.6921875 0.23333333281250002 0.6796875 0.22916666718749998 0.6484375 0.2270833328125 0.596875 0.2270833328125 0.58125 0.2125 0.565625 0.2125 0.5546875 0.225 0.534375 0.23125 0.5171875 0.24375 0.4953125 0.2541666671875 0.475 0.25625 0.45625 0.2666666671875 0.4421875 0.26875 0.4328125 0.2770833328125 0.4 0.2770833328125 0.38125 0.2854166671875 0.3609375 0.30416666718749996 0.3515625 0.31875 0.3453125 0.33125 0.3375 0.3645833328125 0.3375 0.39791666718749996 0.3421875 0.43125 0.3421875 0.47083333281249995 0.346875 0.48125 0.35 0.5083333328124999 0.3578125 0.53125 0.365625 0.5666666671875 0.3734375 0.5770833328125 0.38125 0.5979166671875 0.3921875 0.6104166671875 0.4078125 0.6104166671875 0.41875 0.5979166671875 0.43125 0.5958333328125 0.45 0.5791666671875 0.4546875 0.5791666671875 0.4609375 0.5958333328125 0.4390625 0.625 0.428125 0.6541666671875 0.41875 0.6604166671875 0.4109375 0.6708333328125 0.409375 0.7020833328125 0.403125 0.7145833328125 0.403125 0.73125 0.4046875 0.7375 0.415625 0.75 0.415625 0.75625 0.3078125 0.7479166671875 0.303125 0.7604166671875 0.3078125 0.76875 0.315625 0.76875 0.3220486109375 0.7738425921875 0.3234375 0.7708333328125 0.328125 0.7708333328125 0.3278356484375 0.7810956796874999 0.4609375 0.9479166671874999 0.4484375 0.9770833328125 0.4484375 1 0.7828125 1