1 0.133421875 0.5731041671875 0.14009375 0.6472291671875 0.15121875 0.7139375 0.16789062500000002 0.7480416671875 0.1956875 0.7436041671875 0.2068125 0.7347083328124999 0.1956875 0.6294375 0.1745625 0.5212083328125 0.150109375 0.421875 0.141203125 0.3966666671875 0.12342187499999999 0.4292916671875 0.131203125 0.4693125 0.131203125 0.5078750000000001 0.133421875 0.5731041671875
1 0.24300000000000002 0.477625 0.2328125 0.48925 0.212921875 0.5241875 0.20856249999999998 0.5610625 0.20807812499999997 0.6270208328125 0.224078125 0.70075 0.238640625 0.7201666671875 0.242515625 0.7065833328125 0.26046874999999997 0.6871875000000001 0.277921875 0.6794166671874999 0.28471875 0.6755416671875001 0.28278125 0.6690625 0.275984375 0.6425416671875 0.271140625 0.6160208328125 0.269671875 0.5953333328125 0.27646875 0.5364791671875 0.28084375 0.5138333328125 0.28375 0.5015416671875 0.285203125 0.4860208328125 0.28859375 0.4763333328125 0.300234375 0.4621041671875 0.31334375 0.45110416718749996 0.318671875 0.4381666671875 0.31042187499999996 0.42652083281250003 0.27356250000000004 0.45949999999999996 0.26725 0.46339583281249996 0.24300000000000002 0.477625
1 0.6114843750000001 0.8569791671875 0.6334531250000001 0.9605833328125 0.6486562499999999 0.9876041671875001 0.699328125 0.9853541671875 0.7145312500000001 0.9605833328125 0.71959375 0.9538333328125 0.7550625 0.9763541671875 0.7702656250000001 0.9741041671874999 0.77534375 0.9538333328125 0.795609375 0.9267916671875 0.7854687499999999 0.8862708328125001 0.77534375 0.8434583328124999 0.795609375 0.7984166671875 0.793921875 0.755625 0.72465625 0.6610416671875 0.640203125 0.61825 0.55575 0.6205 0.516890625 0.6587916671875 0.50675 0.7196041671875 0.489859375 0.755625 0.46115625 0.7758958328125 0.46621875 0.8096875000000001 0.483109375 0.8389583328124999 0.486484375 0.8277083328125 0.5270312500000001 0.8299583328125 0.5422343749999999 0.8209375 0.577703125 0.8479791671875001 0.6114843750000001 0.8569791671875
1 0.36021875 0.44341666718750006 0.352984375 0.4855625 0.3954375 0.621625 0.42525 0.733625 0.45414062499999996 0.7625208328124999 0.503828125 0.724 0.510140625 0.6565624999999999 0.528203125 0.6481250000000001 0.5535 0.6252500000000001 0.5372343749999999 0.5108541671875 0.529109375 0.4843541671875 0.465890625 0.43618750000000006 0.44059375 0.4422083328125 0.41531250000000003 0.42895833281250006 0.3954375 0.40366666718750005 0.37828125 0.41931250000000003 0.36021875 0.44341666718750006
1 0.483078125 0.44747916718749997 0.500015625 0.45975 0.524703125 0.48168749999999994 0.5363125 0.5055625 0.549390625 0.6056041671875 0.555671875 0.6281875 0.5643906249999999 0.622375 0.58278125 0.6184999999999999 0.62634375 0.6172083328125 0.62634375 0.6159166671875 0.62828125 0.5533333328125 0.6185937499999999 0.523 0.5847187500000001 0.43522916718750004 0.57696875 0.39972916718749996 0.576 0.3784375 0.572125 0.3629583328125 0.5643906249999999 0.3519791671875 0.5605156250000001 0.3390625 0.54890625 0.341 0.5392187500000001 0.3545625 0.52615625 0.38166666718750003 0.51259375 0.4223125 0.515984375 0.42037500000000005 0.489359375 0.4365208328125 0.483078125 0.44747916718749997
1 0.795109375 0.8181041671875 0.8587187500000001 0.83125 0.8598125 0.8049375 0.854875 0.7866666671875 0.757828125 0.6879583328125001 0.74465625 0.6550625 0.73534375 0.6272916671875 0.72546875 0.5921875 0.718890625 0.5622083328125 0.71559375 0.5139583328125 0.72328125 0.46425 0.719984375 0.45620833281250006 0.7073750000000001 0.4525416671875 0.6980625 0.47741666718750003 0.69421875 0.5022708328125 0.67503125 0.5139583328125 0.6640625 0.5278541671875 0.658578125 0.5519791671875 0.659125 0.5870625 0.6624218749999999 0.6243541671874999 0.7364375 0.6777291671875 0.78853125 0.7559583328125 0.795109375 0.8181041671875
1 0.776171875 0.44895833281249997 0.769515625 0.4684791671875 0.769515625 0.4893333328125 0.766859375 0.5110625 0.783828125 0.5621041671875 0.8081250000000001 0.6033541671875 0.82775 0.6224375 0.8247656250000001 0.5887291671875 0.820109375 0.577625 0.79846875 0.5452291671875 0.79015625 0.5132916671875 0.7775000000000001 0.46714583281250005 0.787484375 0.4445208328125 0.781171875 0.44095833281249996 0.776171875 0.44895833281249997
1 0.00043750000000000006 0.6739791671875001 0.018453125 0.6971666671875 0.032125 0.6938541671875 0.058828124999999995 0.7369166671875 0.081203125 0.7485208328125 0.095484375 0.7145625 0.125296875 0.7460208328125 0.1433125 0.7344375000000001 0.14890625 0.7145625 0.13771875 0.6441666671874999 0.12840625 0.5414583328125 0.12778125 0.47933333281249996 0.12840625 0.45366666718750004 0.126546875 0.4296458328125 0.140828125 0.3948541671875 0.14456249999999998 0.3816041671875 0.125296875 0.3691875 0.1135 0.3708333328125 0.07125000000000001 0.41639583281250003 0.021562500000000002 0.4486875 0.003546875 0.4843125 0.00043750000000000006 0.6739791671875001
1 0.32018749999999996 0.6842708328125 0.337328125 0.7125208328125 0.34187500000000004 0.7078125 0.38071875 0.7172291671875 0.357 0.6788958328125 0.32675 0.5955 0.318671875 0.5161458328124999 0.330265625 0.44283333281250004 0.32675 0.4414791671875 0.3206875 0.4408125 0.31060937499999997 0.4461875 0.2995 0.45964583281250004 0.2914375 0.47512499999999996 0.28134375 0.5 0.268734375 0.5686041671875001 0.279828125 0.6667916671875 0.32018749999999996 0.6842708328125
1 0.390171875 0.6088958328125 0.35603125 0.47408333281250004 0.35865625 0.4408125 0.35603125 0.3987916671875 0.3100625 0.4022916671875 0.28117187499999996 0.4163125 0.24703124999999998 0.44781250000000006 0.24571874999999999 0.47583333281250006 0.271984375 0.46008333281249997 0.315328125 0.43556249999999996 0.323203125 0.4530625 0.319265625 0.4653333328125 0.323203125 0.5738958328125 0.36128125 0.6789375 0.386234375 0.7209583328125 0.41118750000000004 0.7664791671875 0.42037500000000005 0.784 0.43351562499999996 0.8015000000000001 0.458453125 0.7682291671875 0.45582812500000003 0.7629791671875 0.42824999999999996 0.7244583328124999 0.390171875 0.6088958328125
1 0.717421875 0.5535625 0.750234375 0.6834583328125 0.80971875 0.7532083328125 0.863046875 0.7969583328125001 0.89278125 0.8202083328124999 0.93278125 0.8037916671875 0.9389375 0.7723541671875 0.951234375 0.746375 0.940984375 0.723125 0.9389375 0.720375 0.9204687500000001 0.6943958328125001 0.87021875 0.6615833328125 0.8425312500000001 0.6424375 0.8015156250000001 0.5945833328125001 0.768703125 0.5139166671875001 0.75434375 0.48656249999999995 0.7399843749999999 0.45239583281250006 0.723578125 0.4553541671875 0.717421875 0.5234791671875 0.717421875 0.5535625
1 1 0.6879166671875 0.907140625 0.6561666671874999 0.871421875 0.5926875 0.9 0.5260208328125 0.9 0.5133125 0.889921875 0.5005625 0.86915625 0.5265625 0.8420937500000001 0.5324375 0.8332968749999999 0.545875 0.823859375 0.5802708328125 0.8244843749999999 0.5802708328125 0.82825 0.623875 0.8477656250000001 0.6515625 0.884890625 0.6691874999999999 0.91828125 0.702375 0.9452343750000001 0.7482291671875 1 0.7545833328125 1 0.6879166671875
1 0.40659375000000003 0.9615833328125 0.419328125 0.9842291671875 0.43934375000000003 0.9874583328125001 0.459953125 0.9680624999999999 0.47329687500000006 0.8750833328125 0.44495312499999995 0.8160624999999999 0.38665625000000003 0.717625 0.34196875000000004 0.7098541671875 0.293390625 0.6735833328124999 0.24870312499999997 0.6968958328125 0.23315625 0.7409375 0.19818750000000002 0.7512916671875 0.172921875 0.7564791671875 0.157375 0.775625 0.147671875 0.9373333328125 0.14525 0.9858333328125 0.393859375 1 0.40659375000000003 0.9615833328125
1 0 0.3291666671875 0.0078125 0.3625 0.0171875 0.3770833328125 0.0328125 0.3895833328125 0.0546875 0.3895833328125 0.0640625 0.38125 0.071875 0.3791666671875 0.1078125 0.3416666671875 0.11875 0.3375 0.1234375 0.34375 0.1515625 0.3416666671875 0.153125 0.39375 0.1578125 0.4 0.1671875 0.4 0.1734375 0.3875 0.178125 0.39375 0.1859375 0.3854166671875 0.1864583328125 0.39375 0.19479166718750002 0.39375 0.1953125 0.3875 0.203125 0.3875 0.203125 0.39375 0.2078125 0.40416666718750005 0.19375 0.42083333281249996 0.1875 0.43333333281249997 0.1796875 0.475 0.178125 0.5395833328124999 0.1828125 0.5645833328125 0.18656250000000002 0.5641666671875 0.184375 0.5729166671875 0.191875 0.5720833328125 0.1875 0.5875 0.1953125 0.5958333328125 0.19718750000000002 0.58 0.2078125 0.5958333328125 0.20052083281250002 0.5590277765625 0.209375 0.55625 0.2140625 0.5229166671875001 0.2328125 0.4895833328125 0.2375 0.48541666718750004 0.240625 0.46458333281249997 0.2484375 0.44375 0.253125 0.44375 0.2859375 0.4145833328125 0.2859375 0.3895833328125 0.2828125 0.3791666671875 0.3015625 0.375 0.3125 0.3604166671875 0.315625 0.35 0.3171875 0.3083333328125 0.325 0.2833333328125 0.3234375 0.25 0.3703125 0.2416666671875 0.371875 0.2479166671875 0.3796875 0.2604166671875 0.3875 0.2666666671875 0.4203125 0.26875 0.4199363421875 0.2732638890625 0.45538194374999996 0.2958333328125 0.459375 0.3020833328125 0.459375 0.3333333328125 0.46875 0.35208333281250004 0.471875 0.375 0.4796875 0.3875 0.4875 0.39375 0.5109375 0.3916666671875 0.53125 0.36875 0.5453125 0.3479166671875 0.547540509375 0.35451388906250003 0.5734375 0.36875 0.575 0.375 0.5829861109375 0.3770833328125 0.5765625 0.3916666671875 0.584375 0.43541666718750005 0.628125 0.5541666671875001 0.6265625 0.6104166671875 0.61875 0.6208333328125 0.640625 0.61875 0.6546875 0.6270833328125 0.6609375 0.6208333328125 0.659375 0.55 0.6640625 0.5291666671875 0.675 0.5145833328125 0.69375 0.5041666671875 0.6984375 0.4770833328125 0.7078125 0.45416666718750004 0.7460358796875 0.4809027765625 0.7515625 0.48125 0.7619791671875 0.5006944437499999 0.76875 0.49583333281249997 0.7671875 0.5104166671875 0.7859375 0.49916666718749997 0.7984375 0.5458333328125 0.81875 0.5770833328125 0.821875 0.5770833328125 0.8265625 0.5708333328124999 0.8359375 0.54375 0.884375 0.5625 0.8765625 0.58125 0.8765625 0.59375 0.8875 0.6229166671875 0.9078125 0.6583333328125 0.98125 0.6833333328125 0.9984375 0.6833333328125 0.9484375 0.5979166671875 0.9984375 0.5479166671875 0.9953125 0.5416666671875 0.9901041671874999 0.5465277765625001 0.9817708328125001 0.5451388890625 0.9875 0.5333333328125 0.978125 0.53125 0.971875 0.51875 0.9578125 0.5104166671875 0.95 0.49791666718750005 0.9359375 0.4895833328125 0.9234375 0.47291666718750003 0.915625 0.47083333281249995 0.90625 0.45625 0.89375 0.45 0.884375 0.43541666718750005 0.871875 0.4291666671875 0.8625 0.4145833328125 0.8515625 0.41041666718750003 0.8421875 0.3958333328125 0.8296875 0.3895833328125 0.8203125 0.375 0.8078125 0.36875 0.7984375 0.3541666671875 0.7875 0.35 0.7765625 0.3333333328125 0.765625 0.3291666671875 0.75625 0.3145833328125 0.746875 0.3104166671875 0.734375 0.29375 0.7234375 0.28958333281250004 0.709375 0.2708333328125 0.709375 0.2645833328125 0.7140625 0.2645833328125 0.721875 0.25833333281250004 0.7375 0.25833333281250004 0.7484375 0.25 0.7609375 0.2520833328125 0.775 0.24583333281250003 0.790625 0.25625 0.803125 0.27291666718749996 0.8109375 0.275 0.8203125 0.28958333281250004 0.8328125 0.2958333328125 0.8421875 0.3104166671875 0.8546875 0.3166666671875 0.8625 0.3291666671875 0.8703125 0.33541666718749996 0.8921875 0.3333333328125 0.903125 0.31875 0.90625 0.3083333328125 0.90625 0.2916666671875 0.8984375 0.27291666718749996 0.8921875 0.2666666671875 0.8828125 0.2645833328125 0.8765625 0.2520833328125 0.8625 0.24375 0.8546875 0.23125 0.846875 0.225 0.8421875 0.225 0.8328125 0.2104166671875 0.8203125 0.20416666718749998 0.8109375 0.1895833328125 0.790625 0.1729166671875 0.7734375 0.1729166671875 0.7671875 0.17916666718750002 0.75 0.17916666718750002 0.7390625 0.1875 0.7265625 0.1854166671875 0.7140625 0.19375 0.7046875 0.1916666671875 0.6890625 0.2 0.6734375 0.2 0.6625 0.20833333281250002 0.653125 0.20416666718749998 0.640625 0.20416666718749998 0.63125 0.1916666671875 0.621875 0.1875 0.6109375 0.1708333328125 0.6015625 0.1666666671875 0.590625 0.15 0.5796875 0.14375 0.5703125 0.1291666671875 0.5578125 0.12291666718750001 0.5515625 0.11041666718750001 0.5375 0.1020833328125 0.5265625 0.08541666718749999 0.5171875 0.08125 0.50625 0.0645833328125 0.496875 0.060416667187499995 0.4890625 0.0479166671875 0.4765625 0.0416666671875 0.465625 0.025 0.459375 0.0208333328125 0.45625 0.0229166671875 0.4453125 0.00625 0.4171875 0.0020833328125000002 0.40625 0.014583332812499999 0.403125 0.025 0.3427476421875 0.051415093749999995 0.3421875 0.0395833328125 0.3203125 0.0375 0.3125 0.04375 0.3201061328125 0.0613207546875 0.3125589625 0.0646226421875 0.3046875 0.05625 0.3050117921875 0.0679245296875 0.303125 0.07291666718749999 0.297464621875 0.0712264140625 0.29618718906249997 0.07880675625 0.289917453125 0.0745283015625 0.289346590625 0.09356060625 0.2905886625 0.09898255781250001 0.28353924375 0.1036821703125 0.2824573859375 0.09867424218750001 0.2823702828125 0.0778301890625 0.07104952812500001 0.17028301875000001 0.0671875 0.17916666718750002 0.0635023578125 0.17358490625 0.0559551890625 0.1768867921875 0.0578125 0.1854166671875 0.04840801875 0.18018867968750002 0.0453125 0.175 0.0408608484375 0.1834905671875 0.0369791671875 0.175 0.0203125 0.175 0.0078125 0.1875 0.0106721703125 0.1966981125 0.003125 0.2 0.003125 0.22291666718749997 0.00625 0.2416666671875 0.0015625 0.2916666671875 0.0068892046875 0.3032196984375 0 0.3083333328125 0 0.3291666671875