3 0.4528125 0.5472065734375 0.48203125 0.5505164312499999 0.51290625 0.5521830984375 0.51290625 0.5488732390625 0.5145625 0.5430751171875 0.514 0.5182159625 0.51125 0.5190610328124999 0.456125 0.5157277 0.4555625 0.5256807515624999 0.45667187499999995 0.5281690140624999 0.45667187499999995 0.5339671359375 0.4528125 0.5472065734375
3 0.781265625 0.5203521125 0.7832343749999999 0.513826290625 0.78284375 0.504929578125 0.7788906250000001 0.49957746406250003 0.7725625 0.4977934265625 0.7682187500000001 0.4989906109375 0.763859375 0.5061032859375 0.764265625 0.51859155 0.7725625 0.5245305171875 0.774140625 0.5257042249999999 0.781265625 0.5203521125
3 0.627734375 0.5124413140625 0.62675 0.5157746484375 0.625765625 0.521502346875 0.626015625 0.527065728125 0.628109375 0.5302112671875 0.6308125 0.5326291078125001 0.63353125 0.5331924875 0.637609375 0.5315258218750001 0.6408125 0.52873239375 0.64328125 0.5255868546875 0.64290625 0.51948356875 0.6421718750000001 0.51373239375 0.641421875 0.511502346875 0.639203125 0.5102112671875 0.63390625 0.5100234734375 0.63428125 0.5090845078124999 0.630328125 0.5100234734375 0.627734375 0.5124413140625
3 0.606640625 0.52948356875 0.607375 0.522769953125 0.607375 0.5177464781250001 0.606828125 0.5135446015625 0.60478125 0.512159625 0.601046875 0.5124178406250001 0.596390625 0.51410798125 0.592671875 0.51661971875 0.5902499999999999 0.5261267609375 0.592859375 0.5314319249999999 0.59546875 0.535070421875 0.60346875 0.5325586859375 0.606640625 0.52948356875
3 0.80203125 0.49922535156250003 0.8031406249999999 0.49589201875000005 0.8031406249999999 0.4909154921875 0.802921875 0.48561032812500005 0.80159375 0.48197183125 0.7982812499999999 0.4789906109375 0.79453125 0.478661971875 0.79121875 0.48230046875 0.790109375 0.48694835625 0.790328125 0.49690140781250003 0.791875 0.49955399062500006 0.796078125 0.50286385 0.80071875 0.5018779343750001 0.80203125 0.49922535156250003
3 0.749328125 0.48302816875000004 0.75471875 0.4847652578125 0.7580625000000001 0.48185445937500004 0.76103125 0.47586854531249995 0.761796875 0.46873239375000003 0.7575624999999999 0.4617840375 0.75240625 0.460610328125 0.7474062499999999 0.460610328125 0.7441875 0.465258215625 0.742765625 0.47258215937500003 0.742390625 0.4801173703125 0.749328125 0.48302816875000004
3 0.675796875 0.525610328125 0.678234375 0.5163380281250001 0.677296875 0.5112910796875 0.67375 0.5073708921875 0.6705625000000001 0.5070892015624999 0.6640312500000001 0.5110093890625 0.66103125 0.5149530515625 0.6636562500000001 0.5205633796875 0.6696328125 0.515645540625 0.675796875 0.525610328125
3 0.530296875 0.48669014062500005 0.5300312500000001 0.492957746875 0.525859375 0.49687793437499994 0.523765625 0.5043192484375 0.52325 0.5105868546875 0.52115625 0.5129342718750001 0.5195937500000001 0.522746478125 0.522203125 0.5297887328125 0.522984375 0.533309859375 0.519859375 0.5399765265625 0.52090625 0.5458450703125 0.56315625 0.5446713609375 0.562890625 0.494929578125 0.5595 0.47610328593749995 0.548546875 0.47338028125 0.53915625 0.47023474218750005 0.53446875 0.4753286390625 0.5334218749999999 0.4769014078125 0.530296875 0.48669014062500005
3 0.7330625000000001 0.53859155 0.739578125 0.5358450703125001 0.739578125 0.5330985921875 0.730453125 0.5240845078125 0.7244531249999999 0.5248591546875 0.7187187500000001 0.520962440625 0.7119375 0.5240845078125 0.708296875 0.5342723 0.709078125 0.5370187796875 0.72028125 0.53661971875 0.7330625000000001 0.53859155
3 0.819890625 0.49593896718749997 0.8229531250000001 0.4867605640625 0.819890625 0.47821596250000004 0.814640625 0.4755868546875 0.80678125 0.4775586859375 0.8045937500000001 0.4847887328125 0.80765625 0.497253521875 0.8124687500000001 0.50448356875 0.819890625 0.49593896718749997
3 0.708515625 0.5019953046875 0.70984375 0.5068075125 0.7114375 0.5047887328125 0.7127656250000001 0.50840375625 0.7149062500000001 0.50840375625 0.7186250000000001 0.50518779375 0.7149062500000001 0.4880046953125 0.7125 0.4832159625 0.70984375 0.48840375625 0.7154375 0.4944131453125 0.7053281250000001 0.49960093906249997 0.706921875 0.50359155 0.708515625 0.5019953046875
3 0.4180625 0.5225117375 0.42281250000000004 0.5313145546875 0.42043749999999996 0.5337793421875 0.41915625 0.542042253125 0.424828125 0.548638496875 0.44860937500000003 0.5522065734375 0.45081249999999995 0.5478169015625001 0.44934375 0.5128873234375 0.42318749999999994 0.5104225359375001 0.42190625 0.510962440625 0.4180625 0.52197183125 0.4180625 0.5225117375
3 0.365328125 0.5079812203125 0.36565625 0.5104460093750001 0.367625 0.520281690625 0.373515625 0.5217605640625 0.372859375 0.5074882625 0.365328125 0.5079812203125
3 0.0953125 0.53286385 0.1015625 0.5281690140624999 0.10625 0.53286385 0.13125 0.5352112671875 0.1375 0.5305164312499999 0.15625 0.5375586859375 0.1609375 0.5305164312499999 0.190625 0.5305164312499999 0.19375 0.5352112671875 0.2140625 0.5352112671875 0.225 0.542253521875 0.2359375 0.542253521875 0.246875 0.53286385 0.2515625 0.5375586859375 0.2734375 0.5375586859375 0.2796875 0.53286385 0.284375 0.539906103125 0.29375 0.539906103125 0.296875 0.5352112671875 0.3359375 0.5352112671875 0.3421875 0.549295775 0.36875 0.5469483562499999 0.3734375 0.5352112671875 0.3796875 0.5352112671875 0.384375 0.542253521875 0.3953125 0.542253521875 0.4 0.5305164312499999 0.4 0.5187793421875 0.39375 0.5070422531250001 0.40026041718750005 0.5046948359375001 0.47174479218750004 0.49413145468749997 0.56875 0.509389671875 0.5734375 0.516431925 0.5734375 0.5516431921875 0.578125 0.5586854453125001 0.5984375 0.556338028125 0.6015625 0.5516431921875 0.6078125 0.5516431921875 0.6140625 0.542253521875 0.628125 0.549295775 0.6328125 0.556338028125 0.6515625 0.556338028125 0.6578125 0.5446009390625 0.6828125 0.5539906109375 0.70625 0.5539906109375 0.7109375 0.542253521875 0.709375 0.53286385 0.7140625 0.5234741781250001 0.73125 0.525821596875 0.7375 0.53286385 0.7375 0.5446009390625 0.746875 0.5446009390625 0.7515625 0.5375586859375 0.78125 0.539906103125 0.79375 0.5352112671875 0.8 0.5281690140624999 0.8390625 0.5352112671875 0.8453125 0.5211267609375 0.84375 0.476525821875 0.840625 0.4624413140625 0.8375 0.45774647812499997 0.8140625 0.45774647812499997 0.8078125 0.44131455468749997 0.7921875 0.443661971875 0.784375 0.4553990609375 0.7796875 0.4483568078125 0.765625 0.4460093890625 0.7609375 0.45305164375 0.753125 0.45305164375 0.7484375 0.460093896875 0.74375 0.45774647812499997 0.7390625 0.4483568078125 0.728125 0.4483568078125 0.7203125 0.460093896875 0.7015625 0.45774647812499997 0.69375 0.474178403125 0.6875 0.46713614999999997 0.66875 0.4647887328125 0.6640625 0.45774647812499997 0.6546875 0.45774647812499997 0.6515625 0.4624413140625 0.6140625 0.4624413140625 0.60625 0.476525821875 0.596875 0.4718309859375 0.5796875 0.4718309859375 0.575 0.4788732390625 0.5734375 0.4882629109375 0.56875 0.49530516406249997 0.5670572921875 0.4800469484375 0.3764802625 0.5067951578125001 0.3685855265625 0.5065480609375 0.365625 0.5140845078125 0.359375 0.5046948359375001 0.352796053125 0.506053865625 0.3505208328125 0.5031298890625 0.344901315625 0.5058067703125 0.3416666671875 0.5015649453125001 0.33700657968750003 0.5055596734375001 0.3328125 0.5 0.3291118421875 0.5053125781250001 0.3239583328125 0.49843505468749993 0.3212171046875 0.5050654812500001 0.3151041671875 0.4968701109375 0.31332236875 0.504818384375 0.30542763125 0.5045712859375 0.30625 0.49530516406249997 0.2979166671875 0.4960876359375 0.2975328953125 0.504324190625 0.2896381578125 0.50407709375 0.28958333281250004 0.4968701109375 0.2817434203125 0.503829996875 0.28125 0.4976525828125 0.2765625 0.4882629109375 0.273848684375 0.5035829015625 0.2580592109375 0.50308870625 0.2640625 0.4882629109375 0.253125 0.492957746875 0.25016447343750003 0.5028416109375 0.24226973749999997 0.5025945140625 0.24375 0.492957746875 0.234375 0.492957746875 0.234375 0.5023474171875 0.22648026250000003 0.502100321875 0.225 0.492957746875 0.2185855265625 0.501853225 0.2106907890625 0.5016061296875 0.20859375 0.5070422531250001 0.20279605312500001 0.50135903125 0.1984375 0.5070422531250001 0.194901315625 0.501111934375 0.1921875 0.5 0.178125 0.5 0.1734375 0.5046948359375001 0.1712171046875 0.5003706453125 0.1396381578125 0.4993822578125 0.1453125 0.483568075 0.1390625 0.4788732390625 0.1328125 0.46713614999999997 0.1234375 0.46713614999999997 0.1171875 0.4788732390625 0.1140625 0.4788732390625 0.109375 0.48591549218749996 0.115953946875 0.49864096875 0.109375 0.5 0.1080592109375 0.49839387031250004 0.084375 0.4976525828125 0.0796875 0.5046948359375001 0.0796875 0.525821596875 0.084375 0.53286385 0.0953125 0.53286385