3 0.09346875 0.4566978921875 0.09415625 0.433067915625 0.091421875 0.40946135781250004 0.098953125 0.3920140515625 0.096203125 0.3735363 0.10375000000000001 0.3612177984375 0.10921875 0.3355503515625 0.11676562500000001 0.308852459375 0.115390625 0.2944964875 0.116078125 0.26676815 0.116078125 0.24725995312500001 0.10990625000000001 0.22775175625 0.091421875 0.229812646875 0.0873125 0.2462295078125 0.07565625000000001 0.2544496484375 0.0688125 0.27601873593750004 0.057859375000000005 0.3016627640625 0.056484374999999996 0.32836065625 0.05990625000000001 0.34480093749999996 0.06401562499999999 0.3745667453125 0.06539062500000001 0.40946135781250004 0.0688125 0.43512880625 0.07634375 0.47414519843749997 0.096203125 0.499812646875 0.097578125 0.49775175625 0.09346875 0.48440281093750004 0.09346875 0.4566978921875
0 0.7037656250000001 0.3510538640625 0.68040625 0.3015690859375 0.651421875 0.28224824375 0.609546875 0.3063934421875 0.59746875 0.354660421875 0.6006875 0.39932084375 0.611953125 0.4355269328125 0.613578125 0.4307025765625 0.63934375 0.4512177984375 0.669140625 0.4307025765625 0.692484375 0.4138173296875 0.7037656250000001 0.3510538640625
0 0.9211874999999999 0.2240749421875 0.9342812500000001 0.17208430937500002 0.9235 0.1339578453125 0.897296875 0.094683840625 0.8772500000000001 0.08199063281249999 0.851046875 0.080819671875 0.8179062500000001 0.0912177984375 0.8063437499999999 0.11662763437500001 0.797859375 0.1374238875 0.795546875 0.1605386421875 0.79478125 0.18480093749999998 0.800171875 0.215971896875 0.81328125 0.2344730671875 0.816359375 0.23793910937499999 0.807890625 0.2564168625 0.8102031249999999 0.265644028125 0.8194531250000001 0.2540983609375 0.8232968749999999 0.24601873593749998 0.848734375 0.287611240625 0.8610625000000001 0.2702810296875 0.8957499999999999 0.2564168625 0.912703125 0.24601873593749998 0.9211874999999999 0.2240749421875
0 1 0.438196721875 0.98653125 0.429203746875 0.9700468750000001 0.431451990625 0.9565468750000001 0.435948478125 0.9220625 0.4584309140625 0.893578125 0.503372365625 0.8950781250000001 0.5438173296875 0.9055781250000001 0.5887587828124999 0.914578125 0.6202341921875 0.9265625 0.640444965625 0.9475625000000001 0.6584309140625 0.9565468750000001 0.6629274 0.9805468749999999 0.6516861828125 1 0.631451990625 1 0.5573067921875 1 0.4584309140625 1 0.438196721875
0 0.6571875 0.678243559375 0.6622656250000001 0.68967213125 0.676234375 0.687775175 0.676234375 0.7029976578125 0.6876562500000001 0.7334426234375 0.700359375 0.7334426234375 0.7460625000000001 0.72583138125 0.7485937500000001 0.680163934375 0.7485937500000001 0.6363934421875 0.7701875 0.604051521875 0.76003125 0.5945199062500001 0.72575 0.5640749421875 0.7054375 0.5640749421875 0.683859375 0.567892271875 0.659734375 0.6249648718749999 0.66734375 0.661124121875 0.6622656250000001 0.6649414515625 0.6571875 0.678243559375
0 0.70221875 0.33271662812499997 0.70221875 0.3460655734375 0.7071562499999999 0.3386416859375 0.71409375 0.3608899296875 0.72496875 0.350515221875 0.7536562499999999 0.343091334375 0.76453125 0.3297658078125 0.777390625 0.308992975 0.7833281249999999 0.2897189703125 0.7833281249999999 0.24969555 0.7734375 0.233395784375 0.7635468750000001 0.2126229515625 0.749703125 0.2066978921875 0.73090625 0.20224824375 0.7071562499999999 0.2066978921875 0.683421875 0.240796253125 0.6814375 0.273419203125 0.694296875 0.317892271875 0.703203125 0.3238173296875 0.70221875 0.33271662812499997
0 0.610203125 0.1665573765625 0.5875 0.17744730625 0.569328125 0.21690866562500002 0.569328125 0.2373302109375 0.57840625 0.275456675 0.5983906250000001 0.31355971875 0.612921875 0.30948477812499997 0.64834375 0.2836299765625 0.6583281249999999 0.28906323125 0.6665 0.279531615625 0.67559375 0.229180328125 0.66740625 0.1937704921875 0.6547031249999999 0.17744730625 0.63653125 0.167915690625 0.610203125 0.1665573765625
0 0.712265625 0.5574238874999999 0.7242968750000001 0.5236533953125 0.7242968750000001 0.47185011718750003 0.7032499999999999 0.41779859531249997 0.6701875 0.42906323124999995 0.6386406250000001 0.45608899375 0.623609375 0.501124121875 0.628125 0.55517564375 0.659671875 0.5889695546875 0.6671875 0.5889695546875 0.674703125 0.5867213109375 0.712265625 0.5574238874999999
0 0.8483281249999999 0.4387353625 0.878703125 0.4755035125 0.90090625 0.48250585468749996 0.9324375 0.43522248281250003 0.988515625 0.368688525 0.982671875 0.3126697890625 0.9639843750000001 0.2671428578125 0.941796875 0.247868853125 0.8892187500000001 0.2513817328125 0.8565156249999999 0.27238875937499996 0.8343125 0.3266744734375 0.8308125000000001 0.3862060890625 0.8483281249999999 0.4387353625
0 0.8590937500000001 0.9820140515625001 0.87109375 0.9325761124999999 0.85609375 0.8786416859375 0.8006249999999999 0.8112412171875001 0.7751406249999999 0.8224824359375 0.73915625 0.8539344265625 0.73165625 0.903372365625 0.706171875 0.9528103046874999 0.74515625 0.9977517562499999 0.85309375 1 0.8590937500000001 0.9820140515625001
0 0.66025 0.6051990625 0.6290625000000001 0.5506557375 0.6290625000000001 0.4623419203125 0.604796875 0.4077985953125 0.604796875 0.332459015625 0.596140625 0.30128805625 0.571875 0.2 0.5788125 0.129859484375 0.554546875 0.1116861828125 0.51815625 0.132459015625 0.49909375 0.1038875875 0.45923437500000003 0.1116861828125 0.40551562499999994 0.09871194375 0.393375 0.129859484375 0.398578125 0.2 0.38471875 0.2597423890625 0.363921875 0.28571428593750003 0.3361875 0.6 0.469625 0.69871194375 0.599609375 0.7818266984375 0.665453125 0.7168852453125 0.665453125 0.677915690625 0.66025 0.6051990625
0 0.707046875 0.396604215625 0.707046875 0.41997658125 0.722640625 0.45374707187499996 0.7313125 0.4771194375 0.7521093750000001 0.48751756406249996 0.7711718750000001 0.46934426250000005 0.791953125 0.43557377031250005 0.7728906249999999 0.40180327812499994 0.7694375 0.3394613578125 0.7694375 0.342060890625 0.7625 0.3394613578125 0.73996875 0.344660421875 0.722640625 0.3576580796875 0.707046875 0.396604215625
0 0.250046875 0.3760421546875 0.25553125 0.3820140515625 0.257015625 0.3976814984375 0.263984375 0.3954332546875 0.266484375 0.3917096015625 0.2759375 0.40512880625000003 0.278421875 0.4192974234375 0.285890625 0.4103512875 0.29584375 0.396932084375 0.31525 0.3909601875 0.319234375 0.3857377046875 0.32221875 0.36709601875 0.319234375 0.349180328125 0.31325 0.3335363 0.30828125 0.32159250625 0.29634375 0.31487119375 0.2744375 0.3200936765625 0.259015625 0.3462060890625 0.25503125 0.355152225 0.24906250000000002 0.3700702578125 0.250046875 0.3760421546875
0 0.672734375 0.2113348953125 0.678015625 0.21360655781250001 0.690828125 0.2147306796875 0.70365625 0.21360655781250001 0.727796875 0.20569086718750001 0.7338281249999999 0.1955035125 0.738359375 0.185339578125 0.742875 0.171756440625 0.745140625 0.158196721875 0.74590625 0.14463700156249998 0.743640625 0.1322014046875 0.740625 0.1220140515625 0.738359375 0.1118501171875 0.7338281249999999 0.1027868859375 0.729296875 0.0960187359375 0.712703125 0.084707259375 0.698375 0.081311475 0.680265625 0.08583138125 0.661421875 0.1050585484375 0.650859375 0.13332552656250002 0.64784375 0.16836065625000002 0.653125 0.1774238875 0.6651875 0.197775175 0.672734375 0.2113348953125
0 0.70625 1 0.703125 0.9789227171875 0.6984375 0.9672131140625 0.6796875 0.9484777515625 0.7 0.9297423890625 0.7171875 0.8969555031249999 0.7251302078124999 0.87197501875 0.8171875 0.8290398124999999 0.8265625 0.8407494140624999 0.8359375 0.8454332546875 0.8546875 0.8735362999999999 0.871875 0.9344262296875 0.8609375 0.976580796875 0.865625 0.9976580796875 0.98125 1 0.9828125 0.9625292734374999 0.990625 0.941451990625 0.996875 0.8899297421875 0.996875 0.8548009375 0.9921875 0.8290398124999999 0.9875 0.8196721312499999 0.9796875 0.8126463703125 0.9796875 0.8079625296874999 0.990625 0.77517564375 0.99375 0.7236533953125 0.9984375 0.7119437937499999 0.9984375 0.6651053859375 0.9953125 0.658079625 0.984375 0.64871194375 0.9765625 0.6557377046874999 0.9546875 0.662763465625 0.95 0.6674473062499999 0.940625 0.653395784375 0.925 0.6416861828125 0.9140625 0.6206089 0.9078125 0.599531615625 0.9015625 0.5925058546875 0.9 0.5761124125 0.8890625 0.5339578453125 0.89375 0.5152224828125 0.89375 0.4941451984375 0.890625 0.482435596875 0.8796875 0.47775175625 0.865625 0.4613583140625 0.8578125 0.4613583140625 0.853125 0.454332553125 0.846875 0.45199063281249996 0.8453125 0.43091334843749995 0.83125 0.3887587828125 0.83125 0.3793911 0.834375 0.32786885312499997 0.85 0.28805620625 0.8296875 0.257611240625 0.825 0.257611240625 0.821875 0.2505854796875 0.8140625 0.26229508125 0.809375 0.2552693203125 0.815625 0.238875878125 0.8015625 0.22014051562499998 0.7953125 0.18969555 0.796875 0.14754098437500002 0.803125 0.1241217796875 0.7921875 0.1147540984375 0.775 0.1147540984375 0.7671875 0.121779859375 0.759375 0.13583138125 0.7484375 0.1428571421875 0.7421875 0.175644028125 0.734375 0.194379390625 0.734375 0.2014051515625 0.683780809375 0.2597882359375 0.6484375 0.1709601875 0.6515625 0.1334894609375 0.6609375 0.1077283375 0.6703125 0.09367681562499999 0.6625 0.086651053125 0.634375 0.088992975 0.596875 0.112412178125 0.5828125 0.1288056203125 0.578125 0.1428571421875 0.578125 0.16627634687499998 0.584375 0.1826697890625 0.5875 0.17798594843749999 0.60625 0.1686182671875 0.6375 0.1686182671875 0.64375 0.1733021078125 0.6422025234375 0.17805350312499998 0.349158653125 0.5114393796875001 0.34375 0.5058548015625 0.3421875 0.4566744734375 0.35 0.43091334843749995 0.35 0.400468384375 0.3546875 0.3887587828125 0.359375 0.3395784546875 0.3625 0.2997658078125 0.3578125 0.278688525 0.3703125 0.26932084375 0.3875 0.238875878125 0.3921875 0.22014051562499998 0.3921875 0.1826697890625 0.3953125 0.1709601875 0.39375 0.1428571421875 0.3875 0.1288056203125 0.3765625 0.1194379390625 0.3578125 0.1194379390625 0.3453125 0.1334894609375 0.33125 0.16159250625 0.321875 0.16159250625 0.3109375 0.1709601875 0.30625 0.1709601875 0.2921875 0.1826697890625 0.2828125 0.1967213109375 0.271875 0.229508196875 0.271875 0.283372365625 0.2484375 0.30913348906250004 0.2421875 0.31850117031249997 0.2359375 0.337236534375 0.2359375 0.3606557375 0.240625 0.374707259375 0.24921875 0.3840749421875 0.2484375 0.3981264640625 0.2515625 0.40983606562499997 0.2453125 0.43091334843749995 0.2453125 0.454332553125 0.2515625 0.473067915625 0.2546875 0.4988290390625 0.26875 0.52224824375 0.26875 0.5644028109375 0.28125 0.5831381734375001 0.28057391875 0.5894658625 0.2743389421875 0.5965591781249999 0.275 0.6018735359375 0.259375 0.5925058546875 0.2421875 0.5925058546875 0.234375 0.5971896953125 0.228125 0.5925058546875 0.21875 0.5925058546875 0.209375 0.5831381734375001 0.1890625 0.5831381734375001 0.18125 0.590163934375 0.1640625 0.6159250578125001 0.1359375 0.6182669796875 0.1296875 0.6252927406250001 0.11875 0.62997658125 0.10625 0.64871194375 0.0828125 0.6697892265625 0.06875 0.6955503515625 0.046875 0.716627634375 0.0265625 0.7634660421875 0.015625 0.779859484375 0.0078125 0.8149882906249999 0.0046875 0.8618266984374999 0.00625 0.8758782203125 0.0015625 0.8899297421875 0.006234976562499999 0.9015717890625 0 0.9086651046875 0 0.96487119375 0.003125 1 0.70625 1