2 0.397171875 0.6611709609374999 0.43484375000000003 0.5882435593750001 0.45682812500000003 0.48941452031250005 0.46153125 0.3741217796875 0.44740624999999995 0.20704917968749997 0.436421875 0.1670491796875 0.416015625 0.164707259375 0.40659375000000003 0.1858782203125 0.42856249999999996 0.2894145203125 0.423859375 0.5388290390625 0.39875 0.6423419203125 0.3861875 0.6799999999999999 0.397171875 0.6611709609374999
2 0.39246875000000003 0.4094145203125 0.390890625 0.451756440625 0.39875 0.491756440625 0.39875 0.5011709609375 0.40031249999999996 0.5694145203125001 0.40815625000000005 0.5858782203125 0.40659375000000003 0.4658782203125 0.416015625 0.355292740625 0.411296875 0.24 0.401875 0.1788290390625 0.38146874999999997 0.1905854796875 0.373625 0.20470725937499998 0.38146874999999997 0.3011709609375 0.39246875000000003 0.3505854796875 0.39246875000000003 0.3670491796875 0.39246875000000003 0.4094145203125
2 0.3469375 0.5729976578125 0.3469375 0.580140515625 0.3585 0.55159250625 0.374140625 0.4822716625 0.379578125 0.41805620625 0.38434375 0.332435596875 0.379578125 0.27941452031249997 0.370734375 0.2039812640625 0.36053125 0.19889929687500002 0.3469375 0.2529274 0.357140625 0.39868852499999996 0.364609375 0.4486416859375 0.3469375 0.5729976578125
2 0.302046875 0.73194379375 0.31657812500000004 0.768243559375 0.311734375 0.6001170953125 0.310109375 0.44044496562499996 0.273796875 0.42836065625 0.2899375 0.57229508125 0.302046875 0.73194379375
2 0.066546875 0.6148946140625 0.0690625 0.6614285718749999 0.07578125 0.685339578125 0.07914062499999999 0.6651990624999999 0.083328125 0.6387822015625 0.08837500000000001 0.622435596875 0.10600000000000001 0.5922482437500001 0.13284374999999998 0.4815456671875 0.13284374999999998 0.42744730625000005 0.142078125 0.2739812640625 0.13368750000000001 0.2576346609375 0.12445312500000001 0.2626697890625 0.120265625 0.2626697890625 0.10600000000000001 0.285316159375 0.08920312500000001 0.5041920375 0.07578125 0.5972833718749999 0.066546875 0.6148946140625
2 0.21531250000000002 0.437892271875 0.21371875 0.4642388765625 0.2174375 0.481779859375 0.22542187500000002 0.48578454375 0.236078125 0.4634426234375 0.253640625 0.3852224828125 0.23181250000000003 0.374051521875 0.220625 0.4155503515625 0.21531250000000002 0.437892271875
2 0.09178125000000001 0.4161124125 0.0935 0.3927868859375 0.094078125 0.34964871249999996 0.065859375 0.3927868859375 0.035921875 0.47220140468749994 0.0209375 0.5024121781249999 0.012296875 0.51709601875 0.00309375 0.6370726 0.00078125 0.6948946140625 0.0036718750000000002 0.691451990625 0.022093750000000002 0.632763465625 0.069890625 0.4860187359375 0.080828125 0.46185011718749996 0.0883125 0.43941452031250006 0.09178125000000001 0.4161124125
2 0.370125 0.7426697890625 0.366296875 0.6496018734375 0.35578125 0.5694145203125001 0.3471875 0.5794379390625 0.353875 0.5092740046875 0.34528125 0.41189695625 0.337640625 0.38756440312499996 0.32043750000000004 0.38756440312499996 0.31375000000000003 0.42765807968749997 0.324265625 0.54936768125 0.341453125 0.66391100625 0.3605625 0.7297658078125 0.370125 0.7426697890625
2 0.32434375000000004 0.6737704921875001 0.342109375 0.7229274 0.355765625 0.7208665109375 0.353046875 0.6891100703124999 0.33321875 0.6245901640625 0.3175 0.5139812640625 0.31478125 0.5334426234375 0.31478125 0.5887587828124999 0.32434375000000004 0.6737704921875001
2 0.18053125 0.6141217796875 0.1868125 0.6611709609374999 0.18837500000000001 0.635292740625 0.199375 0.5623419203125 0.19623437500000002 0.5411709609375001 0.19623437500000002 0.5129508203124999 0.19623437500000002 0.45882903906249994 0.19623437500000002 0.42587822031250006 0.197796875 0.3788290390625 0.20407812500000003 0.34587822031250004 0.20721875 0.3129508203125 0.20565625 0.2870491796875 0.19623437500000002 0.2729508203125 0.1868125 0.2776580796875 0.182109375 0.2776580796875 0.182109375 0.27999999999999997 0.17896875 0.3105854796875 0.1726875 0.3576580796875 0.169546875 0.3905854796875 0.169546875 0.4305854796875 0.175828125 0.4494145203125 0.17896875 0.47765807968749996 0.17425 0.5317564406249999 0.175828125 0.524707259375 0.177390625 0.5694145203125001 0.18053125 0.6141217796875
2 0.11746875000000001 0.8229976578124999 0.155046875 0.6985948484375 0.166015625 0.5342622953125 0.166015625 0.477939109375 0.14721875 0.47323185 0.14095312499999998 0.46149882968749995 0.13468750000000002 0.46384074999999997 0.11276562500000001 0.6 0.10179687500000001 0.6844964874999999 0.10806249999999999 0.773700234375 0.11746875000000001 0.8229976578124999
2 0.500765625 0.41002341875 0.507140625 0.44686182656250006 0.509875 0.42229508125 0.5035000000000001 0.39775175625000003 0.49621875 0.3813817328125 0.486203125 0.3390866515625 0.470734375 0.311803278125 0.455265625 0.269508196875 0.45434374999999994 0.3240749421875 0.47164062500000004 0.3677283375 0.48439062499999996 0.389555034375 0.492578125 0.4059250578125 0.500765625 0.41002341875
2 0.65684375 0.9770023421875 0.6309843749999999 0.914988290625 0.591328125 0.8529742390624999 0.580984375 0.8710538640625 0.5413281249999999 0.930491803125 0.53271875 0.917564403125 0.56203125 0.9847540984375 0.65684375 0.9770023421875
2 0.27690625 0.46266978906249995 0.275828125 0.45700234218749997 0.273671875 0.44402810312499996 0.272046875 0.4245667453125 0.26771875 0.4310538640625 0.26284375 0.4561826703125 0.2574375 0.47969555 0.253109375 0.5023887593749999 0.246625 0.5161826703125 0.246078125 0.53644028125 0.243921875 0.5583138171875001 0.23581249999999998 0.570491803125 0.22931249999999997 0.5834426234375 0.22228124999999999 0.597236534375 0.2276875 0.5956206093749999 0.238515625 0.5810304453125 0.250953125 0.5631850109375 0.25851562499999997 0.54615925 0.26501562500000003 0.5291334890625 0.269875 0.513747071875 0.272578125 0.4959016390625 0.279609375 0.48536299843749997 0.27690625 0.477259953125 0.27690625 0.46266978906249995
2 0.21176470625000002 0.47540983593749997 0.196875 0.545667446875 0.1984375 0.5690866515625 0.19375 0.6018735359375 0.19375 0.6416861828125 0.1984375 0.64871194375 0.20625 0.64871194375 0.2109375 0.6440281031249999 0.215625 0.6112412171875 0.221875 0.6112412171875 0.2265625 0.6182669796875 0.2328125 0.6510538640625 0.2234375 0.6814988296875 0.221875 0.7189695546875 0.2296875 0.7822014046875 0.234375 0.7892271656250001 0.2421875 0.7892271656250001 0.246875 0.784543325 0.253125 0.7400468390625 0.253125 0.721311475 0.265625 0.7119437937499999 0.275 0.7775175640625 0.2796875 0.784543325 0.290625 0.7822014046875 0.2953125 0.7658079625 0.3015625 0.7587822015625 0.303125 0.7353629984375 0.29 0.5981264640624999 0.359375 0.5971896953125 0.3625 0.6182669796875 0.365625 0.6229508203125 0.371875 0.62997658125 0.3828125 0.62997658125 0.3875 0.6416861828125 0.396875 0.64871194375 0.3921875 0.662763465625 0.3875 0.662763465625 0.3921875 0.6697892265625 0.3875 0.6768149890624999 0.3953125 0.7002341921874999 0.4 0.707259953125 0.4109375 0.7049180328125 0.415625 0.7119437937499999 0.425 0.7470726 0.4453125 0.7775175640625 0.45 0.7822014046875 0.4578125 0.7822014046875 0.4625 0.7775175640625 0.4625 0.7587822015625 0.4484375 0.7400468390625 0.446875 0.7049180328125 0.4421875 0.69320843125 0.4390625 0.662763465625 0.4390625 0.6182669796875 0.4328125 0.5925058546875 0.429296875 0.4818501171875 0.425 0.4800936765625 0.42890625 0.469555034375 0.425 0.346604215625 0.4171875 0.346604215625 0.409375 0.43325526875 0.4171875 0.4566744734375 0.409375 0.4660421546875 0.409375 0.4800936765625 0.390625 0.47540983593749997 0.3859375 0.4660421546875 0.38125 0.46370023437499996 0.3765625 0.4660421546875 0.375 0.473067915625 0.3609375 0.47540983593749997 0.3640625 0.44730679218749997 0.35625 0.39578454375 0.3515625 0.337236534375 0.34375 0.3302107734375 0.3296875 0.3302107734375 0.3234375 0.3348946140625 0.3109375 0.3348946140625 0.303125 0.3395784546875 0.3015625 0.34426229531249997 0.290625 0.3489461359375 0.2796875 0.33255269374999996 0.284375 0.31147540937499996 0.284375 0.2997658078125 0.2734375 0.283372365625 0.275 0.26932084375 0.26875 0.2599531609375 0.2671875 0.238875878125 0.259375 0.23185011718749998 0.24375 0.2459016390625 0.228125 0.28805620625 0.2203125 0.28571428593750003 0.2125 0.2903981265625 0.2109375 0.2950819671875 0.2046875 0.37002341875 0.2203125 0.3825136609375 0.21875 0.400468384375 0.21493055625 0.3970856109375 0.2104166671875 0.40671350625 0.203125 0.40983606562499997 0.2 0.41920374687499995 0.20138888906250002 0.42596929531249994 0.196875 0.4355971890625 0.219209559375 0.4402810296875 0.2140625 0.45901639375 0.215625 0.47540983593749997 0.21176470625000002 0.47540983593749997