2 0.69603125 0.5463125 0.708703125 0.5143958328125 0.708 0.4890625 0.698140625 0.4815625 0.67421875 0.48250000000000004 0.662953125 0.4871875 0.651 0.49845833281249996 0.648171875 0.5350416671875 0.658734375 0.54725 0.69603125 0.5463125
2 0.42028125000000005 0.4758541671875 0.41396875 0.44710416718749996 0.411328125 0.42816666718749996 0.40239062499999995 0.41204166718749996 0.3576875 0.4246666671875 0.361890625 0.45552083281250005 0.37240625 0.4962083328125 0.37871875 0.499 0.411328125 0.4891875 0.42028125000000005 0.4758541671875
2 0.454921875 0.5144166671875 0.45140624999999995 0.5158750000000001 0.44925 0.5183958328125 0.447359375 0.5234375 0.44573437499999996 0.5299166671875 0.44303125000000004 0.5356875 0.44059375 0.5392916671875 0.436546875 0.5392916671875 0.431953125 0.5414583328125 0.434375 0.5447083328125 0.436546875 0.54975 0.43843750000000004 0.5548124999999999 0.440875 0.559125 0.443578125 0.5623750000000001 0.447359375 0.5631041671875 0.44870312500000004 0.5631041671875 0.45221875 0.5605625 0.45465625000000004 0.5580416671874999 0.45601562500000004 0.5544374999999999 0.45601562500000004 0.5483125 0.456546875 0.5479583328125 0.4600625 0.546875 0.46034375 0.5461458328125001 0.46060937500000004 0.5403749999999999 0.46195312499999996 0.5371458328125 0.466015625 0.5389375000000001 0.46953125 0.54075 0.46953125 0.5432708328125 0.4716875 0.543625 0.47278125 0.54075 0.475484375 0.54075 0.481421875 0.5411041671875 0.482234375 0.5375 0.48250000000000004 0.5299166671875 0.48115625 0.5284791671875 0.46871875 0.528125 0.46195312499999996 0.524875 0.45925000000000005 0.5194791671875 0.45871874999999995 0.5147916671874999 0.45735937499999996 0.5140625 0.454921875 0.5144166671875
2 0.52784375 0.4570625 0.5435625 0.45025000000000004 0.5393125000000001 0.4411875 0.538046875 0.4327083328125 0.54484375 0.42477083281250005 0.5371875 0.3992708328125 0.534640625 0.39587500000000003 0.51553125 0.3998333328125 0.49003125000000003 0.41116666718749995 0.4828125 0.4173958328125 0.494703125 0.45083333281250004 0.511703125 0.45366666718750004 0.5185 0.45479166718749997 0.52784375 0.4570625
2 0.51621875 0.3578541671875 0.507546875 0.35885416718749996 0.491328125 0.37043750000000003 0.483796875 0.37293750000000003 0.4886875 0.382 0.500375 0.39256250000000004 0.528296875 0.3885208328125 0.52678125 0.37243750000000003 0.519609375 0.361375 0.51621875 0.3578541671875
2 0.53365625 0.3487083328125 0.524328125 0.3633958328125 0.526015625 0.3814791671875 0.5472187500000001 0.4120208328125 0.585375 0.460625 0.5955468749999999 0.4538333328125 0.56078125 0.4018333328125 0.53365625 0.3487083328125
2 0.558234375 0.548875 0.5543125 0.5111041671875001 0.5534375 0.49483333281249997 0.54734375 0.4855208328125 0.532078125 0.4855208328125 0.5185625 0.4965625 0.4885 0.49772916718750004 0.47585937500000003 0.507625 0.48892187500000006 0.548875 0.49634375000000003 0.5767708328125 0.5024375 0.5866666671874999 0.5041875 0.597125 0.5115937500000001 0.6046666671875001 0.5377500000000001 0.6035208328125 0.551265625 0.5965416671875 0.5564843749999999 0.5895625 0.558234375 0.548875
2 0.314640625 0.30597916718749996 0.3149375 0.2917916671875 0.31234375000000003 0.278375 0.30803125 0.2772291671875 0.294234375 0.2741666671875 0.28531249999999997 0.2764583328125 0.2643125 0.289875 0.266625 0.301375 0.26978125 0.3167291671875 0.27926562499999996 0.3251666671875 0.29479687499999996 0.33206250000000004 0.305734375 0.3263125 0.314640625 0.312125 0.314640625 0.30597916718749996
2 0.292578125 0.40481249999999996 0.27384375 0.40481249999999996 0.262140625 0.4173125 0.25746875 0.44643750000000004 0.274625 0.4682708328125 0.287890625 0.4807708328125 0.312078125 0.44643750000000004 0.30662500000000004 0.425625 0.292578125 0.40481249999999996
2 0.32375 0.4023333328125 0.327078125 0.41116666718749995 0.33228125 0.4130625 0.33465625 0.4118125 0.336078125 0.40864583281250005 0.337015625 0.3972708328125 0.337015625 0.3966458328125 0.33134375 0.382125 0.326125 0.37454166718750004 0.307171875 0.36885416718749997 0.276859375 0.3865416671875 0.274015625 0.40549999999999997 0.28065625 0.4029583328125 0.31759375 0.395375 0.32375 0.4023333328125
2 0.2848125 0.5416875 0.28778125 0.5416875 0.29867187500000003 0.5390416671875 0.31303125 0.5311250000000001 0.33382812500000003 0.521875 0.34371874999999996 0.5172708328125 0.3353125 0.5060416671875 0.323421875 0.4954791671875 0.3100625 0.4954791671875 0.30460937499999996 0.5020833328125 0.285296875 0.5047291671874999 0.28381249999999997 0.5080208328125 0.28381249999999997 0.5317916671875 0.2848125 0.5416875
2 0.30525 0.36735416718749997 0.30598437500000003 0.3589791671875 0.30598437500000003 0.350125 0.30378125 0.34322916718749996 0.30007812500000003 0.3328958328125 0.2934375 0.3328958328125 0.26834375 0.3766875 0.27425 0.39391666718749996 0.27425 0.3944166671875 0.276828125 0.3850625 0.30525 0.36735416718749997
2 0.5719531250000001 0.2216666671875 0.5535625 0.2270625 0.5501406249999999 0.23122916718750003 0.5523125 0.2445208328125 0.5545 0.2470208328125 0.5548124999999999 0.2549166671875 0.557296875 0.2549166671875 0.558859375 0.2574166671875 0.56571875 0.2536666671875 0.56915625 0.2536666671875 0.576 0.2565833328125 0.5816250000000001 0.2574166671875 0.586609375 0.2453541671875 0.583484375 0.2420416671875 0.582234375 0.2270625 0.583484375 0.225 0.5788125 0.22291666718749997 0.5719531250000001 0.2216666671875