3 0.610703125 0.3469375 0.60340625 0.3750416671875 0.60259375 0.40064583281250005 0.60421875 0.42012499999999997 0.613953125 0.44787499999999997 0.624484375 0.47131249999999997 0.639359375 0.4839166671875 0.656390625 0.49293750000000003 0.681265625 0.5015833328125 0.7269687499999999 0.500875 0.76346875 0.47275 0.77428125 0.4486041671875 0.78428125 0.41974999999999996 0.787 0.4114583328125 0.792125 0.37 0.7872656250000001 0.348375 0.78428125 0.3415208328125 0.76509375 0.3051041671875 0.754 0.29681250000000003 0.7318125 0.28820833281249997 0.695328125 0.2849166671875 0.662890625 0.2932083328125 0.62665625 0.3148541671875 0.610703125 0.3469375
3 0.78209375 0.334375 0.7900625 0.362 0.789265625 0.3747708328125 0.789265625 0.41197916718750005 0.800421875 0.43110416718750005 0.8347031250000001 0.4342916671875 0.88175 0.4247291671875 0.90246875 0.4066458328125 0.916828125 0.3673333328125 0.92559375 0.3311875 0.923203125 0.29504166718749997 0.90565625 0.2365833328125 0.8530468750000001 0.20575000000000002 0.806 0.21212499999999998 0.774921875 0.2376458328125 0.753390625 0.2833541671875 0.7541875 0.2929166671875 0.7677343750000001 0.3088541671875 0.78209375 0.334375
3 0.43093750000000003 0.2804583328125 0.46659375000000003 0.224625 0.469703125 0.193625 0.46349999999999997 0.125375 0.447984375 0.0819583328125 0.413875 0.050937500000000004 0.365796875 0.050937500000000004 0.330125 0.0674791671875 0.306859375 0.1274375 0.32237499999999997 0.2039583328125 0.3471875 0.2287708328125 0.3875 0.2515208328125 0.39060937500000004 0.2597916671875 0.40610937500000005 0.266 0.43093750000000003 0.2804583328125
3 0.62053125 0.46322916718749996 0.61025 0.43975 0.6021875 0.41725 0.58384375 0.41431250000000003 0.5545 0.41137499999999994 0.54496875 0.41627083281250005 0.55596875 0.4426875 0.562578125 0.4759375 0.562578125 0.5140833328125 0.527359375 0.5717916671875 0.5721093749999999 0.5659375 0.5955781250000001 0.5620208328125 0.6241875 0.5541875 0.6506093749999999 0.5453958328125 0.6542656250000001 0.4974583328125 0.65134375 0.4925625 0.6322656249999999 0.47887500000000005 0.62053125 0.46322916718749996
3 0.5007343750000001 0.5861041671875 0.529390625 0.567 0.54575 0.5424375 0.561109375 0.5137916671875 0.561109375 0.46058333281249997 0.5437031250000001 0.41147916718750005 0.506875 0.377375 0.47821875 0.3637291671875 0.4465 0.3637291671875 0.41990625000000004 0.3719166671875 0.405578125 0.3951041671875 0.38715625 0.4292083328125 0.37896874999999997 0.46741666718749997 0.37896874999999997 0.4987916671875 0.38715625 0.5451666671875001 0.412734375 0.5874583328125 0.448546875 0.6106458328125 0.44343750000000004 0.6051875 0.46390624999999996 0.6038333328125 0.5007343750000001 0.5861041671875
3 0.618546875 0.2715416671875 0.67921875 0.24456250000000002 0.684265625 0.192875 0.67921875 0.1344583328125 0.642140625 0.094 0.584828125 0.09625 0.54775 0.1524375 0.5578593749999999 0.23783333281250002 0.5882031249999999 0.2715416671875 0.618546875 0.2715416671875
3 0.128734375 0.47506250000000005 0.11378124999999999 0.5221875 0.112421875 0.5837916671875 0.136875 0.6309166671875001 0.168140625 0.6617291671875 0.20212500000000003 0.6762291671875 0.20484375 0.6599166671875001 0.21164062499999997 0.6562916671875 0.236109375 0.6508541671875 0.267359375 0.6472291671875 0.30134375 0.6291041671875 0.308140625 0.6272916671875 0.31221875 0.6200416671875 0.32309375 0.5982916671875 0.32853125 0.5692916671875 0.3258125 0.505875 0.310859375 0.476875 0.278234375 0.42793749999999997 0.236109375 0.4134375 0.192609375 0.4243125 0.19396875 0.418875 0.176296875 0.42793749999999997 0.128734375 0.47506250000000005
3 0.38459374999999996 0.45066666718750004 0.423296875 0.36712500000000003 0.437125 0.3228958328125 0.415921875 0.27375 0.373546875 0.2344375 0.324703125 0.2368958328125 0.279546875 0.2676041671875 0.246375 0.3130625 0.22795312499999998 0.36589583281250004 0.24729687500000003 0.40275 0.27125 0.4334791671875 0.27309375 0.4273333328125 0.2970625 0.4605 0.317328125 0.4727916671875 0.35603125 0.4727916671875 0.38459374999999996 0.45066666718750004
3 0.303890625 0.1246666671875 0.321421875 0.070125 0.377921875 0.04675 0.3681875 0.005187499999999999 0.204546875 0 0.2084375 0.0337708328125 0.163640625 0.0441458328125 0.11882812499999999 0.0857083328125 0.09740625 0.1948125 0.054546874999999995 0.2649375 0.062343749999999996 0.33245833281250003 0.112984375 0.3896041671875 0.09740625 0.47791666718750003 0.112984375 0.5090833328125 0.148046875 0.4415625 0.23765624999999999 0.40779166718750004 0.22403125 0.3480416671875 0.220125 0.2883125 0.229875 0.34025 0.333109375 0.23635416718750002 0.303890625 0.1246666671875
3 0.6704375 0.1196458328125 0.676140625 0.141625 0.687546875 0.18470833281250001 0.719859375 0.2066875 0.7655000000000001 0.201625 0.789578125 0.1965416671875 0.8098593749999999 0.15091666718750002 0.828875 0.12050000000000001 0.830140625 0.0875416671875 0.818734375 0.0478125 0.80859375 0.0258541671875 0.7807031249999999 0.0072499999999999995 0.743953125 0 0.740140625 0.0030416671875 0.70909375 0.026687499999999996 0.690703125 0.0495208328125 0.67359375 0.10529166718750001 0.6704375 0.1196458328125
3 0.509859375 0.1454166671875 0.542109375 0.1650833328125 0.5513125 0.147875 0.57528125 0.1061041671875 0.5762031249999999 0.0864375 0.5725156250000001 0.0655625 0.559609375 0.050812500000000003 0.547640625 0.0164166671875 0.5430312500000001 0.0299375 0.5384218749999999 0.050812500000000003 0.5135468750000001 0.0852291671875 0.48312499999999997 0.1110208328125 0.465625 0.1024166671875 0.46009374999999997 0.10733333281249999 0.46101562500000004 0.11225 0.465625 0.13558333281249998 0.4693125 0.1429583328125 0.489578125 0.1380416671875 0.509859375 0.1454166671875
3 0.595109375 0.4140833328125 0.605015625 0.41937499999999994 0.6036875 0.365625 0.61096875 0.3488958328125 0.622859375 0.3233541671875 0.628796875 0.31102083281250004 0.673734375 0.2916458328125 0.673734375 0.2881041671875 0.657875 0.2705 0.6188906249999999 0.2652083328125 0.59709375 0.2625625 0.5746249999999999 0.27225 0.56471875 0.2801875 0.550171875 0.2942708328125 0.54159375 0.3171875 0.533 0.3506666671875 0.540921875 0.3929375 0.556125 0.4184791671875 0.55546875 0.4070416671875 0.5706562500000001 0.4105625 0.595109375 0.4140833328125
3 0.545109375 0.165375 0.4838125 0.14308333281250002 0.45873437499999997 0.15237499999999998 0.46709375 0.2229583328125 0.419734375 0.2749583328125 0.430875 0.3009583328125 0.47267187499999996 0.3269583328125 0.51446875 0.3269583328125 0.54371875 0.2898125 0.55765625 0.24152083281249997 0.554859375 0.1839375 0.545109375 0.165375
3 0.54375 0 0.5359375 0.0041666671875 0.38125 0.0041666671875 0.3765625 0.0208333328125 0.3765625 0.0395833328125 0.38125 0.0458333328125 0.39375 0.0458333328125 0.4 0.05208333281250001 0.4171875 0.05208333281250001 0.43125 0.06875 0.446875 0.0791666671875 0.4546875 0.1020833328125 0.459375 0.10833333281249999 0.4321614578125 0.30954861093749997 0.434375 0.3166666671875 0.43072916718750004 0.3201388890625 0.42786458281249995 0.34131944375 0.43125 0.34375 0.4264322921875 0.35190972343750004 0.425 0.3708333328125 0.378125 0.4625 0.3734375 0.4604166671875 0.3578125 0.47291666718750003 0.33125 0.47291666718750003 0.315625 0.48333333281249996 0.325 0.50625 0.328125 0.5604166671875 0.3302734375 0.5651041671875 0.323828125 0.584375 0.325 0.5895833328125 0.32060546875 0.5940104171875 0.3234375 0.5979166671875 0.3203125 0.6041666671875 0.3173828125 0.6036458328125 0.31875 0.6083333328125 0.31416015625 0.61328125 0.309375 0.6270833328125 0.3125 0.6354166671875 0.3515625 0.6333333328124999 0.35625 0.6270833328125 0.3734375 0.6229166671875 0.40625 0.6229166671875 0.4109375 0.6270833328125 0.4296875 0.6270833328125 0.434375 0.61875 0.43125 0.6 0.4140625 0.5895833328125 0.409375 0.5833333328125 0.6593505859375 0.47255859375 0.665625 0.49791666718750005 0.665625 0.5375 0.671875 0.5458333328125 0.709375 0.5458333328125 0.7234375 0.5416666671875 0.73125 0.5354166671875 0.740625 0.5354166671875 0.746875 0.5291666671875 0.7625 0.5270833328125 0.765625 0.5229166671875001 0.7984375 0.5208333328125 0.803125 0.5125 0.8046875 0.5020833328125 0.8046875 0.4604166671875 0.8078125 0.4375 0.80625 0.43333333281249997 0.8 0.43125 0.7875 0.41041666718750003 0.7578125 0.2979166671875 0.7546875 0.29375 0.7578125 0.2666666671875 0.7640625 0.2625 0.778125 0.23541666718749998 0.7765625 0.2104166671875 0.771875 0.20208333281250002 0.7234375 0.20833333281250002 0.715625 0.20625 0.7109375 0.2125 0.6921875 0.22291666718749997 0.6875 0.23125 0.6828125 0.23333333281250002 0.678125 0.24583333281250003 0.6625 0.2520833328125 0.6186298078125 0.16233974375 0.66875 0.12291666718750001 0.6625 0.1166666671875 0.675 0.1020833328125 0.690625 0.05 0.709375 0.0270833328125 0.725 0.014583332812499999 0.7234375 0.0041666671875 0.6875 0.0020833328125000002 0.6859375 0.00625 0.6828125 0.00625 0.6796875 0 0.6609375 0 0.65625 0.0041666671875 0.6484375 0 0.54375 0