0 0.201703125 0.21175869062500002 0.21659375 0.2095910015625 0.257953125 0.174948875 0.284421875 0.1316359921875 0.2926875 0.11000000000000001 0.284421875 0.06885480625 0.267875 0.0471983640625 0.203359375 0.060184048437500005 0.117328125 0.203087934375 0.12890625 0.21824130937500003 0.165296875 0.22691206562500002 0.201703125 0.21175869062500002
2 0.73665625 0.1971983640625 0.74521875 0.1635582828125 0.7023906249999999 0.13889570625 0.62015625 0.11873210625 0.606453125 0.156830265625 0.65784375 0.190470346875 0.73665625 0.1971983640625
2 0.256125 0.17797545937499998 0.23575 0.21912065468750003 0.25321875 0.265603271875 0.26253125 0.29380368125 0.27709375 0.3189570546875 0.293984375 0.3189570546875 0.325421875 0.2709406953125 0.32309375 0.2640899796875 0.31260937499999997 0.2259713703125 0.306203125 0.226748465625 0.2893125 0.20464212656249997 0.305625 0.17873210625 0.285828125 0.1299591 0.28290625 0.134519428125 0.266609375 0.1489979546875 0.256125 0.17797545937499998
2 0.38115625 0.1473619625 0.350234375 0.1583231078125 0.319328125 0.1827607359375 0.306453125 0.2299591 0.32384375 0.2721063390625 0.34573437500000004 0.25862985625 0.361828125 0.23586912031249999 0.38565625 0.2274437625 0.3991875 0.22828220781250003 0.42945312500000005 0.22912065468749998 0.43137499999999995 0.22490797499999998 0.44296875 0.19034764843750002 0.461 0.176871165625 0.48224999999999996 0.1616973421875 0.49126562500000004 0.1473619625 0.501578125 0.1271370140625 0.48804687500000005 0.1035378328125 0.453921875 0.096789365625 0.43203125 0.10944785312500001 0.408203125 0.12881390625 0.408203125 0.1347239265625 0.394671875 0.144846625 0.38115625 0.1473619625
2 0.198578125 0.7269325156249999 0.19565625 0.72118609375 0.14445312500000002 0.6915132921875 0.121046875 0.6522494890625 0.078625 0.6417177921875 0.07496875 0.645562371875 0.0661875 0.723087934375 0.0661875 0.7288343562499999 0.164203125 0.8130879343749999 0.194921875 0.8370143156250001 0.201515625 0.82361963125 0.198578125 0.7269325156249999
2 0.71403125 0.0485071578125 0.683109375 0.044458078125 0.667640625 0.0647034765625 0.6784687500000001 0.0910020453125 0.70475 0.1233742328125 0.73878125 0.103149284375 0.743421875 0.06873210625000001 0.71403125 0.0485071578125
2 0.47329687500000006 0.8444171781250001 0.48832812499999995 0.8075460124999999 0.491140625 0.767014315625 0.47329687500000006 0.7387525562499999 0.391625 0.6576687109375 0.377546875 0.635541921875 0.36253125 0.6269529656249999 0.35876562500000003 0.636768915625 0.372859375 0.6932924328125 0.36628125 0.7240081796875 0.36065625 0.7387525562499999 0.36721875000000004 0.74366053125 0.41228125000000004 0.7940490796875 0.42917187500000004 0.8137014312499999 0.44701562499999997 0.838261759375 0.47329687500000006 0.8444171781250001
2 0.126109375 0.49715746406249994 0.135671875 0.48860940625 0.14170312499999999 0.4754396734375 0.14371875 0.4484458078125 0.146734375 0.4214519421875 0.13868750000000002 0.3990593046875 0.13315625 0.391820040625 0.12309375 0.393128834375 0.110515625 0.4010429453125 0.0984375 0.415521471875 0.0783125 0.4010429453125 0.069265625 0.390490796875 0.055171875 0.3977505109375 0.046125 0.40498977500000005 0.05014062500000001 0.4240695296875 0.064234375 0.4602862984375 0.08184375 0.4839877296875 0.10498437499999999 0.4965030671875 0.126109375 0.49715746406249994
2 0.577171875 0.7706952968749999 0.60375 0.7752147234375 0.632046875 0.785603271875 0.6434375 0.789222903125 0.642046875 0.754887525 0.639640625 0.697975459375 0.6375625 0.6970756640625 0.61203125 0.7083640078125 0.602359375 0.7196523515625 0.582703125 0.7399795499999999 0.5837343749999999 0.739529653125 0.577859375 0.7485685078125 0.577171875 0.7706952968749999
2 0.046796875 0.500613496875 0.046796875 0.5571983640625 0.0379375 0.626850715625 0.0290625 0.7008588953125 0.027953125000000002 0.7516359921875 0.036828125 0.7922699390625 0.060109375 0.8024335375 0.08006250000000001 0.5702658484375001 0.08228125 0.528179959375 0.063421875 0.48464212656249994 0.046796875 0.500613496875
2 0.112984375 0.8877505109375001 0.09525 0.87615541875 0.07195312499999999 0.87615541875 0.056437499999999995 0.8892024546874999 0.056437499999999995 0.9385480578125 0.0775 0.9617586906250001 0.1285 0.963210634375 0.1329375 0.9544989781250001 0.1329375 0.9400000000000001 0.112984375 0.8877505109375001
0 0.718234375 0.9304498984375 0.718234375 0.9065235171875001 0.698953125 0.85871165625 0.6685156250000001 0.8414519421875 0.6451718750000001 0.8201840484374999 0.63603125 0.806912065625 0.586296875 0.784335378125 0.53353125 0.7883026578125001 0.49090625 0.825501021875 0.46146875 0.8799591 0.46553125 0.954355828125 0.582234375 0.9676278125 0.6675 0.9583435578125 0.718234375 0.9304498984375
0 0.7323906250000001 0.8885889578124999 0.751625 0.9640899796875001 0.805703125 0.946789365625 0.9102499999999999 0.8508384453125 0.9102499999999999 0.8130879343749999 0.8898125 0.7706339468750001 0.8633749999999999 0.764335378125 0.840546875 0.7501840484375 0.7972812499999999 0.74860940625 0.766046875 0.7674846625 0.7480156250000001 0.80993865 0.7323906250000001 0.8885889578124999