2 0.38878124999999997 0.8738333328125 0.390671875 0.8360208328125 0.39728125 0.8095416671875 0.38878124999999997 0.7943958328125 0.3793125 0.7881041671875 0.312171875 0.7591041671875 0.272453125 0.7565833328125 0.25259375 0.761625 0.22990624999999998 0.8019791671875 0.2270625 0.8284583328125 0.23746874999999998 0.8448333328125001 0.246921875 0.8397916671875001 0.24409375 0.8372708328125 0.3206875 0.8675416671875 0.36040625 0.89275 0.37553125 0.89275 0.38878124999999997 0.8738333328125
2 0.286421875 0.701 0.296046875 0.6221666671875 0.278171875 0.5928333328125001 0.256171875 0.5891666671875 0.234171875 0.5891666671875 0.227296875 0.635 0.220421875 0.7376666671875001 0.23004687499999998 0.7963333328125 0.24929687500000003 0.7725 0.283671875 0.7651666671874999 0.286421875 0.701
2 0.51446875 0.7096875 0.503109375 0.6793750000000001 0.454390625 0.6620625 0.39268749999999997 0.6793750000000001 0.32610937500000003 0.7010416671875 0.324484375 0.7335 0.35046875 0.7551666671875 0.410546875 0.7681458328125 0.48848437499999997 0.7768125 0.48687500000000006 0.7746458328125 0.501484375 0.7616666671875 0.51446875 0.7096875
2 0.36529687499999997 0.5552916671875 0.38293750000000004 0.5552916671875 0.41293749999999996 0.5788333328124999 0.428828125 0.5364791671875 0.41470312500000006 0.505875 0.374125 0.5082291671875 0.321171875 0.5176458328125 0.282359375 0.534125 0.25059375 0.5482291671875 0.25059375 0.5764791671875 0.261171875 0.5905833328125001 0.2770625 0.5952916671875 0.29117187499999997 0.6164791671875001 0.34587500000000004 0.6047083328125 0.34059375 0.5976458328125 0.34587500000000004 0.5717708328125 0.36529687499999997 0.5552916671875
2 0.33065625 0.6996041671875 0.34496875 0.697 0.36253125 0.6822708328125 0.300734375 0.6449791671875 0.290328125 0.7160833328125 0.324796875 0.7282291671875 0.33065625 0.6996041671875
2 0.43525 0.6119791671875 0.432171875 0.6037916671875 0.428328125 0.5945625 0.422953125 0.5843333328125 0.41065625 0.5740833328125 0.395296875 0.5669166671875 0.3799375 0.5505416671875001 0.35996875 0.5628124999999999 0.3430625 0.5781875000000001 0.35612499999999997 0.6099375 0.4221875 0.6427083328125 0.4221875 0.6396458328125 0.42756249999999996 0.6252916671875 0.43525 0.6119791671875
2 0.310265625 0.6551875 0.336984375 0.6763333328125001 0.35953124999999997 0.6896875 0.37956249999999997 0.6885625 0.41128125000000004 0.6874583328125 0.432140625 0.6763333328125001 0.432140625 0.6573958328125 0.41128125000000004 0.63625 0.348671875 0.6084375 0.29775 0.6117708328125 0.28940625 0.6384791671875 0.310265625 0.6551875
2 0.50715625 0.8345208328125 0.508953125 0.8369166671875 0.5263125 0.8153541671875001 0.544265625 0.7914166671875 0.55803125 0.7674791671875 0.57059375 0.749125 0.568796875 0.7132083328125 0.5658125 0.6733125 0.555625 0.6421875 0.5412656250000001 0.6294375 0.52690625 0.6254375 0.5215156249999999 0.6270416671875 0.50834375 0.6437916671874999 0.505359375 0.6605416671875 0.50834375 0.6581458328124999 0.5119374999999999 0.7004583328125 0.5095468750000001 0.7403541671875 0.504765625 0.8073750000000001 0.50715625 0.8345208328125
2 0.571765625 0.8660416671875 0.594703125 0.8472083328125001 0.6229375 0.7813333328125001 0.628234375 0.7224999999999999 0.6105937499999999 0.7154583328124999 0.5876406249999999 0.7201666671875 0.552359375 0.7695624999999999 0.5170625 0.8260416671874999 0.497640625 0.8472083328125001 0.48882812500000006 0.8754583328125 0.511765625 0.8942708328125001 0.497640625 0.9248541671874999 0.52059375 0.9342708328124999 0.54353125 0.9154583328125 0.561171875 0.8989791671875 0.571765625 0.8660416671875
2 0.45255625000000005 0.761975 0.457625 0.7703958328125 0.454 0.7728125 0.4720625 0.8221875000000001 0.48471875000000003 0.8318125000000001 0.49917187500000004 0.827 0.508203125 0.8005208328125001 0.51036875 0.7651083328125 0.5033854171875001 0.76156944375 0.5075989578125 0.7515347234374999 0.511090625 0.7533041671875 0.5118125 0.7415 0.508203125 0.6752708328125 0.5036875000000001 0.6511875 0.48471875000000003 0.6126458328125 0.42690625000000004 0.6222916671875 0.43323437499999995 0.6584166671875 0.43956249999999997 0.6644375 0.45255625000000005 0.761975
2 0.48624999999999996 0.9417916671875 0.501171875 0.9067291671875 0.5025937500000001 0.8783125 0.498328125 0.8565208328124999 0.47487500000000005 0.8271458328125 0.462078125 0.7987291671875 0.452140625 0.7731458328125 0.391734375 0.7683958328125 0.38746875 0.7882916671875 0.3903125 0.8451458328125 0.43081250000000004 0.9323124999999999 0.45142187500000003 0.9446249999999999 0.46706250000000005 0.9493750000000001 0.48624999999999996 0.9417916671875
2 0.177734375 0.6614583328125 0.16015625 0.7083333328125 0.21875 0.75 0.21462673593749998 0.7320601859375 0.216796875 0.7302083328125 0.212456596875 0.7219328703125 0.216796875 0.7182291671875001 0.21028645781250002 0.7118055562500001 0.216796875 0.70625 0.216796875 0.6822916671875 0.208984375 0.678125 0.20377604218749998 0.6814236109375 0.201171875 0.6739583328125 0.201605903125 0.6712962953125 0.19943576406250002 0.66116898125 0.20377604218749998 0.6519097234375 0.220703125 0.6536458328125 0.25 0.5546875 0.234375 0.4973958328125 0.205078125 0.5442708328125 0.197265625 0.6510416671875 0.1953125 0.6510416671875 0.193359375 0.6697916671875 0.177734375 0.6614583328125