2 0.57808 0.18421333281250002 0.5766600000000001 0.1908 0.5766600000000001 0.20589333281250002 0.58232 0.2143733328125 0.59008 0.22002666718750002 0.61412 0.22002666718750002 0.63392 0.20024000000000003 0.6544 0.1662933328125 0.66996 0.12296 0.6671400000000001 0.10504 0.6628999999999999 0.09280000000000001 0.6628999999999999 0.09184 0.65016 0.08336 0.6310800000000001 0.08336 0.61694 0.0937333328125 0.59008 0.1549866671875 0.58302 0.1625333328125 0.5816 0.1719466671875 0.57808 0.18421333281250002
2 0.6342 0.2398933328125 0.6350399999999999 0.2243466671875 0.65002 0.22879999999999998 0.67002 0.22879999999999998 0.67252 0.26877333281250004 0.68584 0.24655999999999997 0.6849999999999999 0.21989333281249998 0.66252 0.19325333281249998 0.6633600000000001 0.16104000000000002 0.65086 0.1699466671875 0.61088 0.2332266671875 0.60588 0.2632 0.62422 0.28653333281250004 0.6342 0.2398933328125
2 0.7111799999999999 0.1661066671875 0.70428 0.10696000000000001 0.67864 0.10037333281250001 0.6747 0.13191999999999998 0.6609 0.1884533328125 0.67668 0.21474666718750002 0.6954 0.2213066671875 0.70526 0.1924 0.70034 0.2186666671875 0.71216 0.20026666718750002 0.7111799999999999 0.1661066671875
2 0.7563 0.23085333281249998 0.7541599999999999 0.188 0.74024 0.10944000000000001 0.7209399999999999 0.0837333328125 0.70274 0.0937333328125 0.70916 0.1465866671875 0.71238 0.2037066671875 0.74988 0.2194133328125 0.7413000000000001 0.2237066671875 0.75094 0.22514666718749998 0.7563 0.23085333281249998
2 0.66882 0.0988266671875 0.69882 0.1011733328125 0.69882 0.0705866671875 0.68648 0.0588266671875 0.6582399999999999 0.04 0.61058 0.0423466671875 0.58588 0.0494133328125 0.58588 0.0894133328125 0.61236 0.0988266671875 0.62648 0.0846933328125 0.65648 0.08 0.66882 0.0988266671875
2 0.5754699999999999 0.1307866671875 0.579552 0.12556799999999999 0.590128 0.12823199999999998 0.58588 0.13578666718750002 0.5942000000000001 0.1424533328125 0.6017 0.13024 0.621856 0.13622399999999998 0.655 0.16576 0.6641600000000001 0.17685333281249999 0.6625 0.1635466671875 0.66708 0.1640933328125 0.67 0.1513333328125 0.6641600000000001 0.14688 0.632432 0.13888799999999998 0.60836 0.1146933328125 0.61502 0.09914666718750001 0.58588 0.08802666718749999 0.5625600000000001 0.1069066671875 0.5559000000000001 0.11690666718750001 0.56506 0.1257866671875 0.5689759999999999 0.12290399999999999 0.5754699999999999 0.1307866671875
0 0.7551599999999999 0.4404533328125 0.7624 0.4356266671875 0.76512 0.4259733328125 0.7787 0.4235466671875 0.77326 0.40184 0.77236 0.3559733328125 0.76874 0.25095999999999996 0.77326 0.23165333281249997 0.75336 0.2135466671875 0.72892 0.20872000000000002 0.71806 0.24010666718749998 0.6927 0.3016533328125 0.6890799999999999 0.33184 0.68004 0.38976 0.6918 0.41752 0.70448 0.42717333281250003 0.71352 0.43322666718749997 0.7434000000000001 0.4404533328125 0.7551599999999999 0.4404533328125
0 1 0.32192 0.98346 0.3197866671875 0.96592 0.3538133328125 0.95874 0.40376 0.9356199999999999 0.44416 0.9172800000000001 0.48456 0.9141 0.492 0.93324 0.58872 0.9635199999999999 0.5866133328124999 1 0.5493866671875 1 0.32192
0 0.9256399999999999 0.46386666718749997 0.92666 0.4611466671875 0.92872 0.4516 0.95326 0.4079466671875 0.9553200000000001 0.37656 0.94816 0.24013333281250002 0.9328 0.22786666718749998 0.9195 0.2292266671875 0.9031399999999999 0.22786666718749998 0.8847200000000001 0.22786666718749998 0.8836999999999999 0.2305866671875 0.87858 0.27559999999999996 0.8652799999999999 0.35064 0.86426 0.35064 0.90108 0.42432 0.9256399999999999 0.46386666718749997
0 0.76994 0.28808 0.7791 0.41848 0.78472 0.4231733328125 0.7988000000000001 0.43255999999999994 0.80654 0.43445333281250004 0.8164 0.39504 0.83118 0.3781333328125 0.8635400000000001 0.3556266671875 0.8551 0.31528 0.84102 0.27869333281249997 0.8178000000000001 0.21112000000000003 0.78614 0.2205066671875 0.78472 0.2242666671875 0.7713599999999999 0.2373866671875 0.76994 0.28808
0 0.72468 0.58048 0.73248 0.6324799999999999 0.77234 0.64864 0.8295199999999999 0.6232266671875 0.83558 0.6105333328125 0.8139200000000001 0.5365866671874999 0.7992 0.46959999999999996 0.80352 0.45341333281249996 0.80006 0.43032000000000004 0.768 0.4257066671875 0.75674 0.4557333328125 0.7394000000000001 0.5204266671875 0.72468 0.58048
0 0.62922 0.6623466671875 0.7305200000000001 0.6649333328125 0.72662 0.5480533328125 0.71104 0.5038933328125 0.68376 0.3974133328125 0.63506 0.43117333281250003 0.62922 0.48832000000000003 0.63312 0.6181866671875 0.62922 0.6623466671875
0 0.92728 0.6805066671875 0.9448000000000001 0.67272 0.91364 0.46493333281250004 0.8922000000000001 0.3896 0.86104 0.3532533328125 0.8065 0.4 0.79676 0.47533333281249995 0.83572 0.6181866671875 0.92728 0.6805066671875
2 0.6992 0.21800000000000003 0.68414 0.21800000000000003 0.6819 0.24775999999999998 0.68748 0.2722933328125 0.6986399999999999 0.28792 0.7042200000000001 0.2656 0.72766 0.2217066671875 0.72766 0.20981333281249998 0.71148 0.19792 0.6992 0.21800000000000003
0 0.57786 0.41794666718749995 0.58974 0.4258666671875 0.61432 0.43263999999999997 0.63298 0.4292533328125 0.6456999999999999 0.4202133328125 0.683 0.39872 0.6838599999999999 0.3196 0.67368 0.28341333281250003 0.66944 0.2461066671875 0.6703 0.2302666671875 0.64994 0.23479999999999998 0.6423 0.2302666671875 0.63468 0.2370666671875 0.6321399999999999 0.24272 0.6228 0.2969866671875 0.59822 0.36368 0.58126 0.4077866671875 0.57786 0.41794666718749995