0 0.44157812500000004 0.5636666671875 0.46854687500000003 0.5704166671875 0.505625 0.5659166671875 0.534265625 0.5546875 0.5494375 0.5187291671875001 0.562921875 0.4490625 0.562921875 0.3838958328125 0.5511250000000001 0.3546875 0.51909375 0.3389583328125 0.4955 0.3389583328125 0.458421875 0.3389583328125 0.42471875 0.3434375 0.411234375 0.3659166671875 0.3994375 0.395125 0.38090625 0.44008333281249995 0.37753125 0.49625 0.37921875 0.49400000000000005 0.41460937500000006 0.5479375 0.44157812500000004 0.5636666671875
0 0.29874999999999996 0.366625 0.258859375 0.3025 0.245546875 0.2847708328125 0.230203125 0.2670208328125 0.20973437499999997 0.2683958328125 0.193359375 0.2602083328125 0.17596875 0.2670208328125 0.13709375 0.2806666671875 0.123796875 0.29704166718749997 0.106390625 0.3679791671875 0.116625 0.43620833281250004 0.15959375 0.5057708328125 0.19540625 0.5126041671875 0.21178124999999998 0.5126041671875 0.23735937499999998 0.5016875 0.238390625 0.5071458328125 0.292609375 0.4566666671875 0.29874999999999996 0.366625
0 0.24676562500000002 0.5446041671875 0.27125 0.5583958328125 0.29384375 0.5659375 0.325859375 0.5634166671874999 0.36634375 0.5207499999999999 0.38328125 0.4881041671875 0.38610937500000003 0.4454166671875 0.377640625 0.4203125 0.340921875 0.3813958328125 0.298546875 0.3688333328125 0.29478125 0.3675833328125 0.2881875 0.4491875 0.2580625 0.49437499999999995 0.240171875 0.5094375 0.24676562500000002 0.5446041671875
0 0.413296875 0.3738958328125 0.4295625 0.341375 0.48735937500000004 0.3401875 0.49459375000000005 0.3365625 0.49459375000000005 0.3124791671875 0.4819375 0.269125 0.43859375 0.24143750000000003 0.38801562500000003 0.2498541671875 0.34195312499999997 0.2968333328125 0.33382812500000003 0.3474166671875 0.347375 0.3919583328125 0.3816875 0.44254166718750004 0.4015625 0.4100208328125 0.413296875 0.3738958328125
0 0.552625 0.4746041671875 0.550734375 0.5222916671875 0.565796875 0.539875 0.6175937499999999 0.5624791671875 0.666546875 0.5637291671875 0.694796875 0.542375 0.731515625 0.5009583328125 0.754109375 0.44697916718749997 0.733390625 0.3741666671875 0.69103125 0.3302291671875 0.641125 0.306375 0.61946875 0.308875 0.5818125000000001 0.33147916718750003 0.550734375 0.393 0.54696875 0.3917291671875 0.5563906249999999 0.42312500000000003 0.552625 0.4746041671875
3 0.288203125 0.7880833328125 0.303375 0.7835833328125 0.333703125 0.7790833328125 0.3505625 0.754375 0.367421875 0.7116666671874999 0.37246875 0.6757083328125 0.362359375 0.6330208328125 0.3539375 0.5993125 0.32528125 0.5656041671875001 0.303375 0.5723541671875 0.2545 0.5723541671875 0.241015625 0.5813333328125 0.21573437499999998 0.6127916671875 0.19718750000000002 0.6622291671875 0.20224999999999999 0.7206666671875 0.23932812499999997 0.7723541671875 0.2561875 0.7880833328125 0.288203125 0.7880833328125
3 0.6120625000000001 0.8318333328125 0.631875 0.8631458328124999 0.677359375 0.8856458328124999 0.7086718750000001 0.8755833328125 0.718125 0.8692916671875001 0.737703125 0.8476874999999999 0.7572656249999999 0.8161875000000001 0.76671875 0.7675833328125 0.747140625 0.7135625 0.715421875 0.6775625 0.685046875 0.6640625 0.65803125 0.6667708328125 0.65803125 0.674875 0.63440625 0.715375 0.6094375000000001 0.7378750000000001 0.597390625 0.76825 0.6032656249999999 0.7956458328125 0.6120625000000001 0.8318333328125
3 0.34228125 0.7765 0.34900000000000003 0.8055833328125 0.36409375 0.8480833328124999 0.384234375 0.8816458328125 0.44128125 0.8950625000000001 0.469796875 0.8771666671875 0.49664062500000006 0.8257291671875 0.51509375 0.7832083328125 0.50503125 0.7205833328125 0.47651562500000005 0.6780625 0.45973437500000003 0.6579375 0.431203125 0.6601666671875 0.394296875 0.6736041671875 0.377515625 0.6937291671875 0.3708125 0.7093958328125 0.362421875 0.7429375 0.34228125 0.7765
3 0.831140625 0.6715 0.8424375 0.6526666671875 0.8527968749999999 0.6275625 0.8527968749999999 0.586125 0.8443125 0.5559999999999999 0.832078125 0.5221041671875 0.816078125 0.49322916718750004 0.773703125 0.4819375 0.743578125 0.4882083328125 0.7134375000000001 0.5296458328125 0.68425 0.5559999999999999 0.679546875 0.5748333328124999 0.6833125 0.6187708328125 0.6974375 0.6576875 0.709671875 0.6790208328125 0.7341562500000001 0.6941041671875 0.76428125 0.7053958328125 0.809484375 0.6966041671875 0.831140625 0.6715
3 0.7984218750000001 0.7386041671875 0.833734375 0.8078749999999999 0.8690312499999999 0.8374791671875 0.908375 0.8401666671875001 0.935109375 0.8314166671875001 0.9643750000000001 0.7877083328125 0.969921875 0.7628125 0.9608437500000001 0.6975833328125 0.92503125 0.6357083328125 0.891234375 0.6168750000000001 0.862484375 0.6115 0.852890625 0.6188958328124999 0.8428125 0.63975 0.833734375 0.6666458328125 0.7908593749999999 0.7103541671875 0.7984218750000001 0.7386041671875
3 0.23932812499999997 0.5460625 0.237640625 0.5236041671875 0.23090625 0.5146041671875 0.21404687500000003 0.5146041671875 0.158421875 0.503375 0.12471874999999999 0.46741666718749997 0.08932812500000001 0.4853958328125 0.055625 0.5370833328125 0.042140625 0.5820208328125 0.062359374999999995 0.6337083328124999 0.091015625 0.6719166671875 0.131453125 0.6808958328125 0.17021875 0.6741666671875 0.192140625 0.6516875 0.20393750000000002 0.6404583328125 0.23090625 0.5820208328125 0.23932812499999997 0.5460625
3 0.97046875 0.7578958328125001 0.9685937499999999 0.7810833328125 0.9456093750000001 0.8166874999999999 0.9201406249999999 0.8373958328125 0.884125 0.8407083328124999 0.902140625 0.8655625 0.9822656249999999 0.8630833328125 0.99903125 0.8564583328125 1 0.7363541671875 0.9636250000000001 0.7173125 0.97046875 0.7578958328125001
3 1 0.5280833328125001 0.97753125 0.5370833328125 0.9572968749999999 0.5483125 0.9421406250000001 0.5752708328125 0.9286562500000001 0.6157291671875 0.92359375 0.6471875 0.9387656249999999 0.6719166671875 0.9556250000000001 0.7101041671874999 0.967421875 0.7258333328125001 1 0.7415833328125 1 0.5280833328125001
0 0.959359375 0.4022083328125 0.9455 0.3685 0.925921875 0.35002083281249996 0.9079843750000001 0.3391458328125 0.8925000000000001 0.3369791671875 0.872109375 0.3424166671875 0.856609375 0.35872916718750003 0.8435625 0.3674166671875 0.830515625 0.3880833328125 0.8231718750000001 0.4054791671875 0.8264374999999999 0.4217916671875 0.8541718749999999 0.4130833328125 0.877 0.4098333328125 0.90471875 0.4130833328125 0.91778125 0.42504166718749997 0.9275625 0.4435416671875 0.930828125 0.4533125 0.93571875 0.469625 0.9479531250000001 0.4609375 0.958546875 0.45114583281250004 0.961 0.422875 0.959359375 0.4022083328125
0 0.947265625 0.48568749999999994 0.9375 0.47006249999999994 0.912109375 0.4179791671875 0.84375 0.41537499999999994 0.818359375 0.42839583281250004 0.78515625 0.45183333281250004 0.767578125 0.48308333281250004 0.80859375 0.49349999999999994 0.830078125 0.5195416671875 0.85546875 0.5664166671875 0.85546875 0.6211041671875 0.876953125 0.6211041671875 0.890625 0.6184999999999999 0.91796875 0.6080833328125 0.96875 0.5403749999999999 0.95703125 0.5091249999999999 0.947265625 0.48568749999999994
0 0.001953125 0.28312499999999996 0.00584375 0.4909166671875 0.027265624999999998 0.5038958328125 0.054546874999999995 0.5038958328125 0.0681875 0.5038958328125 0.08765625 0.4909166671875 0.10714062499999999 0.4649375 0.116890625 0.4493541671875 0.1149375 0.41039583281249997 0.11103125 0.3922083328125 0.11103125 0.3558541671875 0.1149375 0.3376666671875 0.11103125 0.3246666671875 0.101296875 0.3142916671875 0.079875 0.28570833281249997 0.066234375 0.2727291671875 0.052593749999999995 0.270125 0.033109375 0.2727291671875 0.027265624999999998 0.270125 0.0116875 0.2753333328125 0.001953125 0.28312499999999996
0 1 0.3661875 0.9884999999999999 0.3734791671875 0.972078125 0.39456250000000004 0.9708593750000001 0.415625 0.9708593750000001 0.445625 0.978765625 0.4837291671875 1 0.5145208328125 1 0.3661875
3 0.0755625 0.7742708328125001 0.08253125 0.8202291671875 0.086796875 0.8388125000000001 0.11776562500000001 0.8697916671874999 0.14215625 0.8826875 0.185140625 0.8837291671875 0.205265625 0.8739166671874999 0.23625 0.8362291671875001 0.252890625 0.7944166671875 0.25212500000000004 0.7742708328125001 0.21301562500000001 0.721625 0.201015625 0.6891041671875 0.195203125 0.6798124999999999 0.17971874999999998 0.6746458328125 0.16499999999999998 0.6751666671875001 0.14215625 0.6798124999999999 0.11737500000000001 0.6865208328125 0.10149999999999999 0.7004583328125 0.090671875 0.7185208328125 0.075953125 0.753625 0.0755625 0.7742708328125001
3 0.49000000000000005 0.6048125 0.50125 0.568 0.45726562499999995 0.5611666671875 0.407140625 0.5243541671874999 0.38873437499999997 0.5025208328125 0.3703125 0.5488958328125 0.36724999999999997 0.5857291671875 0.376453125 0.6334583328125001 0.39078124999999997 0.6525624999999999 0.40304687499999997 0.6484583328125 0.469546875 0.6498333328125 0.49000000000000005 0.6048125
3 0.623375 0.7446666671875 0.648703125 0.6953125 0.6545468750000001 0.6251875 0.6448125 0.5758333328125 0.598046875 0.5524583328125 0.5649375 0.5342708328125 0.498703125 0.5576458328125 0.48117187499999997 0.6407708328124999 0.5181875 0.7342708328125 0.533765625 0.74725 0.56103125 0.7654375 0.623375 0.7446666671875
3 0.70275 0.6644166671875 0.68021875 0.6104791671875 0.6786875 0.5578958328125 0.6546093749999999 0.5701875000000001 0.6546093749999999 0.5838541671875 0.661265625 0.6384791671875 0.668953125 0.6535 0.683796875 0.6576041671875 0.70275 0.6644166671875
3 0 0.8105625 0.04659375 0.7862916671875 0.06789062500000001 0.7465416671875 0.085703125 0.6928541671875 0.08028125 0.6608541671875 0.05550000000000001 0.5994166671875 0.02878125 0.5844375 0 0.5746249999999999 0 0.5813541671875 0 0.6360625 0 0.7202083328125 0 0.8105625
0 0.7559218750000001 0.4579583328125 0.7559218750000001 0.4695208328125 0.7732812499999999 0.4695208328125 0.779890625 0.4645625 0.7985 0.4458333328125 0.8241250000000001 0.42322916718750003 0.821640625 0.4199166671875 0.8241250000000001 0.4011875 0.833625 0.3780416671875 0.8418906249999999 0.36535416718749997 0.8204062499999999 0.3477291671875 0.783203125 0.34110416718750003 0.7588125 0.3515833328125 0.747234375 0.36370833281250003 0.737328125 0.38025000000000003 0.74021875 0.4011875 0.747234375 0.4138541671875 0.7559218750000001 0.4579583328125