1 0.044875 0.64232394375 0.0044843750000000005 0.6378169015624999 0.0044843750000000005 0.9816431921875 0.050859375 0.9681690140624999 0.037390625 0.9457042250000001 0.03590625 0.9142253515625001 0.061328125 0.9232159624999999 0.09423437500000001 0.9636619718749999 0.106203125 0.959178403125 0.12265625 0.9546713609375 0.14359375000000002 0.9659154921875001 0.16753125 0.959178403125 0.172015625 0.9299530515625 0.1570625 0.9119953046875 0.11068750000000001 0.882769953125 0.11965624999999999 0.8737793421875001 0.11068750000000001 0.8378169015625 0.12415625 0.8513145546875001 0.16903125000000002 0.8468075125000001 0.172015625 0.8333333328125001 0.1540625 0.777159625 0.09273437500000001 0.7074882625 0.0673125 0.6850234734375 0.061328125 0.6603051640625 0.044875 0.64232394375
1 0.22154687499999998 0.658474178125 0.21764062499999998 0.64769953125 0.210484375 0.6486854453124999 0.209171875 0.6506338031250001 0.20853125 0.6418309859375 0.20006249999999998 0.63302816875 0.197453125 0.6379342718750001 0.19615625 0.6438028171875 0.194203125 0.6438028171875 0.17728125 0.6340140843750001 0.173375 0.6310798125 0.1720625 0.6388967140624999 0.1688125 0.630093896875 0.155796875 0.6252112671875001 0.159046875 0.6398826296875 0.166859375 0.65161971875 0.151890625 0.6438028171875 0.142125 0.6447652578125 0.131046875 0.6574882625 0.1375625 0.6633568078125001 0.134953125 0.680962440625 0.136265625 0.691713615625 0.1375625 0.7063849765625 0.142125 0.718122065625 0.155140625 0.7210563375000001 0.162953125 0.7210563375000001 0.167515625 0.7269248828125 0.176625 0.7396478875 0.183140625 0.7445305171875 0.189 0.74551643125 0.19615625 0.7357277 0.20006249999999998 0.7279107984375 0.20787499999999998 0.71518779375 0.2124375 0.699553990625 0.21959374999999998 0.680962440625 0.222203125 0.6741079812499999 0.22154687499999998 0.658474178125
1 0.230546875 0.5445774640625001 0.22496875 0.55553990625 0.222390625 0.5678169015625001 0.234421875 0.5961971828125 0.23957812500000003 0.594906103125 0.243859375 0.5826525828125 0.250734375 0.580070421875 0.258046875 0.574906103125 0.25675 0.5639436625 0.25203125000000004 0.5303755875 0.250734375 0.5303755875 0.24343750000000003 0.5348826296875 0.230546875 0.5445774640625001
1 0.2473125 0.4916666671875 0.240015625 0.47706572812500003 0.23953125000000003 0.4799765265625 0.226875 0.48436619687500004 0.22395312500000003 0.50483568125 0.214703125 0.49753521093749997 0.20935937500000001 0.5106807515625 0.21178124999999998 0.5267605640624999 0.22590625000000003 0.5479812203125001 0.244875 0.53481220625 0.252171875 0.5209154921875 0.253640625 0.523849765625 0.252171875 0.5070187796875001 0.2473125 0.4916666671875
1 0.26228125 0.454037559375 0.27551562500000004 0.454037559375 0.289296875 0.44161971875 0.300875 0.43251173749999994 0.317421875 0.4366431921875 0.3284375 0.4242253515625 0.314109375 0.42589201875000005 0.33781249999999996 0.40352112656249994 0.314109375 0.4151173703125 0.32623437499999997 0.38943662031250004 0.307484375 0.3861267609375 0.285984375 0.39025821562499996 0.2666875 0.401854459375 0.266140625 0.40269953125 0.25787499999999997 0.43333333281249997 0.26228125 0.454037559375
1 0.31456249999999997 0.35126760625000003 0.310203125 0.36194835625 0.3060625 0.374366196875 0.3090625 0.3802347421875 0.3125 0.3802347421875 0.3203125 0.3757511734375 0.32559375 0.37197183125 0.330421875 0.3633333328125 0.33799999999999997 0.3509154921875 0.33684375 0.3478169015625 0.335015625 0.3450469484375 0.332484375 0.343309859375 0.330640625 0.3478169015625 0.326734375 0.3526291078125 0.323984375 0.3502112671875 0.32237499999999997 0.346431925 0.3203125 0.3453990609375 0.31456249999999997 0.35126760625000003
1 0.576625 0.40476525781249995 0.574921875 0.39711267656250004 0.554796875 0.3809389671875 0.5485625 0.38051643125 0.549984375 0.38690140781250004 0.547703125 0.3915727703125 0.546859375 0.3975352109375 0.545734375 0.4064788734375 0.550828125 0.41117370937500003 0.5613125 0.420093896875 0.567265625 0.4196713609375 0.567828125 0.41457746406249996 0.5729375 0.41117370937500003 0.576625 0.40476525781249995
1 0.6032656249999999 0.43645539843750003 0.59765625 0.43997652656249997 0.5831875 0.4497887328125 0.5799218749999999 0.4792488265625 0.584125 0.4834507046875 0.5971875 0.4897652578125 0.60653125 0.48694835625 0.625671875 0.46309859218750005 0.6242656249999999 0.452582159375 0.618203125 0.441361503125 0.6032656249999999 0.43645539843750003
1 0.6243125 0.8895305171875 0.6346406250000001 0.8862910796874999 0.6432187500000001 0.88016431875 0.674203125 0.8397652578124999 0.676921875 0.8239436625 0.672046875 0.8245305171874999 0.66990625 0.814295775 0.66484375 0.8128169015625 0.66309375 0.801690140625 0.6605624999999999 0.804037559375 0.6556875 0.8066666671875 0.6504218749999999 0.8125352109374999 0.639125 0.8286384968749999 0.6344531250000001 0.8347887328124999 0.62021875 0.8491314546875 0.61515625 0.86053990625 0.6079375 0.8760563375 0.606 0.8842488265625 0.6243125 0.8895305171875
1 0.32792187500000003 0.7457277 0.332296875 0.7485446015624999 0.337296875 0.749295775 0.344546875 0.7476056343749999 0.353296875 0.7335211265625 0.352921875 0.7303286390625 0.349921875 0.7260328640625 0.346671875 0.7254694828125 0.340421875 0.735962440625 0.32804687499999996 0.7350234734375001 0.326671875 0.737840375 0.32792187500000003 0.7457277
1 0.268984375 0.38875586875 0.273203125 0.38875586875 0.276984375 0.38875586875 0.281609375 0.38561032812499996 0.286234375 0.381173709375 0.28790625 0.377394365625 0.2904375 0.3672769953125 0.2904375 0.3584507046875 0.296734375 0.3590610328125 0.29884374999999996 0.3546478875 0.29421875000000003 0.3483333328125 0.298 0.343286384375 0.298 0.338849765625 0.292109375 0.3401173703125 0.2870625 0.3420187796875 0.27571875 0.3496009390625 0.26940624999999996 0.37232394375 0.26437499999999997 0.3830751171875 0.265203125 0.3874882625 0.268984375 0.38875586875
1 0.449875 0.39349765312499996 0.44834375 0.39349765312499996 0.444265625 0.39274647812499996 0.441703125 0.39274647812499996 0.440171875 0.39349765312499996 0.43915625 0.38852112656250004 0.43940625000000005 0.3862206578125 0.43685937499999994 0.384295775 0.4343125 0.3869953046875 0.43150000000000005 0.3911971828125 0.428171875 0.395798121875 0.42690625000000004 0.3988732390625 0.42740625000000004 0.4053990609375 0.430984375 0.411150234375 0.430984375 0.41497652656249995 0.43584375 0.41305164375 0.437109375 0.41230046875 0.438390625 0.4157511734375 0.44120312500000003 0.413826290625 0.4406875 0.4134507046875 0.44885937499999995 0.406150234375 0.45115625000000004 0.40117370937499996 0.45115625000000004 0.3973474171875 0.449875 0.39349765312499996
1 0.536640625 0.9007042249999999 0.54934375 0.92553990625 0.55125 0.935093896875 0.55315625 0.9532159625000001 0.561421875 0.959906103125 0.5722343750000001 0.954178403125 0.577953125 0.959906103125 0.5836718750000001 0.97232394375 0.595109375 0.9828169015625001 0.609734375 0.9923708921875001 0.623703125 0.9933333328125 0.63325 0.9885446015625 0.62053125 0.97805164375 0.63196875 0.9684976531249999 0.63134375 0.937957746875 0.617359375 0.92267605625 0.618625 0.9016666671875001 0.608453125 0.894014084375 0.60528125 0.8739671359375001 0.59446875 0.869201878125 0.5874843750000001 0.852957746875 0.591296875 0.838638496875 0.591296875 0.825281690625 0.572859375 0.8367370890625001 0.570328125 0.8290845078125001 0.562703125 0.8290845078125001 0.551890625 0.844366196875 0.54109375 0.8453286390624999 0.5398125 0.8262206578125 0.5398125 0.8033098593749999 0.531546875 0.8061737093750001 0.52265625 0.8348356812500001 0.51884375 0.8634741781249999 0.5169374999999999 0.8653755875 0.5296406250000001 0.888286384375 0.536640625 0.9007042249999999
1 0.4484375 0.6643192484375 0.4609375 0.64553990625 0.4703125 0.6431924875 0.475 0.6338028171875 0.47217741875 0.622065728125 0.4796875 0.6244131453125 0.48006552343750003 0.6232394359375 0.6930443546875 0.654929578125 0.925 0.7136150234375 0.9296875 0.7206572765625 0.9375 0.7230046953125 0.9375 0.7464788734375001 0.946875 0.7558685453125 0.9546875 0.7488262906250001 0.9703125 0.7488262906250001 0.978125 0.7253521125 0.9875 0.7253521125 0.9921875 0.715962440625 0.990625 0.701877934375 0.9796875 0.6901408453125 0.9734375 0.6901408453125 0.9625 0.6643192484375 0.95 0.6643192484375 0.9390625 0.6830985921875 0.934375 0.6830985921875 0.925 0.6995305171874999 0.9217993953124999 0.6889671359375 0.7009324593749999 0.6561032859375 0.4796875 0.61267605625 0.475 0.603286384375 0.459375 0.603286384375 0.453125 0.61267605625 0.45640120937499995 0.6197183093749999 0.440625 0.6173708921875 0.4328125 0.62910798125 0.4328125 0.6572769953125001 0.4421875 0.6666666671875 0.4484375 0.6643192484375