2 0.6249066671875 0.62374 0.6001333328125 0.63148 0.5464533328125001 0.6887800000000001 0.5196 0.7228600000000001 0.5794933328125 0.71046 0.6145866671875 0.69962 0.6558933328125 0.64696 0.6538133328125 0.63768 0.6373066671875 0.62374 0.6249066671875 0.62374
2 0.47207999999999994 0.69994 0.4743733328125 0.69646 0.4524266671875 0.6878 0.3888266671875 0.66438 0.3633866671875 0.66178 0.35528 0.67218 0.34373333281249996 0.7034 0.40269333281249997 0.70514 0.4477866671875 0.70686 0.4686133328125 0.70514 0.47207999999999994 0.69994
2 0.8677066671875 0.6417200000000001 0.8938133328125 0.63564 0.9172533328125001 0.6228 0.93528 0.61402 0.9505866671875 0.59916 0.9550933328125 0.58902 0.9478933328125001 0.5795600000000001 0.93976 0.57212 0.9244533328125 0.5714400000000001 0.9136533328124999 0.5782 0.9136533328124999 0.5836 0.9028266671875 0.59916 0.8902133328125 0.6194200000000001 0.8658933328125 0.63226 0.8604799999999999 0.63564 0.8622933328125001 0.6424000000000001 0.8677066671875 0.6417200000000001
2 0.6490133328125001 0.68394 0.6586666671875 0.6805399999999999 0.6881866671875 0.6643600000000001 0.6813866671875 0.65712 0.6825066671875 0.63498 0.6711466671874999 0.63072 0.6484533328125 0.63456 0.6564 0.6452 0.6370933328125 0.67884 0.6382399999999999 0.67416 0.6194933328125 0.6852199999999999 0.6490133328125001 0.68394
2 0.7656799999999999 0.60942 0.7406933328124999 0.6105 0.70848 0.6238400000000001 0.7411733328125 0.6227400000000001 0.75896 0.61662 0.7656799999999999 0.60942
2 0.7428266671875 0.6081000000000001 0.7692 0.61324 0.77312 0.61104 0.7868 0.60004 0.7975466671875 0.59272 0.8063466671875 0.5883200000000001 0.8219733328125001 0.5831999999999999 0.8366133328125 0.57806 0.8581066671875 0.57294 0.86984 0.5744 0.8815733328125 0.5766 0.8972 0.58246 0.9128266671875 0.5678 0.9128266671875 0.5634 0.91184 0.56194 0.9010933328125 0.55828 0.89232 0.55682 0.8825333328125 0.55462 0.8795999999999999 0.55314 0.8708266671875 0.54362 0.86008 0.54216 0.8532266671875 0.5363 0.8356533328125 0.53556 0.8258666671875 0.52458 0.7858133328125 0.55314 0.75552 0.51578 0.7252533328124999 0.496 0.7184 0.49820000000000003 0.7242666671875 0.52824 0.7623733328125 0.57074 0.7301333328124999 0.6044400000000001 0.6744533328125 0.61616 0.6676 0.62496 0.70864 0.62496 0.7213333328125 0.6191 0.7428266671875 0.6081000000000001
2 0.9994133328125001 0.58558 1 0.55244 0.9877866671875 0.5510200000000001 0.9855466671875 0.55946 0.9889066671875 0.5721 0.9784266671875 0.58334 0.9477066671875001 0.6131 0.9436 0.61844 0.9698133328124999 0.6103 0.9994133328125001 0.58558
2 0.29647999999999997 0.6561 0.29647999999999997 0.64846 0.2862933328125 0.6391 0.2625066671875 0.63402 0.2444 0.63402 0.23192 0.6374 0.22288000000000002 0.64166 0.22965333281250003 0.6425 0.26365333281250003 0.65694 0.27496 0.6671400000000001 0.2783733328125 0.65184 0.29647999999999997 0.6561
2 0.47469333281250004 0.70112 0.4721333328125 0.70112 0.4750666671875 0.70744 0.47544000000000003 0.71376 0.47469333281250004 0.7165199999999999 0.4516 0.71404 0.4373066671875 0.71074 0.41936 0.70992 0.40029333281249996 0.70964 0.39370666718749997 0.70964 0.3786666671875 0.7047 0.3592266671875 0.71018 0.34786666718750003 0.71458 0.3405333328125 0.7217399999999999 0.34568 0.7321799999999999 0.35008 0.7373999999999999 0.36216 0.74318 0.3706133328125 0.74482 0.38784 0.74318 0.39442666718749997 0.74208 0.41165333281249994 0.7384999999999999 0.4824 0.72558 0.48495999999999995 0.71844 0.48168 0.70634 0.47469333281250004 0.70112
2 0.9732533328124999 0.62686 1 0.6194 0.99016 0.60972 0.9394399999999999 0.6171800000000001 0.9046133328125 0.6291 0.86384 0.64478 0.8747733328124999 0.65596 0.9444000000000001 0.6462600000000001 0.9464 0.63656 0.9732533328124999 0.62686
2 0.21136 0.70322 0.21511999999999998 0.69478 0.22264 0.68492 0.2212266671875 0.67296 0.2334133328125 0.66064 0.2564266671875 0.66064 0.24749333281250002 0.64796 0.23061333281250002 0.6448 0.2160533328125 0.6476200000000001 0.1930666671875 0.6638 0.20197333281250002 0.67718 0.19072 0.68316 0.1991733328125 0.70674 0.2202933328125 0.71694 0.22685333281250003 0.7166 0.22357333281249997 0.70604 0.21136 0.70322
2 0.3215733328125 0.6505 0.3236 0.66696 0.33810666718750004 0.6558200000000001 0.3333866671875 0.6429199999999999 0.3225866671875 0.6323000000000001 0.3108 0.6285000000000001 0.29696 0.629 0.2915733328125 0.63078 0.2871733328125 0.6333 0.2973066671875 0.64242 0.30168 0.65354 0.31720000000000004 0.64772 0.3215733328125 0.6505
2 0.9550666671875 0.58754 0.9480266671875001 0.6042799999999999 0.9210133328125 0.62278 0.9433333328125 0.61574 0.95272 0.6078 0.9750400000000001 0.58226 0.9867733328125 0.5708 0.9867733328125 0.562 0.9691733328125001 0.56376 0.9609333328125 0.5576 0.9609333328125 0.562 0.9550666671875 0.57962 0.9550666671875 0.58754