3 0.22507812500000002 0.6823750000000001 0.22309375 0.6872916671875 0.2228125 0.6914374999999999 0.22367187500000002 0.6959583328125001 0.231875 0.6918124999999999 0.23357812500000003 0.6835 0.2281875 0.681625 0.22507812500000002 0.6823750000000001
3 0.21432812499999998 0.7133333328125 0.21598437499999998 0.7132083328125 0.217234375 0.7120833328125 0.21785937500000002 0.71 0.21754687499999997 0.7075208328125 0.21734375 0.7052916671875 0.215578125 0.7034791671875 0.21296875 0.7033541671875 0.210984375 0.7046041671875 0.21015625 0.7076458328124999 0.211296875 0.7096041671875 0.21265625 0.7107083328125 0.21432812499999998 0.7133333328125
3 0.2424375 0.7102708328125 0.244640625 0.7066041671875001 0.244640625 0.7007291671875 0.244640625 0.6999791671875 0.24132812499999998 0.6999791671875 0.238578125 0.7021875 0.23803125 0.7066041671875001 0.238578125 0.7095416671875 0.241875 0.7102708328125 0.2424375 0.7102708328125
3 0.2120625 0.7204791671875 0.21415625 0.7183958328125 0.21415625 0.7145833328125 0.213109375 0.7107708328125 0.20790625000000001 0.708 0.204796875 0.7097291671875 0.203234375 0.7173541671875 0.205046875 0.7215208328125 0.20973437499999997 0.7215208328125 0.2120625 0.7204791671875
3 0.208875 0.6825416671875 0.20998437499999997 0.6818958328125 0.20998437499999997 0.6813958328124999 0.20973437499999997 0.6766458328125 0.207765625 0.6740208328125 0.2051875 0.6740208328125 0.20210937499999998 0.6771458328125 0.20187499999999997 0.6768125 0.20359375000000002 0.6823750000000001 0.208875 0.6825416671875
3 0.2053125 0.7050208328124999 0.199703125 0.7033750000000001 0.19596875 0.7075208328125 0.199078125 0.7133333328125 0.2034375 0.7133333328125 0.20406249999999998 0.7141666671875 0.20842187499999998 0.7091666671875 0.2053125 0.7050208328124999
3 0.258453125 0.541 0.26737500000000003 0.5519375 0.272375 0.5590625 0.271296875 0.5341041671875 0.26970312500000004 0.5281458328124999 0.268453125 0.5305208328125001 0.26578124999999997 0.5343333328125001 0.26309375 0.5376666671875 0.258453125 0.541
3 0.21390625000000002 0.6874374999999999 0.21600000000000003 0.6897291671875 0.218203125 0.689875 0.2190625 0.6879583328125001 0.21934375 0.6836249999999999 0.21390625000000002 0.6804375 0.2129375 0.6803125 0.21207812499999998 0.6831041671875 0.21390625000000002 0.6874374999999999
3 0.25001562499999996 0.5996041671875 0.25001562499999996 0.6057291671875 0.255375 0.6081458328125 0.257859375 0.6115833328125 0.26110937500000003 0.6128541671875001 0.26387499999999997 0.6131249999999999 0.2669375 0.6105625 0.26942187500000003 0.6127291671874999 0.27332812500000003 0.6119791671875 0.275921875 0.6106874999999999 0.27840625 0.607375 0.274953125 0.5931041671874999 0.27209374999999997 0.5908125 0.26846875 0.5886458328125 0.266265625 0.5886458328125 0.263203125 0.5918333328125 0.259671875 0.5938749999999999 0.2525 0.5948958328125 0.25115625 0.5965625 0.25001562499999996 0.5996041671875
3 0.236140625 0.6885625 0.22370312499999997 0.678625 0.2075625 0.6736458328125 0.189546875 0.6794583328125 0.19265625 0.7266666671875 0.21625 0.7175416671875 0.238625 0.7076041671875 0.244203125 0.7034583328124999 0.244203125 0.7001458328125 0.236140625 0.6885625
3 0.904046875 0.6517291671875001 0.8968281250000001 0.6532708328125 0.8921718750000001 0.6598124999999999 0.892625 0.66975 0.8968281250000001 0.6815416671875 0.9014843750000001 0.6834166671874999 0.9035781249999999 0.680625 0.9098750000000001 0.6768958328125 0.91615625 0.6768958328125 0.9222187500000001 0.6551458328125 0.9205937499999999 0.6538958328125 0.9122031249999999 0.6507916671875 0.904046875 0.6517291671875001