2 0.5403466671875 0.7091000000000001 0.4353066671875 0.67058 0.3372533328125 0.58128 0.27888 0.56728 0.2742133328125 0.56904 0.2882133328125 0.62332 0.3909333328125 0.7126 0.57072 0.73712 0.5403466671875 0.7091000000000001
2 0.3018933328125 0.7224999999999999 0.30816 0.73658 0.38224 0.7725799999999999 0.5168266671875 0.79528 0.63888 0.825 0.68168 0.81562 0.68168 0.7945 0.6086400000000001 0.76866 0.56376 0.7319 0.5491733328125 0.72642 0.5001333328124999 0.71858 0.4531733328125 0.7139 0.3926666671875 0.7139 0.36032000000000003 0.71232 0.3290133328125 0.7139 0.3018933328125 0.7224999999999999
2 0.9492800000000001 0.54116 0.9767466671875 0.51738 0.9682933328125 0.50152 0.8647466671874999 0.42702 0.7801866671875 0.41118 0.6639466671875 0.37154 0.5456000000000001 0.32716 0.5117866671875 0.32082 0.4990933328125 0.32082 0.5265866671875 0.35094 0.5307999999999999 0.3446 0.6153333328125 0.40008 0.7590666671874999 0.46032 0.8330399999999999 0.49836 0.9492800000000001 0.54116
2 0.5110133328125 0.47931999999999997 0.6351466671875 0.53306 0.6121066671875 0.5052399999999999 0.5980266671875001 0.4822 0.6159466671875 0.47451999999999994 0.5468266671875 0.44668 0.44957333281249995 0.43132000000000004 0.45341333281249996 0.43612 0.45341333281249996 0.45628 0.5110133328125 0.47931999999999997
2 0.8144266671875 0.72834 0.8805066671875 0.71336 0.8859999999999999 0.70872 0.8859999999999999 0.6958 0.87912 0.6921999999999999 0.84952 0.6829 0.81648 0.654 0.7972 0.62302 0.7676266671875001 0.58482 0.7538400000000001 0.5734600000000001 0.7318133328124999 0.5714 0.7221866671875 0.5734600000000001 0.716 0.57758 0.7063466671875 0.5873999999999999 0.7111733328125001 0.61062 0.73664 0.64366 0.7456 0.66896 0.78208 0.71078 0.79928 0.7226600000000001 0.8144266671875 0.72834
2 0.6079733328125 0.76732 0.6728266671875 0.79326 0.7344266671875 0.81434 0.8198133328124999 0.8516199999999999 0.8284800000000001 0.84676 0.8284800000000001 0.8346 0.8111733328125 0.8289199999999999 0.7971199999999999 0.80866 0.8187466671875001 0.7892 0.8576533328125 0.78678 0.8414400000000001 0.77542 0.8273866671875 0.7657 0.74416 0.73732 0.6522933328125 0.7203 0.6155466671875 0.71382 0.5820533328125 0.72192 0.57664 0.73002 0.57232 0.7438 0.57664 0.74138 0.58312 0.7511 0.6079733328125 0.76732
2 0.6119733328125 0.9133800000000001 0.6682933328125 0.92606 0.7437866671875 0.89986 0.8621066671875001 0.87536 0.8440799999999999 0.8652200000000001 0.8136533328125 0.86014 0.6176 0.84662 0.55 0.8686 0.5522400000000001 0.86944 0.5939466671875 0.88042 0.6119733328125 0.9133800000000001
2 0.6633066671875001 0.54152 0.72768 0.55252 0.7672266671875 0.5576 0.79208 0.56014 0.7977333328125 0.5567599999999999 0.80224 0.5466 0.8768 0.54914 0.9310133328125 0.5737 0.9502133328125 0.57456 0.9502133328125 0.55338 0.9378133328124999 0.53474 0.8225866671875 0.48728 0.7999733328125 0.49151999999999996 0.7401066671875001 0.47712000000000004 0.6655466671875 0.45848000000000005 0.6102133328125 0.47034000000000004 0.6192533328125001 0.5194799999999999 0.6384533328125 0.5305 0.6633066671875001 0.54152
2 0.8855733328125 0.66398 0.8734933328125001 0.66398 0.8590133328125 0.66218 0.85416 0.66988 0.8626133328125001 0.66988 0.8716799999999999 0.6744 0.8867733328125 0.68392 0.91456 0.68708 0.9338666671875 0.68256 0.9381066671875 0.68164 0.8988533328124999 0.659 0.8855733328125 0.66398
2 0.7681866671875001 0.7013 0.7520533328125001 0.67872 0.7423733328125001 0.6642 0.7326933328125 0.6384000000000001 0.7079733328125 0.60774 0.7025866671875 0.6045200000000001 0.6778666671875 0.61098 0.6122666671875 0.58274 0.5853866671875 0.56984 0.5542133328125 0.5593600000000001 0.5542133328125 0.56258 0.5972266671875001 0.5803200000000001 0.6337866671875 0.59806 0.6757066671875 0.6198400000000001 0.6714133328125 0.62146 0.6660266671875 0.6392 0.70152 0.6658000000000001 0.7585066671875 0.69484 0.7681866671875001 0.7013
2 0.9516 0.85762 0.9001866671875 0.8374599999999999 0.8581333328125 0.8041600000000001 0.8557866671875001 0.78838 0.8183999999999999 0.78838 0.7985333328124999 0.8076599999999999 0.7997066671875 0.8111599999999999 0.83008 0.83308 0.8966933328125 0.8602399999999999 0.9165599999999999 0.869 0.9516 0.85762
2 0.80496 0.71968 0.76856 0.69148 0.7356533328125 0.68532 0.66048 0.66594 0.61232 0.6544800000000001 0.5912 0.65538 0.56536 0.6536 0.5665333328125 0.6589 0.5782666671875 0.68972 0.6041066671875 0.70998 0.7661866671875 0.73994 0.7709066671875 0.73466 0.78616 0.72848 0.80496 0.71968
2 0.77424 0.48376 0.8080533328125 0.48747999999999997 0.7712533328125 0.47031999999999996 0.7076 0.44123999999999997 0.65488 0.41811999999999994 0.6210666671875 0.40393999999999997 0.59904 0.39214000000000004 0.6708000000000001 0.43601999999999996 0.7384266671875 0.46285999999999994 0.7613066671875 0.4763 0.77424 0.48376