1 0.613484375 0.48989583281250004 0.637078125 0.46741666718749997 0.655625 0.4382083328125 0.6151718749999999 0.3887708328125 0.57471875 0.3887708328125 0.534265625 0.3865208328125 0.51909375 0.4 0.5039374999999999 0.4224791671875 0.507296875 0.4449375 0.505625 0.4539375 0.49214062500000005 0.46741666718749997 0.49381250000000004 0.47864583281249995 0.507296875 0.48989583281250004 0.52415625 0.501125 0.5460625 0.505625 0.54775 0.496625 0.583140625 0.49887499999999996 0.613484375 0.48989583281250004
1 0.341109375 0.4180208328125 0.342953125 0.42000000000000004 0.34628125 0.4244166671875 0.34653125 0.42458333281250005 0.34690625 0.42377083281249994 0.34826562499999997 0.42000000000000004 0.349609375 0.4145625 0.35159375000000004 0.4056875 0.354546875 0.40110416718749997 0.35503125 0.39895833281250004 0.35515625 0.3856458328125 0.354671875 0.3725 0.353921875 0.36906249999999996 0.353796875 0.3669166671875 0.352453125 0.3647916671875 0.352453125 0.363625 0.34973437500000004 0.3644583328125 0.34764062500000004 0.36775 0.34567187499999996 0.36970833281250004 0.343453125 0.37266666718749997 0.340375 0.3764583328125 0.33914062500000003 0.3812083328125 0.33803125 0.3843333328125 0.337421875 0.38810416718749996 0.337171875 0.3932083328125 0.336671875 0.3994583328125 0.336921875 0.40931249999999997 0.336921875 0.4089791671875 0.337296875 0.4134166671875 0.341109375 0.4180208328125
1 0.32620312500000004 0.4293125 0.3328125 0.43541666718750005 0.3409375 0.4408333328125 0.346015625 0.42795833281249995 0.3485625 0.42795833281249995 0.34393945000000004 0.42181003125 0.337890625 0.4130625 0.324171875 0.4062916671875 0.318578125 0.4076458328125 0.316546875 0.41645833281250005 0.32620312500000004 0.4293125
1 0.289984375 0.43645833281249996 0.29915625 0.4420208328125 0.301671875 0.43422916718750004 0.295828125 0.4219791671875 0.276625 0.42310416718750005 0.269953125 0.433125 0.274125 0.44758333281249996 0.289984375 0.43645833281249996
1 0.299875 0.43102083281250003 0.302515625 0.4377291671875 0.304421875 0.44125 0.30634375 0.44381250000000005 0.31640625 0.4482916671875 0.32551562500000003 0.449875 0.32984375 0.4502083328125 0.3375 0.4546875 0.340140625 0.4559583328125 0.342296875 0.4533958328125 0.343015625 0.44795833281249997 0.33846875 0.4380625 0.326953125 0.43166666718749996 0.319046875 0.42016666718750006 0.31665625 0.4140833328125 0.31042187499999996 0.40768750000000004 0.305140625 0.4019375 0.29171874999999997 0.40033333281249994 0.289328125 0.4054583328125 0.28835937500000003 0.4089791671875 0.287640625 0.4134375 0.286921875 0.42112499999999997 0.29628125 0.42175 0.2984375 0.426875 0.299875 0.43102083281250003
1 0.33399999999999996 0.3807083328125 0.332453125 0.37364583281249997 0.332890625 0.36983333281249997 0.3315625 0.3662916671875 0.32715625 0.36570833281250004 0.32406250000000003 0.371875 0.323625 0.37835416718750003 0.322515625 0.3804166671875 0.318109375 0.3807083328125 0.31590625 0.3836458328125 0.31303125 0.38835416718750004 0.30928125 0.390125 0.30509375 0.390125 0.30465624999999996 0.3977708328125 0.30553125 0.40335416718749995 0.307078125 0.40893750000000006 0.309734375 0.4130625 0.31171875 0.4139375 0.31546875 0.4139375 0.317453125 0.410125 0.321859375 0.40806250000000005 0.3269375 0.40806250000000005 0.3315625 0.4098333328125 0.333765625 0.4107083328125 0.337296875 0.4107083328125 0.337296875 0.40747916718750005 0.336203125 0.3989375 0.336203125 0.3924791671875 0.33399999999999996 0.3807083328125
1 0.346078125 0.450875 0.357171875 0.4515625 0.367765625 0.4448333328125 0.370796875 0.4414583328125 0.378359375 0.45895833281250004 0.386421875 0.44214583281250003 0.38542187499999997 0.4266666671875 0.39753125 0.4192708328125 0.392484375 0.4105208328125 0.37482812499999996 0.4152291671875 0.36675 0.41658333281250004 0.3581875 0.4017916671875 0.35162499999999997 0.4091875 0.34053125 0.44281249999999994 0.34304687500000003 0.4515625 0.346078125 0.450875
1 0.379171875 0.3500625 0.3685 0.3545625 0.368234375 0.37054166718750003 0.36875 0.3827083328125 0.37240625 0.3896458328125 0.37892187499999996 0.4014583328125 0.38073437499999996 0.4028541671875 0.39090625 0.4021458328125 0.39403125 0.39972916718749996 0.39559375 0.3955625 0.3948125 0.3761041671875 0.39090625 0.3695 0.383609375 0.3618541671875 0.379171875 0.3500625
1 0.357109375 0.4734583328125 0.364671875 0.46185416718749994 0.35825 0.45531249999999995 0.34615625 0.4527916671875 0.33971874999999996 0.46237500000000004 0.33971874999999996 0.4719375 0.349171875 0.47797916718750005 0.357109375 0.4734583328125
1 0.26515625 0.4524791671875 0.2633125 0.4598541671875 0.276203125 0.4721458328125 0.29740625 0.4721458328125 0.3315 0.4844375 0.346234375 0.4918125 0.356375 0.48075 0.3453125 0.4598541671875 0.338875 0.4487916671875 0.30753125 0.44387499999999996 0.29740625 0.44020833281250005 0.28726562499999997 0.4414375 0.28450000000000003 0.44266666718750003 0.2734375 0.4414375 0.2633125 0.4340625 0.258703125 0.44020833281250005 0.26515625 0.4524791671875
1 0.380859375 0.45366666718750004 0.385484375 0.45618749999999997 0.392265625 0.44495833281249997 0.39660937500000004 0.43156249999999996 0.402046875 0.4214166671875 0.38656250000000003 0.4265 0.38465625000000003 0.42612500000000003 0.38682812499999997 0.4417083328125 0.380859375 0.45366666718750004