2 0.730546875 0.47877083281250005 0.7163906250000001 0.481125 0.725234375 0.5212291671875 0.751765625 0.5448125 0.780078125 0.5141458328125 0.780078125 0.4976458328125 0.75353125 0.46227083281250003 0.730546875 0.47877083281250005
2 0.9340937500000001 0.6174166671875 0.91978125 0.6276875000000001 0.914265625 0.6431041671875 0.915375 0.6746875 0.9296875 0.7143333328125 0.9495156250000001 0.7341666671875 0.968234375 0.7209375 0.9770468749999999 0.6923125 0.9495156250000001 0.6453125 0.9340937500000001 0.6174166671875
2 0.768390625 0.5632916671875 0.751625 0.5409583328124999 0.727890625 0.5483958328125 0.7153125 0.5744791671875 0.711125 0.6042708328125 0.72928125 0.6154375 0.754421875 0.6582708328125 0.78934375 0.6173124999999999 0.7879375 0.6024166671875 0.768390625 0.5632916671875
2 0.83909375 0.7225208328125 0.8433437500000001 0.7362916671875 0.87921875 0.759 0.897453125 0.7419791671875 0.902921875 0.7411666671875 0.909015625 0.7249583328125 0.870703125 0.6908958328125 0.860375 0.6901041671875 0.83909375 0.7225208328125
2 0.648296875 0.7503958328125 0.630765625 0.7156458328124999 0.61134375 0.7175416671875 0.6193906250000001 0.7623958328125 0.645921875 0.7819583328124999 0.648296875 0.7503958328125
2 0.667203125 0.7316458328125 0.70078125 0.737625 0.706921875 0.689875 0.6935 0.6779375 0.6599375000000001 0.6675 0.65546875 0.7159791671875 0.667203125 0.7316458328125
2 0.76346875 0.7960208328125 0.76815625 0.8168333328124999 0.81496875 0.7825 0.7915625000000001 0.7502500000000001 0.7658125 0.7648125 0.7689375 0.7720833328125 0.767375 0.7845833328125 0.76346875 0.7960208328125
2 0.662609375 0.727125 0.6535 0.7352291671875 0.6498437499999999 0.747375 0.649234375 0.7830416671875 0.68996875 0.7943958328125 0.702125 0.7660208328125 0.7015156250000001 0.7408958328125 0.662609375 0.727125
2 0.660296875 0.8406041671875 0.661609375 0.8106458328124999 0.6576562499999999 0.7851041671875 0.641125 0.7807083328125 0.619328125 0.7727708328125 0.6120625000000001 0.7877500000000001 0.587609375 0.7992083328125 0.562515625 0.8450208328125 0.56978125 0.8767291671875 0.60215625 0.897875 0.619328125 0.8784791671875001 0.638484375 0.8890625 0.63915625 0.8864166671874999 0.641796875 0.8696666671875001 0.660296875 0.8406041671875
2 0.650953125 0.8997083328125 0.624421875 0.8805624999999999 0.6140156250000001 0.8811041671875 0.59721875 0.9029791671874999 0.598421875 0.9333750000000001 0.610078125 0.9463333328125 0.64284375 0.9654791671874999 0.6796562500000001 0.9782291671875001 0.68703125 0.9114791671875 0.650953125 0.8997083328125
2 0.669328125 0.5722916671875 0.67596875 0.5647083328125 0.681171875 0.5388124999999999 0.717640625 0.5192291671875 0.695390625 0.4725 0.68259375 0.4725 0.68875 0.4623958328125 0.6470625 0.43902083281250004 0.6451718750000001 0.4693333328125 0.67075 0.48512500000000003 0.657015625 0.5015416671875 0.671703125 0.5072291671875 0.6546406250000001 0.5312291671875 0.669328125 0.5722916671875
2 0.73571875 0.360875 0.7268749999999999 0.3718333328125 0.71865625 0.3946041671875 0.708546875 0.3988125 0.6965312499999999 0.4148333328125 0.705375 0.42914583281249996 0.7098125 0.449375 0.7218125 0.4603333328125 0.7458437499999999 0.4620208328125 0.7673281249999999 0.46791666718749997 0.7825 0.4645416671875 0.786296875 0.44264583281250003 0.7806093749999999 0.40387500000000004 0.76859375 0.39627083281250003 0.7673281249999999 0.3811041671875 0.7692187500000001 0.3701458328125 0.772390625 0.3473958328125 0.7989375 0.3406458328125 0.822328125 0.33729166718750003 0.816640625 0.3162083328125 0.80715625 0.285875 0.784390625 0.2951458328125 0.750265625 0.3322291671875 0.739515625 0.3415 0.739515625 0.3490833328125 0.73571875 0.360875
2 0.528125 0.9166666671874999 0.5484375 0.9125 0.5625 0.8916666671875 0.578125 0.89375 0.58125 0.8854166671874999 0.5703125 0.8770833328125001 0.5609375 0.84375 0.5623697921875 0.8253472234375 0.56875 0.81875 0.571875 0.8291666671875 0.5859375 0.8041666671875 0.5859375 0.7958333328125 0.6125 0.7770833328125 0.6140625 0.7791666671875 0.621875 0.775 0.625 0.775 0.628125 0.7791666671875 0.63828125 0.78125 0.6479166671875001 0.7715277765625 0.6484375 0.7833333328125 0.7015625 0.8166666671874999 0.7015625 0.8291666671875 0.70625 0.8354166671875 0.7078125 0.85 0.7125 0.8625 0.709375 0.8770833328125001 0.709375 0.9 0.7125 0.90625 0.71875 0.9104166671874999 0.7265625 0.9104166671874999 0.73125 0.9270833328125001 0.7359375 0.93125 0.759375 0.9291666671875 0.7765625 0.9104166671874999 0.778125 0.89375 0.775 0.8770833328125001 0.7640625 0.85 0.7609375 0.8333333328125001 0.7640625 0.8291666671875 0.7734375 0.83125 0.8015625 0.8020833328125001 0.8125 0.8020833328125001 0.815625 0.7979166671875 0.8296875 0.7993750000000001 0.83125 0.8041666671875 0.825 0.81875 0.8265625 0.8604166671875 0.8296875 0.8666666671875 0.871875 0.86875 0.878125 0.8604166671875 0.8859375 0.8604166671875 0.9 0.8416666671874999 0.90625 0.8125 0.90625 0.8020833328125001 0.903125 0.79375 0.8875 0.775 0.9078125 0.725 0.9203125 0.7229166671875 0.925 0.7145833328125 0.9234375 0.6979166671875 0.915625 0.6770833328125 0.903125 0.6604166671875 0.896875 0.6604166671875 0.8977430562500001 0.64976851875 0.9046875 0.64375 0.915625 0.6395833328125 0.9125 0.6333333328124999 0.9149147734374999 0.6285984859375 0.9078125 0.51875 0.9140625 0.50625 0.91875 0.4791666671875 0.9078125 0.4604166671875 0.890625 0.4604166671875 0.8875 0.46458333281249997 0.8875 0.475 0.88289930625 0.47789351875 0.8140625 0.3770833328125 0.8171875 0.3729166671875 0.8171875 0.3645833328125 0.821875 0.3583333328125 0.8147135421874999 0.3456597234375 0.81875 0.3395833328125 0.821875 0.3416666671875 0.8270833328125 0.33194444375 0.8243489578125001 0.32725694375000003 0.8291666671875 0.31805555625 0.8322916671874999 0.3222222234375 0.8375 0.3125 0.833984375 0.3088541671875 0.8388020828125 0.2996527765625 0.8427083328125 0.3027777765625 0.8479166671874999 0.29305555625 0.8484375 0.28125 0.853125 0.2833333328125 0.859375 0.2833333328125 0.8671875 0.29375 0.8765625 0.29375 0.8875 0.2708333328125 0.8859375 0.25833333281250004 0.8703125 0.24375 0.8640625 0.24375 0.8609375 0.23958333281250002 0.8328125 0.23958333281250002 0.8296875 0.24583333281250003 0.8296875 0.25833333281250004 0.8328125 0.2645833328125 0.8421875 0.2666666671875 0.8378676468749999 0.29620098125 0.8198529406249999 0.3302696078125 0.8109375 0.340625 0.7875 0.34375 0.7875 0.35 0.790625 0.3541666671875 0.778125 0.36875 0.775 0.3645833328125 0.7703125 0.3645833328125 0.76875 0.3729166671875 0.7622242640625 0.36237745 0.6732536765625 0.3381127453125 0.671875 0.3229166671875 0.6671875 0.32083333281250004 0.6640625 0.3145833328125 0.6546875 0.3145833328125 0.6484375 0.3229166671875 0.6489889703125 0.33149509843749997 0.6409007359375 0.32928921718750004 0.6359375 0.3229166671875 0.6328125 0.3270833328125 0.63037280625 0.3370248546875 0.6359375 0.34375 0.6279331140625 0.346966375 0.49618969375 0.8838084796875 0.4984375 0.8895833328125 0.49375 0.89375 0.4921875 0.9104166671874999 0.50625 0.9270833328125001 0.5171875 0.9270833328125001 0.528125 0.9166666671874999