1 0.31185999999999997 0.8176576578124999 0.35596 0.8363963968749999 0.50912 0.8489189187499999 0.66394 0.8501501499999999 0.7272000000000001 0.833903903125 0.79294 0.8064264265625001 0.9153 0.823903903125 0.94526 0.8201501499999999 0.94444 0.73891891875 0.90198 0.7364264265625 0.8637 0.73891891875 0.8037599999999999 0.733933934375 0.70888 0.682702703125 0.609 0.6514414421875 0.48997999999999997 0.65645645625 0.41340000000000005 0.6589489484375 0.31101999999999996 0.6901801796875 0.30852 0.7701801796875001 0.30104000000000003 0.8014114109375001 0.31185999999999997 0.8176576578124999
1 0.23576000000000003 0.5491891890625 0.20894 0.5176576578125001 0.19728 0.49489489531249997 0.19028 0.4809009015625 0.16114 0.5071471468750001 0.14830000000000002 0.5912012015625 0.19378 0.6927627625 0.21478000000000003 0.68924925 0.22876 0.69801801875 0.26142 0.7382882890625 0.26258 0.794324325 0.27658 0.7978078078124999 0.2894 0.78906906875 0.2999 0.7978078078124999 0.3104 0.7697897890625 0.31156 0.7172672671875 0.30456 0.7032732734375 0.26142 0.6454954953125001 0.26726 0.624474475 0.27658 0.5772072078125 0.23576000000000003 0.5491891890625
3 0.34782 0.36399399374999997 0.33202 0.33138138125 0.3103 0.3076576578125 0.28559999999999997 0.3017417421875 0.25402 0.3017417421875 0.24314 0.3076576578125 0.21946 0.31951951875 0.20366 0.3373273265625 0.18884 0.3818018015625 0.18884 0.4203303296875 0.18786 0.455915915625 0.19476 0.4900300296875 0.2076 0.516696696875 0.23328000000000002 0.553783784375 0.26882 0.5596997 0.28758 0.5626726734374999 0.30734 0.5626726734374999 0.32311999999999996 0.537477478125 0.33892 0.5092792796875 0.36262 0.4618618625 0.35966 0.45294294218750003 0.3567 0.40846846875000004 0.34782 0.36399399374999997
3 0.42738 0.4306606609375 0.43426 0.42180180156249997 0.43426 0.41444444375 0.43526 0.3952552546875 0.43918 0.3421021015625 0.43526 0.31405405468750003 0.43034 0.30963963906249997 0.41756000000000004 0.3022522515625 0.40282 0.2801201203125 0.39692 0.26537537499999997 0.35464 0.27126126093749997 0.32418 0.2889789796875 0.3055 0.30816816875 0.32023999999999997 0.3214414421875 0.34284 0.37753753749999996 0.34874 0.4026126125 0.35662 0.45132132187499996 0.37234 0.44690690625 0.40182 0.43510510468749997 0.42738 0.4306606609375
3 0.6034200000000001 0.463303303125 0.60492 0.409609609375 0.61088 0.34921921875 0.6004400000000001 0.295525525 0.58108 0.2552552546875 0.56618 0.23735735781249998 0.5334 0.21945945937500003 0.50658 0.22393393437500003 0.48124 0.23288288281249997 0.46037999999999996 0.25078078125 0.44252 0.2821021015625 0.42910000000000004 0.3178978984375 0.4306 0.376066065625 0.42611999999999994 0.43198198125 0.44400000000000006 0.4722522515625 0.47826 0.512522521875 0.50062 0.521471471875 0.51254 0.5259459453125 0.5363800000000001 0.521471471875 0.57512 0.496846846875 0.6034200000000001 0.463303303125
3 0.47592 0.228828828125 0.50586 0.22660660625 0.53728 0.23333333281250002 0.5732 0.24681681718749998 0.5732 0.24231231250000002 0.5732 0.21984984999999999 0.5672200000000001 0.18165165156250002 0.55524 0.14570570625 0.54776 0.125465465625 0.5343 0.10075075 0.51334 0.0782882890625 0.48342 0.0692792796875 0.4415 0.0692792796875 0.3996 0.10525525468750001 0.37266 0.17939940000000001 0.38164 0.2445645640625 0.3966 0.273783784375 0.41756000000000004 0.3052552546875 0.42203999999999997 0.2984984984375 0.4415 0.26255255312500003 0.47592 0.228828828125
3 0.66188 0.1315915921875 0.63744 0.1224324328125 0.60212 0.136696696875 0.5641 0.177477478125 0.5647800000000001 0.24372372343749998 0.5994200000000001 0.3415915921875 0.62522 0.36198198125 0.6530400000000001 0.36198198125 0.7005600000000001 0.338528528125 0.72026 0.29063063125 0.72026 0.22945945937499998 0.706 0.16828828906249998 0.66188 0.1315915921875
3 0.61174 0.5127627625 0.64062 0.5596997 0.6783 0.5741741734375 0.7216199999999999 0.5729729734375 0.7521 0.542852853125 0.77054 0.5007207203124999 0.76894 0.44891891875 0.76092 0.4019519515625 0.73686 0.3670270265625 0.69756 0.34414414375 0.65986 0.35138138125 0.6325999999999999 0.368228228125 0.61736 0.4091891890625 0.60854 0.4296696703125 0.60692 0.4633633640625 0.61174 0.5127627625
3 0.7617 0.38936936875 0.77494 0.451471471875 0.77162 0.5152552546875 0.7776799999999999 0.51690690625 0.7969999999999999 0.498678678125 0.8130000000000001 0.466396396875 0.82126 0.40096096093750005 0.8163 0.360390390625 0.79644 0.30984985 0.76886 0.2899699703125 0.74074 0.2866666671875 0.7230800000000001 0.2899699703125 0.71646 0.302402403125 0.69992 0.3446546546875 0.7186600000000001 0.35456456406250003 0.73962 0.3686486484375 0.7617 0.38936936875
3 0.5961000000000001 0.504324325 0.57332 0.501621621875 0.54094 0.51063063125 0.51576 0.52861861875 0.49657999999999997 0.5673273265625001 0.487 0.6186486484375 0.4894 0.655525525 0.5271600000000001 0.653753753125 0.57332 0.6510510515625 0.61468 0.6519519515625001 0.67282 0.6681381375 0.67462 0.6366366359375 0.67402 0.6114414421875 0.66264 0.5727327328125 0.65244 0.551141140625 0.62426 0.5187387390625 0.5961000000000001 0.504324325
3 0.67542 0.60585585625 0.66912 0.6673573578124999 0.71742 0.6862762765625 0.73738 0.6957357359375 0.76574 0.71309309375 0.77204 0.703633634375 0.78254 0.6673573578124999 0.77938 0.6373873875 0.77204 0.601141140625 0.76678 0.58063063125 0.7562800000000001 0.5538138140625 0.73002 0.5664264265625001 0.66176 0.5617117109375 0.67542 0.60585585625
3 0.33452000000000004 0.5137837843749999 0.33192 0.586546546875 0.34598 0.6436636640625 0.35902 0.67339339375 0.46534000000000003 0.65384384375 0.49295999999999995 0.658528528125 0.48929999999999996 0.5787087093750001 0.51068 0.5474174171875 0.50338 0.5286486484374999 0.46376 0.4934234234375 0.43772 0.44570570624999994 0.42468000000000006 0.42690690625 0.41529999999999995 0.42846846875000005 0.3981 0.4331831828125 0.38142 0.43708708749999997 0.37307999999999997 0.44333333281250004 0.35798 0.467597596875 0.3486 0.48168168125 0.3413 0.49108108125000005 0.33452000000000004 0.5137837843749999