1 0.12822 0.3847305390625 0.13138 0.387814371875 0.13378 0.393712575 0.13924 0.3941916171875 0.14514 0.39092814374999996 0.1481 0.3868562875 0.14996 0.3791616765625 0.15018 0.3655688625 0.1469 0.3605089828125 0.14514 0.35820359218750003 0.14208 0.361826346875 0.14144 0.36344311406249996 0.13838 0.363113771875 0.13542 0.36263473125 0.13378 0.36263473125 0.13147999999999999 0.361317365625 0.13072 0.3624550890625 0.12722 0.3664071859375 0.12569999999999998 0.37278443125 0.12558 0.378323353125 0.12822 0.3847305390625
1 0.17298 0.3987724546875 0.17394 0.40017964062500005 0.17854 0.4056586828125 0.17998 0.40850299375 0.18666 0.40613772499999995 0.18982000000000002 0.40017964062500005 0.19094 0.4020958078125 0.1938 0.4023353296875 0.1946 0.3966167671875 0.19508 0.39637724531249996 0.1965 0.39637724531249996 0.19904 0.3956586828125 0.19952 0.38805389218749997 0.19666 0.3814071859375 0.19396 0.3761676640625 0.19126 0.37520958125 0.18553999999999998 0.37664670624999996 0.18014 0.37664670624999996 0.17648 0.37736526875 0.17236 0.3832934125 0.17298 0.3987724546875
1 0.57164 0.4041616765625 0.56978 0.41257485000000005 0.57118 0.416107784375 0.57352 0.41820359218750003 0.57446 0.4217065875 0.5768 0.42520958125 0.5829 0.42730538906250004 0.58382 0.42943113750000006 0.5857 0.43080838281249995 0.58758 0.42871257500000004 0.58852 0.42943113750000006 0.5908599999999999 0.42730538906250004 0.5936600000000001 0.42589820312500004 0.596 0.41961077812500003 0.59694 0.41538922187500005 0.59882 0.4132934125 0.59882 0.40979041875 0.59788 0.4006586828125 0.59272 0.395748503125 0.5889800000000001 0.392964071875 0.58524 0.4006586828125 0.58242 0.399251496875 0.58054 0.3978742515625 0.5782 0.3978742515625 0.57164 0.4041616765625
1 0.22318 0.37017964062500003 0.2265 0.37350299374999996 0.22968000000000002 0.3713473046875 0.23302 0.3747005984375 0.23938 0.375389221875 0.24256000000000003 0.3715868265625 0.24574 0.36470059843749997 0.24668 0.3570958078125 0.24398 0.349251496875 0.24018 0.3466167671875 0.23572 0.348532934375 0.23382 0.3539820359375 0.23302 0.35541916093750003 0.23096 0.3532934125 0.22968000000000002 0.3499401203125 0.22778 0.352814371875 0.22347999999999998 0.36113772499999997 0.22269999999999998 0.3682634734375 0.22318 0.37017964062500003
1 0.40392 0.37260479062499996 0.40616 0.37077844375 0.41024000000000005 0.37017964062500003 0.4133 0.364670659375 0.4133 0.35766467031250004 0.41084 0.3488023953125 0.40472 0.338742515625 0.40166 0.3384431140625 0.3982 0.3420958078125 0.3982 0.350329340625 0.39636 0.36194610781250003 0.40044 0.364670659375 0.39698 0.3695808390625 0.39922 0.37260479062499996 0.40392 0.37260479062499996
1 0.53898 0.3408682640625 0.53026 0.33967065937499996 0.5251 0.341467065625 0.52272 0.350958084375 0.5239 0.364041915625 0.53502 0.3711676640625 0.5433399999999999 0.3705688625 0.5501 0.36520958124999997 0.55762 0.3521556890625 0.55248 0.336107784375 0.5485 0.3349401203125 0.54572 0.3349401203125 0.53898 0.3408682640625
1 0.60968 0.43853293437499996 0.61832 0.43335329375000003 0.6204799999999999 0.44110778437500003 0.6230800000000001 0.44628742499999996 0.62524 0.4404790421875 0.62782 0.4404790421875 0.6369 0.44562874218750004 0.6395 0.4314071859375 0.6261 0.40296407187499994 0.62264 0.40488023906250004 0.61788 0.40682634687499997 0.61876 0.408113771875 0.61486 0.405538921875 0.6105400000000001 0.4145808390625 0.60968 0.42622754531249996 0.60968 0.43853293437499996
1 0.41974 0.3686227546875 0.42084 0.37242515 0.42556000000000005 0.3702395203125 0.42738 0.364251496875 0.4277 0.364041915625 0.42912 0.364251496875 0.43022 0.3630838328125 0.43118 0.360958084375 0.43418 0.36 0.43479999999999996 0.34601796406249996 0.43212 0.343892215625 0.4288 0.342964071875 0.42519999999999997 0.344670659375 0.41684 0.34958083906250004 0.41466000000000003 0.3599101796875 0.41719999999999996 0.36751497031249997 0.41974 0.3686227546875
1 0.27704 0.3543113765625 0.27271999999999996 0.3649401203125 0.27827999999999997 0.38293413125 0.28414 0.38341317343750003 0.29 0.38571856250000003 0.29832000000000003 0.38293413125 0.30047999999999997 0.3755688625 0.30326 0.367245509375 0.30294 0.3561676640625 0.30110000000000003 0.351107784375 0.29338000000000003 0.3487724546875 0.29184 0.3497005984375 0.28382 0.351107784375 0.27704 0.3543113765625
1 0.19834000000000002 0.39745508906250004 0.20508 0.398173653125 0.21014 0.39745508906250004 0.21664 0.3913473046875 0.21953999999999999 0.3844910171875 0.22146 0.373323353125 0.22122000000000003 0.36682634687500004 0.21858 0.3628443109375 0.21472000000000002 0.36104790468750003 0.21181999999999998 0.358532934375 0.20870000000000002 0.35997005937500004 0.20894 0.35961077812500003 0.1981 0.3693413171875 0.19641999999999998 0.37907185625 0.20002 0.38736526875 0.19834000000000002 0.39745508906250004
0 0.5276799999999999 0.5036526953125 0.52364 0.4966167671875 0.51962 0.49158682656249997 0.51222 0.49209580781250006 0.4988 0.490598803125 0.49273999999999996 0.49461077812500004 0.48502 0.5117065875 0.47494 0.5368562875 0.47763999999999995 0.5464071859375 0.52332 0.54742515 0.5273399999999999 0.5449101796875 0.5280199999999999 0.531826346875 0.5276799999999999 0.5036526953125
0 0.52416 0.5647604796875 0.5216999999999999 0.5514071859375 0.51278 0.5504790421875 0.49278000000000005 0.55 0.48784 0.5559880234375 0.48046 0.5739520953125 0.48078000000000004 0.5748802390625001 0.50878 0.5748802390625001 0.52416 0.5647604796875
0 0.55086 0.5180538921875 0.54994 0.5134431140625 0.54572 0.513113771875 0.54516 0.5132634734375 0.54322 0.51736526875 0.5447 0.5226646703125 0.54972 0.5221556890625 0.55086 0.5180538921875
0 0.78402 0.5591616765625 0.7851 0.5558682640625 0.7873 0.5493113765625 0.78474 0.5460479046875 0.78072 0.54221556875 0.77818 0.5351197609375 0.77562 0.529101796875 0.7712399999999999 0.5274550890625 0.76796 0.52964071875 0.76612 0.5274550890625 0.7602800000000001 0.5274550890625 0.7588199999999999 0.531287425 0.75336 0.5351197609375 0.75298 0.5427544906249999 0.7497 0.5455089828124999 0.7474999999999999 0.5493113765625 0.7449600000000001 0.55479041875 0.74276 0.555329340625 0.7387400000000001 0.553682634375 0.73582 0.553682634375 0.73436 0.5602694609375 0.73546 0.56407185625 0.7727 0.565179640625 0.77672 0.5624550890625 0.78402 0.5591616765625
0 0.6027 0.5697604796875 0.6566799999999999 0.5687724546874999 0.6645 0.511317365625 0.60856 0.5142514968749999 0.6066 0.529820359375 0.604 0.53664670625 0.6027 0.5697604796875
0 0.46426 0.5079940125 0.44542000000000004 0.5087724546875 0.4383 0.5171556890625 0.43066000000000004 0.513323353125 0.42098 0.520958084375 0.41487999999999997 0.541526946875 0.41896000000000005 0.55221556875 0.43932000000000004 0.54763473125 0.4612 0.5491616765625 0.47240000000000004 0.54535928125 0.47496 0.532395209375 0.47342000000000006 0.5156287421875 0.46426 0.5079940125
3 0.5678799999999999 0.561317365625 0.56896 0.5570059875 0.5677 0.551886228125 0.56212 0.5561976046875 0.56392 0.5605089828125001 0.5678799999999999 0.561317365625
3 0.54026 0.558562875 0.54514 0.5661976046875 0.55266 0.57149700625 0.56108 0.5724850296875 0.5684 0.5724850296875 0.56928 0.5711676640625 0.5684 0.5628742515625 0.5652999999999999 0.5612275453125 0.56374 0.55922155625 0.56374 0.5552395203125 0.5642 0.5519161671874999 0.56154 0.549610778125 0.55444 0.5482634734375 0.5495599999999999 0.549610778125 0.5409200000000001 0.55392215625 0.54026 0.558562875
1 0.68492 0.39952095781249997 0.68492 0.40338323281250005 0.6823400000000001 0.4028443109375 0.67996 0.395958084375 0.6744399999999999 0.40008982031249996 0.67188 0.40613772499999995 0.67096 0.4127245515625 0.67188 0.421257484375 0.67702 0.42757484999999995 0.67774 0.428682634375 0.67922 0.4308682640625 0.6816 0.42976047968750003 0.68308 0.4267365265625 0.69006 0.42619760468749995 0.69208 0.421257484375 0.69392 0.41961077812500003 0.69538 0.416287425 0.6977599999999999 0.415748503125 0.69906 0.4127245515625 0.6977599999999999 0.406676646875 0.69978 0.403113771875 0.69942 0.399820359375 0.69482 0.390179640625 0.68932 0.3904491015625 0.68822 0.3915568859375 0.68712 0.39622754531250004 0.68492 0.39952095781249997
1 0.67838 0.38721556874999996 0.6867 0.38494012031249997 0.68746 0.3804191609375 0.69428 0.3815568859375 0.69428 0.3747305390625 0.6958 0.3724850296875 0.6972 0.34904191562500003 0.6867 0.34868263437499997 0.68444 0.35320359218749997 0.6814 0.35206586875 0.6761 0.3554790421875 0.67762 0.36113772499999997 0.6746000000000001 0.3724850296875 0.6746000000000001 0.3826946109375 0.67762 0.3826946109375 0.67838 0.38721556874999996
1 0.44218 0.3925449109375 0.43979999999999997 0.398712575 0.44024 0.41038922187500004 0.44455999999999996 0.416886228125 0.45108 0.41526946093749995 0.4565 0.4087724546875 0.45953999999999995 0.4019760484375 0.45996 0.3893113765625 0.45606 0.3850898203125 0.45346000000000003 0.3850898203125 0.44867999999999997 0.39092814374999996 0.44218 0.3925449109375
0 0.56046 0.493682634375 0.56046 0.5243712578124999 0.6024200000000001 0.5173952093749999 0.60614 0.4950598796875 0.56046 0.493682634375
3 0.27318 0.4974850296875 0.27458 0.492395209375 0.27336 0.48835329375000003 0.27032 0.4858682640625 0.26788 0.48718562812500005 0.2664 0.4895209578125 0.26658 0.493562875 0.2663 0.495389221875 0.26866 0.49721556875 0.27318 0.4974850296875
1 0.046 0.3802395203125 0.04 0.38922155625 0.034666665624999995 0.3802395203125 0.023333334375 0.3802395203125 0.018 0.39221556875 0.012 0.3802395203125 0.002 0.3802395203125 0.002 0.410179640625 0.01 0.4191616765625 0.002 0.42514969999999996 0.002 0.45508982031249995 0.01 0.45508982031249995 0.016 0.4401197609375 0.04 0.4401197609375 0.046 0.44910179687499996 0.06999999999999999 0.45209580781250003 0.074 0.446107784375 0.08199999999999999 0.4011976046875 0.092 0.4191616765625 0.10400000000000001 0.4191616765625 0.11000000000000001 0.4041916171875 0.1232 0.38742515 0.132 0.39520958125 0.126 0.4041916171875 0.126 0.4221556890625 0.132 0.43113772499999997 0.144 0.43113772499999997 0.148 0.42514969999999996 0.15 0.407185628125 0.155 0.4056886234375 0.178 0.4161676640625 0.172 0.42514969999999996 0.172 0.44311377187499995 0.178 0.45209580781250003 0.19 0.45209580781250003 0.198 0.43113772499999997 0.20400000000000001 0.43712574843749996 0.21600000000000003 0.43712574843749996 0.22000000000000003 0.43113772499999997 0.22200000000000003 0.413173653125 0.236 0.413173653125 0.24 0.407185628125 0.242 0.38922155625 0.27799999999999997 0.3832335328125 0.27599999999999997 0.4041916171875 0.282 0.413173653125 0.298 0.413173653125 0.306 0.407185628125 0.312 0.4161676640625 0.324 0.4161676640625 0.33599999999999997 0.407185628125 0.34199999999999997 0.4161676640625 0.346 0.4161676640625 0.348 0.4281437125 0.354 0.43712574843749996 0.372 0.4341317359375 0.376 0.4401197609375 0.388 0.4401197609375 0.396 0.4281437125 0.40199999999999997 0.4281437125 0.40599999999999997 0.4221556890625 0.414 0.4161676640625 0.42000000000000004 0.42514969999999996 0.43200000000000005 0.42514969999999996 0.44325000000000003 0.4127994015625 0.492 0.43712574843749996 0.49800000000000005 0.446107784375 0.51 0.446107784375 0.514 0.4401197609375 0.516 0.4221556890625 0.512 0.407185628125 0.516 0.38622754531250003 0.508 0.37425149687500003 0.508 0.36227544843750004 0.5132307703125 0.3500690921875 0.516 0.3532934125 0.5236923078125 0.3496084765625 0.5655384625 0.34776600625 0.5700000000000001 0.356287425 0.5700000000000001 0.37425149687500003 0.576 0.3832335328125 0.588 0.3832335328125 0.5980000000000001 0.371257484375 0.608 0.38922155625 0.62 0.38922155625 0.624 0.3832335328125 0.626 0.3652694609375 0.62 0.3532934125 0.626 0.3473053890625 0.646 0.3473053890625 0.646 0.3652694609375 0.6519999999999999 0.37425149687500003 0.646 0.39221556875 0.648666665625 0.393213571875 0.65 0.4041916171875 0.642 0.413173653125 0.642 0.43113772499999997 0.648 0.4401197609375 0.6639999999999999 0.4401197609375 0.67 0.42514969999999996 0.67 0.4161676640625 0.6639999999999999 0.4041916171875 0.6639999999999999 0.37425149687500003 0.6679999999999999 0.3682634734375 0.706 0.377245509375 0.712 0.38622754531250003 0.726 0.38622754531250003 0.746 0.3682634734375 0.746 0.38622754531250003 0.752 0.39520958125 0.766 0.39520958125 0.77 0.4011976046875 0.782 0.4011976046875 0.786 0.39520958125 0.8 0.4041916171875 0.8 0.4221556890625 0.806 0.43113772499999997 0.8140000000000001 0.43113772499999997 0.82 0.4401197609375 0.8320000000000001 0.4401197609375 0.8380000000000001 0.42514969999999996 0.86 0.4221556890625 0.866 0.43113772499999997 0.8779999999999999 0.43113772499999997 0.882 0.42514969999999996 0.8859999999999999 0.4011976046875 0.898 0.4011976046875 0.9019999999999999 0.39520958125 0.9019999999999999 0.371257484375 0.908 0.37425149687500003 0.914 0.3832335328125 0.9400000000000001 0.38622754531250003 0.942 0.407185628125 0.9480000000000001 0.4161676640625 0.954 0.4221556890625 0.966 0.4221556890625 0.97 0.4161676640625 0.9720000000000001 0.3982035921875 0.96 0.3802395203125 0.974 0.3592814375 0.978 0.3652694609375 0.99 0.3652694609375 0.994 0.3592814375 0.9960000000000001 0.34131736562500004 0.99 0.32934131718750004 0.978 0.32934131718750004 0.9720000000000001 0.338323353125 0.9506666656249999 0.3443113765625 0.9460000000000001 0.356287425 0.9400000000000001 0.3473053890625 0.914 0.3473053890625 0.908 0.356287425 0.904666665625 0.3532934125 0.898 0.3652694609375 0.895333334375 0.3592814375 0.8859999999999999 0.3652694609375 0.8800000000000001 0.37425149687500003 0.876 0.3626497 0.8460000000000001 0.35479041875 0.836 0.3652694609375 0.836 0.352170659375 0.8300000000000001 0.3532934125 0.826 0.3495508984375 0.8240000000000001 0.3532934125 0.818 0.3443113765625 0.8160000000000001 0.34693113750000004 0.806 0.3443113765625 0.8 0.3532934125 0.7952 0.3473053890625 0.7844 0.3502994015625 0.782 0.3652694609375 0.772 0.3632734515625 0.7736 0.3532934125 0.7628 0.356287425 0.762 0.361277446875 0.742 0.357035928125 0.742 0.3532934125 0.736 0.34131736562500004 0.732 0.35479041875 0.722 0.35254491093749996 0.724 0.34131736562500004 0.718 0.3502994015625 0.712 0.3502994015625 0.706 0.3592814375 0.701 0.3498003984375 0.67 0.3502994015625 0.6639999999999999 0.338323353125 0.657 0.3478043921875 0.6519999999999999 0.338323353125 0.616 0.3473053890625 0.606 0.3473053890625 0.608 0.3532934125 0.604 0.3592814375 0.596 0.3473053890625 0.5940000000000001 0.34131736562500004 0.5860000000000001 0.3473053890625 0.5820000000000001 0.34131736562500004 0.576 0.3473053890625 0.518 0.335329340625 0.512 0.32335329375 0.492 0.32335329375 0.5027692296875 0.350529709375 0.49230769218750003 0.3509903265625 0.48200000000000004 0.34131736562500004 0.4818461546875 0.35145094375 0.471384615625 0.3519115625 0.46799999999999997 0.338323353125 0.462 0.3473053890625 0.4609230765625 0.3523721796875 0.4504615375 0.352832796875 0.446 0.3443113765625 0.44000000000000006 0.3532934125 0.4 0.34776600625 0.398 0.338323353125 0.392 0.3263473046875 0.38 0.3263473046875 0.37 0.3436204515625 0.368 0.335329340625 0.364 0.32934131718750004 0.36 0.3422385984375 0.35 0.34085674843749997 0.352 0.32934131718750004 0.33999999999999997 0.3394748953125 0.33799999999999997 0.3443113765625 0.33199999999999996 0.3443113765625 0.32999999999999996 0.3380930453125 0.322 0.335329340625 0.31 0.335329340625 0.304 0.3443113765625 0.300571428125 0.34110350624999997 0.244 0.37574850312499997 0.236 0.377245509375 0.23457142812499998 0.3815226671875 0.22400000000000003 0.377245509375 0.2251428578125 0.38729683593750003 0.2157142859375 0.393071 0.21200000000000002 0.3982035921875 0.2062857140625 0.3988451671875 0.1968571421875 0.40461933281249995 0.196 0.3982035921875 0.187428571875 0.41039349999999997 0.14350000000000002 0.40044910156249997 0.144 0.39520958125 0.10600000000000001 0.3473053890625 0.11200000000000002 0.3592814375 0.11439999999999999 0.37964071875 0.11000000000000001 0.377245509375 0.10600000000000001 0.3832335328125 0.1056 0.3718562875 0.0968 0.36407185625 0.094 0.3473053890625 0.088 0.356287425 0.056499999999999995 0.37425149687500003 0.057999999999999996 0.3802395203125 0.046 0.3802395203125