0 0.9597031250000001 0.2975 0.9998125 0.2971111109375 1 0.2446111109375 0.9998125 0.16313888906250001 0.9973906250000001 0.16469444375 0.9943125 0.1693888890625 0.9883593749999999 0.17880555625 0.98284375 0.17019444374999998 0.976890625 0.1693888890625 0.9672031249999999 0.17450000000000002 0.9597031250000001 0.170972221875 0.94934375 0.173722221875 0.9438437499999999 0.18819444375 0.93503125 0.1835 0.928859375 0.18427777812499999 0.929078125 0.182722221875 0.92753125 0.16705555625 0.920921875 0.156472221875 0.911671875 0.1560833328125 0.9055 0.16469444375 0.9004218749999999 0.1768333328125 0.892265625 0.1784166671875 0.8920468749999999 0.18155555625 0.9385468749999999 0.263027778125 0.9597031250000001 0.2975
3 0.23778125 0.427527778125 0.24110937500000001 0.4375833328125 0.242109375 0.4428888890625 0.24343750000000003 0.45294444375 0.24476562500000001 0.4565 0.24709374999999997 0.458277778125 0.252421875 0.4570833328125 0.262390625 0.45236111093750003 0.265390625 0.4476111109375 0.270703125 0.43580555624999995 0.272703125 0.42930555625 0.27303125 0.42161111093750003 0.272375 0.41333333281250006 0.272375 0.40625 0.271703125 0.39797222187500003 0.270703125 0.391472221875 0.268375 0.3796388890625 0.26471875 0.37255555625 0.25540625 0.36544444375 0.24842187500000001 0.36605555624999997 0.23912499999999998 0.367222221875 0.23512499999999997 0.3695833328125 0.22946875000000003 0.37669444375 0.22615625 0.38319444375 0.2248125 0.393222221875 0.22215625 0.39975 0.22248437499999998 0.40625 0.22581250000000003 0.4086111109375 0.22615625 0.41333333281250006 0.23046875 0.41747222187500005 0.23778125 0.427527778125
3 0 0.622027778125 0.260125 0.655722221875 0.35746875 0.660222221875 0.40043749999999995 0.64225 0.41940625000000004 0.631 0.438359375 0.60405555625 0.413078125 0.5523611109375001 0.408015625 0.5119166671875 0.3890625 0.47594444375 0.376421875 0.42874999999999996 0.37515624999999997 0.40627777812500004 0.36884375 0.3725833328125 0.33723437500000003 0.3591111109375 0.311953125 0.3815833328125 0.2879375 0.3613333328125 0.2651875 0.37483333281250003 0.24874999999999997 0.3725833328125 0.21968749999999998 0.39055555625 0.207046875 0.39505555625 0.19565625 0.38380555625 0.16153125 0.3613333328125 0.15775 0.36583333281249997 0.1413125 0.40405555625 0.121078125 0.40627777812500004 0.10718749999999999 0.3725833328125 0.0743125 0.3546111109375 0.047765625 0.3770833328125 0.033859375000000004 0.3613333328125 0 0.38380555625 0 0.622027778125
3 0.17309375 0.22941666718749998 0.17859375 0.2313888890625 0.185734375 0.23430555625 0.192890625 0.2431111109375 0.19784375 0.2538888890625 0.20059375 0.2656111109375 0.20720312500000002 0.25094444375 0.208296875 0.2265 0.205 0.20594444374999998 0.19620312499999998 0.193222221875 0.182984375 0.19030555625 0.1714375 0.19519444375 0.17089062500000002 0.20400000000000001 0.174734375 0.213777778125 0.17309375 0.22941666718749998
3 0.29871875000000003 0.23594444375 0.30346875 0.2599166671875 0.314453125 0.26080555625 0.333671875 0.24525000000000002 0.333171875 0.21952777812500002 0.327171875 0.20044444375 0.3186875 0.1933611109375 0.308203125 0.192472221875 0.296234375 0.210222221875 0.294734375 0.21997222187499998 0.29871875000000003 0.23594444375
3 0.51765625 0.16380555624999998 0.524828125 0.1659166671875 0.532015625 0.16805555625 0.537984375 0.17444444374999998 0.54396875 0.18719444375 0.546953125 0.18080555625 0.55353125 0.17124999999999999 0.55653125 0.1616666671875 0.5553281250000001 0.14466666718750001 0.546953125 0.124472221875 0.524828125 0.11383333281250001 0.515265625 0.128722221875 0.51346875 0.1308611109375 0.514671875 0.1648611109375 0.51765625 0.16380555624999998
3 0.9050625 0.26480555625 0.8924218749999999 0.26030555624999996 0.8772500000000001 0.19063888906249998 0.8532343750000001 0.1883888890625 0.84059375 0.19513888906250001 0.841859375 0.1591666671875 0.8342656249999999 0.129972221875 0.820359375 0.12097222187500001 0.805203125 0.14119444375 0.783703125 0.11647222187499999 0.7735937500000001 0.15019444375 0.75715625 0.10974999999999999 0.73946875 0.13669444375 0.72303125 0.111972221875 0.719234375 0.111972221875 0.7028125000000001 0.12772222187499999 0.64971875 0.11647222187499999 0.733140625 0.2895 0.921484375 0.2985 0.9164375 0.280527778125 0.9050625 0.26480555625
3 0.65053125 0.34808333281250003 0.73209375 0.3284166671875 0.7286406249999999 0.3136666671875 0.41071875 0.3026111109375 0.5095468750000001 0.6306666671875 0.508171875 0.6343611109375 0.77425 0.595027778125 0.65053125 0.34808333281250003
3 0.5084375 0.880527778125 0.495296875 0.8675277781249999 0.48653124999999997 0.8571388890625 0.483609375 0.8181944437500001 0.47921874999999997 0.7973888890625 0.47192187499999994 0.787 0.45584375 0.7896111109375 0.439765625 0.7948055562499999 0.423703125 0.8181944437500001 0.41785937500000003 0.8285833328125 0.41346875 0.8285833328125 0.404703125 0.8285833328125 0.381328125 0.8363611109375 0.37840625 0.8519444437500001 0.369640625 0.8337777781250001 0.363796875 0.80780555625 0.359421875 0.7973888890625 0.3491875 0.787 0.341890625 0.7844166671874999 0.334578125 0.7688333328125 0.3491875 0.9869999999999999 0.518671875 0.9844166671875 0.512828125 0.98180555625 0.5288906250000001 0.95844444375 0.530359375 0.9090833328124999 0.52159375 0.8909166671875001 0.5084375 0.880527778125
3 0.166125 0.044027778125 0.1340625 0.0673611109375 0.10193749999999999 0.10194444375 0.08462499999999999 0.079722221875 0.072125 0.014777778124999998 0.051937500000000004 0.0113611109375 0.025015625000000003 0.03869444375 0.003875 0.0523611109375 0.00003125 0.12244444375 0.00290625 0.19594444375 0.0043749999999999995 0.2616666671875 0.37306249999999996 0.272027778125 0.319140625 0.06477777812499999 0.21421874999999999 0.054416667187500004 0.166125 0.044027778125
3 0.629703125 0.2103888890625 0.625328125 0.14805555625 0.582953125 0.11947222187499999 0.56103125 0.13247222187500002 0.54934375 0.1688333328125 0.517203125 0.14805555625 0.506984375 0.10130555625 0.466078125 0.11169444375 0.44853125 0.0701388890625 0.43099999999999994 0.062333332812499996 0.410546875 0.0961111109375 0.400328125 0.072722221875 0.3681875 0.06752777812500001 0.35065625 0.09869444375 0.398859375 0.2831111109375 0.695453125 0.285722221875 0.677921875 0.25713888906250004 0.6574687499999999 0.21819444375 0.629703125 0.2103888890625
3 0.9891249999999999 0.9220833328125 0.973046875 0.9116944437500001 0.9511406250000001 0.9168888890625 0.9496718749999999 0.89869444375 0.939453125 0.8623333328125 0.926296875 0.8363611109375 0.921921875 0.8026111109375 0.902921875 0.75844444375 0.879546875 0.75844444375 0.86346875 0.7766111109375 0.86346875 0.7428611109375 0.860546875 0.667527778125 0.8371718749999999 0.6623333328125 0.80065625 0.66494444375 0.7714218749999999 0.6753333328125 0.7246718750000001 0.685722221875 0.66915625 0.6935 0.632625 0.69869444375 0.588796875 0.7090833328125 0.56396875 0.7844166671874999 0.6209374999999999 0.9740277781250001 0.9978906249999999 0.98180555625 1 0.9376666671875 0.9891249999999999 0.9220833328125