0 0.30840625 0.4164719625 0.2769375 0.407056075 0.24546874999999999 0.4117757015625 0.232875 0.42588784999999996 0.20770312500000002 0.4964719625 0.20140625 0.567056075 0.234453125 0.6517757015625001 0.270640625 0.6705841125 0.3036875 0.672943925 0.3383125 0.65411215 0.354046875 0.61411215 0.377640625 0.5035280375 0.376078125 0.49883177500000003 0.350890625 0.45411215 0.30840625 0.4164719625
0 0.481953125 0.5288551406249999 0.497171875 0.5699766359375 0.5001249999999999 0.592757009375 0.508953125 0.589088784375 0.5241875 0.5780607484375 0.5241875 0.5743925234375 0.5241875 0.5655841125000001 0.526140625 0.5303271031250001 0.528109375 0.5149065421875 0.5369531249999999 0.4921495328125 0.545796875 0.468644859375 0.567890625 0.44588785 0.5654375 0.44221962656249997 0.561015625 0.43560747656250004 0.55315625 0.423130840625 0.5428437500000001 0.4150467296875 0.5310625 0.40109813125000005 0.518296875 0.39154205625 0.504046875 0.38787383124999997 0.48981250000000004 0.38934579375 0.462796875 0.40771027968749995 0.44315625000000003 0.4407476640625 0.43039062499999997 0.4635046734375 0.423515625 0.49287383125 0.457890625 0.50462616875 0.470171875 0.5134345796875001 0.481953125 0.5288551406249999
0 0.640359375 0.6905373828125 0.6458125 0.7251869156249999 0.676484375 0.7557710281250001 0.728984375 0.74661215 0.771921875 0.6864719625 0.76784375 0.5957476640625 0.761703125 0.5529205609375001 0.735796875 0.516214953125 0.710578125 0.5050233640624999 0.681265625 0.5131775703125 0.673078125 0.6028738312499999 0.644453125 0.6579205609375001 0.640359375 0.6905373828125
3 0.539109375 0.6329672890625 0.592859375 0.666074765625 0.640296875 0.6589719625 0.67665625 0.6117056078124999 0.6845625 0.5455140187499999 0.6735 0.4887616828125 0.6545156249999999 0.45093457968750006 0.615 0.43203271093750006 0.581796875 0.4414953265625 0.577046875 0.4414953265625 0.534375 0.48168224375 0.523296875 0.5384112156249999 0.52646875 0.5857009343749999 0.539109375 0.6329672890625
3 0.34500000000000003 0.63581775625 0.35115625 0.6594626171875 0.36257812500000003 0.6844392515625 0.3863125 0.7133644859375 0.4144375 0.7291355140625 0.444328125 0.7238785046875 0.47334375 0.6989018687499999 0.492671875 0.651588784375 0.497953125 0.5937616828125 0.4935625 0.555630840625 0.47596875 0.5227803734375 0.454 0.501728971875 0.424984375 0.4964719625 0.3995 0.49911215000000003 0.36609375 0.5214485984375 0.35115625 0.5621962609375 0.341484375 0.602943925 0.34500000000000003 0.63581775625
3 0.362484375 0.4626635515625 0.369921875 0.4948598125 0.4174375 0.4937616828125 0.426359375 0.4737616828125 0.4560625 0.41824766406249997 0.447140625 0.391588784375 0.424125 0.36051401875 0.3803125 0.343855140625 0.350609375 0.363831775 0.325359375 0.391588784375 0.32015625000000003 0.41934579375 0.32090625 0.41934579375 0.341703125 0.42934579375000004 0.362484375 0.4626635515625
3 0.57175 0.404672896875 0.5962500000000001 0.404672896875 0.6252187499999999 0.42577102812499995 0.637828125 0.44352803749999997 0.651203125 0.43021027968750003 0.651203125 0.41242990625 0.6214999999999999 0.339158878125 0.601453125 0.32028037343750004 0.57175 0.309158878125 0.54575 0.3213785046875 0.51753125 0.35581775625 0.509375 0.38911215 0.513078125 0.38689252343749997 0.54575 0.4135514015625 0.57175 0.404672896875
3 0.86234375 0.46245327031250005 0.85546875 0.44637850468750007 0.8374218750000001 0.425841121875 0.817234375 0.4123364484375 0.78715625 0.4097663546875 0.760515625 0.41813084062500006 0.7411875 0.4367523359375 0.72871875 0.46565420625 0.726578125 0.486214953125 0.864921875 0.47721962656250005 0.8640625 0.4740186921875 0.86234375 0.46245327031250005
3 0.6231718749999999 0.4237383171875 0.61184375 0.41336448593749997 0.5917343749999999 0.4029906546875 0.5749375 0.40242990624999997 0.557390625 0.40735981250000003 0.54753125 0.41500000000000004 0.5603125 0.4308644859375 0.569453125 0.44724299062500006 0.57821875 0.4417757015625 0.590640625 0.435771028125 0.608546875 0.43303738281250004 0.621703125 0.435771028125 0.63559375 0.44287383125 0.634859375 0.4406775703125 0.6330312499999999 0.43740654218749997 0.6231718749999999 0.4237383171875
0 0.34684375 0.8032476640624999 0.403328125 0.8051635515625 0.43285937499999994 0.8032476640624999 0.45596875 0.794602803125 0.4643125 0.7792523359375 0.47521874999999997 0.7610046734375 0.47971874999999997 0.71109813125 0.47521874999999997 0.71492990625 0.463671875 0.7245327109375 0.445703125 0.7302803734375 0.40846875000000005 0.7302803734375 0.364828125 0.6938084109375 0.3455625 0.6342990656249999 0.33465625 0.6525467296875 0.32503125 0.673668225 0.32439062500000004 0.7072663546875 0.3263125 0.7379672890625 0.33337500000000003 0.7802102796875 0.34684375 0.8032476640624999
0 0.59621875 0.6636915890624999 0.55925 0.6489485984375001 0.53378125 0.6133177562500001 0.524734375 0.5752336453125 0.50009375 0.59242990625 0.5017343750000001 0.637897196875 0.48693749999999997 0.6944158875 0.476265625 0.71037383125 0.482015625 0.7632242984375 0.49926562499999994 0.7976168218749999 0.528015625 0.8123598124999999 0.5658125 0.8123598124999999 0.5986875 0.8025233640625 0.62415625 0.7705841125 0.639765625 0.7263551406250001 0.636484375 0.6575467296874999 0.59621875 0.6636915890624999
0 0.71296875 0.79588785 0.7321875 0.7510046734375 0.714171875 0.7546028031249999 0.6649375 0.7546028031249999 0.640921875 0.7240654203125 0.6373125 0.7420327109375 0.610890625 0.7994859812499999 0.6144999999999999 0.797686915625 0.68534375 0.8012850468750001 0.71296875 0.79588785
0 0.666546875 0.43460280312500005 0.651421875 0.45834112187500003 0.6688125 0.48887850468750005 0.72703125 0.48546728906250003 0.732328125 0.45946261718750003 0.7277812499999999 0.4481775703125 0.69678125 0.43007009375000005 0.666546875 0.43460280312500005
0 0.21404687500000003 0.597943925 0.2011875 0.5628971968750001 0.20725 0.4961915890625 0.20554687500000002 0.48516939218750005 0.213296875 0.48714953281250006 0.213296875 0.479228971875 0.24126562499999998 0.413668225 0.21782812499999998 0.420443925 0.193640625 0.448714953125 0.18796875 0.46397196249999995 0.190046875 0.48120911250000004 0.182296875 0.479228971875 0.177 0.48376168281250004 0.17246875 0.5120327109375 0.18003125 0.5561214953125 0.19665625 0.6115186921875 0.21404687500000003 0.597943925