1 0.7429375 0.1878333328125 0.695296875 0.1101875 0.6229375 0.1407916671875 0.6582343749999999 0.27018749999999997 0.73940625 0.2396041671875 0.7429375 0.1878333328125
1 0.642390625 0.3315833328125 0.633515625 0.3605 0.64534375 0.3867916671875 0.6828125 0.398625 0.713375 0.4078333328125 0.7321093750000001 0.40125 0.7350625 0.3907291671875 0.7321093750000001 0.3565625 0.7222500000000001 0.3052916671875 0.7094375 0.23958333281250002 0.6680312500000001 0.2685 0.6581718750000001 0.28689583281250003 0.642390625 0.3315833328125
1 0.602671875 0.1414375 0.6263124999999999 0.160875 0.62828125 0.1613958328125 0.62828125 0.1304166671875 0.6088281249999999 0.0973125 0.584796875 0.06737499999999999 0.568640625 0.05004166718750001 0.566671875 0.0610833328125 0.566828125 0.0605625 0.56328125 0.10047916718750001 0.560921875 0.1267291671875 0.580609375 0.1304166671875 0.602671875 0.1414375
0 0.41823437500000005 0.6423541671875 0.395296875 0.6211666671875 0.37059375 0.6164791671875001 0.30353125 0.6894166671875 0.28059375000000003 0.6705833328125 0.282359375 0.5788333328124999 0.282359375 0.574125 0.10940625 0.6729375 0.1270625 0.7223541671875 0.18 0.7623541671875 0.261171875 0.7505833328125 0.28940625 0.7388333328125001 0.24353125000000003 0.8023541671875 0.2029375 0.8752916671875001 0.238234375 0.9129375 0.27 0.9411666671875001 0.30529687499999997 0.9411666671875001 0.3229375 0.9364791671875 0.361765625 0.9341250000000001 0.39353125 0.9717708328124999 0.44470312500000003 0.9788333328125001 0.49059375000000005 0.8894166671875 0.51353125 0.7152916671875 0.515296875 0.6964791671875 0.462359375 0.6211666671875 0.41823437500000005 0.6423541671875
0 0.061578125 0.6426666671875 0.08078125 0.66725 0.1053616078125 0.6941666671875 0.11073437500000001 0.6815833328124999 0.1150885421875 0.69250694375 0.111506696875 0.7008958328125 0.11944270781249999 0.7034305562500001 0.1176517859375 0.707625 0.123796875 0.7143541671875 0.173544471875 0.7180592953125 0.19215625 0.7645416671875 0.21692968750000002 0.7614635421875 0.22365624999999997 0.7665833328125 0.2251875 0.7604375 0.23153125000000002 0.7655572921875 0.233021875 0.7585958328125 0.24085625 0.7567541671875 0.23940625 0.76453125 0.24728124999999998 0.7635052078125 0.248690625 0.7549125 0.25515625000000003 0.7624791671875 0.256525 0.7530708328125 0.264359375 0.7512291671875 0.169822115625 0.7087628203125 0.1512103359375 0.6622804484375 0.1453125 0.6528958328125001 0.14748798125 0.6529839749999999 0.15235156249999998 0.6479479171875 0.1805078125 0.62815625 0.17834375 0.6221666671875 0.187546875 0.6232083328125 0.16834375 0.6160208328125 0.16143749999999998 0.60375 0.149921875 0.5904166671875 0.14453125 0.572 0.143765625 0.556625 0.126109375 0.5504791671875 0.11073437500000001 0.5310208328125 0.10305468749999999 0.5269270828125 0.09909735625 0.5321298078125001 0.095375 0.5228333328125 0.095375 0.5177083328125 0.085390625 0.5320416671875 0.054671875 0.5535625 0.0485234375 0.5612395828125 0.042375 0.5689166671875 0.045453125 0.5904166671875 0.05159375000000001 0.6191041671875 0.061578125 0.6426666671875
0 0.62971875 0.7818333328125 0.704015625 0.7299583328125 0.72346875 0.6049583328125 0.707546875 0.5860833328124999 0.76415625 0.5483541671875 0.7323125 0.402125 0.72346875 0.3973958328125 0.7128593750000001 0.40920833281249996 0.684546875 0.3950416671875 0.643875 0.36675 0.5253593750000001 0.4257083328125 0.497046875 0.5389166671875001 0.497046875 0.5601458328125 0.443984375 0.5530625 0.45106250000000003 0.6238125 0.50059375 0.6969375 0.581953125 0.6945833328125001 0.62971875 0.7818333328125
3 0.013453125 0.40941666718749997 0.02690625 0.45425000000000004 0.07062500000000001 0.5439375 0.095859375 0.5147916671874999 0.14125000000000001 0.5573958328125 0.164796875 0.5192916671875001 0.1984375 0.5080625000000001 0.16815625 0.4363125 0.137890625 0.40045833281250004 0.06053125 0.3331875 0.035312500000000004 0.3242083328125 0.013453125 0.3556041671875 0.013453125 0.40941666718749997
3 0.06890625 0.2804791671875 0.09260937500000001 0.34639583281249997 0.10723437499999999 0.383375 0.16675 0.4304583328125 0.15717187500000002 0.40018750000000003 0.12690625 0.3652291671875 0.13296875 0.34975 0.16675 0.32083333281250004 0.171296875 0.31074999999999997 0.09865625 0.259625 0.0734375 0.2703958328125 0.06990625 0.2724166671875 0.06890625 0.2804791671875
3 0.22965624999999998 0.358 0.24134375000000002 0.3433958328125 0.246453125 0.32295833281249997 0.24353125000000003 0.3093125 0.23403125 0.3093125 0.220890625 0.3112708328125 0.2004375 0.3141875 0.17853125 0.3141875 0.15296875000000001 0.33658333281249997 0.13690625 0.344375 0.12740625 0.3589791671875 0.130328125 0.3657916671875 0.14056249999999998 0.3872083328125 0.16028125 0.4144791671875 0.187296875 0.38429166718749996 0.2143125 0.36775 0.22965624999999998 0.358
3 0.176828125 0.3172083328125 0.21017187499999998 0.3112708328125 0.246875 0.3068333328125 0.276890625 0.292 0.232421875 0.2549375 0.172375 0.2089791671875 0.104546875 0.1778333328125 0.091203125 0.1882083328125 0.096765625 0.21193749999999997 0.117890625 0.2756875 0.12121875 0.2756875 0.144578125 0.2964583328125 0.176828125 0.3172083328125
3 0.210671875 0.2089791671875 0.232578125 0.25393750000000004 0.2528125 0.2696666671875 0.27978125 0.294375 0.30842187499999996 0.303375 0.31179687500000003 0.2674166671875 0.338765625 0.23370833281249997 0.37078125 0.2224791671875 0.40449999999999997 0.2157291671875 0.4449375 0.21347916718749999 0.38159375 0.1767291671875 0.33103125 0.1422083328125 0.291578125 0.1213541671875 0.27809375 0.08989583281249999 0.24943749999999998 0.0651666671875 0.2545 0.0561875 0.22246875 0.094375 0.20759375000000002 0.142625 0.210671875 0.2089791671875
3 0.41460937500000006 0.199625 0.434828125 0.2108541671875 0.47696875 0.24681250000000002 0.49381250000000004 0.192875 0.483703125 0.10075 0.45168749999999996 0.0850208328125 0.439890625 0.09175 0.367421875 0.07602083281250001 0.3 0.0715416671875 0.296625 0.1097291671875 0.35225 0.1591666671875 0.412921875 0.199625 0.41460937500000006 0.199625