1 0.00153125 0.42353365312499996 0.119296875 0.4329326921875 0.16212500000000002 0.4447115390625 0.20953125 0.418822115625 0.189640625 0.3482451921875 0.19423437500000001 0.341177884375 0.175875 0.2729326921875 0.058125 0.24942307656249998 0.018359375 0.23764423125 0.0030625 0.303533653125 0.00153125 0.42353365312499996
1 0.0220625 0.6023798078125 0.025750000000000002 0.6123317312500001 0.034999999999999996 0.619447115625 0.06734375000000001 0.619447115625 0.113546875 0.5838942312500001 0.23923437500000003 0.504278846875 0.28728125000000004 0.4815384609375 0.243859375 0.464471153125 0.20503125 0.4147115390625 0.084890625 0.4943269234375 0.037765625000000004 0.5384134609375 0.02759375 0.561153846875 0.020203125 0.5881730765625 0.0220625 0.6023798078125
1 0.17740625000000002 0.25411057656249997 0.18046875 0.23764423125 0.195765625 0.22588942343750001 0.21564062499999997 0.218822115625 0.2370625 0.218822115625 0.26 0.22588942343750001 0.2829375 0.2470673078125 0.299765625 0.25411057656249997 0.32423437499999996 0.2705769234375 0.34259375 0.27528846093750003 0.327296875 0.263533653125 0.302828125 0.24 0.276828125 0.218822115625 0.272234375 0.21646634687500002 0.246234375 0.19764423125 0.223296875 0.181177884375 0.20800000000000002 0.1694230765625 0.18353124999999998 0.15764423125 0.169765625 0.1505769234375 0.145296875 0.1458894234375 0.1330625 0.1458894234375 0.119296875 0.1458894234375 0.10400000000000001 0.1482451921875 0.087171875 0.1482451921875 0.07340624999999999 0.15528846093749998 0.058125 0.1670673078125 0.041296875 0.21646634687500002 0.039765625 0.218822115625 0.035171875000000005 0.23528846093750003 0.041296875 0.23764423125 0.052000000000000005 0.2470673078125 0.061171875 0.2470673078125 0.08106250000000001 0.24942307656249998 0.110125 0.258822115625 0.156 0.2705769234375 0.166703125 0.2705769234375 0.171296875 0.27528846093750003 0.175875 0.2705769234375 0.17740625000000002 0.25411057656249997
1 0.3609375 0.29338942343749996 0.344125 0.27692307656250004 0.31506249999999997 0.2628125 0.292125 0.26045673125 0.270703125 0.2487019234375 0.252359375 0.239278846875 0.23246875 0.2228125 0.20800000000000002 0.2228125 0.189640625 0.2322115390625 0.174359375 0.26516826875 0.18046875 0.2910576921875 0.20187499999999997 0.326346153125 0.20187499999999997 0.3569230765625 0.192703125 0.3922115390625 0.218703125 0.4275240390625 0.2370625 0.443990384375 0.247765625 0.46045673125000003 0.26 0.4745673078125 0.29059375 0.481634615625 0.31659375 0.483990384375 0.33799999999999997 0.48870192343749996 0.347171875 0.4957451921875 0.348703125 0.5075240390625 0.344125 0.519278846875 0.24470312500000002 0.6275240390625 0.241640625 0.639278846875 0.241640625 0.6533894234375001 0.246234375 0.6698798078125 0.250828125 0.6887019234375 0.25387499999999996 0.6981009609375 0.266125 0.7075240390624999 0.2829375 0.7075240390624999 0.298234375 0.7075240390624999 0.318125 0.7075240390624999 0.33799999999999997 0.6981009609375 0.35940625000000004 0.6745673078125 0.377765625 0.646346153125 0.383875 0.646346153125 0.36859375 0.6792788468750001 0.356359375 0.7028125000000001 0.344125 0.723990384375 0.33953125 0.7498798078125 0.344125 0.7687019234375 0.354828125 0.78516826875 0.376234375 0.7945673078125 0.400703125 0.7945673078125 0.4190625 0.7781009609375 0.42976562500000004 0.74516826875 0.43587499999999996 0.7075240390624999 0.43587499999999996 0.6722115390625001 0.44506249999999997 0.639278846875 0.45423437499999997 0.5945673078125 0.47106250000000005 0.5475240390625 0.45423437499999997 0.5075240390625 0.397640625 0.4133894234375 0.38846875000000003 0.4087019234375 0.382359375 0.38516826875 0.37317187500000004 0.3333894234375 0.3609375 0.29338942343749996
3 0.803375 0.905625 0.766859375 0.878653846875 0.714265625 0.8831490390625 0.686515625 0.903365384375 0.663140625 0.9393269234374999 0.651453125 0.9842788468749999 0.8369687499999999 0.9865144234375001 0.8194375 0.943822115625 0.803375 0.905625
3 0.976625 0.9756490390625 1 1 0.9987343750000001 0.735408653125 0.9849062500000001 0.74389423125 0.962109375 0.7747355765624999 0.9462187500000001 0.7938701921875 0.9372343750000001 0.819375 0.9254843749999999 0.85233173125 0.91375 0.902283653125 0.911671875 0.9416105765625 0.90821875 0.9777644234375 0.910296875 0.9756490390625 0.931703125 0.9724519234375 0.976625 0.9756490390625
3 0.477640625 0.32810096093749996 0.518546875 0.2988701921875 0.574046875 0.29663461562500004 0.5988749999999999 0.31461538437500003 0.60471875 0.3101201921875 0.601796875 0.238197115625 0.59303125 0.19326923125 0.550671875 0.14831730781250002 0.5316875 0.1370673078125 0.51415625 0.132596153125 0.49078125000000006 0.14156249999999998 0.4571875 0.15730769218750001 0.42359375000000005 0.1775240390625 0.398765625 0.23370192343750001 0.387078125 0.29663461562500004 0.387078125 0.34831730781250003 0.39584375 0.39550480781249997 0.4060625 0.4224759609375 0.441125 0.4516826921875 0.449890625 0.4224759609375 0.449890625 0.35504807656250004 0.477640625 0.32810096093749996
3 0.436734375 0.631466346875 0.436734375 0.7078605765625 0.455734375 0.7573076921874999 0.522921875 0.62920673125 0.56528125 0.5550480765625 0.49809374999999995 0.5505528843749999 0.468875 0.561802884375 0.449890625 0.5955048078125 0.436734375 0.631466346875
3 0.1143125 0.8638701921875 0.11000000000000001 0.87298076875 0.1003125 0.910240384375 0.094921875 0.962427884375 0.103546875 1 0.262359375 0.998028846875 0.267203125 0.9930769234374999 0.27365625 0.9665625 0.27473437500000003 0.910240384375 0.262359375 0.8638701921875 0.2548125 0.8514423078125001 0.22359374999999998 0.8100240390625 0.19075 0.810841346875 0.16653125 0.8133413468749999 0.143921875 0.824927884375 0.14121875 0.8265865390625 0.130453125 0.8356971156249999 0.1143125 0.8638701921875
3 0.092484375 0.4311298078125 0.07728125 0.463028846875 0.06484375 0.510865384375 0.1705625 0.4396394234375 0.12357812500000001 0.42475961562500003 0.092484375 0.4311298078125
3 0.442484375 0.7977884609375 0.45325 0.7919951921874999 0.45864062499999997 0.7787499999999999 0.45809375 0.763846153125 0.453796875 0.7530769234375 0.450015625 0.741466346875 0.426875 0.7522355765625 0.40964062500000004 0.77625 0.395640625 0.80110576875 0.390265625 0.8151923078125 0.38703125 0.83423076875 0.385953125 0.8640625 0.41126562499999997 0.88641826875 0.409109375 0.857427884375 0.41448437499999996 0.8292788468750001 0.42903125 0.8085576921875001 0.442484375 0.7977884609375