0 0.444140625 0.3975416671875 0.44718749999999996 0.3887291671875 0.452265625 0.4049791671875 0.446171875 0.4219166671875 0.443640625 0.4185208328125 0.43348437500000003 0.4171666671875 0.423828125 0.45035416718750004 0.42784374999999997 0.4568125 0.443640625 0.4591666671875 0.44921875 0.45170833281249995 0.45532812500000003 0.4219166671875 0.463453125 0.4171666671875 0.46496875 0.4449375 0.470046875 0.45375 0.471578125 0.4496875 0.47106250000000005 0.4178541671875 0.47462499999999996 0.4131041671875 0.47564062500000004 0.4151458328125 0.474109375 0.45577083281249997 0.479703125 0.45510416718749996 0.48326562500000003 0.4585 0.485796875 0.44764583281250003 0.481234375 0.440875 0.4868125 0.43614583281249997 0.493421875 0.44291666718749995 0.49545312499999994 0.43274999999999997 0.5020625 0.43479166718749995 0.493421875 0.4483333328125 0.49850000000000005 0.44764583281250003 0.505109375 0.4368125 0.515265625 0.43952083281250004 0.511203125 0.45375 0.5188125 0.4598541671875 0.5452343749999999 0.4496875 0.5452343749999999 0.43885416718750003 0.525921875 0.41039583281249997 0.525921875 0.40025000000000005 0.509671875 0.3778958328125 0.48478125 0.3738333328125 0.47259375 0.38127083281249996 0.46446875 0.3738333328125 0.44820312500000004 0.37654166718750004 0.451765625 0.3799166671875 0.44160937499999997 0.3887291671875 0.444140625 0.3975416671875
3 0.9395312499999999 0.2985625 0.94821875 0.2901458328125 0.9501875 0.2827708328125 0.9501875 0.2732916671875 0.945453125 0.260125 0.9379531249999999 0.25433333281250003 0.93203125 0.25275 0.906765625 0.2511875 0.900828125 0.2538125 0.893734375 0.2622291671875 0.892140625 0.2717083328125 0.89609375 0.2853958328125 0.9071562500000001 0.2964583328125 0.92453125 0.3011875 0.930453125 0.3011875 0.9395312499999999 0.2985625
0 0.78571875 0.2750208328125 0.779984375 0.2701041671875 0.769734375 0.2657291671875 0.76071875 0.2624583328125 0.75046875 0.26737500000000003 0.745140625 0.2783125 0.791859375 0.2919583328125 0.790640625 0.2859583328125 0.78571875 0.2750208328125
0 0.834875 0.2899583328125 0.834875 0.27958333281250003 0.836171875 0.2692083328125 0.8354062499999999 0.2685208328125 0.8242499999999999 0.2712916671875 0.80271875 0.2827083328125 0.79390625 0.2941041671875 0.8309843750000001 0.296875 0.834109375 0.2955 0.834875 0.2899583328125
2 0.6076406249999999 0.5698333328125 0.6113593749999999 0.5863958328125001 0.616953125 0.6004791671875 0.622546875 0.588875 0.6237812500000001 0.5756249999999999 0.62440625 0.5640208328125 0.6250312499999999 0.5532708328125 0.6237812500000001 0.5449791671875001 0.616953125 0.5342083328125 0.611984375 0.5259375000000001 0.6076406249999999 0.5184791671875 0.60390625 0.516 0.5989375 0.5143333328125 0.5921093749999999 0.5143333328125 0.588375 0.516 0.586515625 0.520125 0.5803125 0.52925 0.590859375 0.5425 0.5995625 0.5540833328125 0.6076406249999999 0.5698333328125
2 0.626109375 0.5139375 0.6207812500000001 0.5074791671875001 0.614 0.5029583328125 0.6048125 0.500375 0.601421875 0.500375 0.5994843750000001 0.5029583328125 0.597546875 0.5094166671875 0.597546875 0.5107083328125 0.596578125 0.5158541671875 0.6086875 0.5236041671875 0.616421875 0.532 0.634328125 0.520375 0.626109375 0.5139375
2 0.536875 0.5806458328125 0.55459375 0.5676875 0.577453125 0.5737916671875001 0.5797343749999999 0.5448333328125 0.574015625 0.5379583328125 0.5723125 0.5440625 0.56715625 0.5486458328125 0.560875 0.547875 0.555734375 0.5272916671875 0.548875 0.531875 0.5454375 0.54025 0.536875 0.5806458328125
2 0.70196875 0.6257708328125 0.679875 0.6033333328125 0.6751406249999999 0.6201666671875 0.6751406249999999 0.6222708328125 0.710375 0.653125 0.7261562500000001 0.66575 0.731421875 0.6601458328125 0.70196875 0.6257708328125
0 0.8608437500000001 0.29602083281249997 0.871296875 0.2979583328125 0.888484375 0.29775 0.8897656250000001 0.29431250000000003 0.8944218749999999 0.2936666671875 0.896359375 0.2891666671875 0.89490625 0.2795416671875 0.8926562499999999 0.2660416671875 0.887515625 0.25425 0.879484375 0.2463333328125 0.87065625 0.2439791671875 0.858125 0.2458958328125 0.8438281249999999 0.2540416671875 0.8372343750000001 0.2645416671875 0.8345 0.2713958328125 0.8328906249999999 0.2861666671875 0.83321875 0.29474999999999996 0.844625 0.29474999999999996 0.8454218750000001 0.2949583328125 0.85346875 0.2945208328125 0.8608437500000001 0.29602083281249997
2 0.5706249999999999 0.5453541671875 0.5703437499999999 0.5372916671875 0.5735 0.5300208328125 0.578109375 0.528875 0.5838593750000001 0.51775 0.5835625 0.506625 0.576375 0.5031666671874999 0.5697656249999999 0.50625 0.5605625 0.5158333328125 0.55625 0.5257916671875 0.56028125 0.54075 0.566890625 0.5495625000000001 0.5691875 0.5526458328125 0.5720625 0.5495625000000001 0.5706249999999999 0.5453541671875
2 0.674921875 0.662 0.682890625 0.6670625 0.6918124999999999 0.671375 0.692765625 0.6660625 0.6832812500000001 0.6440416671875 0.6753125 0.6318958328125001 0.67359375 0.6311458328125 0.6697968750000001 0.650375 0.674921875 0.662