2 0.47058666718750003 0.18604 0.41098666718750004 0.1931 0.34824 0.20956000000000002 0.36392 0.2684 0.46432 0.2731 0.5050933328125 0.25428 0.47058666718750003 0.18604
2 0.17613333281250002 0.40462 0.19709333281250002 0.40342 0.2664533328125 0.38648 0.24064000000000002 0.29818 0.19869333281249998 0.29214 0.14064000000000002 0.31632 0.14386666718750002 0.31996 0.1567733328125 0.34536 0.17613333281250002 0.40462
2 0.37968 0.19018 0.39536 0.16666 0.39536 0.14784 0.39536 0.13372 0.38282666718749997 0.12196 0.3545866671875 0.10547999999999999 0.3451733328125 0.10311999999999999 0.30752 0.08902 0.28557333281249997 0.09608 0.2730133328125 0.10547999999999999 0.2636 0.12196 0.2573333328125 0.14078 0.2698933328125 0.14548 0.2730133328125 0.15724 0.3608533328125 0.1996 0.35144000000000003 0.1996 0.3608533328125 0.20196 0.37968 0.19018
2 0.4320533328125 0.35946 0.4372266671875 0.36076 0.4613066671875 0.3614 0.4716266671875 0.35882000000000003 0.4965866671875 0.35172 0.4914133328125 0.33882 0.5335733328125001 0.31429999999999997 0.49314666718750005 0.26202000000000003 0.46216 0.27492 0.4114133328125 0.27364 0.4114133328125 0.28332 0.38216 0.30332 0.38042666718749996 0.31882 0.40797333281250003 0.33818000000000004 0.4320533328125 0.35946
2 0.23578666718750002 0.50866 0.2940533328125 0.49960000000000004 0.3259466671875 0.49216 0.33144 0.47568 0.3259466671875 0.4699 0.31384 0.45918000000000003 0.30504 0.44518 0.28856000000000004 0.43198 0.20501333281249998 0.45836 0.2116 0.45918000000000003 0.2269866671875 0.50866 0.23578666718750002 0.50866
2 0.32509333281249997 0.41748 0.33381333281250003 0.42103999999999997 0.3409333328125 0.42044 0.3559733328125 0.41332 0.35992 0.3961 0.35992 0.38838 0.35992 0.38482 0.40269333281249997 0.38482 0.42802666718750004 0.36344 0.43357333281250005 0.35808 0.3932 0.3272 0.36389333281249997 0.33018000000000003 0.34487999999999996 0.367 0.3266666671875 0.38956 0.3203466671875 0.39906 0.32509333281249997 0.41748
2 0.28674666718749997 0.36962 0.30650666718749997 0.38795999999999997 0.3375466671875 0.37278 0.3512 0.34668 0.3050933328125 0.29691999999999996 0.2674666671875 0.30857999999999997 0.2490933328125 0.32374 0.2505066671875 0.33256 0.2655733328125 0.34774 0.28674666718749997 0.36962
2 0.4089866671875 0.47964 0.3911733328125 0.47964 0.32888 0.47162 0.30928 0.53304 0.3520266671875 0.55306 0.41077333281249995 0.53038 0.4089866671875 0.47964
2 0.24384 0.12034 0.25976 0.11957999999999999 0.27269333281249997 0.11288000000000001 0.27765333281250004 0.08602 0.2657333328125 0.08676 0.12152 0.08676 0.1205333328125 0.10913999999999999 0.1234933328125 0.12182 0.1344533328125 0.12928 0.13744 0.13376 0.1404 0.13376 0.1573066671875 0.12928 0.17224 0.11883999999999999 0.19312 0.10616 0.24384 0.12034
2 0.08896 0.37972 0.11879999999999999 0.3827 0.14368 0.38195999999999997 0.1605866671875 0.38195999999999997 0.14168 0.32154 0.14765333281249998 0.31334 0.1357066671875 0.30438 0.08896 0.30512 0.08896 0.37972
2 0.5048266671875 0.5104 0.5122666671875 0.4476 0.40621333281250005 0.46853999999999996 0.3969066671875 0.5313399999999999 0.4248 0.5453 0.4080533328125 0.54948 0.4973866671875 0.5369200000000001 0.5048266671875 0.5104
2 0.2338133328125 0.17643999999999999 0.25181333281249996 0.20470000000000002 0.28458666718750003 0.25016 0.33864 0.2391 0.34848 0.20838 0.27474666718749996 0.16906000000000002 0.27312 0.16292 0.25181333281249996 0.16046 0.2338133328125 0.17643999999999999
2 0.2414666671875 0.16699999999999998 0.2623466671875 0.16104000000000002 0.27328 0.16552 0.33693333281250004 0.19684 0.3667733328125 0.20356000000000002 0.2812533328125 0.16104000000000002 0.2702933328125 0.1506 0.2623466671875 0.13642 0.26136 0.12076 0.1966933328125 0.10212000000000002 0.1609066671875 0.13194 0.1658666671875 0.18192 0.1748266671875 0.19161999999999998 0.19570666718750002 0.19236 0.23250666718750002 0.19982 0.2374933328125 0.1879 0.2354933328125 0.17446 0.2414666671875 0.16699999999999998