0 0.6016627640625 0.7482968750000001 0.619180328125 0.721984375 0.6016627640625 0.7095625 0.5885011703125 0.70590625 0.57098360625 0.70590625 0.5402810296875 0.714671875 0.53810304375 0.71321875 0.5446838406250001 0.746109375 0.5578220140625 0.7578125 0.572060890625 0.760734375 0.6016627640625 0.7482968750000001
0 0.660772834375 0.7708437499999999 0.660772834375 0.7464999999999999 0.63548009375 0.740609375 0.6142857140625 0.7394375 0.601920375 0.74571875 0.6007494140625 0.744921875 0.590163934375 0.769671875 0.617236534375 0.789296875 0.6443091328125 0.7853749999999999 0.660772834375 0.7708437499999999
0 0.5806557375 0.8593125 0.5806557375 0.8462031250000001 0.57644028125 0.831234375 0.562412178125 0.818125 0.5301405156250001 0.8190625 0.5133021078125 0.826546875 0.506276346875 0.8377812499999999 0.5133021078125 0.858375 0.5259250578125 0.865875 0.5553864171875 0.865875 0.5806557375 0.8593125
0 0.5202576109375 0.787703125 0.558688525 0.7716093749999999 0.5571896953125 0.754515625 0.5398360656250001 0.7409375 0.5232786890625001 0.7389218750000001 0.5059250578125 0.7414375 0.49386416874999994 0.7459687500000001 0.4901170953125 0.7650781249999999 0.5014051515625 0.7856875 0.5202576109375 0.787703125
0 0.59578454375 0.819359375 0.6094379390625 0.8129687499999999 0.6167213109375 0.799 0.6149180328125 0.785625 0.606252928125 0.775296875 0.5907728343749999 0.771953125 0.5734660421875 0.7704375 0.553419203125 0.772859375 0.5397658078124999 0.781671875 0.5306557375 0.792921875 0.5315456671875001 0.806890625 0.5479625296874999 0.8151093749999999 0.554332553125 0.8199687499999999 0.576651053125 0.82209375 0.59578454375 0.819359375
0 0.6261124125 0.8564999999999999 0.639555034375 0.84909375 0.6424824359375 0.835046875 0.64189695625 0.8202343750000001 0.6372131140625 0.8143750000000001 0.6179156906250001 0.8135937500000001 0.584004684375 0.817109375 0.5787587828125 0.8284218750000001 0.586932084375 0.85571875 0.5939578453125 0.856109375 0.6044730671874999 0.8584531249999999 0.6261124125 0.8564999999999999
0 0.390772834375 0.8179531250000001 0.3912412171875 0.8297968750000001 0.39442622968749996 0.83921875 0.40946135781250004 0.845 0.42721311406250007 0.8468125000000001 0.4381498828125 0.845 0.4468149890625 0.8422656249999999 0.45135831406250004 0.8319218749999999 0.4540983609375 0.8194687500000001 0.452716628125 0.8136875 0.44772833749999996 0.8136875 0.4285948484375 0.81034375 0.419484778125 0.8073124999999999 0.4071896953125 0.80853125 0.39716627656250003 0.812484375 0.39578454375 0.812484375 0.39259953125 0.8136875 0.390772834375 0.8179531250000001
0 0.41878220156249996 0.67240625 0.4141920375 0.677921875 0.411451990625 0.68434375 0.41648711875 0.69475 0.42887587812500005 0.69903125 0.4417096015625 0.698421875 0.4655503515625 0.69475 0.4774941453125 0.688328125 0.4761124125 0.679453125 0.4710538640625 0.67240625 0.4646370015625 0.667515625 0.45639344218750005 0.6623125 0.4385011703125 0.66078125 0.43255269375000005 0.662625 0.4247540984375 0.66659375 0.41878220156249996 0.67240625
0 0.5068852453125 0.8341875 0.5134660421875 0.8261406250000001 0.49812646406249994 0.829078125 0.47730679218749994 0.8188437499999999 0.4608665109375 0.818109375 0.451007025 0.8341875 0.45648711875 0.8524687500000001 0.4860655734375 0.8612343750000001 0.5134660421875 0.8583125 0.5123653390625 0.84734375 0.5068852453125 0.8341875
0 0.47217798593750004 0.740421875 0.46259953125 0.73234375 0.44854800937499995 0.7289375 0.421756440625 0.731484375 0.41857142812500003 0.7502187499999999 0.42302107656250004 0.7625625 0.44536299843749994 0.777046875 0.4574941453125 0.766390625 0.46067915625 0.754046875 0.47217798593750004 0.740421875
0 0.5745433249999999 0.67003125 0.5693911 0.66703125 0.5607259953125 0.664890625 0.552388759375 0.664453125 0.540491803125 0.66575 0.5299063234375 0.6680937499999999 0.5186651046875 0.67259375 0.511615925 0.676875 0.5058313812499999 0.683734375 0.5058313812499999 0.691234375 0.50775175625 0.696375 0.51386416875 0.70215625 0.5297423890624999 0.71175 0.5371896953124999 0.7192968750000001 0.5446838406250001 0.71178125 0.5544496484375 0.706765625 0.5671896953125 0.7037656250000001 0.581451990625 0.7029375 0.584683840625 0.6869531249999999 0.5825058546874999 0.6796875 0.5825526937500001 0.679875 0.57871194375 0.67259375 0.5745433249999999 0.67003125
0 0.43067915625 0.767953125 0.4198829046875 0.766921875 0.4114051515625 0.7715625 0.4060187359375 0.783390625 0.4114051515625 0.8049843750000001 0.4368618265625 0.810125 0.441475409375 0.790078125 0.4437939109375 0.7792656250000001 0.43067915625 0.767953125
0 0.3981264640625 0.8125 0.4168618265625 0.8078125 0.428571428125 0.809375 0.43325526875 0.8125 0.45199063281249996 0.8140625 0.45199063281249996 0.8375 0.44730679218749997 0.8453125 0.45199063281249996 0.8453125 0.454332553125 0.8296875 0.4613583140625 0.81875 0.4800936765625 0.8203125 0.49648711875 0.8296875 0.5105386421875 0.828125 0.5292740046875 0.8203125 0.558203609375 0.8189338234375001 0.56674473125 0.821875 0.5761124125 0.83125 0.5761124125 0.8609375 0.5503512875000001 0.86875 0.580796253125 0.8703125 0.5971896953125 0.865625 0.6018735359375 0.8609375 0.599531615625 0.8578125 0.5878220140625 0.85625 0.58548009375 0.8515625 0.5790398125 0.851953125 0.5831381734375001 0.84375 0.5784543328125 0.8390625 0.580796253125 0.821875 0.6002007359375 0.8107142859375 0.6112412171875 0.8109375 0.608899296875 0.815625 0.6276346609375001 0.8140625 0.6416861828125 0.8171875 0.658079625 0.8109375 0.6674473062499999 0.79375 0.6651053859375 0.784375 0.6510538640625 0.7796875 0.6159250578125001 0.74453125 0.6159250578125001 0.740625 0.662763465625 0.74375 0.679156909375 0.7390625 0.6908665109375 0.725 0.6908665109375 0.7109375 0.6697892265625 0.696875 0.6463700234374999 0.6953125 0.6393442625 0.6921875 0.6346604218749999 0.6859375 0.6159250578125001 0.6765625 0.5925058546875 0.6765625 0.5831381734375001 0.6796875 0.5386416859375001 0.6671875 0.5245901640625 0.659375 0.5058548015625 0.6609375 0.4941451984375 0.6578125 0.468384075 0.6671875 0.468384075 0.671875 0.41920374687499995 0.671875 0.40983606562499997 0.675 0.40749414531249994 0.678125 0.4121779859375 0.6859375 0.405152225 0.6890625 0.40281030468749995 0.69375 0.40281030468749995 0.7328125 0.39578454375 0.734375 0.391100703125 0.7421875 0.400468384375 0.759375 0.3887587828125 0.7734375 0.391100703125 0.8078125 0.3981264640625 0.8125