1 0.8561875000000001 0.5640416671875 0.844375 0.5528125 0.8140468750000001 0.5505625000000001 0.8005625000000001 0.5595416671875 0.78034375 0.5865208328125 0.782015625 0.6112291671875 0.792140625 0.6404583328125 0.8072968749999999 0.6359583328125 0.844375 0.6 0.8561875000000001 0.5640416671875
1 0.73946875 0.5078125 0.731046875 0.4993958328125 0.69521875 0.5246666671875 0.6889062499999999 0.5274791671875 0.6783750000000001 0.5302916671875 0.67415625 0.5471458328125001 0.6783750000000001 0.5808541671875 0.6783750000000001 0.6005208328125 0.6846875 0.6257916671875 0.686796875 0.6370416671875 0.705765625 0.6314166671875 0.705765625 0.6342291671875 0.722609375 0.6398333328125 0.72471875 0.6286041671875 0.7478906249999999 0.6426458328125 0.758421875 0.6398333328125 0.76475 0.6398333328125 0.7815937500000001 0.6398333328125 0.79003125 0.6342291671875 0.79003125 0.6286041671875 0.7478906249999999 0.5415208328125 0.7478906249999999 0.5359166671875 0.73946875 0.5078125
1 0.80678125 0.5025625 0.801921875 0.5050416671875 0.798734375 0.5092708328125 0.797625 0.515 0.799484375 0.5199791671875 0.802109375 0.5202291671875 0.80621875 0.5195000000000001 0.8118124999999999 0.516 0.817421875 0.5070416671875 0.8164843749999999 0.5035624999999999 0.812375 0.5015625 0.80678125 0.5025625
1 0.614328125 0.47631249999999997 0.628125 0.47902083281249996 0.638875 0.4795625 0.647203125 0.4744166671875 0.6522812499999999 0.4711666671875 0.65309375 0.46629166718750004 0.651875 0.46304166718750006 0.6451718750000001 0.45952083281249995 0.62690625 0.457625 0.6051875 0.45816666718750004 0.600515625 0.4614166671875 0.601125 0.4695416671875 0.614328125 0.47631249999999997
1 0.171875 0.5417083328125 0.16809375 0.5438333328125 0.16473437500000002 0.5459791671875001 0.16328125 0.5492708328125 0.161390625 0.5552916671875 0.161546875 0.5583958328125 0.1625625 0.5613125 0.164453125 0.5647916671875 0.16503125000000002 0.5712083328124999 0.16503125000000002 0.5741041671875 0.16503125000000002 0.57625 0.165609375 0.5783750000000001 0.166921875 0.5805208328125 0.17215625 0.5898333328125 0.17303125 0.593125 0.17376562499999998 0.5946875 0.176390625 0.5886666671875 0.18075000000000002 0.5826458328124999 0.183375 0.5733333328125 0.18890625 0.5615 0.193125 0.555875 0.19384375 0.5531666671875 0.19443749999999999 0.5506249999999999 0.19923437500000002 0.5457916671875 0.199953125 0.5444166671875 0.19923437500000002 0.5407291671875 0.1980625 0.53725 0.19471875 0.5355000000000001 0.18948437499999998 0.5318125 0.190359375 0.5325833328125 0.181484375 0.5343333328125001 0.177546875 0.5409375 0.17653125 0.5426875 0.171875 0.5417083328125
1 0.816734375 0.4933958328125 0.8140625 0.4925 0.80971875 0.489375 0.80603125 0.4885 0.8016875000000001 0.4898333328125 0.795671875 0.49429166718750006 0.7929999999999999 0.49874999999999997 0.7886562500000001 0.49964583281249997 0.78396875 0.5009791671875 0.780296875 0.5032083328125 0.77928125 0.5081041671875 0.783296875 0.5121249999999999 0.78965625 0.5121249999999999 0.779625 0.5232708328125 0.780625 0.5295 0.783296875 0.5308333328125 0.783296875 0.5317291671875 0.7869843750000001 0.5352916671875 0.78965625 0.5361875 0.7916562500000001 0.5361875 0.7929999999999999 0.5344166671874999 0.79634375 0.532625 0.7996875 0.5303958328125 0.80203125 0.5259375000000001 0.803703125 0.526375 0.80703125 0.5321875 0.8127187499999999 0.5299583328125 0.8160624999999999 0.5219166671875 0.82175 0.516125 0.8214218750000001 0.5072083328125 0.818734375 0.4978541671875 0.81840625 0.4951875 0.816734375 0.4933958328125
1 0.490453125 0.5194583328125 0.49428124999999995 0.516625 0.492578125 0.49850000000000005 0.490671875 0.48658333281250005 0.48684374999999996 0.4843125 0.481953125 0.49083333281249997 0.48217187499999997 0.49056249999999996 0.48365625 0.5038750000000001 0.48429687499999996 0.5135208328124999 0.488125 0.5169166671875 0.490453125 0.5194583328125
1 0.6450625 0.6129583328125 0.64696875 0.6025416671875 0.633625 0.61525 0.6320625 0.6191875 0.632765625 0.6298125 0.636921875 0.6291249999999999 0.636578125 0.6302916671875 0.64559375 0.6175625 0.6450625 0.6129583328125
1 0.6267343750000001 0.5004791671875 0.6351875 0.49791666718750005 0.6428281250000001 0.49175 0.648828125 0.4851875 0.65346875 0.47864583281249995 0.6537499999999999 0.4724583328125 0.652109375 0.4717291671875 0.647203125 0.47464583281249995 0.637375 0.4801041671875 0.631921875 0.48191666718750004 0.62128125 0.48629166718750005 0.612 0.49175 0.608453125 0.4964791671875 0.608453125 0.4972083328125 0.61309375 0.5019375 0.6267343750000001 0.5004791671875
1 0.22570312499999998 0.546125 0.23540624999999998 0.547875 0.247734375 0.5503541671875001 0.24867187500000001 0.547375 0.24700000000000003 0.5396458328125 0.242328125 0.5311874999999999 0.23690625 0.5267083328125 0.2283125 0.5237083328125001 0.22326562499999997 0.5247083328125 0.21617187499999999 0.5289375 0.214859375 0.5331875 0.21915625 0.5418958328125 0.22570312499999998 0.546125
1 0.167140625 0.5098333328125 0.15565625 0.5061875 0.15128124999999998 0.5112916671875001 0.167140625 0.5324375 0.17098437500000002 0.5295208328125 0.16934375 0.5251458328124999 0.167140625 0.5098333328125
1 0.016671875 0.4564583328125 0.01553125 0.4615 0.0189375 0.46352083281249995 0.02271875 0.47106250000000005 0.029890624999999997 0.4746041671875 0.029890624999999997 0.48568749999999994 0.0351875 0.4871875 0.036703124999999996 0.4846666671875 0.052578124999999996 0.477625 0.054843750000000004 0.477125 0.05596875 0.46299999999999997 0.054468749999999996 0.4559583328125 0.0503125 0.45041666718749995 0.0435 0.4433541671875 0.041609375 0.42925 0.029140624999999996 0.42016666718750006 0.01440625 0.41916666718749995 0.01515625 0.4282291671875 0.01440625 0.4403333328125 0.016671875 0.4564583328125
1 0.46164062499999997 0.5322291671875 0.466390625 0.5300416671875 0.466109375 0.5253541671875 0.46706250000000005 0.5193749999999999 0.46665625000000005 0.50925 0.466390625 0.5058125 0.466109375 0.5045416671875 0.460140625 0.5132291671875 0.4575625 0.5217291671875001 0.45946875 0.5307708328125 0.46164062499999997 0.5322291671875