2 0.396439025 0.72992 0.3998536578125 0.7362 0.40495121875000006 0.75576 0.4092195125 0.76624 0.42282926875 0.77042 0.43817073124999995 0.7550600000000001 0.45690243906249994 0.7592399999999999 0.458585365625 0.75716 0.471365853125 0.74878 0.497756096875 0.73482 0.504560975 0.72922 0.4969024390625 0.70618 0.4875365859375 0.7013 0.47307317031249996 0.69782 0.45690243906249994 0.7006 0.4441219515625 0.7006 0.42963414687499996 0.69712 0.42029268281250004 0.69082 0.4040975609375 0.69712 0.39729268281249996 0.7027 0.3887804875 0.71736 0.396439025 0.72992
2 0.1738536578125 0.25156 0.161195121875 0.25556 0.15439024375 0.25954 0.15195121875 0.2707 0.159243903125 0.28146 0.1782195125 0.28426 0.19378048750000001 0.28146 0.190365853125 0.2731 0.186 0.26194 0.18795121875 0.25356 0.186 0.25076 0.18017073125 0.25156 0.1738536578125 0.25156
2 0.78995121875 0.47451999999999994 0.7817560968749999 0.48272000000000004 0.773560975 0.50584 0.7862926828125001 0.51106 0.79904878125 0.50808 0.8090487812499999 0.49316000000000004 0.8108536578125 0.49092 0.801756096875 0.47675999999999996 0.78995121875 0.47451999999999994
2 0.656975609375 0.44562 0.6778536578125001 0.44889999999999997 0.6930975609375001 0.44364 0.70995121875 0.42454000000000003 0.65617073125 0.42257999999999996 0.6465365859375 0.42982 0.6473414640625 0.43772 0.656975609375 0.44562
2 0.7189756093749999 0.4467 0.7308048781250001 0.44745999999999997 0.7362682921875 0.4467 0.7399024390625 0.44448 0.742634146875 0.43328 0.7417317078125001 0.42656 0.7217073171874999 0.42656 0.7117073171875 0.42806 0.70260975625 0.43254000000000004 0.7071463421875 0.43701999999999996 0.7189756093749999 0.4467
2 0.1928536578125 0.29766 0.17980487812499998 0.29925999999999997 0.17002439062500002 0.3121 0.17002439062500002 0.32386 0.1713170734375 0.33456 0.184365853125 0.34632 0.197414634375 0.34418000000000004 0.190243903125 0.33028 0.199365853125 0.32118 0.21112195156250002 0.32172 0.22090243906249998 0.32386 0.224804878125 0.31744 0.232634146875 0.30192 0.22936585312500002 0.29284 0.2156829265625 0.29016000000000003 0.209804878125 0.28962 0.202634146875 0.2907 0.1928536578125 0.29766
2 0.363243903125 0.34087999999999996 0.36660975625000003 0.33626 0.3710975609375 0.3335 0.369975609375 0.32498 0.3674634140625 0.31738 0.359024390625 0.31462 0.349195121875 0.316 0.342439025 0.31945999999999997 0.33795121875 0.32038 0.3323414640625 0.31806 0.3281219515625 0.31945999999999997 0.33795121875 0.33672 0.3446829265625 0.34318 0.3489024390625 0.33972 0.353414634375 0.34248 0.3559268296875 0.34248 0.363243903125 0.34087999999999996
2 0.40904878125 0.3109 0.4143414640625 0.31062 0.4183170734375 0.30844 0.4262926828125 0.30762 0.42895121875 0.30735999999999997 0.42829268281250005 0.29838 0.4272926828125 0.2894 0.41900000000000004 0.27988 0.408365853125 0.27988 0.39809756093750004 0.28532 0.3911219515625 0.29376 0.394439025 0.30518 0.398414634375 0.30926 0.40239024375000004 0.3109 0.40904878125 0.3109
2 0.2466829265625 0.50668 0.2083170734375 0.5045200000000001 0.1924634140625 0.52188 0.20170731718749998 0.55332 0.203024390625 0.5468200000000001 0.2466829265625 0.5197 0.2466829265625 0.50668
2 0.13682926875 0.48422 0.160804878125 0.49282000000000004 0.1757804875 0.48667999999999995 0.1787804875 0.48422 0.1787804875 0.47316 0.1787804875 0.46948 0.1787804875 0.45965999999999996 0.1563170734375 0.4486 0.1413170734375 0.45474 0.13382926875 0.45474 0.13082926875 0.45842 0.13682926875 0.48422
2 0.5505365859375 0.7548199999999999 0.556560975 0.77528 0.5737560968750001 0.7851600000000001 0.5965609749999999 0.76964 0.5806585359375 0.752 0.57160975625 0.7449399999999999 0.5505365859375 0.7548199999999999
2 0.7332682921875 0.31488 0.7327804875 0.30488 0.7246341468749999 0.28696 0.711439025 0.28406 0.700243903125 0.28614 0.6987317078124999 0.29156 0.7022926828125 0.31198000000000004 0.7165121953125 0.31114 0.7256585359375001 0.31906 0.7332682921875 0.31488
2 0.7669268296875 0.42284 0.756634146875 0.42706 0.754756096875 0.43742000000000003 0.7655121953124999 0.44394 0.787975609375 0.4309 0.7818780484375 0.4263 0.7669268296875 0.42284
2 0.47804878124999994 0.658 0.47073170781250007 0.6639999999999999 0.47317073125000003 0.6799999999999999 0.497560975 0.6900000000000001 0.5073170734375 0.688 0.5195121953124999 0.674 0.514634146875 0.658 0.578105503125 0.46460465156249997 0.6707317078125 0.284 0.6829268296875 0.292 0.697560975 0.29 0.7073170734375 0.284 0.709756096875 0.274 0.7048780484375 0.266 0.6951219515625 0.262 0.6829268296875 0.262 0.678162225 0.2712093015625 0.6707317078125 0.272 0.5733408953125 0.4738139546875 0.4828133859375 0.6487906984375 0.490243903125 0.658 0.47804878124999994 0.658