1 0.50599673125 0.7532843140625001 0.5066339875 0.7494117640625 0.5053431374999999 0.7378104578125 0.5047058828125001 0.7352287578125 0.4963071890625 0.7345751640625 0.4859803921875 0.7358660125 0.47501634062500003 0.7410294125 0.47372549062499997 0.7494117640625 0.476960784375 0.751356209375 0.496960784375 0.7552287578125 0.50599673125 0.7532843140625001
1 0.6932679734375 0.8858333328124999 0.6972385625 0.8855392156249999 0.700277778125 0.8864542484375001 0.70547385625 0.882173203125 0.7088398687499999 0.878513071875 0.7134150328125 0.878513071875 0.7204248359375 0.8775980390625 0.7204248359375 0.8766830062500001 0.722565359375 0.8745424843749999 0.7283660125 0.8711764703125 0.7329411765625 0.8736274515625 0.7335620921875 0.8711764703125 0.7350817000000001 0.867826796875 0.7408823531250001 0.863856209375 0.7424183 0.8611111109375 0.7494281046875 0.859591503125 0.7497385624999999 0.8559150328125 0.74210784375 0.8559150328125 0.7369117640625 0.8571405234375 0.728986928125 0.86202614375 0.7204248359375 0.8656862750000001 0.7125 0.8656862750000001 0.7033333328125 0.867826796875 0.6786111109374999 0.8696568625 0.6764705875 0.8696568625 0.6709803921875 0.8730228765625 0.671895425 0.8855392156249999 0.673120915625 0.8910294125 0.68349673125 0.8922549015625 0.685016340625 0.8922549015625 0.6856372546875 0.890408496875 0.6932679734375 0.8858333328124999
1 0.4201143796875 0.704068628125 0.40228758124999997 0.70763071875 0.3951633984375 0.710604575 0.3916013078125 0.7141666671875 0.3951633984375 0.7165359484375 0.399330065625 0.71831699375 0.42189542500000005 0.7195098046874999 0.4397058828125 0.7159477125 0.4402941171875 0.7082189546875 0.42545751562499995 0.704068628125 0.4201143796875 0.704068628125
1 0.436486928125 0.6994771234375 0.41075163437500006 0.6954901953125 0.397434640625 0.70392156875 0.4018627453125 0.7052614375 0.42939542499999994 0.7052614375 0.43959150312500006 0.7105882359375 0.43870915000000005 0.7203431375 0.45513071875 0.7301143796875 0.4746568625 0.7425326796875 0.48531045781250004 0.732777778125 0.5030718953125 0.7358823531249999 0.5079411765625 0.7456372546875001 0.5181535953124999 0.7465359484375 0.5150490203125 0.7487581703124999 0.49774509843750003 0.7633986921875 0.5097222218749999 0.7647222218749999 0.5279248359375 0.75629085 0.5452287578125 0.7585130718750001 0.562091503125 0.7571895421875 0.5811764703125 0.7469771234375 0.5776307187499999 0.7323366015625 0.5656535953125 0.732777778125 0.57452614375 0.7238888890624999 0.5545588234375 0.725669934375 0.5452287578125 0.7190196078125 0.546568628125 0.7119117640625 0.5390196078125 0.7065849671875 0.5336928109375 0.7079248359375 0.5257026140625001 0.7021405234375 0.529248365625 0.701699346875 0.533251634375 0.6994771234375 0.5305882359375 0.6901633984375 0.5190522875 0.6870588234375 0.51771241875 0.682173203125 0.5083986921875 0.6795098046875 0.49774509843750003 0.67418300625 0.4946405234375 0.6675326796875 0.4830882359375 0.6675326796875 0.47243464062499996 0.6755228765625 0.4617810453125 0.682173203125 0.457352940625 0.69150326875 0.436486928125 0.6994771234375
1 0.6152777781250001 0.9222385624999999 0.6570098046874999 0.948513071875 0.67710784375 0.9809803921875 0.9259313718750001 0.97633986875 0.9073856203125 0.9531535953124999 0.8455718953125 0.91142156875 0.8022875812500001 0.8696895421875 0.779117646875 0.8666013078124999 0.755931371875 0.852696078125 0.726568628125 0.8434150328125 0.6848366015625 0.812516340625 0.669379084375 0.812516340625 0.65392156875 0.7970588234375 0.6384640515625 0.7707843140625 0.6199182999999999 0.776960784375 0.6106535953125001 0.778513071875 0.604460784375 0.7831535953125 0.5982843140624999 0.7877777781249999 0.5534640515625 0.7754248359375 0.5256372546875 0.76305555625 0.5117320265624999 0.76305555625 0.5349183 0.812516340625 0.5534640515625 0.8295098046874999 0.56581699375 0.8696895421875 0.6152777781250001 0.9222385624999999
1 0.4559150328125 0.656699346875 0.4418464046875 0.6481209156250001 0.4262418296875 0.6420098046875 0.40789215624999997 0.638039215625 0.383104575 0.638039215625 0.369330065625 0.65210784375 0.36107843125 0.6692320265625 0.3626143796875 0.6790359484375 0.36504902031249997 0.6790359484375 0.3763725484375 0.6738235296874999 0.38647058749999996 0.6674019609374999 0.3947385625 0.6692320265625 0.37331699375 0.688513071875 0.390751634375 0.6842320265625 0.40789215624999997 0.6860620921875 0.41645424843749995 0.6909640515625 0.42410130781250005 0.6921895421875 0.43633986875 0.676274509375 0.4372549015625 0.6661764703124999 0.44338235312499996 0.6585294125 0.4559150328125 0.656699346875
1 0.3061111109375 0.55305555625 0.309591503125 0.562516340625 0.315196078125 0.5667647062500001 0.3223366015625 0.5688888890625 0.33142156875 0.568300653125 0.336830065625 0.562516340625 0.3331535953125 0.5563398687500001 0.3184803921875 0.5455228765625 0.31094771250000003 0.545326796875 0.3086274515625 0.5468627453125 0.3061111109375 0.55305555625
1 0.2810457515625 0.5366013078125 0.29070261406250003 0.5398856203125 0.29764705937499997 0.5352450984375 0.29880718906250003 0.5298366015625 0.29650326875 0.52289215625 0.277565359375 0.52539215625 0.27486928125 0.5257843140625 0.27679738593750003 0.5323529406249999 0.2810457515625 0.5366013078125
1 0.1941666671875 0.563186275 0.1890359484375 0.5687418296875 0.1860457515625 0.5742810453125 0.1928758171875 0.574722221875 0.2052614375 0.574722221875 0.20738562031250002 0.56831699375 0.20738562031250002 0.56021241875 0.2048366015625 0.561486928125 0.1941666671875 0.563186275
1 0.13073529374999998 0.45697712343749997 0.13034313749999998 0.4526633984375 0.1275980390625 0.44717320312500003 0.1217156859375 0.44403594843749994 0.118594771875 0.4526633984375 0.118594771875 0.455016340625 0.1295588234375 0.459722221875 0.13073529374999998 0.45697712343749997
1 0.3149019609375 0.620016340625 0.31276143749999996 0.6169771234375 0.3030228765625 0.6130065359375 0.287173203125 0.6169771234375 0.28473856249999996 0.6248856203125001 0.2932679734375 0.6273202609374999 0.3149019609375 0.620016340625
1 0.3399183 0.6025490203125 0.33555555625 0.6047385625 0.335 0.6189542484375 0.347565359375 0.622777778125 0.3513888890625 0.6266013078125 0.354673203125 0.6298856203125001 0.359591503125 0.6266013078125 0.3677941171875 0.622777778125 0.3694281046875 0.6145751640625 0.3672385625 0.6096568625 0.3639705875 0.6085620921875 0.360686275 0.6080228765625 0.35413398749999997 0.6058333328125001 0.353039215625 0.604199346875 0.3448366015625 0.6031045749999999 0.3399183 0.6025490203125
1 0.09196078437500001 0.45444444375000004 0.0932026140625 0.455686275 0.09444444375 0.45848039218750003 0.09102941249999999 0.46127450937500003 0.08357843125 0.46563725468749995 0.07705882343750001 0.4709150328125 0.0845098046875 0.47464052343749996 0.0916503265625 0.4777450984375 0.0991013078125 0.48116013124999996 0.10501634062500001 0.48178104531250004 0.117434640625 0.47681372499999997 0.12116013125 0.47495097968750005 0.11929738593749999 0.47960784375000004 0.1217810453125 0.47960784375000004 0.1264379078125 0.48147058749999994 0.13047385625000002 0.48612745156250003 0.135457515625 0.4870588234375 0.1441503265625 0.48767973906249995 0.1516013078125 0.486748365625 0.1627941171875 0.48612745156250003 0.17676470625000001 0.48612745156250003 0.1801797390625 0.48364379062499996 0.18235294062500002 0.4771241828125 0.18702614374999998 0.47960784375000004 0.19168300625 0.47805555625 0.18702614374999998 0.4721568625 0.190751634375 0.46563725468749995 0.18390522812500001 0.459722221875 0.1727287578125 0.45227124218750003 0.1643464046875 0.4432679734375 0.1516013078125 0.43704248437500004 0.135457515625 0.43486928125 0.1279901953125 0.43331699375 0.1177450984375 0.43331699375 0.1124673203125 0.43861111093750005 0.10034313749999998 0.4432679734375 0.09475490156250001 0.4485457515625 0.08513071875 0.44978758125 0.0779901953125 0.4500980390625 0.0845098046875 0.455065359375 0.09196078437500001 0.45444444375000004
1 0.1993464046875 0.5866013078125001 0.20424836562499998 0.5866013078125001 0.2124183 0.596405228125 0.222222221875 0.5996732031249999 0.2254901953125 0.616013071875 0.23202614375000002 0.6225490203125 0.2630718953125 0.62581699375 0.26797385625 0.62418300625 0.27450980468749997 0.6274509796875 0.30228758125 0.6274509796875 0.3186274515625 0.633986928125 0.34150326875000003 0.6323529406249999 0.34640522812499996 0.62581699375 0.3611111109375 0.6274509796875 0.3611111109375 0.635620915625 0.366013071875 0.6405228765625 0.37745097968749997 0.6405228765625 0.382897603125 0.631263615625 0.439542484375 0.6633986921874999 0.436274509375 0.6764705875 0.42483660156249997 0.6928104578125 0.428104575 0.69771241875 0.43300653593750005 0.69771241875 0.436274509375 0.7009803921875 0.455882353125 0.6928104578125 0.46568627500000004 0.6797385625000001 0.4869281046875 0.6666666671875 0.4869281046875 0.6552287578125 0.48202614375 0.6486928109375001 0.455065359375 0.6486928109375001 0.4509803921875 0.6552287578125 0.44607843125 0.651960784375 0.44607843125 0.6486928109375001 0.3883442265625 0.6220043578125 0.39379084999999997 0.6127450984375 0.3954248359375 0.6013071890624999 0.3905228765625 0.5947712421875 0.367647059375 0.596405228125 0.3578431375 0.581699346875 0.364379084375 0.5702614374999999 0.364379084375 0.560457515625 0.3594771234375 0.55392156875 0.3366013078125 0.55392156875 0.3349673203125 0.5653594765625 0.33169934687499997 0.5686274515624999 0.321895425 0.5702614374999999 0.313725490625 0.5669934640625 0.3071895421875 0.5571895421875 0.3071895421875 0.5506535953125 0.312091503125 0.545751634375 0.312091503125 0.5408496734375 0.3071895421875 0.5326797390625 0.292483659375 0.5228758171875 0.2826797390625 0.5228758171875 0.276143790625 0.5130718953125 0.2614379078125 0.5130718953125 0.2549019609375 0.48856209218749996 0.241830065625 0.4771241828125 0.22875817031249998 0.4771241828125 0.215686275 0.48856209218749996 0.2026143796875 0.48856209218749996 0.19771241875 0.49346405156250006 0.1993464046875 0.5065359484374999 0.19444444375 0.5130718953125 0.1928104578125 0.5212418296875 0.18464052343749998 0.5310457515625 0.192110178125 0.534407096875 0.183986928125 0.5392156859375 0.1813725484375 0.571895425 0.186274509375 0.5767973859375 0.1928104578125 0.578431371875 0.1993464046875 0.5866013078125001