2 0.5122933328125 0.8471399999999999 0.52352 0.85906 0.5375466671875 0.8513400000000001 0.65536 0.7693 0.67032 0.75316 0.66752 0.7398399999999999 0.65256 0.72792 0.6404 0.72932 0.6151466671875 0.7461599999999999 0.5945866671875 0.7664799999999999 0.5796266671875 0.78052 0.5646666671875 0.79664 0.5450133328125 0.81558 0.5481333328125 0.81348 0.51696 0.8373200000000001 0.5122933328125 0.8471399999999999
2 0.5070133328125 0.8021800000000001 0.5373333328125 0.75254 0.5538933328125 0.74014 0.5373333328125 0.71946 0.52632 0.7298 0.41877333281249995 0.8455999999999999 0.44634666718749993 0.858 0.4822133328125 0.84354 0.5070133328125 0.8021800000000001
2 0.3954133328125 0.5638799999999999 0.42248 0.56738 0.42714666718750005 0.56248 0.4215466671875 0.45472 0.38048000000000004 0.45822 0.37954666718749996 0.46102 0.36928 0.46172 0.3954133328125 0.5638799999999999
2 0.2532 0.65276 0.2948533328125 0.70382 0.3121333328125 0.68782 0.31112 0.68096 0.29384 0.65732 0.24608 0.59102 0.21965333281250002 0.5392 0.1901866671875 0.5468200000000001 0.1901866671875 0.5490999999999999 0.21965333281250002 0.6017 0.2532 0.65276
2 0.7310399999999999 0.6540199999999999 0.7488533328125 0.65348 0.7888 0.64386 0.81232 0.63476 0.8109066671875 0.62514 0.8094666671875 0.61498 0.8030666671875 0.61122 0.7830933328125 0.61658 0.74816 0.62192 0.7445866671875 0.62032 0.7281866671875 0.6411800000000001 0.7310399999999999 0.6540199999999999
2 0.6348266671875 0.25482 0.6780533328125 0.27752 0.7072266671875 0.24104 0.6899466671875001 0.23536 0.5829333328125 0.19726 0.5115999999999999 0.16808 0.5008 0.1851 0.4889066671875 0.19483999999999999 0.5753866671875 0.22482000000000002 0.6348266671875 0.25482
2 0.5622133328125 0.77666 0.5819733328125001 0.7759400000000001 0.5951466671875 0.7389 0.5899733328125001 0.72584 0.55704 0.75442 0.5622133328125 0.77666
2 0.9277066671875 0.41698 0.9193866671875 0.41386 0.9110666671875001 0.41281999999999996 0.88888 0.42322 0.8306133328125 0.46796 0.84032 0.48148 0.8555733328124999 0.48772000000000004 0.9277066671875 0.41698
2 0.049280000000000004 0.32477999999999996 0.0385866671875 0.33708 0.0728 0.35954 0.0834933328125 0.33762 0.10850666718749999 0.27814 0.09776 0.2804 0.0728 0.2975 0.049280000000000004 0.32477999999999996
2 0.6549066671875 0.55944 0.6293866671874999 0.54842 0.5930666671875 0.55828 0.5868800000000001 0.56118 0.61704 0.5727800000000001 0.65568 0.58088 0.6610933328125 0.57858 0.6549066671875 0.55944
2 0.54448 0.27996 0.5245333328124999 0.29722 0.57872 0.33134 0.60736 0.3367 0.6001866671875 0.31562 0.54448 0.27996
2 0.61216 0.06262 0.6244 0.06148 0.63 0.053059999999999996 0.6478666671875 0.009080000000000001 0.6483733328125 0.0006799999999999999 0.6126666671875001 0 0.61064 0.00106 0.6050133328125 0.03432 0.604 0.02744 0.6014666671875 0.05192 0.61216 0.06262