1 0.15878125 0.6407708328124999 0.138515625 0.6137291671875 0.125 0.6362708328125 0.10304687500000001 0.63175 0.09965625 0.6520208328125 0.08445312499999999 0.6497708328125 0.08445312499999999 0.6700416671875 0.06925 0.6655416671875 0.07095312499999999 0.6903125 0.059125000000000004 0.6835625000000001 0.059125000000000004 0.7038333328124999 0.05404687500000001 0.7308541671875 0.06925 0.760125 0.104734375 0.7781458328124999 0.143578125 0.755625 0.146953125 0.744375 0.1858125 0.7241041671875 0.199328125 0.6948125 0.168921875 0.62275 0.15878125 0.6407708328124999
1 0.2875625 0.7465208328124999 0.3195 0.7308333328125001 0.32792187500000003 0.6927083328125 0.33128125 0.6613125 0.32287499999999997 0.6321666671874999 0.31278125 0.6052708328125 0.272421875 0.6052708328125 0.245515625 0.6321666671874999 0.20684375 0.6680416671875 0.23542187499999997 0.7106458328125 0.24046875 0.7465208328124999 0.2875625 0.7465208328124999
1 0.11968749999999999 0.48704166718749997 0.12257812500000001 0.49437499999999995 0.125765625 0.4970833328125 0.1306875 0.49012500000000003 0.14068750000000002 0.49766666718749997 0.140984375 0.49766666718749997 0.140828125 0.48743749999999997 0.13909375 0.4634791671875 0.13664062500000002 0.44339583281249995 0.135328125 0.4376041671875 0.12606250000000002 0.4406875 0.12359374999999999 0.44456249999999997 0.122140625 0.4453333328125 0.12056249999999999 0.449375 0.11968749999999999 0.48704166718749997
1 0.14209375 0.3913333328125 0.13092187500000002 0.3979583328125 0.124703125 0.412875 0.1284375 0.43522916718750004 0.1483125 0.4575833328125 0.15328124999999998 0.45925000000000005 0.16321875 0.45677083281249997 0.175015625 0.45677083281249997 0.18309375 0.4493125 0.19240625 0.4319166671875 0.19428125000000002 0.43274999999999997 0.198 0.4426875 0.198 0.4617291671875 0.2098125 0.4443333328125 0.2091875 0.43606249999999996 0.20235937499999998 0.417 0.20296875 0.4112083328125 0.207328125 0.4070625 0.216640625 0.4178333328125 0.23279687500000001 0.3855416671875 0.23154687499999999 0.3731041671875 0.227203125 0.36564583281249996 0.22471875 0.3590208328125 0.220359375 0.3457708328125 0.216015625 0.34827083281250004 0.20856249999999998 0.357375 0.20856249999999998 0.3540625 0.20296875 0.3490833328125 0.175015625 0.37145833281249996 0.15887500000000002 0.3722708328125 0.14645312500000002 0.37725 0.14209375 0.3913333328125
1 0.22434375 0.3559375 0.22745312499999998 0.3799166671875 0.22248437499999998 0.38487499999999997 0.22434375 0.4030416671875 0.21690625 0.4154375 0.21815625 0.4253541671875 0.22559374999999998 0.45181250000000006 0.24479687499999997 0.45841666718749996 0.259046875 0.474125 0.26773437499999997 0.489 0.274546875 0.49312500000000004 0.28507812499999996 0.48981250000000004 0.289421875 0.4881666671875 0.29314062500000004 0.45841666718749996 0.294375 0.45925000000000005 0.3105 0.48237500000000005 0.304921875 0.4344583328125 0.29871875000000003 0.3964375 0.293765625 0.3956041671875 0.2875625 0.41214583281249995 0.28384375 0.41214583281249995 0.2875625 0.3989166671875 0.285703125 0.37825000000000003 0.278265625 0.3584166671875 0.2720625 0.3509791671875 0.26773437499999997 0.3509791671875 0.2571875 0.3658541671875 0.251 0.35924999999999996 0.23117187499999997 0.303875 0.22248437499999998 0.3105 0.2355 0.3542916671875 0.234265625 0.3526458328125 0.22559374999999998 0.3534583328125 0.22434375 0.3559375
1 0.22542187500000002 0.5866458328124999 0.2190625 0.5622499999999999 0.207125 0.5516458328125 0.203953125 0.560125 0.19440625 0.5505833328125 0.19440625 0.5590625 0.18246875 0.5473958328124999 0.18009375 0.558 0.158609375 0.5505833328125 0.161796875 0.5686041671875001 0.146671875 0.5654375 0.15065625 0.5792291671875 0.133953125 0.5887708328125 0.142703125 0.6121041671875 0.145875 0.6258958328124999 0.157015625 0.6311875 0.17134375 0.6227083328125 0.17690625 0.6301249999999999 0.198375 0.6258958328124999 0.22145312499999997 0.6099791671875 0.223046875 0.5983125 0.22542187500000002 0.5866458328124999
1 0.28853125 0.5231250000000001 0.27532812500000003 0.5426875 0.282671875 0.5690833328125 0.29146875 0.5798541671875 0.30467187500000004 0.5925625 0.324484375 0.5906041671875 0.34428125 0.5553958328124999 0.35015625 0.53975 0.34575 0.5241041671875 0.34354687500000003 0.5309375000000001 0.3486875 0.49083333281249997 0.338421875 0.4878958328125 0.315671875 0.5123541671875 0.28853125 0.5231250000000001
1 0.36953125 0.566875 0.36653125000000003 0.5664374999999999 0.36120312499999996 0.5704166671875 0.356546875 0.5766458328125 0.352875 0.5784166671875 0.35121875 0.5841875 0.350546875 0.5934999999999999 0.352546875 0.5957291671875 0.355875 0.5966041671875 0.358875 0.5952708328125 0.364203125 0.5912916671875 0.367859375 0.5877291671875 0.370859375 0.5881875 0.374515625 0.5792916671875 0.373859375 0.5766458328125 0.371859375 0.5704166671875 0.36953125 0.566875
1 0.482453125 0.7595208328124999 0.4800625 0.7733541671874999 0.48165625 0.7914166671875 0.51275 0.8084166671874999 0.548625 0.8296875 0.580515625 0.8573124999999999 0.6235625 0.9075833328125 0.636328125 0.9097083328125001 0.6530625 0.9043958328124999 0.6674218749999999 0.881 0.6698125 0.8735625 0.666625 0.8416666671874999 0.66025 0.8140416671875 0.6530625 0.7906458328125 0.622765625 0.7608958328125001 0.602046875 0.7300625000000001 0.5876875 0.712 0.5558125 0.6801041671875 0.549421875 0.6779791671875001 0.539859375 0.6790416671874999 0.52790625 0.6886041671875 0.5263125 0.7077291671875 0.535875 0.7425208328124999 0.510359375 0.7403958328125 0.489640625 0.7329583328125 0.48324999999999996 0.7361458328125 0.482453125 0.7595208328124999
1 0.25896875 0.7883541671875001 0.251578125 0.7799166671875 0.24895312500000003 0.7742916671875 0.232078125 0.7700625 0.216796875 0.7700625 0.19834374999999999 0.7876458328125 0.22628125 0.7939791671875 0.245265625 0.7995833328125 0.257390625 0.7946666671875 0.25896875 0.7883541671875001
1 0.21414062500000003 0.8346875 0.24342187499999998 0.8373333328125 0.250421875 0.8275833328125 0.244421875 0.8102708328125001 0.228453125 0.7965208328125 0.21814062500000003 0.7934166671875 0.1911875 0.7898541671875 0.175203125 0.7974166671875 0.20415624999999998 0.8200416671875 0.21414062500000003 0.8346875
1 0.095453125 0.8190833328125 0.11960937499999999 0.8134166671875 0.13096875 0.8077291671875001 0.138078125 0.7906666671875 0.132390625 0.7812083328125 0.123875 0.7774166671875 0.11676562500000001 0.7774166671875 0.09829687499999999 0.7774166671875 0.095453125 0.7774166671875 0.08834375 0.7868958328125 0.085515625 0.8001458328125001 0.09260937500000001 0.8134166671875 0.095453125 0.8190833328125
1 0.7367343749999999 0.3797291671875 0.73565625 0.42893749999999997 0.7323906250000001 0.437625 0.719375 0.4419791671875 0.7139375 0.44775 0.70634375 0.49406249999999996 0.7106874999999999 0.547625 0.72371875 0.5765625 0.73890625 0.5982708328124999 0.741078125 0.595375 0.74759375 0.5722291671875 0.761703125 0.5273541671875 0.767125 0.4911666671875 0.767125 0.4521041671875 0.75084375 0.4303958328125 0.749765625 0.3913125 0.745421875 0.3464583328125 0.73565625 0.31895833281249997 0.7204531249999999 0.3088125 0.69765625 0.3015833328125 0.6933125 0.3015833328125 0.696578125 0.3117083328125 0.692234375 0.3030416671875 0.69765625 0.3160625 0.716109375 0.327625 0.7313125 0.34500000000000003 0.7367343749999999 0.3797291671875
1 0.19375 1 0.1984375 0.9854166671875 0.2015625 0.9625 0.21875 0.9604166671875 0.2265625 0.95 0.23125 0.9270833328125001 0.25625 0.9229166671875 0.2703125 0.9041666671874999 0.2875 0.9020833328125001 0.296875 0.8875 0.2984375 0.8625 0.309375 0.8604166671875 0.3171875 0.85 0.3234375 0.8333333328125001 0.3421875 0.8354166671875 0.35 0.8270833328125 0.3625 0.825 0.3703125 0.8145833328125001 0.3734375 0.8041666671875 0.371875 0.7833333328125 0.3859375 0.7645833328125 0.390625 0.7666666671875 0.4015625 0.78125 0.4125 0.7875 0.434375 0.7875 0.446875 0.7791666671875 0.459375 0.7583333328124999 0.4671875 0.7229166671875 0.468359375 0.6916666671875 0.471875 0.6854166671875 0.484375 0.69375 0.50625 0.69375 0.51875 0.6854166671875 0.5296875 0.66875 0.5375 0.68125 0.55625 0.68125 0.5859375 0.7104166671875001 0.6265625 0.7666666671875 0.6375 0.7770833328125 0.6421875 0.7770833328125 0.6625 0.7625 0.684375 0.7291666671875 0.690625 0.7104166671875001 0.69375 0.6895833328125 0.69375 0.65 0.7046875 0.6229166671875 0.7359375 0.6166666671875001 0.7421875 0.6354166671875 0.753125 0.65 0.7640625 0.65625 0.7859375 0.65625 0.7984375 0.6479166671875001 0.80625 0.6375 0.8171875 0.6020833328124999 0.8234375 0.5895833328125 0.8328125 0.5895833328125 0.846875 0.6 0.86875 0.6 0.88125 0.5916666671875 0.8890625 0.58125 0.9015625 0.5479166671875 0.91875 0.5666666671875 0.9453125 0.56875 0.9578125 0.5604166671875 0.965625 0.55 0.971875 0.5333333328125 0.9734375 0.50625 0.9640625 0.4770833328125 0.971875 0.4583333328125 0.9734375 0.43333333281249997 0.965625 0.40833333281249995 0.959375 0.4 0.9453125 0.3895833328125 0.9234375 0.3895833328125 0.9078125 0.40208333281249997 0.89375 0.3916666671875 0.884375 0.3916666671875 0.8857336953124999 0.3875 0.878125 0.30416666718749996 0.890625 0.2958333328125 0.903125 0.275 0.90625 0.2604166671875 0.90625 0.24375 0.8984375 0.2166666671875 0.9078125 0.20208333281250002 0.9125 0.1833333328125 0.9125 0.1666666671875 0.9078125 0.14791666718750002 0.8984375 0.13333333281249998 0.884375 0.12291666718750001 0.8625 0.12291666718750001 0.8546875 0.1270833328125 0.840625 0.14375 0.834375 0.1625 0.834375 0.1875 0.8421875 0.2104166671875 0.834375 0.2208333328125 0.8296875 0.23333333281250002 0.828125 0.2645833328125 0.834375 0.2833333328125 0.8515625 0.3020833328125 0.8488212718750001 0.3091739765625 0.3935444078125 0.41376096406249996 0.3828125 0.2979166671875 0.396875 0.2875 0.425 0.28958333281250004 0.4328125 0.2854166671875 0.4453125 0.2708333328125 0.453125 0.24583333281250003 0.4515625 0.21875 0.446875 0.20625 0.446875 0.17916666718750002 0.44375 0.16458333281249998 0.4328125 0.1458333328125 0.41875 0.1354166671875 0.3921875 0.1375 0.384375 0.14375 0.3734375 0.1604166671875 0.33125 0.1604166671875 0.3203125 0.16875 0.3078125 0.1520833328125 0.290625 0.1395833328125 0.2671875 0.1395833328125 0.25625 0.14375 0.2375 0.1541666671875 0.215625 0.1729166671875 0.18125 0.18125 0.16875 0.1895833328125 0.159375 0.20208333281250002 0.1546875 0.21458333281250003 0.153125 0.24583333281250003 0.0828125 0.25 0.090625 0.2270833328125 0.0921875 0.20208333281250002 0.0875 0.1833333328125 0.078125 0.16875 0.0640625 0.1583333328125 0.04375 0.1583333328125 0.0359375 0.1520833328125 0.0140625 0.1520833328125 0.0015625 0.1604166671875 0.0015625 0.2479166671875 0.0140625 0.25625 0.0028782890625 0.43333333281249997 0.0078125 0.43958333281249995 0.0022203953125 0.44375 0.0046875 0.4458333328125 0.0015625 0.45416666718750004 0 0.5333333328125 0.00625 0.5520833328125 0.0171875 0.5666666671875 0.028125 0.5729166671875 0.05 0.5729166671875 0.0671875 0.5583333328125 0.0703125 0.5625 0.0703125 0.5791666671875 0.0765625 0.5979166671875 0.0765625 0.6020833328124999 0.0609375 0.6041666671875 0.0359375 0.625 0.0328125 0.63125 0.0234375 0.63125 0.015625 0.6375 0.009375 0.6520833328125 0.009375 0.66875 0.015625 0.6833333328125 0.0140625 0.6875 0.0015625 0.6958333328124999 0.0015625 0.7375 0.0109375 0.7458333328125 0.025 0.7458333328125 0.025 0.75 0.0109375 0.7666666671875 0.009375 0.7895833328124999 0.003125 0.8145833328125001 0.003125 0.9020833328125001 0.009375 0.9083333328125001 0.009375 0.9125 0.0015625 0.9270833328125001 0 0.9604166671875 0.0015625 0.9895833328125001 0.0109375 1 0.19375 1