1 0.41096875 0.276405228125 0.40453124999999995 0.25167755937499997 0.401296875 0.22472766875 0.394859375 0.2 0.3851875 0.1865141609375 0.37390625 0.17527233125 0.364234375 0.15954248437500002 0.35778125 0.148322440625 0.34328125 0.1348366015625 0.327171875 0.13032679687499998 0.286875 0.12583877968749999 0.25625 0.1325925921875 0.27559374999999997 0.1685403046875 0.286875 0.1887581703125 0.277203125 0.197755990625 0.25625 0.1932679734375 0.23690625 0.20224400937499998 0.2030625 0.220217865625 0.19178125 0.2494335515625 0.18534375 0.26516339843750003 0.190171875 0.2831372546875 0.18856250000000002 0.2898910671875 0.19178125 0.3168627453125 0.18856250000000002 0.3460566453125 0.19823437500000002 0.357298475 0.20790625000000001 0.37527233125000004 0.212734375 0.40224400937500004 0.224015625 0.415729846875 0.22240625 0.43370370312500006 0.220796875 0.44718954218749996 0.240140625 0.4314596953125 0.23529687500000002 0.46291939062500004 0.257859375 0.47640522812499997 0.26109375 0.45618736406249993 0.272375 0.45618736406249993 0.299765625 0.46067538125 0.307828125 0.4494335515625 0.330390625 0.46067538125 0.34328125 0.4314596953125 0.36584374999999997 0.415729846875 0.37873437499999996 0.3707843140625 0.37873437499999996 0.37978213437499997 0.39001562500000003 0.348322440625 0.412578125 0.3213507625 0.409359375 0.31235294062499996 0.41096875 0.276405228125
1 0.70721875 0.42819172187500004 0.70584375 0.4328758171875 0.70821875 0.4377995640625 0.710328125 0.4377995640625 0.7110937500000001 0.4343355125 0.713484375 0.430065359375 0.7149062500000001 0.4259477125 0.715296875 0.42154684062500003 0.715953125 0.41742919375 0.7171093749999999 0.41409586093749995 0.71778125 0.40995642656250003 0.717578125 0.40771241874999997 0.7172031249999999 0.4062309375 0.71559375 0.407080609375 0.7115 0.40980392187500003 0.7095312500000001 0.4142919390625 0.7079375 0.4202396515625 0.70721875 0.42819172187500004
1 0.72715625 0.5037690625 0.721140625 0.5011764703125 0.721609375 0.5140958609374999 0.716984375 0.5205446625000001 0.712359375 0.5257080609375 0.7091093749999999 0.527647059375 0.70540625 0.53472766875 0.706796875 0.5405446625 0.7105 0.5411982578125001 0.711890625 0.539259259375 0.721140625 0.53472766875 0.7243906250000001 0.5263398687499999 0.7253125 0.5179520703125 0.72715625 0.5037690625
1 0.70934375 0.5316557734375 0.7132968749999999 0.52769063125 0.716796875 0.5212636171875 0.72096875 0.5139215687500001 0.72009375 0.5056644875 0.718125 0.5001525046874999 0.717890625 0.4998474953125 0.717890625 0.4928104578125 0.713515625 0.4897603484375 0.7113125 0.4980174296875 0.7113125 0.4989324625 0.70846875 0.5077995640624999 0.70846875 0.4946405234375 0.706921875 0.4851633984375 0.7049531250000001 0.4845533765625 0.698375 0.48241829999999997 0.6931093749999999 0.48241829999999997 0.692 0.48272331093750004 0.6889375 0.4848583875 0.686515625 0.4946405234375 0.684546875 0.5059694984374999 0.6878437500000001 0.5175817 0.69178125 0.522483659375 0.701875 0.5227886703125 0.704515625 0.5218736390625 0.707359375 0.5258605671875001 0.70934375 0.5316557734375
1 0.7258281249999999 0.4983878 0.73153125 0.4966666671875 0.73896875 0.4907843140625 0.73871875 0.48525054531249995 0.737984375 0.4793681921875 0.730546875 0.4738344234375 0.726328125 0.47039215624999997 0.72359375 0.47901960781249997 0.71640625 0.48871459687499996 0.71565625 0.49043572968750004 0.720625 0.498039215625 0.7258281249999999 0.4983878
1 0.7244375 0.416557734375 0.729484375 0.424117646875 0.73921875 0.4301525046875 0.741734375 0.41154684062499997 0.736328125 0.3999782140625 0.72803125 0.393442265625 0.726953125 0.393442265625 0.722265625 0.396949890625 0.7244375 0.416557734375
1 0.718328125 0.44718954218749996 0.725546875 0.45472766875000004 0.7345625 0.45322440156250005 0.737078125 0.450196078125 0.74140625 0.4361220046875 0.7313125 0.4225490203125 0.720140625 0.41651416093750004 0.71653125 0.41551198281249996 0.712203125 0.433594771875 0.718328125 0.44718954218749996
1 0.684703125 0.422091503125 0.682625 0.43156862812499996 0.68575 0.44396514218750005 0.683140625 0.4447058828125 0.679484375 0.4629411765625 0.687328125 0.47315904062499997 0.698828125 0.478976034375 0.707734375 0.4848148140625 0.71609375 0.4906535953125 0.725515625 0.47315904062499997 0.735453125 0.47459695 0.7385937499999999 0.46657952031249994 0.7359843749999999 0.46002178593750004 0.72446875 0.45564270156250003 0.7187187500000001 0.45418300624999997 0.715046875 0.4374074078125 0.701453125 0.429389978125 0.699875 0.43084967343749997 0.69046875 0.424270153125 0.684703125 0.422091503125
1 0.69046875 0.56093681875 0.70575 0.5542701531249999 0.706375 0.533856209375 0.70096875 0.52363834375 0.683453125 0.5254248359375 0.679328125 0.53607843125 0.68028125 0.5516122 0.69046875 0.56093681875
1 0.580609375 0.43516339843749996 0.583703125 0.42986928124999996 0.5822812500000001 0.42555555624999997 0.584421875 0.42091503281250003 0.58346875 0.41660130781250004 0.580609375 0.41559912812500005 0.5822812500000001 0.41326797343750005 0.579421875 0.40995642656250003 0.566328125 0.4238997828125 0.56753125 0.43217865 0.5646718749999999 0.43217865 0.558953125 0.4325272328125 0.550390625 0.4431372546875 0.5520625 0.44845315937499997 0.556109375 0.4497603484375 0.5765625 0.44446623125 0.575140625 0.4394771234375 0.5758593750000001 0.43814814843749994 0.580609375 0.43516339843749996
1 0.5763906249999999 0.49784313750000003 0.5760625 0.4885403046875 0.570671875 0.4854466234375 0.56559375 0.4832244015625 0.5601875 0.4832244015625 0.555109375 0.492091503125 0.551296875 0.4965141609375 0.553515625 0.5027233109375 0.560828125 0.50228758125 0.568125 0.503159040625 0.5741562499999999 0.5044880171874999 0.5763906249999999 0.49784313750000003
1 0.683015625 0.4094553375 0.6833437499999999 0.41263616562500005 0.6882343750000001 0.423986928125 0.696375 0.4312418296875 0.7058125000000001 0.4326143796875 0.7077656250000001 0.4262527234375 0.713953125 0.4094553375 0.7152499999999999 0.40581699374999997 0.72046875 0.41444444375 0.7233906250000001 0.41444444375 0.7233906250000001 0.40446623125 0.7233906250000001 0.394923746875 0.7172031249999999 0.3853812640625 0.717859375 0.3699564265625 0.712 0.36041394375 0.711015625 0.3586056640625 0.7035312499999999 0.35542483593749996 0.69246875 0.3649673203125 0.683671875 0.3890196078125 0.683015625 0.402636165625 0.683015625 0.4094553375