0 0.7355625 0.73234375 0.74459375 0.73090625 0.747125 0.725484375 0.746765625 0.714640625 0.7424375000000001 0.712109375 0.7341249999999999 0.709953125 0.724 0.71428125 0.72328125 0.7225937499999999 0.72328125 0.7265625 0.727625 0.73090625 0.7355625 0.73234375
3 0.891640625 0.715046875 0.8905 0.711296875 0.8885156249999999 0.71015625 0.88496875 0.70890625 0.8824687499999999 0.70890625 0.879140625 0.71025 0.87746875 0.711921875 0.876625 0.71275 0.875796875 0.71921875 0.877890625 0.7229687499999999 0.880078125 0.724328125 0.8842343749999999 0.725578125 0.8866406250000001 0.7250625 0.88965625 0.7246406249999999 0.8905 0.72328125 0.891640625 0.718390625 0.891640625 0.715046875
1 0.8299375 0.57234375 0.8295468749999999 0.57234375 0.8256406249999999 0.57546875 0.82328125 0.57821875 0.81896875 0.57821875 0.817015625 0.578609375 0.81465625 0.581359375 0.814265625 0.5833125 0.81075 0.586453125 0.803296875 0.59271875 0.8025156250000001 0.5978125000000001 0.804078125 0.6095625 0.8064375 0.6154375 0.810359375 0.6213124999999999 0.8150625 0.625625 0.819359375 0.630328125 0.824453125 0.6315000000000001 0.8272031249999999 0.626015625 0.8322968749999999 0.625234375 0.8358125 0.6299375 0.8405156249999999 0.628765625 0.8405156249999999 0.6193593749999999 0.8503125 0.62053125 0.8522812500000001 0.610734375 0.8589375 0.6154375 0.86246875 0.610734375 0.855796875 0.596625 0.8503125 0.5919375 0.8452187500000001 0.593890625 0.8401249999999999 0.59271875 0.8385624999999999 0.587625 0.8358125 0.5739062500000001 0.833859375 0.575078125 0.83346875 0.5719531250000001 0.8299375 0.57234375
1 0.7442031250000001 0.63740625 0.7365781250000001 0.64275 0.7327656250000001 0.6526562499999999 0.7358125 0.66103125 0.73734375 0.664078125 0.744953125 0.673234375 0.74953125 0.6800937499999999 0.754875 0.6816093750000001 0.7670625 0.6839062499999999 0.773921875 0.6869531249999999 0.785359375 0.6869531249999999 0.796015625 0.680859375 0.8044062500000001 0.679328125 0.8066875 0.679328125 0.8105 0.6701875 0.8105 0.657234375 0.8044062500000001 0.6488437499999999 0.7990781250000001 0.64275 0.79296875 0.643515625 0.78915625 0.6389375 0.776203125 0.6389375 0.766296875 0.6343593750000001 0.757921875 0.6305468750000001 0.7518125 0.6343593750000001 0.7442031250000001 0.63740625
1 0.8889687500000001 0.5823750000000001 0.8987031249999999 0.58778125 0.900140625 0.594640625 0.9048281250000001 0.59825 0.9073593750000001 0.601125 0.913484375 0.604375 0.91996875 0.6097812499999999 0.925015625 0.61265625 0.9380000000000001 0.613015625 0.9488125000000001 0.61121875 0.96359375 0.6022031250000001 0.9682812500000001 0.5798593750000001 0.9592656249999999 0.5730000000000001 0.944125 0.571203125 0.94015625 0.5697656249999999 0.93403125 0.56146875 0.931515625 0.55353125 0.92465625 0.55353125 0.912046875 0.5546249999999999 0.8918593749999999 0.558578125 0.8842812500000001 0.5661562499999999 0.8896875 0.5719218749999999 0.8896875 0.575171875 0.8889687500000001 0.5823750000000001
1 1 0.60709375 0.9891875000000001 0.602 0.9833125 0.6074843750000001 0.970375 0.620015625 0.975859375 0.6290312499999999 0.988796875 0.625890625 1 0.60709375
1 0.966921875 0.586453125 0.9764687500000001 0.59803125 0.990046875 0.5940000000000001 0.98653125 0.571875 0.979484375 0.562328125 0.9729531250000001 0.571875 0.966921875 0.586453125
1 0.9921875 0.666953125 0.99125 0.657703125 0.988484375 0.655859375 0.982 0.6674218749999999 0.9796875 0.660015625 0.9769062500000001 0.660015625 0.97228125 0.667890625 0.9704375000000001 0.6623281249999999 0.966734375 0.6595625 0.9648749999999999 0.662796875 0.9648749999999999 0.666953125 0.9607187500000001 0.66834375 0.9556250000000001 0.67528125 0.954703125 0.68546875 0.9574843749999999 0.693796875 0.9672031249999999 0.695640625 0.971828125 0.69240625 0.97228125 0.6868593749999999 0.9755312500000001 0.689625 0.98015625 0.68778125 0.98246875 0.688703125 0.9847812499999999 0.6873125 0.9903281249999999 0.6900937500000001 0.997734375 0.69703125 0.999125 0.6975 0.999578125 0.664640625 0.9921875 0.666953125
1 0.92975 0.688484375 0.93240625 0.691140625 0.94103125 0.686828125 0.9552968749999999 0.67090625 0.9503281250000001 0.66725 0.9539687499999999 0.65696875 0.946015625 0.660625 0.948328125 0.6553125 0.94203125 0.659625 0.9403750000000001 0.655640625 0.9304218750000001 0.667578125 0.9300937499999999 0.6563125000000001 0.9274374999999999 0.6563125000000001 0.923125 0.66625 0.9178124999999999 0.6563125000000001 0.912171875 0.667578125 0.9042187500000001 0.658953125 0.898578125 0.66228125 0.8952500000000001 0.66725 0.896921875 0.676203125 0.902546875 0.686828125 0.919140625 0.69046875 0.919796875 0.6894843749999999 0.9227968750000001 0.687828125 0.92975 0.688484375
1 0.68571875 0.58684375 0.674765625 0.58490625 0.667046875 0.5945625 0.663828125 0.6112968750000001 0.6644687499999999 0.62675 0.67734375 0.63190625 0.679921875 0.6389843749999999 0.69021875 0.636421875 0.6934375 0.639640625 0.697953125 0.634484375 0.7069687499999999 0.62740625 0.719203125 0.621609375 0.72178125 0.609375 0.725640625 0.59584375 0.715984375 0.5816874999999999 0.705671875 0.577828125 0.7005312499999999 0.58296875 0.7005312499999999 0.588125 0.699890625 0.5900624999999999 0.69021875 0.591984375 0.68571875 0.58684375
1 0.63825 0.6265625 0.645546875 0.614796875 0.6517031249999999 0.599375 0.652828125 0.594046875 0.652828125 0.587046875 0.6472187500000001 0.588734375 0.64834375 0.592375 0.645546875 0.594609375 0.6405000000000001 0.60246875 0.6348906249999999 0.61115625 0.624796875 0.623765625 0.62284375 0.631609375 0.624796875 0.633578125 0.6326562499999999 0.631890625 0.63825 0.6265625
1 0.6076718750000001 0.6119375 0.612765625 0.5856874999999999 0.59709375 0.57784375 0.586125 0.59940625 0.56928125 0.6170312499999999 0.575546875 0.62290625 0.587296875 0.638578125 0.599046875 0.6323125 0.5978749999999999 0.62290625 0.6076718750000001 0.6119375
1 0.626078125 0.611859375 0.6374375 0.588734375 0.633921875 0.586390625 0.5998281249999999 0.620078125 0.5994375 0.6283125 0.6049218749999999 0.62909375 0.626078125 0.611859375
1 0.561375 0.604015625 0.561375 0.6073593749999999 0.563421875 0.60865625 0.56953125 0.6073593749999999 0.579359375 0.5993906250000001 0.58825 0.5892031249999999 0.590296875 0.5819687499999999 0.592890625 0.574734375 0.5904843750000001 0.5734375 0.589546875 0.5743750000000001 0.587328125 0.57678125 0.584359375 0.580859375 0.5730625 0.59309375 0.565828125 0.601609375 0.56434375 0.6006875 0.561375 0.60290625 0.561375 0.604015625
0 0.82640625 0.6309375 0.82090625 0.636140625 0.817546875 0.6444062500000001 0.8120312500000001 0.666734375 0.81478125 0.6774375 0.8227343749999999 0.679890625 0.8334531249999999 0.6829531249999999 0.8444687500000001 0.687234375 0.854859375 0.686015625 0.8600625000000001 0.6780625 0.8612968750000001 0.66153125 0.859765625 0.640421875 0.8594531249999999 0.63125 0.8588437499999999 0.62665625 0.8481406249999999 0.62665625 0.8374218750000001 0.630328125 0.8319218749999999 0.6309375 0.82640625 0.6309375
0 0.721484375 0.76025 0.7249218749999999 0.7563125 0.729359375 0.7489375 0.744609375 0.7405625 0.742640625 0.737125 0.733296875 0.734171875 0.7244375 0.72875 0.72246875 0.719890625 0.72590625 0.7135 0.73625 0.712515625 0.74953125 0.707109375 0.750515625 0.699234375 0.746078125 0.690375 0.7396874999999999 0.687421875 0.72984375 0.684953125 0.7165625 0.68053125 0.7027812499999999 0.684953125 0.6929375 0.68840625 0.6894843749999999 0.695296875 0.688015625 0.703171875 0.684078125 0.7056250000000001 0.678171875 0.71153125 0.678171875 0.7189062500000001 0.6771874999999999 0.7253125 0.67178125 0.731703125 0.6639062499999999 0.7326875 0.65553125 0.73465625 0.65159375 0.7385937499999999 0.64765625 0.747453125 0.652578125 0.753859375 0.701796875 0.767140625 0.7131093749999999 0.7637031249999999 0.721484375 0.76025
0 0.538875 0.738078125 0.5350312500000001 0.739078125 0.5328593749999999 0.740734375 0.532359375 0.745578125 0.530859375 0.74375 0.5291875 0.74275 0.527359375 0.742578125 0.523859375 0.7424062499999999 0.5196875000000001 0.7422500000000001 0.51734375 0.74290625 0.5161718750000001 0.745421875 0.514671875 0.749921875 0.51234375 0.7564375 0.51 0.7562656249999999 0.508171875 0.75459375 0.50615625 0.753765625 0.50215625 0.753421875 0.500828125 0.754921875 0.4968125 0.755421875 0.494640625 0.75709375 0.49246875 0.761609375 0.49146875 0.766109375 0.48796875 0.767953125 0.48496875 0.77078125 0.48696875000000006 0.774453125 0.49196875 0.775625 0.49915624999999997 0.777453125 0.50565625 0.778296875 0.51884375 0.780796875 0.52953125 0.7824687499999999 0.538046875 0.783296875 0.54221875 0.77896875 0.547390625 0.775625 0.5552343750000001 0.769109375 0.560734375 0.7634375 0.5632343750000001 0.7619374999999999 0.56725 0.761609375 0.567578125 0.754421875 0.566578125 0.750921875 0.56340625 0.74775 0.56040625 0.74675 0.555890625 0.746921875 0.5525625 0.747578125 0.5528906250000001 0.74425 0.550421875 0.739265625 0.5445 0.737390625 0.543546875 0.7375625 0.542375 0.7375625 0.538875 0.738078125
0 0.565265625 0.706984375 0.565265625 0.706640625 0.55390625 0.70025 0.54753125 0.70025 0.536171875 0.699890625 0.532265625 0.69421875 0.52021875 0.6857031250000001 0.511703125 0.679328125 0.504609375 0.666203125 0.497515625 0.67009375 0.4989375 0.7112499999999999 0.500703125 0.711953125 0.5563906249999999 0.70840625 0.565265625 0.706984375
0 0.6410312499999999 0.8024687500000001 0.64546875 0.797046875 0.64940625 0.791640625 0.649890625 0.7847500000000001 0.647921875 0.77440625 0.644484375 0.76653125 0.6346406250000001 0.75325 0.624296875 0.7493125 0.609546875 0.748328125 0.585421875 0.750796875 0.5686875 0.760140625 0.549015625 0.7729375 0.53621875 0.789671875 0.55196875 0.7965625000000001 0.59428125 0.811328125 0.601171875 0.8137812500000001 0.60609375 0.807390625 0.6410312499999999 0.8024687500000001
3 0.8780468750000001 0.71159375 0.8746562499999999 0.718859375 0.8739375 0.724421875 0.8705468749999999 0.729984375 0.8949999999999999 0.735796875 0.940015625 0.73240625 0.934203125 0.72465625 0.929125 0.72490625 0.924765625 0.72175 0.9233125 0.71715625 0.9116875 0.715703125 0.9080625 0.71425 0.901765625 0.709890625 0.893546875 0.7113437499999999 0.892328125 0.7106250000000001 0.8857968749999999 0.7086875 0.8780468750000001 0.71159375
3 0.141765625 0.605140625 0.135265625 0.611953125 0.12878125 0.6129374999999999 0.11351562500000001 0.624296875 0.1131875 0.632421875 0.121953125 0.632734375 0.128453125 0.639234375 0.143390625 0.6427968749999999 0.15246875 0.641828125 0.157015625 0.6359843749999999 0.158640625 0.6346875 0.162859375 0.6359843749999999 0.17098437500000002 0.6281875 0.17715625 0.626578125 0.17909375 0.62040625 0.18721875 0.6191093750000001 0.19078124999999999 0.619421875 0.19273437499999999 0.596703125 0.1881875 0.5937812499999999 0.18267187499999998 0.596375 0.17878125 0.594109375 0.170328125 0.592796875 0.163515625 0.599625 0.154421875 0.605140625 0.1479375 0.60871875 0.141765625 0.605140625
3 0.8720156250000001 0.717796875 0.876203125 0.715046875 0.877890625 0.713125 0.87896875 0.710140625 0.878484375 0.706546875 0.875125 0.70475 0.8724999999999999 0.704515625 0.8687968749999999 0.704984375 0.863890625 0.70665625 0.86184375 0.7085781250000001 0.861125 0.712890625 0.8625624999999999 0.717796875 0.86603125 0.719703125 0.866875 0.7200624999999999 0.87021875 0.719703125 0.8720156250000001 0.717796875
3 0.872453125 0.723046875 0.869890625 0.7206718750000001 0.867140625 0.7195 0.865359375 0.719890625 0.86359375 0.719890625 0.8602343749999999 0.7210625 0.8584687499999999 0.723046875 0.8669375 0.7323125 0.87284375 0.72975 0.873828125 0.7261875 0.872453125 0.723046875
3 0.84690625 0.7195625 0.8526875 0.7189687499999999 0.8575781250000001 0.715109375 0.8600937500000001 0.7130468750000001 0.8583125 0.70903125 0.854765625 0.707546875 0.849421875 0.70740625 0.84734375 0.707703125 0.8428906250000001 0.7115625 0.8428906250000001 0.7171875 0.8433437500000001 0.718671875 0.84690625 0.7195625
1 0.5029375 0.5471250000000001 0.5220312500000001 0.5273749999999999 0.507546875 0.49642187499999996 0.506234375 0.49906249999999996 0.477921875 0.5286875 0.5029375 0.5471250000000001
1 0.378125 0.5890625 0.384375 0.5984375 0.415625 0.5984375 0.421875 0.59140625 0.4220982140625 0.5850446421875 0.428125 0.584375 0.4296875 0.58828125 0.4828125 0.6109375 0.478125 0.61875 0.478125 0.628125 0.4890625 0.6375 0.509375 0.6390625 0.5140625 0.6328125 0.534375 0.63125 0.55 0.625 0.559375 0.6109375 0.559375 0.6 0.571875 0.5955882359375 0.575 0.5890625 0.5796875 0.5936580874999999 0.603125 0.587867646875 0.61875 0.6015625 0.6140625 0.60625 0.609375 0.6046875 0.609375 0.6078125 0.6125 0.6078125 0.621875 0.615625 0.6078125 0.628125 0.6 0.6296875 0.596875 0.6390625 0.6015625 0.64375 0.615625 0.64375 0.61875 0.646875 0.628125 0.646875 0.63125 0.64375 0.6609375 0.64375 0.6671875 0.63125 0.6640625 0.6171875 0.6671875 0.5953125 0.675 0.5859375 0.6875 0.5875 0.690625 0.5828125 0.690625 0.5765625 0.6859375 0.5703125 0.6671875 0.571875 0.6625 0.5765625 0.6609375 0.584375 0.6546875 0.5875 0.6515625 0.58125 0.6453125 0.5765625 0.6359375 0.5765625 0.6328125 0.5796875 0.6296875 0.5796875 0.625 0.5734375 0.615625 0.5734375 0.61171875 0.565625 0.6109375 0.5546875 0.60625 0.5484375 0.596875 0.5484375 0.5859375 0.5578125 0.5796875 0.5578125 0.575 0.553125 0.578125 0.5484375 0.5765625 0.5390625 0.5734375 0.5359375 0.5640625 0.5359375 0.5609375 0.5390625 0.5546875 0.5390625 0.54375 0.5484375 0.5265625 0.5734375 0.525 0.58125 0.5171875 0.58125 0.5125 0.5859375 0.5109375 0.5921875 0.5046875 0.5921875 0.49010416718750005 0.6046875 0.4671875 0.5765625 0.471875 0.5703125 0.4703125 0.5578125 0.465625 0.5515625 0.45625 0.5515625 0.4515625 0.55625 0.4484375 0.55625 0.4421875 0.54375 0.4296875 0.54375 0.425 0.5375 0.415625 0.5375 0.4109375 0.5421875 0.409375 0.559375 0.4046875 0.5640625 0.3984375 0.5640625 0.39375 0.5578125 0.384375 0.5578125 0.3841517859375 0.5688616078125001 0.3765625 0.565625 0.3703125 0.575 0.3703125 0.584375 0.375 0.5890625 0.378125 0.5890625