2 0.5959375 0.2104662 0.597359375 0.20799533750000002 0.600671875 0.2090442890625 0.603984375 0.21116550156249997 0.60303125 0.2161072265625 0.610359375 0.22069930000000001 0.610359375 0.2062237765625 0.608 0.19703962656250001 0.605640625 0.19317016250000002 0.60209375 0.1882284375 0.59475 0.18470862500000002 0.594515625 0.1815151515625 0.589078125 0.20093240156249997 0.5959375 0.2104662
2 0.562578125 0.23165501093750002 0.5647031250000001 0.23060606093749997 0.566359375 0.2228438234375 0.5680156249999999 0.2154312359375 0.56446875 0.214731934375 0.559265625 0.2129603734375 0.559734375 0.209790209375 0.563765625 0.206620046875 0.56328125 0.2030769234375 0.552171875 0.192494171875 0.55121875 0.192144521875 0.546015625 0.19743589687500002 0.549328125 0.224265734375 0.5623437499999999 0.23165501093750002 0.562578125 0.23165501093750002
2 0.519921875 0.1985081578125 0.52121875 0.1998368296875 0.523796875 0.20578088593750002 0.5261875 0.21275058281249998 0.52778125 0.215407925 0.528765625 0.2123076921875 0.528375 0.2048951046875 0.5223125 0.19864801875 0.5158437499999999 0.1891608390625 0.50978125 0.185617715625 0.508296875 0.1863403265625 0.50790625 0.1896037296875 0.514859375 0.207552446875 0.514859375 0.21111888125 0.518734375 0.2071095578125 0.519921875 0.1985081578125
2 0.511515625 0.2179254078125 0.51046875 0.21328671406250002 0.4994375 0.2076923078125 0.49339062499999997 0.21668997656250003 0.49589062500000003 0.22881118906250003 0.49506249999999996 0.2393706296875 0.4994375 0.235641025 0.5038125 0.2244522140625 0.511515625 0.2179254078125
2 0.27218749999999997 0.6933100234375 0.268546875 0.7433100234375 0.268546875 0.7639860140625 0.28895312500000003 0.7291841484375 0.30134375 0.67699300625 0.28895312500000003 0.6704662 0.27218749999999997 0.6933100234375
2 0.70246875 0.30123543124999996 0.70246875 0.3046853140625 0.70246875 0.30659673593750003 0.70478125 0.3127505828125 0.7189062500000001 0.3135198140625 0.71428125 0.2996969703125 0.690125 0.27594405625 0.6896093750000001 0.2755477859375 0.6880625 0.276317015625 0.6896093750000001 0.28284382343750003 0.690125 0.28130536093749997 0.694234375 0.29202797187499996 0.69784375 0.2905128203125 0.7014375 0.2977855484375 0.70246875 0.30123543124999996
2 0.235546875 0.5522610718750001 0.226296875 0.5344289046874999 0.2225 0.5409324015625 0.21381250000000002 0.5384848484375 0.21978124999999998 0.55065268125 0.22087500000000002 0.5806526812499999 0.23065625 0.5765967359374999 0.23118750000000002 0.5603729609375 0.235546875 0.5522610718750001
2 0.371375 0.5619813515625001 0.378234375 0.5650582749999999 0.378578125 0.5543123546875 0.371375 0.5425407921875001 0.37034375 0.52923076875 0.35696875 0.5333333328125 0.35421874999999997 0.544592075 0.3586875 0.5507226109375 0.36348437499999997 0.5527738921875 0.371375 0.5619813515625001
2 0.6522812499999999 0.24606060625 0.6624375 0.2536363640625 0.676828125 0.22079254062500003 0.658203125 0.20184149218749997 0.6548125 0.203729603125 0.65396875 0.22519813593750002 0.6522812499999999 0.24606060625
2 0.20778124999999997 0.691025640625 0.2120625 0.6882284375000001 0.21581250000000002 0.69582750625 0.22090625 0.6926340328125 0.2324375 0.6814219109375 0.22840625 0.6602564109375 0.218765625 0.6510489515625 0.21823437499999998 0.6626340328125 0.20189062500000002 0.6642424250000001 0.1925 0.6706293703124999 0.20242187500000003 0.70382284375 0.211265625 0.7030069937500001 0.20778124999999997 0.691025640625
2 0.269921875 0.62312354375 0.267765625 0.624708625 0.262953125 0.636317015625 0.26240625 0.6367132859375 0.258921875 0.647505828125 0.26187499999999997 0.6674825171875 0.2776875 0.672680653125 0.28278125 0.66547785625 0.286796875 0.6546853140625 0.28304687500000003 0.647505828125 0.28090625 0.6518881125 0.27821875 0.6466899765624999 0.27634375 0.6343123546875 0.27821875 0.6287179484375 0.274203125 0.623916084375 0.269921875 0.62312354375
2 0.3158125 0.632447553125 0.309546875 0.6069230765625 0.30225 0.60193473125 0.285546875 0.5925874125 0.27928125000000004 0.591328671875 0.2740625 0.5885314687500001 0.273015625 0.5935198140625 0.280328125 0.6044289046875 0.301203125 0.62652680625 0.3126875 0.6352447546875 0.3158125 0.632447553125
2 0.55359375 0.255407925 0.55409375 0.24899766875 0.5629375 0.23862470937500002 0.56003125 0.2371328671875 0.545375 0.2527738921875 0.5347500000000001 0.2629603734375 0.535515625 0.2641025640625 0.5384218749999999 0.26370629375 0.5399375 0.2605128203125 0.5511874999999999 0.2593706296875 0.55359375 0.255407925
2 0.10625 0.6363636359375 0.1109375 0.6270396265625 0.1375 0.622377621875 0.140625 0.6270396265625 0.1453125 0.652680653125 0.15 0.659673659375 0.1421875 0.68065268125 0.1375 0.6759906765625 0.128125 0.6759906765625 0.121875 0.68065268125 0.1203125 0.6993007 0.125 0.70629370625 0.12421875 0.7109557109375 0.128125 0.722610721875 0.1265625 0.741258740625 0.13125 0.7482517484375 0.1390625 0.7482517484375 0.1453125 0.7389277390625 0.1515625 0.7389277390625 0.15 0.7622377625000001 0.1546875 0.76923076875 0.15390625 0.7762237765625 0.1609375 0.7878787875000001 0.153125 0.7948717953125 0.1484375 0.80652680625 0.14375 0.808857809375 0.1421875 0.8298368296874999 0.146875 0.8368298375000001 0.1546875 0.8368298375000001 0.1625 0.8321678328125 0.16875 0.8158508156250001 0.175 0.8111888109375001 0.1765625 0.797202796875 0.1796875 0.7925407921875001 0.1875 0.7925407921875001 0.19375 0.7832167828125 0.24375 0.7832167828125 0.24375 0.797202796875 0.2484375 0.8041958046875 0.25625 0.8041958046875 0.2625 0.7948717953125 0.2625 0.7855477859375 0.2578125 0.7762237765625 0.265625 0.7622377625000001 0.2671875 0.7645687640625 0.2765625 0.7645687640625 0.2765625 0.75058275 0.28125 0.7435897437500001 0.2828125 0.7552447546875001 0.3609375 0.7365967359375001 0.365625 0.7435897437500001 0.3734375 0.7435897437500001 0.378125 0.7389277390625 0.384375 0.7109557109375 0.4 0.7109557109375 0.4046875 0.7179487171875001 0.4171875 0.7179487171875001 0.421875 0.7132867140625 0.43125 0.7272727265625 0.4421875 0.7272727265625 0.45 0.7179487171875001 0.4546875 0.7179487171875001 0.4625 0.7109557109375 0.4640625 0.696969696875 0.45625 0.6853146859375 0.4453125 0.6876456875 0.4296875 0.7016317015625 0.425625 0.69417249375 0.421875 0.6946386953125 0.41875 0.689976690625 0.4246875 0.6820512828124999 0.421875 0.6456876453125 0.428125 0.6363636359375 0.428125 0.6130536125 0.43125 0.60606060625 0.4296875 0.5874125875 0.4234375 0.5734265734374999 0.415625 0.56876456875 0.4109375 0.559440559375 0.4 0.55011655 0.3890625 0.533799534375 0.478125 0.3053613046875 0.4953125 0.3076923078125 0.509375 0.3170163171875 0.51875 0.3170163171875 0.571875 0.3426573421875 0.571875 0.35664335625 0.5765625 0.3636363640625 0.5921875 0.3636363640625 0.6 0.35664335625 0.6078125 0.3426573421875 0.60625 0.328671328125 0.5958333328125 0.31934731875 0.6078125 0.3006993 0.621875 0.3146853140625 0.6390625 0.3146853140625 0.6515625 0.3076923078125 0.6609375 0.3076923078125 0.6671875 0.3006993 0.6703125 0.2890442890625 0.6676724140625 0.2797202796875 0.67570043125 0.2797202796875 0.68125 0.2890442890625 0.6837284484375 0.2797202796875 0.6917564656249999 0.2797202796875 0.6921875 0.2890442890625 0.6953125 0.2820512828125 0.7 0.284382284375 0.70625 0.29370629375 0.7140625 0.3006993 0.7171875 0.3170163171875 0.7296875 0.3146853140625 0.7328125 0.3076923078125 0.7328125 0.2983682984375 0.7265625 0.284382284375 0.71875 0.275058275 0.7078125 0.2797202796875 0.6997844828125 0.2797202796875 0.7015625 0.2703962703125 0.696875 0.26107226093749997 0.690625 0.258741259375 0.6921875 0.2447552453125 0.6984375 0.2354312359375 0.6984375 0.2261072265625 0.684375 0.20512820468749998 0.678125 0.202797203125 0.671875 0.2074592078125 0.6703125 0.21445221406249998 0.653125 0.21678321718750002 0.653125 0.20512820468749998 0.65 0.2004662 0.63125 0.184149184375 0.6265625 0.184149184375 0.6203125 0.1888111890625 0.61875 0.2074592078125 0.6078125 0.21911421875 0.6046875 0.21911421875 0.6015625 0.209790209375 0.590625 0.2074592078125 0.5828125 0.221445221875 0.575 0.21911421875 0.56875 0.22377622343749998 0.5671875 0.24242424218749997 0.5703125 0.247086246875 0.5640625 0.258741259375 0.553125 0.258741259375 0.5484375 0.26340326406250003 0.555280171875 0.2797202796875 0.5311961203125 0.2797202796875 0.5375 0.265734265625 0.534375 0.26107226093749997 0.5265625 0.26107226093749997 0.51875 0.26806526875 0.523168103125 0.2797202796875 0.5151400859375 0.2797202796875 0.5125 0.284382284375 0.5071120687499999 0.2797202796875 0.4990840515625 0.2797202796875 0.49375 0.275058275 0.491056034375 0.2797202796875 0.4830280171875 0.2797202796875 0.48125 0.275058275 0.475 0.2797202796875 0.470905171875 0.2900088421875 0.4734375 0.2983682984375 0.4668103453125 0.300297403125 0.3767241375 0.5266457671875 0.38125 0.53146853125 0.37262931093749996 0.53693433125 0.3734375 0.5477855484374999 0.3685344828125 0.5472228921875 0.3644396546875 0.5575114546875 0.3671875 0.5664335671875 0.360344828125 0.567800015625 0.35625 0.578088578125 0.31675347187499997 0.5897435890625 0.3171875 0.5734265734374999 0.321875 0.56876456875 0.3234375 0.5547785546874999 0.315625 0.5431235437499999 0.303125 0.5384615390625 0.2875 0.5384615390625 0.28125 0.5431235437499999 0.278125 0.5547785546874999 0.2609375 0.5617715624999999 0.2609375 0.5827505828125 0.2640625 0.5874125875 0.2607142859375 0.5927405921875 0.253125 0.596736596875 0.2484375 0.5874125875 0.2375 0.585081584375 0.23125 0.5897435890625 0.225 0.603729603125 0.22857142812500003 0.6140526125 0.2140625 0.6200466203125 0.20555555625 0.6187516171875 0.2 0.6293706296875 0.1921875 0.6293706296875 0.19704861093749998 0.6174566171875 0.1885416671875 0.616161615625 0.1848958328125 0.623931625 0.180034721875 0.614866615625 0.1776041671875 0.6184926171875 0.1703125 0.6130536125 0.15451388906250002 0.6109816109375 0.1609375 0.5920745921874999 0.153125 0.5804195796875 0.14375 0.585081584375 0.140625 0.603729603125 0.1375 0.6083916078125 0.109375 0.6130536125 0.103125 0.60606060625 0.10446428593749998 0.6123876125 0.0962053578125 0.6133866125 0.0953125 0.6072261078125 0.0875 0.6083916078125 0.087946428125 0.614385615625 0.0796875 0.615384615625 0.078125 0.6363636359375 0.0828125 0.64335664375 0.1 0.641025640625 0.10625 0.6363636359375