0 0.75453125 0.7371041671875 0.756421875 0.74375 0.7668437499999999 0.7434375 0.768390625 0.7410625 0.769453125 0.736 0.76803125 0.7298541671875001 0.765421875 0.7279583328125 0.763171875 0.726375 0.762703125 0.7262291671875001 0.75890625 0.7266874999999999 0.7563125 0.7279583328125 0.75453125 0.7336458328125001 0.75453125 0.7371041671875
0 0.66965625 0.7423541671875 0.675765625 0.7427916671875 0.678578125 0.7447708328125 0.683875 0.745 0.686671875 0.7434583328125 0.690484375 0.7432291671875 0.693125 0.7423541671875 0.693625 0.7339791671875 0.691140625 0.7280208328125 0.687015625 0.7251666671875 0.6830468749999999 0.7262708328125 0.6802343750000001 0.7295625 0.677921875 0.7262708328125 0.6749375 0.7258125 0.670640625 0.7275833328125 0.6675 0.7324375 0.6675 0.7363958328125 0.66965625 0.7423541671875
0 0.657265625 0.7344583328125001 0.6626875 0.733 0.663234375 0.7228749999999999 0.652109375 0.7224999999999999 0.6531875 0.7308333328125001 0.6531875 0.7351875 0.657265625 0.7344583328125001
0 0.645015625 0.7033541671875 0.644 0.7055 0.6431250000000001 0.7052916671875 0.6405000000000001 0.7055 0.6391875 0.7074374999999999 0.638171875 0.7086041671875 0.637015625 0.7101458328125 0.6374531250000001 0.712875 0.639046875 0.7130625 0.6442812499999999 0.7134583328125 0.6506875 0.7136458328125 0.653171875 0.7113125 0.652875 0.7072291671875 0.65040625 0.704125 0.64953125 0.7029791671875001 0.6486562499999999 0.7025833328125 0.645015625 0.7033541671875
0 0.789921875 0.7337291671874999 0.794265625 0.7327708328125 0.7973125 0.7285208328125 0.7970312500000001 0.7265833328125 0.790078125 0.7206041671875 0.785296875 0.7217708328125 0.7835468750000001 0.725625 0.7873125 0.732 0.789921875 0.7337291671874999
2 0.8262656249999999 0.7086041671875 0.8202031249999999 0.7208541671875001 0.817734375 0.7282916671875 0.8179062500000001 0.7300416671875001 0.8241406250000001 0.7289583328125 0.8335000000000001 0.715375 0.8335000000000001 0.7149375 0.8316874999999999 0.7079375 0.8262656249999999 0.7086041671875
2 0.7562656249999999 0.7463333328124999 0.757109375 0.7561458328125 0.78653125 0.7494166671875 0.7852812499999999 0.7421249999999999 0.7562656249999999 0.7463333328124999
2 0.786109375 0.7332916671875 0.783125 0.7268958328124999 0.77534375 0.7244375 0.7758020828125 0.7185486109375 0.778328125 0.7174166671875 0.77053125 0.7101041671874999 0.7684791671875 0.7102013890625 0.7700781250000001 0.7052083328125 0.76 0.6988125000000001 0.753828125 0.6896458328125 0.74946875 0.6905625 0.76115625 0.7018541671875 0.78175 0.7360416671875 0.786109375 0.7332916671875
2 0.795578125 0.7271875 0.79390625 0.7238541671875 0.78959375 0.721625 0.785984375 0.720875 0.78403125 0.7214375000000001 0.78459375 0.7227291671875 0.789046875 0.7307083328124999 0.7916875 0.7314375 0.79390625 0.7292291671875 0.795578125 0.7271875
2 0.749625 0.7417291671874999 0.738484375 0.7384999999999999 0.73703125 0.7462291671875 0.741390625 0.7539791671875 0.7515625 0.7591458328125 0.755421875 0.75075 0.753484375 0.7449583328125 0.749625 0.7417291671874999
0 0.794 0.725875 0.79715625 0.7265208328125 0.798140625 0.7265208328125 0.79984375 0.7245833328125 0.8010624999999999 0.721 0.8010624999999999 0.71775 0.8005625000000001 0.7158125 0.79959375 0.7135416671875 0.796921875 0.7122291671875 0.79375 0.7112708328124999 0.7910781250000001 0.7112708328124999 0.789359375 0.7125625 0.788640625 0.7138541671875 0.788640625 0.7141875 0.788640625 0.7144999999999999 0.788875 0.7203541671875 0.7896093750000001 0.721 0.7913125 0.7232708328124999 0.794 0.725875
0 0.70378125 0.6832708328125 0.70228125 0.6860416671875 0.702984375 0.6905 0.7063125 0.6926458328125 0.7093125 0.6914166671875 0.7108125000000001 0.6887916671875 0.71 0.6854166671875 0.70965625 0.683125 0.707234375 0.6826666671875 0.70378125 0.6832708328125
2 0.701625 0.7252083328125 0.705765625 0.7182916671874999 0.707265625 0.7132291671875 0.703578125 0.7138541671875 0.699890625 0.7147708328125 0.69621875 0.7170625 0.6906875 0.7195208328125 0.689640625 0.72475 0.692640625 0.7278125 0.69459375 0.7272083328125001 0.6990937500000001 0.72675 0.701625 0.7252083328125