3 0.49119999999999997 0.3921066671875 0.53072 0.3805866671875 0.54864 0.3954133328125 0.5677800000000001 0.41352 0.57458 0.374 0.561 0.35175999999999996 0.53072 0.3270666671875 0.45908 0.32293333281250003 0.40412 0.3451733328125 0.39176 0.3649333328125 0.40288 0.39048 0.41769999999999996 0.3954133328125 0.45167999999999997 0.3871733328125 0.49119999999999997 0.3921066671875
3 0.33828 0.47517333281249996 0.33614 0.5124266671875 0.34902 0.5486933328125 0.3612 0.5697066671875 0.36694 0.5830666671875 0.37624 0.5573066671875 0.4013 0.51624 0.44356 0.54296 0.4629 0.5486933328125 0.46576000000000006 0.5257866671875 0.46647999999999995 0.4933333328125 0.47935999999999995 0.46181333281250003 0.48366 0.4589333328125 0.47220000000000006 0.4284 0.4765 0.40453333281250003 0.48438 0.3930666671875 0.4851 0.3930666671875 0.4457 0.38733333281250004 0.39988 0.39688 0.35331999999999997 0.42648 0.33828 0.47517333281249996
3 0.45704 0.5717333328125 0.45958 0.6124266671874999 0.46552 0.6327733328125 0.47737999999999997 0.6712266671875 0.50114 0.7062666671875 0.53928 0.7130666671875 0.56812 0.7096533328125 0.58084 0.6972266671875 0.5537 0.6519999999999999 0.54098 0.63392 0.50706 0.6067733328125 0.46806000000000003 0.5457333328125 0.46466 0.548 0.46298000000000006 0.54912 0.45704 0.5717333328125
3 0.61518 0.5844533328125 0.59724 0.5585866671875 0.57928 0.5222133328125 0.5441 0.4896533328125 0.5182599999999999 0.4896533328125 0.48810000000000003 0.45519999999999994 0.47518000000000005 0.4676533328125 0.46871999999999997 0.54136 0.50102 0.59688 0.54052 0.63136 0.61232 0.6658133328125 0.61806 0.65432 0.62022 0.6351733328125 0.61518 0.5844533328125
3 0.60856 0.5866399999999999 0.6186 0.6069866671875 0.61816 0.6203466671875 0.61642 0.63256 0.61118 0.6401066671875 0.6011599999999999 0.64128 0.57282 0.6406933328125 0.54886 0.6372 0.55582 0.6470933328124999 0.5737 0.65464 0.5915600000000001 0.6616 0.6199 0.6598666671875 0.63952 0.65464 0.67656 0.63952 0.6831 0.6401066671875 0.68746 0.6296533328125 0.69618 0.6157066671875 0.71056 0.60408 0.71232 0.5854666671875 0.7075199999999999 0.58256 0.69356 0.5697866671875 0.67874 0.5494399999999999 0.6757 0.5506133328125 0.66174 0.5529333328125 0.62644 0.5610666671875 0.5950599999999999 0.5610666671875 0.5955 0.5633866671875001 0.5994200000000001 0.5692 0.60856 0.5866399999999999
3 0.56324 0.4517866671875 0.5524 0.49205333281249997 0.6101 0.49256 0.65074 0.4837866671875 0.68404 0.44765333281249997 0.6797799999999999 0.4347466671875 0.6674 0.4223466671875 0.6615800000000001 0.4238933328125 0.65462 0.4249333328125 0.63642 0.4306133328125 0.61164 0.4373333328125 0.58338 0.43888 0.57524 0.44402666718750006 0.56324 0.4517866671875
3 0.6480400000000001 0.5181600000000001 0.67194 0.48544 0.6763600000000001 0.45778666718750005 0.6493 0.48712 0.60778 0.49466666718749996 0.55684 0.49133333281249997 0.55684 0.49383999999999995 0.5537 0.5013866671875 0.5769599999999999 0.52152 0.58702 0.5341066671875 0.6480400000000001 0.5181600000000001
3 0.38592 0.63808 0.39186 0.6548 0.39516 0.6601066671875 0.41498 0.6847733328125 0.44076000000000004 0.6918133328125 0.45528 0.6979733328125 0.46784 0.7014933328125 0.47312000000000004 0.6645066671875 0.4619 0.64424 0.45726000000000006 0.63632 0.45132000000000005 0.6248533328125 0.45330000000000004 0.5843466671875001 0.45461999999999997 0.57112 0.45461999999999997 0.55616 0.45461999999999997 0.55528 0.40044 0.5200266671875 0.3846 0.5499733328125 0.38592 0.5499733328125 0.38194 0.5817066671875 0.38394 0.6045866671875 0.3846 0.6301333328125 0.38592 0.63808
1 0.6576 0.3585333328125 0.67062 0.35696 0.66706 0.37272 0.68362 0.3948 0.69072 0.40584 0.71082 0.42160000000000003 0.6990000000000001 0.42634666718750003 0.6848 0.44682666718749997 0.67652 0.4783733328125 0.6824399999999999 0.49413333281250005 0.67298 0.52096 0.68718 0.5682666671875001 0.73212 0.5966400000000001 0.712 0.60136 0.69782 0.6123999999999999 0.67772 0.65184 0.6990000000000001 0.6849333328125 0.71438 0.7022933328125001 0.73802 0.7070133328125 0.76286 0.6959733328125 0.7806 0.6849333328125 0.79242 0.6676 0.7853399999999999 0.6329066671875 0.76878 0.6171466671875 0.74868 0.60296 0.76642 0.5934933328125 0.79598 0.57456 0.79952 0.5509066671875 0.77588 0.5367200000000001 0.7534 0.5004533328125 0.77706 0.4799466671875 0.79006 0.44053333281249996 0.7616799999999999 0.42160000000000003 0.74868 0.4137333328125 0.75814 0.39952 0.7746999999999999 0.37272 0.7735000000000001 0.3396 0.7640399999999999 0.31594666718750003 0.7167399999999999 0.32226666718749997 0.72148 0.29072 0.7132 0.2670666671875 0.6647000000000001 0.27024 0.64342 0.2812533328125 0.63396 0.32226666718749997 0.6422399999999999 0.3254133328125 0.64932 0.33802666718749996 0.6576 0.3585333328125
1 0.61274 0.8606400000000001 0.62656 0.8541333328125 0.64528 0.8345866671875 0.6534 0.80856 0.65178 0.7782133328125 0.66886 0.7901333328125 0.6826800000000001 0.7836266671875001 0.70384 0.7575999999999999 0.7022 0.7174666671875001 0.67944 0.67408 0.65422 0.65456 0.6273799999999999 0.6578133328125 0.60866 0.6805866671875 0.60134 0.7163733328124999 0.61354 0.75 0.58346 0.7543466671875 0.56882 0.7641066671875001 0.56068 0.79448 0.56638 0.8226666671875 0.58426 0.8476266671875001 0.61274 0.8606400000000001
1 0.5179 0.8508533328125001 0.54732 0.8459466671874999 0.5647800000000001 0.8202133328125001 0.5509999999999999 0.7895733328125 0.51698 0.76384 0.5022800000000001 0.7699733328125 0.48574 0.7858933328125 0.49034000000000005 0.8312533328124999 0.49400000000000005 0.83736 0.5179 0.8508533328125001
1 0.47573999999999994 0.7946133328125 0.48394000000000004 0.7659466671875 0.48141999999999996 0.7381333328124999 0.46752000000000005 0.7094666671875001 0.43718 0.7128533328125 0.42074 0.7246400000000001 0.41252000000000005 0.7769066671875 0.4359 0.7996533328125001 0.46498 0.8038666671874999 0.47573999999999994 0.7946133328125
1 0.3323 0.7707200000000001 0.35015999999999997 0.7744266671875 0.36913999999999997 0.7774133328125 0.38866 0.7714666671875 0.40262000000000003 0.7625333328125 0.41265999999999997 0.75064 0.41879999999999995 0.72832 0.41824000000000006 0.7141866671875 0.41487999999999997 0.6955733328125 0.39758 0.6829333328125 0.38083999999999996 0.6754933328125 0.35574 0.6858933328125 0.33342 0.70376 0.31724 0.72088 0.31892 0.7417066671875 0.3323 0.7707200000000001
1 0.35984 0.6078933328125 0.33568 0.6014666671875 0.30474 0.6143466671875 0.3115 0.5808266671875 0.29508 0.5460266671875 0.3173 0.5138133328125 0.32988 0.48288000000000003 0.30764 0.4235733328125 0.33954 0.41970666718749994 0.35018 0.3965066671875 0.35018 0.35656 0.31924 0.34496000000000004 0.29218 0.3539733328125 0.27477999999999997 0.36944 0.26608 0.3887733328125 0.26704 0.4055466671875 0.2738 0.41456 0.25158 0.43904 0.24384 0.45968 0.24384 0.48416 0.26318 0.5254133328124999 0.23803999999999997 0.5382933328124999 0.22354 0.5602133328125001 0.22064 0.5911466671875 0.23803999999999997 0.6375466671875001 0.25158 0.6401333328125001 0.26704 0.64656 0.28250000000000003 0.6388266671875 0.27864 0.6646133328125 0.2912 0.702 0.30764 0.7136 0.31634 0.7122933328125 0.35404 0.6878133328125 0.37144 0.6556 0.3724 0.63496 0.35984 0.6078933328125
1 0.52972 0.49104000000000003 0.55736 0.48018666718749997 0.56956 0.4595733328125 0.57282 0.4378933328125 0.5638799999999999 0.41186666718750004 0.5337799999999999 0.38365333281249997 0.51264 0.37824 0.48172 0.3966666671875 0.47196 0.4216266671875 0.47766000000000003 0.4509066671875 0.4866 0.46826666718750004 0.5093799999999999 0.4877866671875 0.52972 0.49104000000000003
1 0.53944 0.2951733328125 0.5532600000000001 0.29192 0.5605800000000001 0.28216 0.56628 0.3027733328125 0.5736 0.3060266671875 0.59474 0.30712 0.6199600000000001 0.32120000000000004 0.63298 0.30061333281249997 0.63948 0.27674666718749996 0.63948 0.25072 0.63622 0.22685333281250003 0.62646 0.20192000000000002 0.60206 0.20407999999999998 0.59312 0.2105866671875 0.57116 0.24096 0.5622 0.22034666718749998 0.54188 0.20298666718749997 0.5280400000000001 0.19322666718749998 0.5101600000000001 0.19432 0.49144 0.2084266671875 0.48250000000000004 0.2312 0.49306 0.2637333328125 0.49794 0.26698666718749997 0.51992 0.2843466671875 0.53944 0.2951733328125
1 0.41838 0.3060533328125 0.42298 0.2802666671875 0.44048 0.2802666671875 0.45616 0.2777866671875 0.47274000000000005 0.2667466671875 0.47826 0.24338666718750002 0.47274000000000005 0.2102133328125 0.45616 0.19424 0.43128 0.19424 0.41007999999999994 0.1991733328125 0.39626 0.2200533328125 0.39718 0.24954666718750002 0.37966 0.24461333281250003 0.36307999999999996 0.2507733328125 0.34742 0.2630666671875 0.34188 0.27656000000000003 0.33912 0.2925333328125 0.34188 0.32080000000000003 0.36954 0.34290666718749996 0.3769 0.3453866671875 0.40732 0.3404533328125 0.41838 0.3060533328125