1 0.4529375 0.5329531249999999 0.46733333281249995 0.536546875 0.4769375 0.53115625 0.5153333328125 0.53925 0.5093333328125 0.55275 0.5093333328125 0.56715625 0.5033333328125 0.59775 0.5093333328125 0.60315625 0.5165416671874999 0.60315625 0.5225416671875001 0.5995625 0.5261458328125 0.58965625 0.5321458328124999 0.58515625 0.5465416671875001 0.5860624999999999 0.5513541671875 0.582453125 0.5573541671875 0.5680468750000001 0.5681458328125 0.56715625 0.5693541671875 0.5626562500000001 0.5681458328125 0.554546875 0.57175 0.54915625 0.57175 0.541953125 0.5681458328125 0.5338437500000001 0.5669375 0.52575 0.55975 0.51675 0.5489375 0.514953125 0.5417500000000001 0.5041562500000001 0.5237499999999999 0.486140625 0.5165416671874999 0.49245312500000005 0.5093333328125 0.486140625 0.50875 0.48344531249999995 0.4949375 0.486140625 0.49375 0.48075 0.48654166718749997 0.48525 0.4685416671875 0.48884375 0.4685416671875 0.49604687500000005 0.45533333281250005 0.495140625 0.4529375 0.5158437499999999 0.4445416671875 0.518546875 0.4445416671875 0.528453125 0.4529375 0.5329531249999999
1 0.2764166671875 0.335421875 0.2764166671875 0.30134375 0.26214583281250003 0.25265624999999997 0.26214583281250003 0.26434375 0.23358333281250002 0.27603125 0.2257916671875 0.255578125 0.2206041671875 0.260453125 0.2206041671875 0.303296875 0.2206041671875 0.329578125 0.2361666671875 0.3490625 0.2530625 0.355875 0.268625 0.34809375 0.2764166671875 0.335421875
1 0.1163125 0.14203125 0.1163125 0.10015624999999999 0.11241666718750001 0.11476562500000001 0.0838541671875 0.10698437499999999 0.059187500000000004 0.085546875 0.030625000000000003 0.043687500000000004 0.021520832812499998 0.0251875 0.0033541671875 0.02615625 0 0.046609374999999995 0.00075 0.174171875 0 0.23940625 0.00075 0.26375000000000004 0.030625000000000003 0.268625 0.042312499999999996 0.26959374999999997 0.042312499999999996 0.30270312499999996 0.0825416671875 0.33678125 0.09422916718749999 0.3309375 0.10981250000000001 0.30270312499999996 0.09422916718749999 0.25596874999999997 0.1188958328125 0.241359375 0.1163125 0.14203125
1 0 0.591609375 0.0174375 0.61034375 0.0276666671875 0.643140625 0.0401458328125 0.681875 0.0594583328125 0.7121562499999999 0.0781875 0.689171875 0.0832916671875 0.67596875 0.092375 0.667453125 0.10033333281250001 0.659359375 0.1190625 0.6517031249999999 0.1281458328125 0.648296875 0.1428958328125 0.6521250000000001 0.1360833328125 0.6802343750000001 0.1315416671875 0.6921406250000001 0.1423333328125 0.682359375 0.1610625 0.67384375 0.1627708328125 0.65846875 0.1650416671875 0.639296875 0.159375 0.628234375 0.1576666671875 0.61290625 0.167875 0.548140625 0.167875 0.52940625 0.1633333328125 0.5217343750000001 0.1536875 0.51321875 0.1298541671875 0.500875 0.1008958328125 0.509390625 0.0895416671875 0.53153125 0.0798958328125 0.5523906249999999 0.06343750000000001 0.558359375 0.05775 0.5600625 0.05208333281250001 0.554953125 0.0475416671875 0.549421875 0.029375000000000002 0.5575 0.013479167187499998 0.571984375 0 0.58603125 0 0.591609375
1 0.44329166718749996 0.885703125 0.4483125 0.8612500000000001 0.468375 0.856546875 0.468375 0.8462031250000001 0.49343750000000003 0.8377343749999999 0.51475 0.83021875 0.5323125 0.817046875 0.5461041671875 0.8010624999999999 0.5360833328125 0.7869531249999999 0.51225 0.774734375 0.49468750000000006 0.7540312499999999 0.48591666718750004 0.7436875 0.469625 0.747453125 0.4583333328125 0.744640625 0.45081249999999995 0.7239375 0.4144583328125 0.73334375 0.393125 0.724890625 0.3755833328125 0.746515625 0.3755833328125 0.768140625 0.3805833328125 0.7869531249999999 0.3831041671875 0.808578125 0.3831041671875 0.82175 0.38937499999999997 0.8377343749999999 0.3856041671875 0.8405625000000001 0.3956458328125 0.8753437500000001 0.41193749999999996 0.896046875 0.43075 0.88475 0.44329166718749996 0.885703125
1 0.45960416718749997 0.7419687500000001 0.4663125 0.749015625 0.47502083281249996 0.746 0.48575 0.743484375 0.5313541671875 0.784203125 0.5326875 0.783703125 0.5474375 0.766109375 0.5608541671875 0.7580625000000001 0.5575 0.749515625 0.564875 0.74146875 0.5561458328125 0.732921875 0.5601666671875 0.724875 0.5581666671875001 0.721859375 0.5212916671875 0.71984375 0.5273333328125 0.7128125 0.5186041671875 0.7128125 0.491125 0.72034375 0.49514583281249996 0.722359375 0.48643749999999997 0.722359375 0.4683333328125 0.73140625 0.4515625 0.737953125 0.45960416718749997 0.7419687500000001
1 0.31506249999999997 0.731234375 0.3293541671875 0.735375 0.3519375 0.74159375 0.3717708328125 0.74159375 0.3773125 0.732609375 0.3662291671875 0.727421875 0.3450208328125 0.7149687499999999 0.35931250000000003 0.70978125 0.3611666671875 0.6973281250000001 0.35470833281249997 0.6907656249999999 0.3510208328125 0.691109375 0.3395 0.69940625 0.3344166671875 0.702171875 0.32658333281249996 0.7052968749999999 0.31043750000000003 0.7052968749999999 0.2758541671875 0.70425 0.2896875 0.705984375 0.2883125 0.731234375 0.31506249999999997 0.731234375
1 0.5898749999999999 0.28718750000000004 0.5855 0.298390625 0.5811041671875 0.30359375 0.5726041671875 0.30862500000000004 0.5690000000000001 0.3130625 0.5690000000000001 0.32078125 0.577 0.323109375 0.5855 0.316734375 0.5952708328125 0.299734375 0.6022291671875 0.288734375 0.6066041671875 0.28196875 0.6024791671874999 0.273078125 0.5898749999999999 0.28718750000000004
1 0.3542708328125 0.8350781250000001 0.3672083328125 0.836375 0.37756249999999997 0.83378125 0.37927083281249996 0.8305468749999999 0.3827291671875 0.8215 0.3827291671875 0.806625 0.3741041671875 0.8033906249999999 0.3620416671875 0.8105 0.35168750000000004 0.817609375 0.3508125 0.824078125 0.3542708328125 0.8350781250000001
1 0.25768749999999996 0.08090625 0.19475 0.065171875 0.1647916671875 0.103375 0.1827708328125 0.157296875 0.2426875 0.2 0.2367083328125 0.1955 0.2726666671875 0.1438125 0.25768749999999996 0.08090625
1 0.2639166671875 0.122078125 0.2704375 0.14164062500000002 0.29260416718750004 0.16023437499999998 0.3017291671875 0.16023437499999998 0.310875 0.13578125000000002 0.30695833281249996 0.0839375 0.280875 0.02915625 0.2639166671875 0.07415625 0.26 0.08882812500000001 0.2639166671875 0.122078125
1 0.4385625 0.284328125 0.44720833281249994 0.26745312499999996 0.44114583281249997 0.264203125 0.4177708328125 0.284328125 0.4227708328125 0.2888125 0.4420208328125 0.313875 0.4610625 0.331078125 0.47837500000000005 0.346671875 0.48141666718750004 0.346671875 0.4796875 0.32653125 0.45804166718749995 0.2788125 0.4567291671875 0.27978125 0.4420208328125 0.285953125 0.4385625 0.284328125
1 0.42750000000000005 0.186640625 0.45462499999999995 0.179859375 0.4636666671875 0.16628125 0.48327083281250005 0.188890625 0.49985416718750003 0.167421875 0.5119166671875 0.118796875 0.49985416718750003 0.02496875 0.47422916718749997 0 0.47422916718749997 0.004609375000000001 0.4018541671875 0.00009375 0.404875 0.00575 0.41091666718750003 0.125578125 0.3988541671875 0.12896875000000002 0.4078958328125 0.14140625 0.42750000000000005 0.186640625