1 0.337375 0.455875 0.345375 0.4446041671875 0.34981249999999997 0.4197291671875 0.35026562499999997 0.4019375 0.34803125 0.3960208328125 0.34181249999999996 0.3960208328125 0.34003125 0.40016666718750005 0.33915625 0.39958333281249997 0.33559375 0.4179375 0.332921875 0.4452083328125 0.334703125 0.4546875 0.337375 0.455875
1 0.363 0.4608958328125 0.34746875 0.4691875 0.33878125 0.48243749999999996 0.335671875 0.5031458328125 0.336296875 0.51225 0.34375 0.5205416671875 0.354921875 0.5172291671875 0.365484375 0.528 0.37293750000000003 0.5437291671875 0.37915625 0.5263333328125 0.404 0.4749791671875 0.39903125 0.4667083328125 0.385359375 0.46339583281249996 0.372328125 0.4617291671875 0.363 0.4608958328125
1 0.307375 0.5824374999999999 0.30940625 0.5851666671875 0.316765625 0.5829791671875 0.320046875 0.5818958328125 0.330265625 0.5824374999999999 0.334765625 0.5807916671875 0.3429375 0.58025 0.348671875 0.5791666671875 0.35603125 0.5807916671875 0.36625 0.5780833328125 0.36706249999999996 0.5753541671875 0.369515625 0.5600833328125 0.37075 0.5426458328125 0.368703125 0.5311874999999999 0.358890625 0.5224583328125 0.354390625 0.5186458328125 0.34581249999999997 0.5191874999999999 0.3429375 0.5208333328125 0.33721875 0.5104791671875 0.333125 0.5059791671875 0.316765625 0.5201458328124999 0.309828125 0.5299583328125 0.310640625 0.5279166671875 0.305328125 0.5361041671875 0.302046875 0.5518958328125 0.305328125 0.5671666671875 0.307375 0.5824374999999999
1 0.3726875 0.6224583328125 0.379953125 0.616 0.38140625 0.604375 0.32429687500000004 0.6056666671875 0.31848437500000004 0.60825 0.3160625 0.6101875 0.317515625 0.6172916671875 0.33059375 0.6211666671875 0.343171875 0.6134166671875 0.348015625 0.6250416671875 0.3726875 0.6224583328125
1 0.123796875 0.4898333328125 0.12979687499999998 0.49427083281249995 0.13878125 0.4840625 0.14876562499999998 0.48141666718750004 0.16607812500000002 0.4791875 0.1820625 0.47741666718750003 0.18771875 0.4751875 0.177734375 0.4623125 0.1740625 0.4498958328125 0.16707812500000002 0.43658333281250006 0.152765625 0.4259166671875 0.1424375 0.4246041671875 0.135453125 0.42725 0.12946875 0.43081250000000004 0.12046874999999999 0.43481249999999994 0.115484375 0.43968749999999995 0.110484375 0.44322916718750005 0.10882812500000001 0.4458958328125 0.10715625 0.457 0.10882812500000001 0.46277083281250003 0.111484375 0.46410416718749997 0.115484375 0.46764583281250005 0.122140625 0.47474999999999995 0.12346874999999999 0.48141666718750004 0.123796875 0.4898333328125
1 0.29834375 0.49074999999999996 0.310921875 0.4681666671875 0.31528125 0.44945833281249997 0.313828125 0.44622916718749994 0.30946875 0.44622916718749994 0.28381249999999997 0.4888125 0.2876875 0.5030208328125 0.29253125 0.49914583281249997 0.29834375 0.49074999999999996
1 0.42446875000000006 0.42043749999999996 0.42232812500000005 0.4135833328125 0.41246875000000005 0.4101458328125 0.40304687499999997 0.4061666671875 0.388921875 0.40387500000000004 0.37907812500000004 0.40387500000000004 0.378640625 0.40443749999999995 0.36707812500000003 0.4095833328125 0.356375 0.42385416718749996 0.35167187499999997 0.45639583281249996 0.352953125 0.46439583281249996 0.370515625 0.4649583328125 0.382078125 0.47525000000000006 0.396203125 0.47581249999999997 0.397484375 0.47525000000000006 0.40904687500000003 0.47066666718750005 0.424890625 0.4444166671875 0.42703125000000003 0.4392708328125 0.423171875 0.4307083328125 0.42446875000000006 0.42043749999999996
1 0.30724999999999997 0.5367916671875 0.308046875 0.5048958328125 0.28571875 0.4995833328125 0.270578125 0.5133958328125 0.26978125 0.5123333328124999 0.264203125 0.591 0.284125 0.591 0.303265625 0.5846250000000001 0.30724999999999997 0.5367916671875
1 0.24671875000000001 0.522875 0.22878125 0.5163958328125 0.222953125 0.5254583328125 0.21421874999999999 0.5584374999999999 0.2151875 0.5823750000000001 0.22440625 0.5739583328125 0.23265625 0.5726666671875 0.24090625000000002 0.5707291671875 0.24284374999999997 0.5810833328125 0.24914062499999998 0.5784791671875 0.26709375 0.5597291671875 0.26951562500000004 0.5280416671875 0.268546875 0.5273958328125 0.26128125 0.5286875 0.24671875000000001 0.522875
1 0.43790625 0.4603541671875 0.439515625 0.4539375 0.441125 0.44783333281250004 0.443640625 0.4405 0.44615625000000003 0.4341041671875 0.4484375 0.42737499999999995 0.45234375 0.42310416718750005 0.456453125 0.42035416718749996 0.455765625 0.41974999999999996 0.45165625 0.41639583281250003 0.44478125 0.41547916718750005 0.43996874999999996 0.4173125 0.43218750000000006 0.42525 0.42784374999999997 0.44293750000000004 0.43150000000000005 0.4615625 0.431734375 0.46247916718750004 0.43562500000000004 0.46187500000000004 0.43790625 0.4603541671875
1 0.137234375 0.5553333328125001 0.12925 0.5414791671875 0.109265625 0.5414791671875 0.107671875 0.5585208328125 0.12765625 0.5681041671875 0.134046875 0.5691666671875 0.137234375 0.5649166671875 0.137234375 0.5553333328125001
1 0.21587499999999998 0.46997916718750005 0.218109375 0.4975625 0.22762500000000002 0.5184583328125 0.24496875 0.5214375 0.258953125 0.5259166671875 0.264546875 0.5244166671875 0.263984375 0.5132291671875 0.25392187499999996 0.4677291671875 0.22762500000000002 0.46177083281250003 0.211390625 0.4625208328125 0.21587499999999998 0.46997916718750005
1 0.44828124999999996 0.4843958328125 0.45149999999999996 0.48654166718749997 0.455109375 0.48708333281250005 0.45790625 0.483875 0.461125 0.47797916718750005 0.46473437500000003 0.4699583328125 0.46834375 0.4597916671875 0.471140625 0.45177083281249997 0.47315625 0.44375 0.47275 0.44002083281250004 0.469546875 0.43841666718749994 0.466734375 0.43947916718749996 0.46312499999999995 0.44322916718750005 0.45790625 0.4491041671875 0.4535 0.45658333281249996 0.447484375 0.4672916671875 0.44428124999999996 0.476375 0.44346874999999997 0.48012499999999997 0.44548437500000004 0.48227083281249994 0.44828124999999996 0.4843958328125
1 0.040625 0.60625 0.065625 0.60625 0.0734375 0.6020833328124999 0.0921875 0.6145833328125 0.11875 0.6145833328125 0.128125 0.6104166671875 0.1390625 0.625 0.15625 0.6354166671875 0.1828125 0.6354166671875 0.1953125 0.6270833328125 0.20625 0.63125 0.23125 0.63125 0.253125 0.6166666671875001 0.2546875 0.6229166671875 0.265625 0.6354166671875 0.3140625 0.6354166671875 0.3171875 0.63125 0.3265625 0.64375 0.3375 0.65 0.359375 0.65 0.3671875 0.6458333328125 0.3765625 0.65625 0.4171875 0.6541666671875 0.4265625 0.6625 0.44375 0.6625 0.4609375 0.6416666671875 0.471875 0.6041666671875 0.4703125 0.58125 0.4640625 0.5708333328124999 0.4578125 0.5666666671875 0.4578125 0.5416666671875 0.465625 0.5416666671875 0.4828125 0.53125 0.4953125 0.5145833328125 0.503125 0.49375 0.5765625 0.5145833328125 0.5821428578125001 0.5279761890625 0.5765625 0.5354166671875 0.578125 0.575 0.5875 0.5895833328125 0.59375 0.59375 0.6453125 0.59375 0.653125 0.5854166671875001 0.6578125 0.575 0.6578125 0.5458333328125 0.6515625 0.5333333328125 0.6328125 0.5229166671875001 0.621875 0.49791666718750005 0.6140625 0.4916666671875 0.6171875 0.46666666718750005 0.625 0.45625 0.6265625 0.4375 0.621875 0.4291666671875 0.6109375 0.43125 0.60625 0.425 0.5984375 0.425 0.5953125 0.4291666671875 0.5018092109375 0.4426535078125 0.5015625 0.4458333328125 0.4940172703125 0.44377741249999997 0.4953125 0.43125 0.484375 0.4166666671875 0.465625 0.40416666718750005 0.440625 0.40416666718750005 0.4234375 0.4145833328125 0.4234375 0.43333333281249997 0.425 0.4458333328125 0.42388980312499996 0.45389254375 0.41875 0.45625 0.4160978625 0.4550164484375 0.4005139796875 0.4572642546875 0.397991071875 0.4657738109375 0.39272203906250003 0.45838815781250003 0.38493009843750003 0.45951206093749997 0.3845982140625 0.4514880953125 0.3578125 0.42291666718750004 0.3560763890625 0.41921296249999995 0.3578125 0.4166666671875 0.353125 0.41041666718750003 0.35 0.4125 0.3375 0.40833333281249995 0.3375 0.40208333281249997 0.3203125 0.40416666718750005 0.315625 0.4 0.296875 0.4 0.284375 0.39375 0.2703125 0.39375 0.265625 0.3895833328125 0.2421875 0.3916666671875 0.2296875 0.40625 0.225 0.42083333281249996 0.23156249999999998 0.45145833281250003 0.225 0.45416666718750004 0.178125 0.4479166671875 0.1734375 0.44166666718750003 0.18125 0.43125 0.184375 0.41875 0.18125 0.39375 0.1765625 0.3854166671875 0.165625 0.3770833328125 0.1578125 0.3770833328125 0.1515625 0.3708333328125 0.1375 0.3708333328125 0.125 0.3770833328125 0.1046875 0.40625 0.103125 0.4270833328125 0.1140625 0.44166666718750003 0.1078125 0.45 0.0796875 0.4479166671875 0.0546875 0.46875 0.040625 0.46875 0.03125 0.47291666718750003 0.015625 0.4875 0.007291667187500001 0.50555555625 0.010916940625 0.5134594296875 0.003125 0.5145833328125 0.0015625 0.5520833328125 0.009375 0.5770833328125 0.0234375 0.5958333328125 0.040625 0.60625