2 0.3902291671875 0.56575 0.4067708328125 0.5576875 0.41172916718749997 0.54528125 0.41420833281249997 0.531625 0.41256250000000005 0.5099218750000001 0.39518749999999997 0.49812500000000004 0.3720208328125 0.49564062499999995 0.3306666671875 0.500609375 0.31579166718749996 0.5061875 0.3075208328125 0.52046875 0.3083333328125 0.5403125 0.32487499999999997 0.5645 0.34639583281249997 0.567609375 0.36375 0.575046875 0.3902291671875 0.56575
2 0.5786041671875 0.6759999999999999 0.557625 0.671859375 0.5410625 0.67103125 0.5278125 0.666890625 0.5167708328125 0.661921875 0.5079374999999999 0.6644062500000001 0.491375 0.6735156250000001 0.47922916718749997 0.683453125 0.478125 0.695046875 0.491375 0.707484375 0.5278125 0.711625 0.5311250000000001 0.710796875 0.5399583328124999 0.70996875 0.5543125 0.701671875 0.5763958328125 0.6925625 0.5819166671875 0.68759375 0.5797083328125 0.678484375 0.5786041671875 0.6759999999999999
2 0.7523125 0.675359375 0.7576458328125 0.65428125 0.7637083328125 0.636046875 0.7500416671875 0.6275000000000001 0.7181458328125 0.635484375 0.6946041671875001 0.6525624999999999 0.6930833328125 0.6702343749999999 0.7097916671875 0.69471875 0.7386458328125001 0.690171875 0.7447291671875 0.68503125 0.7523125 0.675359375
2 0.7642083328125 0.52246875 0.7578750000000001 0.512953125 0.738875 0.5111718749999999 0.715125 0.505234375 0.7024583328125 0.512953125 0.7056250000000001 0.5206875 0.7254166671875 0.53196875 0.7372916671875 0.53790625 0.7570833328125001 0.53553125 0.7562916671875 0.53671875 0.765 0.53078125 0.7642083328125 0.52246875
2 0.79975 0.507328125 0.7705 0.505015625 0.7705 0.51771875 0.7766458328125 0.5454375 0.7905208328125 0.566234375 0.813625 0.575484375 0.8274791671875 0.573171875 0.8351875 0.562765625 0.8290208328125 0.536203125 0.79975 0.507328125
2 0.322125 0.421 0.325 0.4185 0.32547916718750003 0.414546875 0.3269166671875 0.413109375 0.33599999999999997 0.40629687499999995 0.34700000000000003 0.40090624999999996 0.3479583328125 0.400546875 0.3522708328125 0.396234375 0.34891666718750003 0.39553125 0.3374375 0.393015625 0.3230833328125 0.390859375 0.3158958328125 0.39445312499999996 0.3029791671875 0.40378125000000004 0.3168541671875 0.41778125 0.3168541671875 0.41814062500000004 0.3206875 0.4224375 0.322125 0.421
2 0.2946458328125 0.408078125 0.2725625 0.404765625 0.2637291671875 0.404765625 0.2537916671875 0.41884375 0.2548958328125 0.42132812499999994 0.2725625 0.42878125 0.2802916671875 0.436234375 0.2880208328125 0.437890625 0.2813958328125 0.436234375 0.2924375 0.436234375 0.302375 0.432921875 0.3123125 0.4171875 0.2946458328125 0.408078125
2 0.5804791671875 0.3825625 0.5793541671875 0.351375 0.5546458328125 0.337046875 0.5299166671875 0.337046875 0.4995625 0.338734375 0.4883333328125 0.35475 0.4894583328125 0.36739062499999997 0.5074375 0.3791875 0.5254166671875 0.3775 0.5433958328124999 0.385078125 0.5804791671875 0.3825625
2 0.4984375 0.663734375 0.5076041671875 0.65865625 0.5183541671875 0.6443125000000001 0.5263125 0.62609375 0.51675 0.61175 0.4988333328125 0.5974062499999999 0.4884791671875 0.594125 0.46695833281250004 0.5914375 0.43947916718749996 0.592921875 0.4259375 0.5971093749999999 0.41637500000000005 0.6057812499999999 0.4171666671875 0.61384375 0.42393749999999997 0.6224999999999999 0.4362916671875 0.625796875 0.4542083328125 0.63028125 0.4657708328125 0.6428281250000001 0.476125 0.660453125 0.47731250000000003 0.663734375 0.4845 0.665234375 0.4984375 0.663734375
2 0.7740416671875 0.631421875 0.7763125 0.638234375 0.7876458328125 0.641984375 0.8076458328125 0.636203125 0.8108124999999999 0.62428125 0.8158125 0.598734375 0.8239791671875001 0.5823750000000001 0.8121875 0.574546875 0.7971874999999999 0.571140625 0.7885625 0.573859375 0.7849375000000001 0.58 0.7849375000000001 0.590890625 0.7849375000000001 0.6065625 0.7772083328125 0.617796875 0.7744791671875 0.62290625 0.7740416671875 0.631421875
2 0.7147291671875 0.625609375 0.7222291671875001 0.601546875 0.7140416671875001 0.584671875 0.697 0.571359375 0.6737916671875 0.571359375 0.6560625 0.575453125 0.6546875 0.5856874999999999 0.673125 0.601546875 0.6710625 0.6158750000000001 0.6778958328125 0.637875 0.6935833328125 0.6240625 0.7147291671875 0.625609375