1 0.0553286390625 0.8943749999999999 0.057253521875000005 0.897359375 0.061713615624999996 0.910546875 0.0706807515625 0.9360937500000001 0.077065728125 0.9450468750000001 0.11161971875000001 0.974421875 0.13016431875 0.98634375 0.1634272296875 0.9982656249999999 0.20051643125 1 0.19988262968749998 0.994 0.180704225 0.9705937499999999 0.17173708906250001 0.9556875 0.16535211249999998 0.941640625 0.1531924875 0.9280156249999999 0.14359154999999998 0.917796875 0.12312206562500001 0.9118281250000001 0.1167370890625 0.898203125 0.11032863906249998 0.8739375 0.0937089203125 0.8692500000000001 0.062370892187500006 0.867125 0.05659624375 0.867125 0.046361503124999995 0.87946875 0.0553286390625 0.8943749999999999
1 0.0853286390625 0.830078125 0.067605634375 0.8328906249999999 0.052840374999999995 0.835421875 0.0456807515625 0.8446875 0.046502346875 0.8525625 0.07098591562499999 0.857609375 0.0815492953125 0.862390625 0.09927230000000001 0.868 0.14103286406249999 0.864640625 0.1444131453125 0.8671562500000001 0.159178403125 0.862953125 0.1676291078125 0.8578906249999999 0.17058685468749998 0.8463749999999999 0.17269953124999998 0.836265625 0.171854459375 0.830078125 0.163826290625 0.8278281249999999 0.159178403125 0.827 0.15117370937500002 0.82559375 0.1456807515625 0.8188437499999999 0.1414553984375 0.8168749999999999 0.134718309375 0.8168749999999999 0.102230046875 0.8199687499999999 0.090821596875 0.8267187500000001 0.0853286390625 0.830078125
1 0.16976525781250001 0.8237656250000001 0.18161971875 0.829109375 0.190070421875 0.8302343750000001 0.19683098593749998 0.8293906249999999 0.2048826296875 0.822078125 0.1934507046875 0.81446875 0.17568075156250001 0.8110937500000001 0.1481924875 0.8119375 0.14946009375 0.8130625 0.1519953046875 0.8147500000000001 0.16976525781250001 0.8237656250000001
1 0.16929577499999998 0.855609375 0.15946009375 0.8676406249999999 0.16356807499999998 0.87746875 0.17258215937500002 0.8807499999999999 0.1939436625 0.87365625 0.21692488281250003 0.864359375 0.21692488281250003 0.8457812499999999 0.20460093906250001 0.8304843749999999 0.18983568125 0.834859375 0.17422535156250002 0.85234375 0.1717605640625 0.8534375000000001 0.17340375624999999 0.852890625 0.16929577499999998 0.855609375
1 0.452230046875 0.96571875 0.4698591546875 0.9629843749999999 0.48394366250000004 0.9563437499999999 0.488638496875 0.9500781249999999 0.48276995312500004 0.9473437499999999 0.488638496875 0.9461718749999999 0.4939201875 0.936796875 0.486877934375 0.936796875 0.4933333328125 0.9289687499999999 0.48922535156249997 0.92584375 0.48981220625 0.921546875 0.4769014078125 0.9227187499999999 0.4627934265625 0.9281874999999999 0.45751173749999996 0.93328125 0.44929577500000006 0.9383593749999999 0.442253521875 0.93875 0.42051643125 0.945890625 0.4181690140625 0.95790625 0.43284037499999994 0.963765625 0.452230046875 0.96571875
1 0.090610328125 0.544921875 0.07859155 0.554234375 0.08061032812499999 0.556453125 0.11126760625000001 0.55734375 0.1292723 0.54625 0.12126760624999999 0.5413593750000001 0.090610328125 0.544921875
1 0 0.48395312500000004 0.00910798125 0.50271875 0.02448356875 0.50271875 0.036431925 0.517484375 0.057769953124999995 0.5157812500000001 0.0842488265625 0.51465625 0.11328638437500001 0.5004375 0.12180751249999999 0.483390625 0.11584507031249999 0.47940625 0.109014084375 0.477140625 0.104741784375 0.4703125 0.093638496875 0.470890625 0.0705868546875 0.477140625 0.067159625 0.461796875 0.050938967187499996 0.462921875 0.0330046953125 0.47543749999999996 0.0167840375 0.46349999999999997 0 0.46804687500000003 0 0.48395312500000004
1 0.9260563375 0.7333125 0.9371596249999999 0.735171875 0.9496713609375 0.735171875 0.9566431921874999 0.731 0.95732394375 0.7291562500000001 0.96359155 0.727765625 0.967746478125 0.725453125 0.967746478125 0.7208281249999999 0.9642723 0.7203593749999999 0.953849765625 0.7189687499999999 0.9434272296874999 0.716203125 0.9385680750000001 0.71203125 0.93161971875 0.7148125000000001 0.9246478874999999 0.717125 0.9197887328125001 0.72128125 0.91840375625 0.727765625 0.9197887328125001 0.731 0.9260563375 0.7333125
1 0.0108685453125 0.77478125 0.0200234734375 0.835 0.030328639062500003 0.842625 0.0440610328125 0.83728125 0.03375586875 0.827375 0.0841314546875 0.8311875000000001 0.093309859375 0.82509375 0.118497653125 0.818234375 0.1436854453125 0.818234375 0.158568075 0.82509375 0.17230046875 0.82509375 0.15626760625 0.81365625 0.1688732390625 0.7984218750000001 0.15053990625 0.7923125 0.165446009375 0.777078125 0.15626760625 0.7717343750000001 0.1425352109375 0.7595468750000001 0.126502346875 0.75878125 0.0967370890625 0.7610625 0.0749765265625 0.758015625 0.0646713609375 0.7610625 0.0635211265625 0.7839375000000001 0.0246009390625 0.7831718750000001 0.032605634375 0.77784375 0.025751173437500004 0.7725 0.0108685453125 0.77478125
1 0.0208450703125 0.550890625 0.045774648437499996 0.572375 0.061901407812499996 0.5694375 0.110281690625 0.56553125 0.1366666671875 0.54796875 0.1425352109375 0.5430937499999999 0.1293427234375 0.51771875 0.1425352109375 0.506 0.1439906109375 0.48940625000000004 0.1410563375 0.47965625 0.130798121875 0.47575 0.1352112671875 0.46403125 0.1366666671875 0.45720312500000004 0.13227699531249998 0.45428125 0.130798121875 0.4376875 0.13960093906249998 0.42890625 0.1454694828125 0.41621874999999997 0.14840375625 0.40449999999999997 0.1439906109375 0.3918125 0.1366666671875 0.3869375 0.12640845 0.371328125 0.11467136093750001 0.3615625 0.10441314531250001 0.35765625 0.0765492953125 0.350828125 0.035492957812499996 0.344 0.004718309375 0.35765625 0.0076525828125 0.360578125 0 0.5089375 0.0208450703125 0.550890625
1 0.06650234687499999 0.999359375 0.07389671406250001 0.9936718750000001 0.0820187796875 0.984328125 0.08053990625 0.9774375 0.0635446015625 0.9769375 0.0687089203125 0.9680781250000001 0.050985915625 0.9690625 0.019929578125 0.9695625 0.034718309375 0.958734375 0.0472769953125 0.948890625 0.0472769953125 0.943484375 0.0642723 0.9365937499999999 0.07981220624999999 0.927734375 0.0916431921875 0.9208437500000001 0.0886854453125 0.911984375 0.0753755875 0.9129687499999999 0.0746244125 0.9080468749999999 0.0539436625 0.9036093749999999 0.04802816875 0.8991875 0.045070421875 0.8893437499999999 0.0332394359375 0.880984375 0.0495070421875 0.86965625 0.0546713609375 0.863265625 0.028802817187500003 0.86621875 0.000704225 0.8750781249999999 0.000704225 0.87971875 0.0014319250000000001 0.9973906250000001 0.06650234687499999 0.999359375
1 0.055610328125 0.605984375 0.0796948359375 0.644703125 0.091713615625 0.644703125 0.10976525781249999 0.643375 0.12983568125 0.651375 0.127840375 0.6366875000000001 0.13985915468750001 0.6366875000000001 0.1438732390625 0.6326875000000001 0.1559154921875 0.631359375 0.14589201875 0.62334375 0.14589201875 0.611328125 0.149906103125 0.5993125 0.14187793437500001 0.5899687499999999 0.1519014078125 0.580609375 0.13786385 0.57528125 0.133849765625 0.565921875 0.115798121875 0.557921875 0.07767605625 0.55925 0.047582159375 0.5726093750000001 0.055610328125 0.605984375
1 0.2980868546875 0.753765625 0.29709507031250004 0.7617734375 0.29125083749999997 0.7625133921875 0.2961032859375 0.7697812500000001 0.3191431921875 0.7629921875 0.31988262968750003 0.8183906249999999 0.34197183125 0.8387499999999999 0.36913927968750004 0.8402499999999999 0.3820446015625 0.832746875 0.3827230046875 0.841 0.420093896875 0.8432656250000001 0.419014084375 0.8354545453125001 0.42859155 0.8364843750000001 0.43708920156250003 0.829703125 0.4353755875 0.74378125 0.406502346875 0.6895156250000001 0.3606572765625 0.658984375 0.34876760625 0.6635078125 0.34316197187499997 0.6752671875 0.340133021875 0.6755677078125 0.336877934375 0.6680312500000001 0.3080046953125 0.6736875 0.28082159687499997 0.652203125 0.25194835625 0.6872499999999999 0.26213615 0.7189062500000001 0.28639838906250004 0.7552455359375 0.2980868546875 0.753765625
1 0.81446009375 0.722828125 0.8180046953125 0.72046875 0.8224882625 0.724109375 0.8302112671874999 0.725609375 0.83697183125 0.72646875 0.8517840375000001 0.7258281249999999 0.8595070421875001 0.72196875 0.8562910796875001 0.71746875 0.8630516437500001 0.71296875 0.8675586859375001 0.70846875 0.8620892015624999 0.7069687499999999 0.8553286390625001 0.70846875 0.8472769953125001 0.70996875 0.839553990625 0.70996875 0.8292488265625 0.70996875 0.8224882625 0.70996875 0.8147652578125 0.7093281250000001 0.8089906109375 0.707828125 0.80448356875 0.71146875 0.802230046875 0.719609375 0.802230046875 0.72346875 0.81124413125 0.72496875 0.81446009375 0.722828125
1 0.0023474171875 0.35202702656249996 0.009389671875 0.35625 0.0023474171875 0.3600084453125 0.0023474171875 0.5515625 0.0211267609375 0.5515625 0.04694835625 0.5734375 0.056338028124999995 0.6078125 0.07981220624999999 0.6453125 0.072769953125 0.65234375 0.0023474171875 0.6546875 0.0023474171875 0.678125 0.0187793421875 0.678125 0.023474178125 0.6921875 0.023474178125 0.7015625 0.009389671875 0.715625 0.009389671875 0.725 0.016431925 0.7296875 0.030516431249999997 0.7296875 0.042253521875 0.7203125 0.06338028125 0.728125 0.056338028124999995 0.7375 0.056338028124999995 0.75 0.0657277 0.7609375 0.1431924875 0.7609375 0.1478873234375 0.765625 0.1426401546875 0.76801470625 0.152582159375 0.79375 0.171361503125 0.796875 0.169014084375 0.8125 0.1877934265625 0.8140625 0.18661971875 0.81875 0.19953051718749998 0.828125 0.1924882625 0.83125 0.17840375625 0.828125 0.17370892031250001 0.8296875 0.17370892031250001 0.8390625 0.1942488265625 0.85234375 0.1699530515625 0.8696875000000001 0.1572769953125 0.865625 0.09624413125 0.86875 0.09859155 0.871875 0.11032863906249998 0.875 0.11971830937500001 0.9046875 0.072769953125 0.9390625 0.0704225359375 0.9359375 0.0657277 0.9359375 0.049295775 0.94375 0.042253521875 0.953125 0.0446009390625 0.9578125 0.0680751171875 0.95625 0.0751173703125 0.9484375 0.0751173703125 0.94375 0.1450182578125 0.93506944375 0.154929578125 0.93125 0.1666666671875 0.9421875 0.1807511734375 0.9421875 0.19161885 0.9292824078124999 0.3081203265625 0.9148148140625001 0.30985915468749997 0.9109375 0.3262910796875 0.9203125 0.3427230046875 0.9203125 0.3547209171875 0.909027778125 0.35915492968749996 0.9171875 0.3661971828125 0.921875 0.380281690625 0.921875 0.38732394375 0.9140625 0.40610328593749995 0.91875 0.410798121875 0.9234375 0.413145540625 0.9359375 0.42018779375 0.940625 0.45305164375 0.9375 0.46948356875 0.9265625 0.46713614999999997 0.90625 0.45070422499999996 0.8890625 0.41784037500000004 0.8875 0.40610328593749995 0.89375 0.38262910781250004 0.8765625 0.3661971828125 0.8765625 0.35915492968749996 0.88125 0.35915492968749996 0.903125 0.345070421875 0.903125 0.31924882656250003 0.8875 0.3028169015625 0.8890625 0.2910798125 0.878125 0.2793427234375 0.878125 0.2793427234375 0.86875 0.267605634375 0.8609375 0.27230046875 0.853125 0.27230046875 0.815625 0.2605633796875 0.8046875 0.53286385 0.6109375 0.539906103125 0.615625 0.556338028125 0.6140625 0.56828851875 0.623721590625 0.572769953125 0.621875 0.5751173703125 0.6234375 0.5774647890625 0.6546875 0.586854459375 0.6609375 0.603286384375 0.6640625 0.6103286390625 0.66875 0.61267605625 0.68125 0.6197183093749999 0.6859375 0.6338028171875 0.6859375 0.6408450703125 0.6796875 0.651515153125 0.6798295453125001 0.6901408453125 0.7046875 0.6931284671875 0.7078835234375 0.6901408453125 0.73125 0.7065727703125 0.7421875 0.7276995312500001 0.7421875 0.7347417843749999 0.7359375 0.7535211265624999 0.746875 0.7957746484375 0.746875 0.8028169015625 0.7421875 0.8262910796874999 0.746875 0.8450704218749999 0.746875 0.8521126765625 0.7515625 0.8497652578125001 0.7796875 0.8591549296875 0.79375 0.8661971828125001 0.7984375 0.877934271875 0.8046875 0.9061032859375 0.80625 0.913145540625 0.8109375 0.9178403749999999 0.825 0.9295774640625 0.8359375 0.9366197187499999 0.8359375 0.9413145546875 0.8390625 0.957746478125 0.8390625 0.96948356875 0.8484375 0.9976525828125 0.846875 0.9976525828125 0.825 0.9906103281249999 0.8046875 0.9788732390625 0.796875 0.9859154921875 0.7890625 0.9906103281249999 0.775 0.9906103281249999 0.7484375 0.9859154921875 0.7453125 0.950704225 0.7453125 0.9248826296875 0.746875 0.9084507046875 0.753125 0.8920187796875 0.7515625 0.8896713609375 0.746875 0.92018779375 0.7328125 0.92018779375 0.721875 0.9248826296875 0.7171875 0.9389671359375 0.7125 0.9413145546875 0.7 0.9248826296875 0.684375 0.894366196875 0.6875 0.8732394359375 0.68125 0.8568075125 0.671875 0.8568075125 0.6421875 0.8661971828125001 0.6421875 0.87089201875 0.6453125 0.9014084499999999 0.6453125 0.913145540625 0.6421875 0.9248826296875 0.634375 0.927230046875 0.6171875 0.9389671359375 0.6171875 0.943661971875 0.6140625 0.943661971875 0.6015625 0.9389671359375 0.5984375 0.9061032859375 0.5984375 0.8990610328124999 0.603125 0.894366196875 0.603125 0.88732394375 0.596875 0.8732394359375 0.596875 0.8685446015625 0.6 0.8309859156250001 0.603125 0.8192488265625 0.6125 0.8028169015625 0.6046875 0.784037559375 0.6046875 0.767605634375 0.54453125 0.7699530515624999 0.540625 0.7769953046875 0.54375 0.7934272296875 0.5453125 0.8145539906250001 0.5546875 0.8403755875 0.553125 0.8521126765625 0.54375 0.85446009375 0.53125 0.83802816875 0.51875 0.8239436625 0.515625 0.7746478875 0.515625 0.7652582156250001 0.521875 0.55801475625 0.491071428125 0.5446009390625 0.48125 0.5305164312499999 0.48125 0.5234741781250001 0.4859375 0.5234741781250001 0.5046875 0.5305164312499999 0.509375 0.5446009390625 0.509375 0.5938967140625 0.553125 0.603286384375 0.5578125 0.6009389671875 0.5703125 0.6079812203125 0.575 0.6079812203125 0.5796875 0.5938967140625 0.575 0.5751173703125 0.575 0.5680751171875 0.5796875 0.556338028125 0.5796875 0.5516431921875 0.565625 0.5469483562499999 0.5625 0.5305164312499999 0.5625 0.5234741781250001 0.5671875 0.5211267609375 0.5859375 0.5023474171875 0.584375 0.5017072140625001 0.5788352265625 0.5 0.5828125 0.492957746875 0.58125 0.49338455000000003 0.57322443125 0.13551003125 0.3319602265625 0.1314553984375 0.3359375 0.1267605640625 0.3328125 0.12206572812500001 0.315625 0.12910798125 0.303125 0.1267605640625 0.29375 0.12206572812500001 0.290625 0.105633803125 0.290625 0.09624413125 0.2859375 0.09859155 0.2765625 0.0915492953125 0.2671875 0.0774647890625 0.259375 0.0446009390625 0.259375 0.0539906109375 0.24375 0.0516431921875 0.234375 0.04694835625 0.23125 0.030516431249999997 0.23125 0.023474178125 0.2359375 0.007042253125 0.2390625 0.0023474171875 0.2421875 0.010670082812499999 0.24779829531250003 0.0023474171875 0.25625 0.0023474171875 0.35202702656249996