1 0.8661953734375001 0.05703125 0.8545501281250001 0.0666875 0.8460668374999999 0.08859375 0.845012853125 0.12335937500000001 0.861953728125 0.142671875 0.8757326484375 0.15362499999999998 0.8884575828125 0.15490625 0.8852699234375001 0.13365625 0.883161953125 0.10918749999999999 0.8789203078125001 0.071203125 0.8810282781250001 0.07184375 0.8746786625 0.060906249999999995 0.8661953734375001 0.05703125
1 0.8711311046875 0.149125 0.8734190234374999 0.16296875 0.8853727499999999 0.160203125 0.8882005140624999 0.155015625 0.8950385609374999 0.15431250000000002 0.9041388171875001 0.14775 0.912673521875 0.12423437500000001 0.9138174812500001 0.11558593749999999 0.91580976875 0.11558593749999999 0.918946015625 0.10693749999999999 0.902442159375 0.09553125 0.8984575828124999 0.09034375 0.8876349609374999 0.10659375 0.8836503859375 0.1231875 0.8859383031249999 0.125265625 0.8874464453125 0.14509895781249998 0.8711311046875 0.149125
1 0.8746015421875001 0.07032812499999999 0.888251928125 0.09025 0.8896143953125 0.09521874999999999 0.9141902312499999 0.10020312499999999 0.931953728125 0.1085 0.9524421593750001 0.120953125 0.9756555265625 0.11764062500000001 0.9824935734375 0.101859375 1 0.07696875 0.9988688953124999 0.033796875 0.9770179953125 0.003078125 0.8349871468750001 0.001421875 0.8431876609375 0.033796875 0.8622879171875001 0.057046875 0.8732133671875 0.07032812499999999 0.8746015421875001 0.07032812499999999
1 0.65465295625 0.06440625 0.6669151671875 0.0925625 0.679203084375 0.08925 0.6873778921875 0.071859375 0.69419023125 0.08842187500000001 0.7023650390625 0.098359375 0.7214395890625 0.076828125 0.7309768640625001 0.070203125 0.7309768640625001 0.09421874999999999 0.7446015421875 0.10001562500000001 0.75141388125 0.085109375 0.7636760921875 0.0726875 0.7595886890625 0.051984375000000006 0.747326478125 0.03625 0.7446015421875 0.03625 0.7255269921874999 0.027968749999999997 0.7023650390625 0.024656249999999998 0.688740359375 0.024656249999999998 0.6723907453125 0.024656249999999998 0.671028278125 0.03128125 0.671028278125 0.032937499999999995 0.66419023125 0.03128125 0.6383033421875 0.0594375 0.6274035984374999 0.085109375 0.63557840625 0.08925 0.65465295625 0.06440625
1 0.6791259640625 0.1471875 0.7049614390625 0.140578125 0.721285346875 0.140578125 0.7471208218750001 0.153796875 0.7525449875 0.153796875 0.7484832906250001 0.109171875 0.72673521875 0.10421875 0.722647815625 0.095125 0.7104113109375 0.0984375 0.6845758359375 0.08934375 0.6750642671875 0.097609375 0.6587403593750001 0.09346875 0.6560154234375 0.081078125 0.6533161953125 0.07590625 0.642416453125 0.089953125 0.6261182515625 0.089125 0.624755784375 0.07259375 0.6125192796875 0.07590625 0.5961953734375001 0.09490625 0.579897171875 0.1304375 0.58395886875 0.13065625 0.6274807203125 0.129 0.6437789203125 0.140578125 0.6628277640625 0.142234375 0.6791259640625 0.1471875
1 0.5102313625 0.06096875 0.48442159374999993 0.031828125 0.42907455 0.090125 0.4253984578125 0.110296875 0.49547557812500004 0.10357812500000001 0.5102313625 0.06096875
1 0.428277634375 0.034609375 0.41383033437499994 0.046609374999999995 0.39794344531250003 0.07559375 0.40033419062500003 0.094328125 0.41383033437499994 0.096078125 0.42442159375 0.091109375 0.43020565624999996 0.063296875 0.43501285312500004 0.04925 0.45187660625000003 0.03284375 0.448020565625 0.026703125 0.4417737796875 0.028171875000000002 0.428277634375 0.034609375
1 0.84164524375 0.166578125 0.84164524375 0.142109375 0.84164524375 0.10003124999999999 0.8496915171874999 0.068703125 0.8319794343750001 0.057937499999999996 0.8255527 0.05996875 0.7949614390625 0.094203125 0.793367609375 0.13528125 0.7949614390625 0.166578125 0.84164524375 0.166578125
1 0.14814909999999998 0.054296875 0.12187660625 0.046828125 0.07629820000000001 0.054296875 0.0850642671875 0.07346875 0.09557840625 0.09690625 0.093830334375 0.12354687499999999 0.09030848281250001 0.136328125 0.09907455 0.14484375 0.1078406171875 0.150171875 0.10958868906250001 0.157640625 0.12010282812499999 0.16509374999999998 0.1376349609375 0.161890625 0.17971722343750002 0.159765625 0.17971722343750002 0.157640625 0.21652956250000002 0.150171875 0.21652956250000002 0.134203125 0.218277634375 0.12887500000000002 0.237557840625 0.1065 0.23403598906249998 0.103296875 0.23930591250000002 0.089453125 0.23930591250000002 0.079859375 0.2445758359375 0.063875 0.20249357343750002 0.056421874999999996 0.21125964062499997 0.058546875 0.172699228125 0.056421874999999996 0.14814909999999998 0.054296875
1 0.39696658125 0.032359375 0.39233933125 0.039109375 0.39465295624999996 0.04584375 0.39002570625 0.054000000000000006 0.39789203125 0.056515625 0.4029820046875 0.061578125 0.40989717187499997 0.0495 0.42884318749999994 0.032078125 0.4228534703125 0.028437499999999998 0.40897172187499997 0.029546875 0.39696658125 0.032359375
1 0.43514138750000003 0.1814375 0.46143958906250004 0.189875 0.47092545 0.189875 0.4811568125 0.180546875 0.4877377890625 0.1685625 0.49282776406249995 0.14415625 0.49210796874999996 0.13128125 0.47385604062500003 0.12640625 0.4775064265625 0.11485937500000001 0.4775064265625 0.1064375 0.4694601546875 0.11353125 0.44974293125000003 0.1153125 0.4490231359375 0.10865625000000001 0.4387917734375 0.114421875 0.4256555265625 0.12196875 0.4176349609375 0.117078125 0.4154241640625 0.113984375 0.405938303125 0.157921875 0.4147043703125 0.178328125 0.42128534687499997 0.18809375 0.43514138750000003 0.1814375
1 0.8118251921875 0.029484375 0.8163496140625 0.036546875 0.8338046265625 0.031046875 0.8402570687500001 0.027515625 0.8363753218750001 0.005921875 0.835089975 0.0015937500000000001 0.7291516703124999 0.00042187500000000005 0.7252699234375 0.016515625 0.7465809765625 0.028296875 0.780822621875 0.031046875 0.8118251921875 0.029484375
0 0.0061182515625000005 0.31203125 0.037043701562499996 0.31715625 0.1110796921875 0.31829687500000003 0.1457583546875 0.31715625 0.167326478125 0.310890625 0.18982005156249998 0.29095312500000003 0.18043701875 0.2795625 0.1616966578125 0.26646875 0.15138817499999999 0.259625 0.15138817499999999 0.242546875 0.1635732640625 0.228296875 0.14951156875 0.22317187500000002 0.12046272499999999 0.226015625 0.0951670953125 0.224875 0.060488431249999995 0.230578125 0.051105398437500005 0.228296875 0.014550128125 0.23114062500000002 0.0014395890625 0.23628125 0 0.308046875 0.0061182515625000005 0.31203125
0 0.2802313625 0.270078125 0.3184575828125 0.2654375 0.310796915625 0.240640625 0.3006169671875 0.236 0.3006169671875 0.218953125 0.27002570625 0.21121875 0.247095115625 0.22825 0.27257069375 0.24684374999999997 0.2598457578125 0.25768749999999996 0.2802313625 0.270078125
0 0.47840617031250005 0.237796875 0.468508996875 0.2290625 0.44424164531250004 0.23015625 0.42354755781250003 0.237796875 0.414550128125 0.246 0.41277635 0.261296875 0.42354755781250003 0.26840625 0.45771208281250003 0.26949999999999996 0.46760925468750003 0.265671875 0.48017994843749995 0.25256249999999997 0.47840617031250005 0.237796875
0 0.18357326406250002 0.220609375 0.1843701796875 0.228296875 0.1913624671875 0.235828125 0.1997172234375 0.237796875 0.2126221078125 0.235015625 0.21557840625 0.23926562499999998 0.2443958875 0.23271875 0.24951156874999997 0.22764062499999999 0.248971721875 0.219296875 0.237120821875 0.21226562499999999 0.22930591250000001 0.206546875 0.2150642671875 0.203265625 0.199434446875 0.20604687500000002 0.197300771875 0.20589062500000002 0.192185090625 0.20818750000000003 0.18357326406250002 0.220609375
0 0.2196143953125 0.258359375 0.23838046249999997 0.258359375 0.2565809765625 0.254890625 0.2565809765625 0.248328125 0.2525964015625 0.23726562499999998 0.2366838046875 0.2306875 0.2110796921875 0.23518750000000002 0.1996915171875 0.24279687499999997 0.192879178125 0.24659375 0.1996915171875 0.25696875 0.2196143953125 0.258359375
0 0.33835475625 0.254421875 0.33881748125 0.24715625000000002 0.33789203125 0.24240625 0.33282776406250003 0.23960937499999999 0.31580976875 0.23960937499999999 0.306606684375 0.24548437500000003 0.31534704375 0.251625 0.32269922812499996 0.26170312500000004 0.33557840625 0.261140625 0.33557840625 0.2591875 0.33835475625 0.254421875
0 0.418714653125 0.267765625 0.41233933125 0.2574375 0.418714653125 0.24646875000000001 0.41658097656250004 0.23937499999999998 0.3995886890625 0.23162500000000003 0.379434446875 0.22839062499999999 0.3666838046875 0.230328125 0.35501285312499997 0.241953125 0.35287917812499997 0.254859375 0.35820051406250003 0.27164062499999997 0.3847300765625 0.28195312499999997 0.39853470468749996 0.27809375 0.418714653125 0.273578125 0.418714653125 0.267765625
0 0.3418251921875 0.21931250000000002 0.3217994859375 0.2174375 0.3017737796875 0.21837499999999999 0.3033161953125 0.23803125 0.3341131109375 0.24178125 0.3418251921875 0.23334375000000002 0.3418251921875 0.21931250000000002
0 0.43814909999999996 0.22976562500000003 0.44393316250000003 0.22171875000000002 0.4414395890625 0.22121875000000002 0.42737789218750005 0.218203125 0.40753213437499997 0.2166875 0.39676092500000004 0.2171875 0.392647815625 0.21970312500000003 0.3893316203125 0.22321875000000002 0.38187660625 0.22774999999999998 0.3992544984375 0.240328125 0.41496143906249994 0.235796875 0.42987146562499995 0.23126562499999997 0.43814909999999996 0.22976562500000003
3 0.7228277640624999 0.6923125 0.7293059125 0.68415625 0.7297686375 0.678828125 0.7408483296874999 0.678265625 0.76488431875 0.6642187500000001 0.76488431875 0.656625 0.76210796875 0.653265625 0.7505655531250001 0.648203125 0.779203084375 0.64371875 0.7921593828125 0.621515625 0.7736760921875 0.61646875 0.7505655531250001 0.6229218750000001 0.743624678125 0.624046875 0.7371465296874999 0.619828125 0.714987146875 0.620671875 0.7048071984375001 0.624046875 0.69326478125 0.61534375 0.6692287921875 0.61675 0.6590488437500001 0.620109375 0.6539845765625001 0.6144999999999999 0.6313367609375 0.61309375 0.6230077125 0.61478125 0.6197686375 0.61675 0.6146786625 0.6091562500000001 0.5957326484375 0.60775 0.58095115625 0.611125 0.568946015625 0.605515625 0.5472236500000001 0.604671875 0.5398200515625 0.606625 0.5365809765625 0.6083125 0.532879178125 0.602421875 0.5231876609375 0.600453125 0.4635732640625 0.598765625 0.45339331562499996 0.60803125 0.45802056562500004 0.617875 0.4635732640625 0.624046875 0.4640359890625 0.626859375 0.457557840625 0.63190625 0.4644987140625 0.64175 0.47002570625000006 0.645390625 0.4663496140625 0.655234375 0.47002570625000006 0.6642187500000001 0.47557840625000003 0.6673125 0.48020565625 0.6712343749999999 0.47419023125 0.6802343750000001 0.47557840625000003 0.690625 0.495449871875 0.697921875 0.48483290468750007 0.7066250000000001 0.48159382968750003 0.71365625 0.48298200468749997 0.7209531250000001 0.494524421875 0.727140625 0.5051670953125 0.7260156249999999 0.5199485859374999 0.724890625 0.5342673515625 0.727421875 0.5495372749999999 0.7341562500000001 0.5657069406249999 0.730796875 0.5744730078125 0.7347187500000001 0.5915938296875 0.7369687500000001 0.602210796875 0.735 0.6156041125 0.73725 0.6290231359375 0.74034375 0.6410282781250001 0.74315625 0.65997429375 0.7400625 0.6641388171875 0.7425937499999999 0.6886375328125001 0.721796875 0.715912596875 0.700171875 0.7246786625 0.695671875 0.7228277640624999 0.6923125
3 0.88372750625 0.48785937500000004 0.8847043703124999 0.476265625 0.8799228796874999 0.47162499999999996 0.865938303125 0.46834375 0.8535475578125 0.47028125000000004 0.8443444734375 0.4755 0.8398971718749999 0.48553125 0.8608483296875 0.494609375 0.88372750625 0.48785937500000004
3 0.845218509375 0.5319375 0.8498457578125 0.5310937499999999 0.860462725 0.528015625 0.8683290484375 0.526890625 0.8711053984375001 0.5218281250000001 0.8711053984375001 0.51509375 0.8664781484375 0.51228125 0.8595372749999999 0.5091875 0.8512339328125 0.50946875 0.845218509375 0.51059375 0.837352184375 0.51284375 0.8308997421875001 0.5165 0.8313624671875001 0.523515625 0.8331876609375 0.527453125 0.8405912593749999 0.5291406249999999 0.845218509375 0.5319375
3 1 0.42474999999999996 0.9967352187499999 0.420609375 0.978508996875 0.42234375 0.969408740625 0.42371875000000003 0.964293059375 0.42406249999999995 0.9614395890624999 0.42234375 0.95349614375 0.4175 0.9281491000000001 0.423015625 0.9281491000000001 0.41790625 0.8920565546875 0.418625 0.8812339328125001 0.41643749999999996 0.8776092546875001 0.4113125 0.848740359375 0.415703125 0.8234961437500001 0.41278125 0.7982262203125 0.42009375000000004 0.7898200515625 0.425203125 0.7717737796875 0.43471875000000004 0.7621593828125001 0.44203125 0.74048843125 0.450796875 0.7406940875 0.45310937500000004 0.7441131109375 0.46176562499999996 0.7492287921874999 0.467296875 0.75092545 0.47109375 0.7526478156249999 0.478359375 0.7588946015625 0.4849375 0.7685604109375 0.489421875 0.7697172234375 0.4966875 0.7708483296875001 0.50153125 0.777095115625 0.508109375 0.7793830328125 0.5160625 0.8010025703125001 0.53403125 0.8010025703125001 0.5375 0.8049871468750001 0.5485625 0.816375321875 0.55271875 0.8180719796875 0.55996875 0.8277377890625001 0.571390625 0.837994859375 0.5765781249999999 0.8453727499999999 0.58521875 0.8436760921875001 0.592484375 0.8391259640625 0.6032031250000001 0.8448071984375 0.609078125 0.8664267359375 0.6125468749999999 0.96997429375 0.6211875 1 0.6256875 1 0.609078125 1 0.602515625 1 0.5368125 1 0.524015625 1 0.42474999999999996
0 0.33650385625 0.25778124999999996 0.3399228796875 0.26734375 0.3462210796875 0.27134375 0.3542416453125 0.27378125 0.3585347046875 0.27273437500000003 0.35881748125 0.270484375 0.35308483281249997 0.254125 0.35308483281249997 0.24925000000000003 0.357095115625 0.24107812499999998 0.358251928125 0.23776562499999998 0.3579691515625 0.23759375 0.3456555265625 0.23776562499999998 0.3410796921875 0.24315625000000002 0.3379177375 0.24959375 0.33650385625 0.25778124999999996
3 0.8987403593750001 0.75496875 0.9211053984375001 0.751359375 0.9283547562500001 0.74696875 0.9342673515625 0.733375 0.9145244218749999 0.722984375 0.89020565625 0.72378125 0.879665809375 0.733375 0.880334190625 0.7441718749999999 0.879665809375 0.74496875 0.8862467859375001 0.7485625 0.8987403593750001 0.75496875
3 0.9158868890624999 0.6990937500000001 0.9233676093750001 0.702671875 0.9393830328125 0.70234375 0.9457840609374999 0.699421875 0.9452699234375 0.69065625 0.9489974296874999 0.684484375 0.9516709515624999 0.6818906250000001 0.9489974296874999 0.6776718749999999 0.9425964015625 0.6737656249999999 0.936169665625 0.67084375 0.9297686374999999 0.669546875 0.9169408734375001 0.670203125 0.90465295625 0.674421875 0.8993316203124999 0.68059375 0.8982519281249999 0.68578125 0.8993316203124999 0.69065625 0.8987917734374999 0.687734375 0.9020051406249999 0.692921875 0.9158868890624999 0.6990937500000001
3 0.16352185156250001 0.47035937499999997 0.18645244218749998 0.46754687500000003 0.19110539843750002 0.46517187499999996 0.1932904890625 0.4573125 0.18987146562499999 0.45034375000000004 0.180359896875 0.44915625 0.1735218515625 0.44945312499999995 0.164987146875 0.45109374999999996 0.1591516703125 0.4573125 0.15742930625 0.46101562500000004 0.15742930625 0.46503125 0.16352185156250001 0.47035937499999997
3 0.24534704375 0.47196875 0.2357583546875 0.47359375000000004 0.230796915625 0.476859375 0.228483290625 0.48128125 0.23002570625000002 0.487328125 0.23192802031249998 0.4894375 0.239203084375 0.49221875 0.241516709375 0.49292187500000006 0.24534704375 0.490828125 0.2526221078125 0.48965625 0.2660154234375 0.48803124999999997 0.262185090625 0.487796875 0.2656298203125 0.48290625 0.2614395890625 0.47615625 0.256838046875 0.47196875 0.24534704375 0.47196875
3 0.25071979375 0.530078125 0.2542416453125 0.527953125 0.26303341874999997 0.52634375 0.2700771203125 0.524203125 0.27534704374999996 0.5220625 0.277095115625 0.5183125000000001 0.2762210796875 0.515109375 0.26917737812500003 0.509765625 0.264781490625 0.5081562500000001 0.25951156875 0.507625 0.252467865625 0.507625 0.24719794374999998 0.5081562500000001 0.24280205625 0.510828125 0.23838046249999997 0.514578125 0.23750642656249998 0.5183125000000001 0.23750642656249998 0.523140625 0.23838046249999997 0.524203125 0.24280205625 0.526875 0.25071979375 0.530078125
3 0.2672750640625 0.66065625 0.27742930625 0.6613125 0.282236503125 0.660328125 0.2897172234375 0.65125 0.2961182515625 0.646375 0.289177378125 0.63890625 0.2763496140625 0.6346875 0.2688946015625 0.635328125 0.26141388125 0.635328125 0.25606683750000003 0.636953125 0.2475064265625 0.647671875 0.2491259640625 0.65125 0.25766066875 0.659359375 0.2672750640625 0.66065625
3 0.3289203078125 0.536484375 0.32164524375000003 0.5320625 0.3164524421875 0.52890625 0.30503856093750004 0.52890625 0.295681234375 0.5314375 0.289434446875 0.535859375 0.2852956296875 0.542796875 0.291516709375 0.5472187500000001 0.297763496875 0.54975 0.3008740359375 0.54975 0.312313625 0.549109375 0.3185347046875 0.5484843749999999 0.32580976875 0.5484843749999999 0.3289203078125 0.542171875 0.3289203078125 0.536484375
1 0.6040359890625 0 0.5863239078125 0.001171875 0.5712339328125 0.0035624999999999997 0.5627249359375 0.006750000000000001 0.5666580984375 0.007140625 0.5640359890625 0.020296875 0.55419023125 0.021890625 0.548946015625 0.025093749999999998 0.5508997421874999 0.031468750000000004 0.54303341875 0.040234375 0.5443444734375 0.045421875 0.5495886890625 0.049812499999999996 0.5515681234375001 0.056578125 0.54696658125 0.0625625 0.56141388125 0.06934375000000001 0.574524421875 0.07053125 0.5784575828125 0.075328125 0.5863239078125 0.0836875 0.6243701796875001 0.029875000000000002 0.632236503125 0.029875000000000002 0.5915681234375 0.084890625 0.5935475578125 0.08728125 0.6047043703125 0.08010937500000001 0.625681234375 0.074921875 0.632236503125 0.07132812499999999 0.6427506421875 0.0605625 0.6551928015625 0.043421875 0.665706940625 0.035453125 0.668971721875 0.032265625 0.6847300765625 0.025093749999999998 0.687994859375 0.023890625 0.698483290625 0.0226875 0.702416453125 0.016718749999999998 0.6932390749999999 0.00953125 0.6919280203125 0.002359375 0.691285346875 0.0015625 0.6761953734375 0 0.6230591265625 0 0.6040359890625 0
3 0.9225964015624999 0.64384375 0.9070179953125 0.6413125 0.8841388171875 0.647625 0.8529820046875001 0.6312031250000001 0.8415424171874999 0.635 0.8228277640625 0.645734375 0.6950128531249999 0.7493125 0.7095629812500001 0.753109375 0.699177378125 0.76953125 0.6981491 0.77521875 0.667994859375 0.7846875 0.66280205625 0.801109375 0.6399485859375 0.797953125 0.6233161953125 0.8067968750000001 0.6243701796875001 0.826375 0.634755784375 0.8333125000000001 0.6576092546875 0.8333125000000001 0.7293059125 0.8333125000000001 0.779203084375 0.8377343749999999 0.7864781484375001 0.8244843749999999 0.8207712078125 0.815640625 0.8363496140625 0.8004843749999999 0.8664781484375 0.7878437500000001 0.874781490625 0.777734375 0.89349614375 0.7720625 0.9007712078125 0.755 0.926760925 0.748046875 0.9392287921875001 0.738578125 0.9703856046875 0.735421875 0.9807969156249999 0.722796875 0.976632390625 0.708265625 0.9891002578125001 0.7051093749999999 0.9953213375000001 0.6931093749999999 0.9984575828125 0.6564687499999999 0.990128534375 0.655203125 0.96 0.6444687499999999 0.9308997421875 0.64953125 0.9225964015624999 0.64384375
1 0.071979434375 0.0984375 0.06855184375 0.10052083281249999 0.071979434375 0.1265625 0.077120821875 0.1296875 0.071979434375 0.134375 0.074550128125 0.153125 0.10282776406250001 0.1671875 0.11311054062499999 0.159375 0.118251928125 0.1671875 0.0839760078125 0.1125 0.09511568125 0.1046875 0.09511568125 0.096875 0.08826049687500001 0.08125 0.3261109078125 0.0388392859375 0.42673521875000003 0.025 0.43883260156250004 0.027757353125000002 0.425449871875 0.0329241078125 0.41773778906250003 0.08046875 0.4113110546875 0.096875 0.41516709531249996 0.09703125 0.4113110546875 0.121875 0.41902313593749996 0.11875 0.42673521875000003 0.121875 0.4447300765625 0.1125 0.44987146562499997 0.115625 0.47043701875000005 0.1140625 0.47557840625000003 0.128125 0.4910025703125 0.13125 0.4935732640625 0.14375 0.51928020625 0.14375 0.52956298125 0.140625 0.5629820046875 0.1421875 0.5809768640625 0.1359375 0.5912596406249999 0.1 0.6323907453125 0.0890625 0.6606683796875 0.0953125 0.6735218515625 0.096875 0.6786632390625 0.09375 0.6966580984374999 0.0921875 0.7069408734375 0.096875 0.7120822625 0.0875 0.720039171875 0.09427083281250001 0.7275064265625 0.1046875 0.742930590625 0.109375 0.7532133671875 0.1515625 0.7660668375 0.1515625 0.7763496140624999 0.159375 0.781491003125 0.159375 0.781491003125 0.1921875 0.789203084375 0.196875 0.80462725 0.196875 0.8277634968750001 0.18125 0.832904884375 0.184375 0.8637532140624999 0.1828125 0.8740359890624999 0.1921875 0.8920308484374999 0.196875 0.9203084828125 0.196875 0.9537275062499999 0.1828125 0.9614395890624999 0.1828125 0.9845758359375001 0.1578125 0.9845758359375001 0.1234375 0.982005140625 0.1171875 0.9768637531250001 0.115625 0.982005140625 0.1046875 0.9296119484375 0.10260416718750001 0.9254498718749999 0.10625 0.9125964015625 0.1 0.9034153500000001 0.1015625 0.7986289640625001 0.0973958328125 0.7969151671875 0.0921875 0.8123393312499999 0.071875 0.8174807203125001 0.0703125 0.8277634968750001 0.059375 0.832904884375 0.059375 0.8508997421875 0.0703125 0.86118251875 0.0625 0.86118251875 0.05625 0.8457583546875 0.0375 0.8406169671875 0.025 0.8354755781250001 0.03125 0.8174807203125001 0.0375 0.8097686375 0.0296875 0.7943444734375 0.0328125 0.7660668375 0.03125 0.7557840609375 0.0453125 0.7480719796875 0.0375 0.7480719796875 0.0296875 0.732647815625 0.021875 0.7275064265625 0.025 0.7275064265625 0.0296875 0.7236503859375001 0.0333984375 0.7005141390625 0.0837890625 0.691516709375 0.0828125 0.691516709375 0.0921875 0.6812339328125 0.0859375 0.67095115625 0.0840625 0.663239075 0.084375 0.6593830328125 0.07578125 0.6538131953125 0.0848958328125 0.647814909375 0.084375 0.645244215625 0.0759375 0.6555269921875 0.0671875 0.6323907453125 0.071875 0.6272493578125 0.075 0.6202933625 0.06911764687500001 0.547709059375 0.052573529687499995 0.5449871468749999 0.046875 0.5449871468749999 0.0390625 0.550128534375 0.0328125 0.550128534375 0.025 0.5552699234375 0.021875 0.552699228125 0.0171875 0.5321336765625 0.009375 0.457583546875 0.0078125 0.447300771875 0.0109375 0.43701799531249996 0.01796875 0.31353286874999997 0.040569196875000005 0.08712816718750001 0.0717075890625 0.0848329046875 0.0734375 0.074550128125 0.0734375 0.066838046875 0.078125 0.0711225375 0.08671875 0.066838046875 0.0921875 0.071979434375 0.0984375
3 0.3264781484375 0.478125 0.3419023140625 0.4890625 0.3419023140625 0.5 0.354755784375 0.50625 0.3650385609375 0.50625 0.380462725 0.496875 0.380462725 0.4890625 0.3701799484375 0.4828125 0.35218509062500003 0.4828125 0.34138817499999996 0.478125 0.336760925 0.471875 0.336760925 0.4640625 0.3239074546875 0.45625 0.308483290625 0.4546875 0.29820051406250003 0.459375 0.2930591265625 0.4640625 0.2930591265625 0.4734375 0.29820051406250003 0.478125 0.3264781484375 0.478125