2 0.35876562500000003 0.5246962609375 0.33359375 0.567056075 0.327296875 0.7176401875 0.32414062499999996 0.74588785 0.377640625 0.741168225 0.39653125 0.738831775 0.3918125 0.7223598124999999 0.390234375 0.61411215 0.382375 0.567056075 0.36978125 0.5364719625000001 0.35876562500000003 0.5246962609375
2 0.77421875 0.8564018687500001 0.8025 0.8530607484375 0.80696875 0.8497196265625 0.8300468750000001 0.8485981312499999 0.8345156250000001 0.8374766359375 0.8419531250000001 0.8330140187499999 0.852375 0.8341355140625 0.8672656249999999 0.8408177562500001 0.884375 0.820771028125 0.892578125 0.8029672890624999 0.8985312499999999 0.787383178125 0.908203125 0.77404205625 0.9141562499999999 0.7517757015625001 0.9186249999999999 0.7328504671875 0.927546875 0.6905607484375 0.9297812499999999 0.6849999999999999 0.915640625 0.6894392515625001 0.8910781249999999 0.7050233640625 0.8620468750000001 0.71948598125 0.8427031250000001 0.737313084375 0.81665625 0.759556075 0.79059375 0.789602803125 0.75934375 0.82301401875 0.760828125 0.8341355140625 0.77125 0.8497196265625 0.77421875 0.8564018687500001
2 0.6860625 0.8260280375000001 0.667171875 0.8519158875 0.70809375 0.8519158875 0.73640625 0.8519158875 0.7600156250000001 0.8331074765625001 0.7788906250000001 0.7813317750000001 0.791484375 0.7366355140625 0.79778125 0.6942757015625001 0.79778125 0.6589719625 0.79778125 0.6260280375 0.79778125 0.6048598125 0.7851874999999999 0.5860280375 0.7600156250000001 0.5860280375 0.750578125 0.6236915890625 0.756875 0.6095794390625 0.737984375 0.6778037390625 0.7316874999999999 0.7178037390625 0.7049375 0.7625 0.6860625 0.8260280375000001
2 0.657734375 0.7529439250000001 0.65615625 0.7270560749999999 0.653015625 0.698831775 0.648296875 0.6682242984375 0.6325624999999999 0.6635280375 0.5916406249999999 0.6846962609375 0.5743437499999999 0.6964719625 0.538140625 0.7223598124999999 0.514546875 0.7294158875 0.49093749999999997 0.738831775 0.457890625 0.741168225 0.43271875 0.741168225 0.402828125 0.7435280375 0.366625 0.74588785 0.341453125 0.7529439250000001 0.309984375 0.76 0.295828125 0.76 0.243890625 0.7646962609375 0.21400000000000002 0.7694158875 0.202984375 0.7764719625 0.180953125 0.8094158874999999 0.19196875 0.8188317749999999 0.2234375 0.82588785 0.2580625 0.8305841125000001 0.2848125 0.8376401875000001 0.3115625 0.8400000000000001 0.35246875 0.8517757015624999 0.37921875 0.8564719625 0.416984375 0.8564719625 0.446875 0.8517757015624999 0.478359375 0.858831775 0.50825 0.858831775 0.541296875 0.858831775 0.558609375 0.8494158875 0.5774843749999999 0.832943925 0.604234375 0.8235280375 0.626265625 0.8023598125 0.618390625 0.8046962609375001 0.643578125 0.7811682249999999 0.657734375 0.7529439250000001
2 0.5432812499999999 0.6085981312500001 0.5757656250000001 0.597313084375 0.582140625 0.5730373828124999 0.569375 0.5600233640625001 0.532265625 0.5079906546874999 0.527046875 0.5157943921875 0.518921875 0.52359813125 0.5195000000000001 0.5496261687499999 0.5218281250000001 0.55742990625 0.53284375 0.5739018687499999 0.5432812499999999 0.6085981312500001
2 0.12871875 0.832383178125 0.142859375 0.7173598125 0.13343750000000001 0.6845093453125 0.1193125 0.69390186875 0.097328125 0.7338084109375 0.08634375 0.7995327109375 0.078484375 0.8558644859375001 0.084765625 0.8605607484375 0.12245312500000001 0.8629205609374999 0.12871875 0.832383178125
2 0.7615937500000001 0.48469626093749996 0.725390625 0.43530373906250003 0.6750468749999999 0.3505841125 0.582203125 0.25411215 0.536578125 0.17411215 0.5208437499999999 0.18116822500000002 0.53028125 0.21411215 0.550734375 0.2846962609375 0.5743437499999999 0.3176401875 0.623125 0.392943925 0.684484375 0.48 0.711234375 0.45647196250000005 0.7222500000000001 0.4705841125 0.7269687499999999 0.5058878499999999 0.7316874999999999 0.512943925 0.745859375 0.5294158875 0.767875 0.5153037390625 0.7615937500000001 0.48469626093749996
2 0.14650000000000002 0.44668224375000004 0.149609375 0.4202803734375 0.16103125000000001 0.41095794375 0.18075000000000002 0.39544392500000003 0.1994375 0.3628504671875 0.21189062500000003 0.3302336453125 0.21396874999999999 0.29299065468749996 0.182828125 0.2634813078125 0.14129687500000002 0.2805607484375 0.136109375 0.339556075 0.11534375 0.39544392500000003 0.13403125 0.511869159375 0.14753125 0.5087616828125 0.157921875 0.482383178125 0.14650000000000002 0.44668224375000004
2 0.347125 0.5180373828125 0.34959375000000004 0.47750000000000004 0.34959375000000004 0.4504672890625 0.335625 0.39640186875 0.306046875 0.3804205609375 0.286328125 0.39761682187499997 0.264140625 0.42219626093749996 0.25428125 0.553668225 0.259203125 0.6777570093749999 0.258390625 0.765 0.26578124999999997 0.76007009375 0.317546875 0.7527102796875 0.32246874999999997 0.7367289718750001 0.331515625 0.56595794375 0.347125 0.5180373828125
2 0.379421875 0.44042056093750004 0.391546875 0.518130840625 0.41234374999999995 0.5828971968750001 0.43139062499999997 0.663200934375 0.41407812499999996 0.738341121875 0.42965625 0.7357476640625 0.446984375 0.663200934375 0.446984375 0.6088084109375 0.453921875 0.5362616828125 0.446984375 0.4714953265625 0.434859375 0.38081775625000003 0.443515625 0.3290186921875 0.434859375 0.305700934375 0.41753125 0.225397196875 0.372484375 0.225397196875 0.36903125000000003 0.2305607484375 0.3776875 0.36528037343749997 0.379421875 0.44042056093750004
2 0.45965625 0.616869159375 0.45240625 0.6209813078125 0.441015625 0.6375 0.441015625 0.6535046734375001 0.45689062500000005 0.6669392515625 0.494171875 0.6705607484375 0.53975 0.6731308406250001 0.608453125 0.665911215625 0.6626562500000001 0.65609813125 0.68646875 0.6380373828125 0.703390625 0.6607476640625001 0.725484375 0.6602336453125 0.740328125 0.6493925234375 0.75 0.63492990625 0.7493125 0.6024065421875 0.7310156250000001 0.58640186875 0.7203125 0.5848598125 0.6999375 0.5802102796875 0.68578125 0.5796962609375 0.6488437499999999 0.5832943921875 0.6360781249999999 0.58537383125 0.6305468750000001 0.58845794375 0.5839375 0.597757009375 0.55425 0.6039485984375 0.52696875 0.6111915890625 0.507296875 0.6111915890625 0.478640625 0.6122196265625 0.45965625 0.616869159375
2 0.597953125 0.3825934578125 0.596453125 0.39009345781250004 0.596453125 0.4028504671875 0.5934375000000001 0.42908878437500003 0.60546875 0.461331775 0.613 0.46058411250000003 0.621015625 0.41558411250000005 0.622015625 0.417102803125 0.619515625 0.409602803125 0.597953125 0.3825934578125
2 0.203125 0.3551401875 0.190625 0.3773364484375 0.197550675 0.3863349328125 0.191216215625 0.3935337203125 0.184375 0.3884345796875 0.18488175625 0.40073250937499993 0.178125 0.3995327109375 0.17854729687499998 0.407931296875 0.17109375 0.40478972031250005 0.1722128375 0.415130084375 0.165878378125 0.422328871875 0.1640625 0.4100467296875 0.15 0.4205607484375 0.1484375 0.432242990625 0.121875 0.4369158875 0.12265625 0.4497663546875 0.125 0.45560747656249995 0.1234375 0.46261682187500003 0.1265625 0.46845794375 0.128125 0.4813084109375 0.1359375 0.4497663546875 0.146875 0.443925234375 0.15625 0.4789719625 0.15625 0.48831775625 0.14375 0.5140186921875001 0.153125 0.5280373828125 0.1703125 0.542056075 0.1875 0.5490654203124999 0.2125 0.5490654203124999 0.2296875 0.542056075 0.25625 0.516355140625 0.2640625 0.4252336453125 0.2828125 0.401869159375 0.303125 0.3831775703125 0.3109375 0.3831775703125 0.334375 0.3971962609375 0.34375 0.4299065421875 0.3484375 0.422897196875 0.359375 0.3971962609375 0.365625 0.359813084375 0.3640625 0.3200934578125 0.359375 0.2990654203125 0.3515625 0.2780373828125 0.3401041671875 0.260903428125 0.3796875 0.2172897203125 0.3875 0.2266355140625 0.39375 0.2266355140625 0.3923519734375 0.231554353125 0.3986842109375 0.2386866703125 0.40707720625 0.2391423859375 0.40501644687500005 0.2458189859375 0.41164215625 0.24862561875 0.41134868437499994 0.252951303125 0.42077205937500006 0.26759208437500004 0.4265625 0.2686915890625 0.44375 0.33411215 0.45 0.3411214953125 0.459375 0.3831775703125 0.4796875 0.4205607484375 0.4875 0.4252336453125 0.5078125 0.45794392500000003 0.512071078125 0.45725673437500003 0.5166360296875 0.4667399671875 0.51875 0.4649532703125 0.5234375 0.47196261718750004 0.5212009796875 0.4762231984375 0.5348958328125 0.504672896875 0.5390625 0.5070093453125 0.5390625 0.5186915890625 0.546875 0.5292056078125 0.5531556375 0.5426058265625 0.5546875 0.5397196265625 0.55625 0.542056075 0.5577205875 0.5520890609375 0.5609375 0.5490654203124999 0.5622855390625 0.5615722921875 0.5655208328125 0.5537383171875 0.5671875 0.558411215625 0.5671875 0.6028037390625001 0.5703125 0.6028037390625001 0.5732142859375 0.6118157546874999 0.597321428125 0.6478638171875 0.6052083328125 0.6433021796875 0.6033482140624999 0.656875834375 0.6079350484375 0.6564046171875 0.609375 0.6682242984375 0.6109375 0.6658878500000001 0.61796875 0.6682242984375 0.6192708328125 0.6643302171875 0.6265625 0.6682242984375 0.6276041671875 0.6627725859375 0.6359375 0.661214953125 0.6390625 0.6635514015624999 0.60234375 0.6320093453125 0.59375 0.598130840625 0.6453125 0.5841121499999999 0.690625 0.5817757015625 0.6953125 0.5630841125 0.696875 0.525700934375 0.69375 0.5 0.6875 0.4789719625 0.6828125 0.4789719625 0.6453125 0.4252336453125 0.634375 0.4205607484375 0.6203125 0.4205607484375 0.6140625 0.45560747656249995 0.609375 0.46261682187500003 0.60625 0.46261682187500003 0.59375 0.432242990625 0.59375 0.4252336453125 0.5875 0.422897196875 0.5640625 0.33177570156249997 0.5609375 0.30841121562499996 0.55625 0.2990654203125 0.5515625 0.296728971875 0.54375 0.30140186875 0.51875 0.28037383125000004 0.5015625 0.2780373828125 0.496875 0.25 0.4921875 0.23831775624999998 0.4859375 0.233644859375 0.475 0.2102803734375 0.4671875 0.2056074765625 0.4546875 0.1892523359375 0.4375 0.182242990625 0.4046875 0.1588785046875 0.3953125 0.1635514015625 0.38125 0.17757009375 0.3796875 0.182242990625 0.374915540625 0.18476888125 0.330574325 0.23516039531250002 0.3265625 0.245327103125 0.31875 0.23831775624999998 0.2890625 0.22897196250000001 0.25625 0.2359813078125 0.2390625 0.25 0.2171875 0.2780373828125 0.2078125 0.2850467296875 0.2125 0.29205607499999997 0.2125 0.3200934578125 0.2109375 0.33411215 0.203125 0.3551401875