3 1 0.6046028031249999 0.9571799999999999 0.5762383171875001 0.9369400000000001 0.54787383125 0.88636 0.562056075 0.88028 0.5644158874999999 0.83172 0.64007009375 0.8215999999999999 0.7133644859375 0.8276600000000001 0.7866355140625 0.8661199999999999 0.8481074765625 0.9207599999999999 0.900116821875 0.97338 0.900116821875 1 0.8835747656249999 1 0.6046028031249999
3 0.27558 0.650186915625 0.28300000000000003 0.6683644859375 0.2978 0.6822196265625 0.32446 0.695186915625 0.35632 0.6900000000000001 0.37482000000000004 0.6839485984375 0.39852 0.6718224296875001 0.42000000000000004 0.6579906546875 0.43112000000000006 0.6389485984375 0.43852 0.6199065421875 0.44370000000000004 0.5922196265624999 0.43704 0.561074765625 0.42962 0.540327103125 0.40148 0.5169626171874999 0.36964 0.5039719625 0.34742 0.5117757015625 0.33336 0.5169626171874999 0.31854 0.524742990625 0.30297999999999997 0.5394626171875 0.28596 0.561074765625 0.2741 0.5844392515625 0.27262 0.6052102796875001 0.27114 0.6320327109375 0.27558 0.650186915625
1 0.16541999999999998 0.9842757015625001 0.22505999999999998 0.8606775703125 0.1308 0.87640186875 0.22122000000000003 0.721355140625 0.20773999999999998 0.67640186875 0.08848 0.7550467296875001 0.1135 0.640443925 0.09426 0.6112383171875 0.04808 0.6224766359375 0.0019199999999999998 0.6651635515625001 0 0.68315420625 0.0038399999999999997 0.9865186921875001 0.16541999999999998 0.9842757015625001
1 0.16541999999999998 0.7011214953125 0.20390000000000003 0.68315420625 0.20773999999999998 0.6629205609375 0.2116 0.6202336453124999 0.19814 0.5573130843749999 0.1635 0.5123598125 0.1385 0.5280841125 0.1058 0.6089953265625 0.12503999999999998 0.7078738312499999 0.13272 0.71684579375 0.14426 0.7191121500000001 0.16541999999999998 0.7011214953125
1 0.16986 0.5148364484375 0.1946 0.5425233640625 0.2183 0.6051635515625 0.22448 0.5317056078125 0.20284 0.4305373828125 0.17398 0.3823598125 0.1544 0.3823598125 0.12758 0.428130840625 0.13274 0.5317056078125 0.1482 0.522056075 0.16882 0.5148364484375 0.16986 0.5148364484375
1 0.2193 0.503130840625 0.23386 0.4297897203125 0.26844 0.370257009375 0.27572 0.362827103125 0.29846 0.2979906546875 0.29938 0.276728971875 0.29118 0.262897196875 0.28118 0.2671495328125 0.25295999999999996 0.2703504671875 0.22202000000000002 0.284158878125 0.19836 0.3203037390625 0.1729 0.3819626171875 0.17926 0.39471962656250004 0.20381999999999997 0.4308644859375 0.2193 0.503130840625
1 0.3097 0.47154205625 0.35009999999999997 0.4445794390625 0.37317999999999996 0.40411215 0.3828 0.35242990625 0.38664 0.3344626171875 0.38088 0.314228971875 0.36356 0.31198598125 0.30392 0.33894859843749997 0.28084 0.35918224374999996 0.24813999999999997 0.401869159375 0.22122000000000003 0.4850233640625 0.26546 0.5097429906250001 0.26738 0.5075000000000001 0.3097 0.47154205625
1 0.47897999999999996 0.166285046875 0.46166 0.1752803734375 0.46166 0.1528037390625 0.40396 0.159556075 0.40204000000000006 0.1685280375 0.38472 0.1730373828125 0.40780000000000005 0.1280841125 0.39048 0.11911215 0.35394000000000003 0.1550467296875 0.32508 0.2067523359375 0.33086000000000004 0.2449532703125 0.34432 0.24719626093749997 0.34624 0.28315420625 0.3347 0.310116821875 0.34048 0.310116821875 0.39818 0.2876401875 0.49822 0.24719626093749997 0.5116799999999999 0.1730373828125 0.47897999999999996 0.166285046875
1 0.51552 0.18390186875 0.50206 0.23107476562499998 0.5059 0.25806074843750004 0.52322 0.2603037390625 0.55784 0.26254672968750004 0.58284 0.2535514015625 0.5886199999999999 0.24682242968749998 0.60786 0.22883177500000002 0.6117 0.2086214953125 0.6136199999999999 0.1951401875 0.60786 0.19962616875 0.56554 0.197383178125 0.59632 0.18390186875 0.6367200000000001 0.150186915625 0.62324 0.0917523359375 0.60978 0.11198598125 0.58284 0.11198598125 0.6020800000000001 0.07378504687500001 0.60016 0.0355841125 0.56746 0.0018691593749999998 0.48860000000000003 0.05130841093750001 0.45396000000000003 0.10299065468749999 0.44627999999999995 0.1434345796875 0.48666 0.1704205609375 0.50398 0.1771495328125 0.51552 0.18390186875
1 0.53524 0.29600467343750003 0.55532 0.2803504671875 0.5461199999999999 0.259813084375 0.51598 0.256869159375 0.4716 0.25785046718750004 0.40462 0.2725233640625 0.38704 0.3067523359375 0.41132 0.31359813124999997 0.41382 0.34294392500000004 0.40462 0.3713084109375 0.4423 0.3527336453125 0.47494 0.33609813125 0.5109600000000001 0.3155607484375 0.53524 0.29600467343750003
1 0.44795999999999997 0 0.45655999999999997 0.0320794390625 0.45118 0.0408644859375 0.44258 0.0496495328125 0.41464 0.0496495328125 0.4082 0.0471495328125 0.403688 0.088574765625 0.40068000000000004 0.1161915890625 0.40603999999999996 0.1500934578125 0.4082 0.155116821875 0.44044 0.151355140625 0.46516 0.08228972031250001 0.46622 0.05845794375 0.47374 0.0534345796875 0.48986 0.015771028125 0.48986 0 0.44795999999999997 0
1 1 0.146074765625 0.99258 0.1280841125 0.99258 0.09663551406250001 0.97718 0.08315420625 0.93294 0.110116821875 0.9098599999999999 0.1370794390625 0.90216 0.1820327109375 0.90216 0.20899532656250003 0.9271800000000001 0.2314719625 0.97912 0.285397196875 0.98872 0.3348364484375 0.9945 0.39775700937499997 0.9945 0.46967289687499997 0.9868 0.50787383125 1 0.525841121875 1 0.146074765625
1 0.91988 0.1175934578125 0.92494 0.1175934578125 0.9351 0.1069158875 0.97468 0.07609813125 0.9077 0.027500000000000004 0.90466 0.034602803125 0.8874000000000001 0.059509345312499996 0.8874000000000001 0.0796495328125 0.91378 0.092686915625 0.91378 0.0962616828125 0.91988 0.1175934578125
1 0.12005999999999999 0.53507009375 0.12228000000000001 0.4986915890625 0.12228000000000001 0.46752336406249995 0.12450000000000001 0.42338785 0.1423 0.3921962609375 0.15786 0.3662383171875 0.17342 0.3532476640625 0.18675999999999998 0.29350467343750003 0.18675999999999998 0.2727336453125 0.16898 0.259742990625 0.12005999999999999 0.2779205609375 0.10228 0.2727336453125 0.08226 0.30390186875 0.06670000000000001 0.324672896875 0.0578 0.35843457968750003 0.046700000000000005 0.3818224296875 0.04224 0.41299065468749996 0.04446 0.44934579374999994 0.03336 0.459742990625 0.01556 0.4935046734375 0.03558 0.620771028125 0.10894 0.5818224296875 0.11561999999999999 0.5662383171875 0.12005999999999999 0.53507009375
3 0.6502600000000001 0.87815420625 0.65598 0.9058411218750001 0.67152 0.9402102796875 0.7083 0.973644859375 0.73936 0.978411215625 0.76796 0.972686915625 0.78594 0.9545327109375 0.81128 0.93640186875 0.826 0.9020327109374999 0.8309 0.8638317750000001 0.81864 0.8208644859374999 0.7900400000000001 0.779813084375 0.75488 0.7740654203124999 0.74998 0.7845794390624999 0.7181 0.8046261687499999 0.6723399999999999 0.8113084109375001 0.6658000000000001 0.8160981312500001 0.65354 0.835186915625 0.6502600000000001 0.87815420625
3 0.26528 0.8020794390624999 0.26304 0.8567757015625 0.26749999999999996 0.9296962609375001 0.34775999999999996 0.9817757015625 0.44806 0.9765654203125 0.51716 0.9270794390624999 0.5461400000000001 0.8515654203125 0.53054 0.7578037390625 0.53278 0.7578037390625 0.51494 0.6979205609375 0.42577999999999994 0.6796962609375 0.32992 0.7135514015625 0.26528 0.8020794390624999