1 0.22512500000000002 0.31653395781250004 0.21056249999999999 0.385971896875 0.21321875 0.451428571875 0.2846875 0.5287822015625 0.332328125 0.520843090625 0.374671875 0.504988290625 0.374671875 0.493091334375 0.354828125 0.46728337187499996 0.37203125 0.46332552656250003 0.42629687499999996 0.39391100625000003 0.48054687500000004 0.298688525 0.48187499999999994 0.25306791562500003 0.47260937500000005 0.1558782203125 0.43423437500000006 0.159836065625 0.27145312499999996 0.1895784546875 0.23174999999999998 0.2570257609375 0.226453125 0.2629742390625 0.23174999999999998 0.3026463703125 0.22512500000000002 0.31653395781250004
1 0.172421875 0.578079625 0.176921875 0.658992975 0.163421875 0.683700234375 0.1214375 0.7713583140625 0.12593749999999998 0.9196721312499999 0.176921875 0.9398829046875001 0.299859375 0.9758313812500001 0.34784375 0.9691100703125001 0.352328125 0.7713583140625 0.34934375 0.5960655734375 0.289359375 0.58932084375 0.244390625 0.58932084375 0.19790625 0.578079625 0.172421875 0.578079625
1 0.7767031249999999 0.39063231875 0.782875 0.4148946140625 0.8059843750000001 0.43222482500000003 0.8514687500000001 0.41718969531249994 0.8784375000000001 0.3790866515625 0.8738125 0.339812646875 0.8614843750000001 0.3166978921875 0.857625 0.2947540984375 0.847609375 0.2670257609375 0.84221875 0.2323653390625 0.833734375 0.22313817343750003 0.829109375 0.2300702578125 0.8237187499999999 0.2173536296875 0.813703125 0.2185011703125 0.80984375 0.2589461359375 0.804453125 0.2543091328125 0.796734375 0.2092740046875 0.7805625 0.20810304375 0.77515625 0.2185011703125 0.774390625 0.25548009375 0.753578125 0.2162060890625 0.7389375 0.21156908593749998 0.7296875 0.2023419203125 0.7258281249999999 0.2300702578125 0.7327656250000001 0.24508196718750003 0.7389375 0.2693442625 0.731234375 0.290140515625 0.748953125 0.33517564375000003 0.75434375 0.35482435625000003 0.7481875 0.36290398125 0.7551249999999999 0.37791569062499997 0.75434375 0.368688525 0.75975 0.36983606562500004 0.7767031249999999 0.39063231875
1 0.551015625 0.3035831375 0.5555625 0.28442622968750003 0.567484375 0.26355971875 0.55896875 0.25676815 0.547890625 0.2546370015625 0.539640625 0.2456908671875 0.5311250000000001 0.2444028109375 0.519484375 0.2359016390625 0.518625 0.242716628125 0.5319843750000001 0.2499531609375 0.5379375 0.268243559375 0.539640625 0.28229508124999997 0.551015625 0.3035831375
1 0.35603125 0.867868853125 0.345078125 1 0.389671875 0.9945199062500001 0.393578125 0.9206323187500001 0.452265625 0.9699063234375 0.49921875 0.9699063234375 0.49921875 0.9253395781249999 0.5226875 0.90775175625 0.5555625 0.8467447312499999 0.571203125 0.801007025 0.57903125 0.7529274 0.5766875 0.700163934375 0.551640625 0.6685011703125 0.5266093749999999 0.6380093671875 0.47575 0.6239344265625 0.4835625 0.5394847781250001 0.46714062500000003 0.493747071875 0.44992187499999997 0.47967213124999997 0.43975 0.4949180328125 0.44209375 0.5605854796874999 0.428796875 0.5160187359374999 0.40532812500000004 0.493747071875 0.3959375 0.5066510531249999 0.40610937500000005 0.5770023421875 0.40374999999999994 0.6239344265625 0.392015625 0.6555971890625 0.3599375 0.683747071875 0.35915625 0.6931147546875 0.35525 0.7857611234374999 0.35603125 0.867868853125
1 0.745796875 0.6093208437500001 0.7364375 0.6268618265625 0.7247343749999999 0.632131146875 0.6743750000000001 0.6584543328125 0.63340625 0.6426463703125 0.5935937499999999 0.616323184375 0.557296875 0.59351288125 0.539734375 0.58648711875 0.539734375 0.6303747078125 0.556125 0.6742388765625 0.5912499999999999 0.71810304375 0.649796875 0.7444262296875 0.7083437499999999 0.7339110062499999 0.7493125 0.6865339578125 0.7493125 0.6426463703125 0.757515625 0.6268618265625 0.75634375 0.6093208437500001 0.745796875 0.6093208437500001
1 0.45332812499999997 0.460187353125 0.4269375 0.4820140515625 0.43785937500000005 0.4861124125 0.4724375 0.4929274 0.475171875 0.5270491796875 0.48428125 0.55159250625 0.50065625 0.5325058546875 0.5143125000000001 0.5474941453125 0.5252343749999999 0.5379625296875 0.538890625 0.566604215625 0.551625 0.5502341921875 0.5589062499999999 0.5174941453125 0.595328125 0.5352224828125001 0.602609375 0.5202107734375 0.598046875 0.4929274 0.6271718749999999 0.468384075 0.631734375 0.4465573765625 0.631734375 0.43290398124999996 0.62353125 0.43290398124999996 0.596234375 0.4438173296875 0.5661875000000001 0.460187353125 0.5507187499999999 0.4465573765625 0.5507187499999999 0.430187353125 0.5397968750000001 0.423348946875 0.5225 0.435644028125 0.50884375 0.43290398124999996 0.49246875 0.4247306796875 0.48335937500000004 0.44517564375 0.45332812499999997 0.460187353125
1 0.8910937499999999 0.31194379375 0.906109375 0.3074238875 0.907609375 0.25789227187499997 0.903109375 0.21960187343749998 0.886578125 0.19030445 0.868546875 0.1655503515625 0.853515625 0.136252928125 0.8219687499999999 0.125011709375 0.82496875 0.1542857140625 0.8324843749999999 0.19932084375 0.8460000000000001 0.26014051562499996 0.8700468750000001 0.31194379375 0.8910937499999999 0.31194379375
1 1 0.3656908671875 0.97146875 0.3780093671875 0.946828125 0.38756440312499996 0.9422656249999999 0.410819671875 0.945 0.39030445 0.9340624999999999 0.4299531609375 0.937703125 0.450468384375 0.9614218749999999 0.46550351250000005 0.979671875 0.45320843125000004 1 0.45320843125000004 1 0.3656908671875
1 0.9475625000000001 0.2112412171875 0.914578125 0.191007025 0.899578125 0.20224824375 0.899578125 0.233700234375 0.907078125 0.26292740000000003 0.9235625000000001 0.296627634375 0.9490624999999999 0.33032786875000003 0.99553125 0.361803278125 1 0.29437939062499996 0.99553125 0.2763934421875 0.9475625000000001 0.2112412171875
1 0.678109375 0.7652224828125 0.602734375 0.78836065625 0.58003125 0.8006089 0.56459375 0.8196721312499999 0.562765625 0.841451990625 0.59365625 0.85098360625 0.650859375 0.85098360625 0.707171875 0.8332786890625 0.749859375 0.785644028125 0.77528125 0.7284543328125 0.778921875 0.674004684375 0.7734687499999999 0.6508665109375 0.763484375 0.6359016390625001 0.7589375 0.6536065578125 0.7462187499999999 0.67810304375 0.719890625 0.7257377046875 0.678109375 0.7652224828125
1 0.620703125 0.9528103046874999 0.634203125 0.9820140515625001 0.6656875 0.9797658078125 0.7046718750000001 0.9325761124999999 0.760140625 0.8426932078125 0.784125 0.9573067921874999 0.812625 0.959555034375 0.8605937499999999 0.9865105390625001 0.893578125 0.9842622953125 0.86659375 0.9258313812500001 0.8695937499999999 0.9213583140624999 0.9010781250000001 0.9505620609375001 0.9220625 0.9528103046874999 0.916078125 0.9056206093749999 0.9220625 0.928079625 0.9550468750000001 0.898875878125 0.9610468750000001 0.8584309140625 0.8695937499999999 0.6584309140625 0.8740937499999999 0.5955035125 0.86209375 0.561803278125 0.839609375 0.59325526875 0.8366093749999999 0.5123653390625 0.806625 0.471920375 0.785625 0.5123653390625 0.72865625 0.4449414515625 0.697171875 0.471920375 0.6656875 0.435948478125 0.646203125 0.4898829046875 0.6192031250000001 0.501124121875 0.5592343750000001 0.5280796249999999 0.59221875 0.6202341921875 0.641703125 0.6471896953125 0.688171875 0.6561826703125 0.72265625 0.626955503125 0.760140625 0.5865105390625 0.785625 0.5325761124999999 0.815625 0.5887587828124999 0.814125 0.6134894609375 0.797625 0.6539344265625 0.784125 0.6674238875 0.772140625 0.7505620609375 0.7301562500000001 0.8202341921875 0.620703125 0.9528103046874999
1 0.544390625 0.33775175625 0.54103125 0.33142857187499997 0.5351250000000001 0.33016393437499997 0.532171875 0.3339578453125 0.525859375 0.3554332546875 0.532171875 0.3630210765625 0.53596875 0.3705854796875 0.5401875 0.3952224828125 0.5448125 0.40974238906249993 0.551984375 0.419227165625 0.57684375 0.435011709375 0.5899062500000001 0.4331147546875 0.6054999999999999 0.42805620624999996 0.622359375 0.4236533953125 0.639625 0.40974238906249993 0.6392187500000001 0.39775175625000003 0.630359375 0.3971194375 0.62025 0.390796253125 0.604234375 0.3863700234375 0.607609375 0.38259953125 0.6139218750000001 0.38133489531250003 0.631625 0.37564402812500003 0.642578125 0.36932084375 0.648484375 0.359227165625 0.655640625 0.3409133484375 0.651859375 0.3276346609375 0.644265625 0.33016393437499997 0.6232031250000001 0.3326932078125 0.627828125 0.315011709375 0.6324687499999999 0.3042622953125 0.6324687499999999 0.2960655734375 0.629515625 0.29290398125 0.626140625 0.29290398125 0.605078125 0.3036533953125 0.584859375 0.314379390625 0.585265625 0.308688525 0.5810625 0.27901639375 0.5722031249999999 0.257540984375 0.5587187499999999 0.27585480156250003 0.5507187499999999 0.3036533953125 0.54903125 0.3326932078125 0.550296875 0.330796253125 0.54903125 0.33459016406250003 0.544390625 0.33775175625