0 0.23611111093749998 0.37507999999999997 0.23528985468750002 0.36219999999999997 0.2181159421875 0.3507 0.2058454109375 0.35002 0.1935748796875 0.35137999999999997 0.184589371875 0.35814 0.1739371984375 0.36696 0.17640096562500002 0.37644 0.17804347812500002 0.37778 0.17311594218749998 0.37914 0.177222221875 0.37914 0.23446859843749998 0.37846 0.23611111093749998 0.37507999999999997
2 0.3444685984375 0.70314 0.3542512078125 0.69908 0.363236715625 0.6957 0.3795652171875 0.68826 0.396690821875 0.68286 0.4097584546875 0.6794800000000001 0.41384057968750004 0.67272 0.40241545937499995 0.67408 0.3909903375 0.6761 0.3730193234375 0.6788000000000001 0.362415459375 0.68286 0.34772946875 0.68556 0.3395652171875 0.68556 0.3240579703125 0.68286 0.30937198125 0.68354 0.308550725 0.6848799999999999 0.3077536234375 0.69638 0.308550725 0.7017800000000001 0.3110144921875 0.70516 0.3142753625 0.70516 0.3240579703125 0.7038 0.3444685984375 0.70314
3 0.11956521718749999 0.757 0.1288888890625 0.76234 0.1453864734375 0.7682800000000001 0.157584540625 0.77006 0.1712077296875 0.76352 0.1783816421875 0.75046 0.1819806765625 0.73444 0.1812560390625 0.72018 0.1669082125 0.70534 0.1288888890625 0.7095 0.1231642515625 0.71364 0.1152657 0.73264 0.1152657 0.74512 0.11956521718749999 0.757
3 0.1520289859375 0.71234 0.1711111109375 0.72258 0.1870289859375 0.72522 0.214589371875 0.71496 0.2202415453125 0.70092 0.21531400937499998 0.68424 0.2043478265625 0.68482 0.1707487921875 0.6851200000000001 0.1502415453125 0.69126 0.1484782609375 0.69886 0.1520289859375 0.71234
3 0.233599034375 0.72136 0.22125603906250002 0.71498 0.1929710140625 0.72306 0.182681159375 0.732 0.18217391249999998 0.7469 0.1852657 0.7665 0.1914251203125 0.7716000000000001 0.1950241546875 0.77458 0.1970772953125 0.77118 0.23512077343749999 0.76734 0.24594202968749998 0.7584 0.245410628125 0.73754 0.233599034375 0.72136
3 0.1345410625 0.81678 0.143671496875 0.8234199999999999 0.15867149687499998 0.8252 0.1720772953125 0.8243199999999999 0.18227053124999998 0.8185399999999999 0.1886956515625 0.8114399999999999 0.19028985468749998 0.80256 0.1876086953125 0.79192 0.18227053124999998 0.78392 0.162415459375 0.7750600000000001 0.1490338171875 0.77816 0.13347826093749998 0.78748 0.12864734375 0.79812 0.13026569999999998 0.8065599999999999 0.1345410625 0.81678
3 0.0741545890625 0.77966 0.0816425125 0.78188 0.08753623125 0.78142 0.09289855 0.7761 0.09398550781250001 0.7681199999999999 0.0934299515625 0.75834 0.090217390625 0.74238 0.05591787499999999 0.73216 0.0500241546875 0.75658 0.05591787499999999 0.77034 0.064492753125 0.7761 0.0741545890625 0.77966
3 0.9245169078125001 0.12986 0.9535024156249999 0.12906 0.9515700484374999 0.12345999999999999 0.9293478265624999 0.10828 0.905217390625 0.10747999999999999 0.8810628015624999 0.11706000000000001 0.8665700484375 0.13466 0.8675362312500001 0.13546 0.876231884375 0.13546 0.9245169078125001 0.12986
3 0.8788405796875001 0.11750000000000001 0.8832125609375 0.11342 0.86845410625 0.1089 0.848768115625 0.11524000000000001 0.8389130437500001 0.12065999999999999 0.83236715 0.14150000000000001 0.8668115937499999 0.13606000000000001 0.8728260875 0.12656 0.8788405796875001 0.11750000000000001
3 0.75891304375 0.132 0.74753623125 0.14234 0.74555555625 0.15104 0.7462077296875 0.15358 0.7867391296874999 0.1456 0.7891545890625 0.13435999999999998 0.785217390625 0.12891999999999998 0.773599034375 0.12728 0.75891304375 0.132
2 0.33371980625000003 0.74504 0.3221980671875 0.7390399999999999 0.3200724640625 0.73622 0.3187922703125 0.7376199999999999 0.32094202968749996 0.75244 0.3332850234375 0.75844 0.33628019375 0.76056 0.337125603125 0.7595 0.337125603125 0.7513799999999999 0.33371980625000003 0.74504
2 0.31937198125 0.73784 0.31417874375 0.73278 0.312946859375 0.73102 0.3107971015625 0.73102 0.31263285 0.7634000000000001 0.3239371984375 0.7623800000000001 0.31845410625000004 0.7462 0.31937198125 0.73784
3 0.8331159421875001 0.12248 0.826328503125 0.12074 0.8190096625000001 0.11943999999999999 0.8043961359375 0.11857999999999999 0.79710145 0.12376000000000001 0.7903140093750001 0.13026 0.7866425125000001 0.14582 0.8320772953125 0.14322 0.8372946859375 0.12464 0.8331159421875001 0.12248