0 0.3955 0.72771875 0.42246875 0.72771875 0.4539375 0.709734375 0.503375 0.6513125 0.48989062499999997 0.543453125 0.4449375 0.5232187500000001 0.413484375 0.514234375 0.393265625 0.514234375 0.34831249999999997 0.51871875 0.31460937499999997 0.534453125 0.287640625 0.6153593749999999 0.33034375 0.707484375 0.364046875 0.7187187500000001 0.3955 0.72771875
0 0.32371875 0.4681875 0.38101562499999997 0.49275 0.42876562500000004 0.494109375 0.460140625 0.477734375 0.49424999999999997 0.431359375 0.50653125 0.37678124999999996 0.487421875 0.3263125 0.42467187500000003 0.288109375 0.367375 0.288109375 0.33053125 0.30857812500000004 0.30325 0.356328125 0.297796875 0.40270312500000005 0.310078125 0.4368125 0.32371875 0.4681875
0 0.538015625 0.373359375 0.547578125 0.41481250000000003 0.5699062500000001 0.447765625 0.6187968749999999 0.46157812500000006 0.658125 0.456265625 0.6921406250000001 0.43499999999999994 0.72934375 0.388234375 0.72934375 0.32232812499999997 0.71978125 0.2946875 0.687890625 0.262796875 0.6464375 0.250046875 0.598609375 0.260671875 0.538015625 0.307453125 0.533765625 0.312765625 0.534828125 0.332953125 0.538015625 0.373359375
0 0.57753125 0.69625 0.635953125 0.6895156250000001 0.66965625 0.6692812499999999 0.694375 0.6288437499999999 0.701125 0.590640625 0.6921406250000001 0.5501875 0.660671875 0.49176562500000004 0.57978125 0.48053125 0.5370781250000001 0.50075 0.507859375 0.541203125 0.49887499999999996 0.568171875 0.505625 0.635578125 0.5123593750000001 0.6647968750000001 0.57753125 0.69625
0 0.758953125 0.669625 0.799765625 0.69846875 0.8472500000000001 0.7086718750000001 0.8698750000000001 0.70821875 0.886296875 0.7006875 0.9186875000000001 0.6736093750000001 0.932 0.655859375 0.9453125 0.6248125 0.9413125000000001 0.58 0.930671875 0.550265625 0.906265625 0.5254218749999999 0.8689843749999999 0.5054531250000001 0.8476874999999999 0.501015625 0.8263906249999999 0.4996875 0.793109375 0.51121875 0.759390625 0.5396093750000001 0.745640625 0.5622499999999999 0.734984375 0.585765625 0.732328125 0.623921875 0.758953125 0.669625
0 0.784125 0.7521093750000001 0.764859375 0.8026875 0.7624531250000001 0.8074999999999999 0.769671875 0.861703125 0.8021874999999999 0.893 0.8491562500000001 0.9195 0.8876875 0.920703125 0.9189999999999999 0.9098593749999999 0.9623593749999999 0.8665156250000001 0.959953125 0.784625 0.917796875 0.7400625 0.86 0.72440625 0.84434375 0.722 0.8130312500000001 0.731640625 0.784125 0.7521093750000001
0 0.19396875 0.471296875 0.237984375 0.45271875 0.273203125 0.42142187499999995 0.286890625 0.389140625 0.290796875 0.366640625 0.287875 0.333390625 0.274171875 0.29915625 0.241890625 0.27273437500000003 0.20375000000000001 0.252203125 0.137234375 0.250234375 0.11473437500000001 0.2580625 0.063875 0.322625 0.058984375 0.382296875 0.09615625 0.44684375000000004 0.141140625 0.46934375 0.19396875 0.471296875
0 0.0605 0.710953125 0.136234375 0.744796875 0.208734375 0.744796875 0.24901562500000002 0.710953125 0.26834375 0.6577968750000001 0.265125 0.5756249999999999 0.21195312500000002 0.532125 0.13784375 0.5288906250000001 0.07984375 0.55628125 0.062109375 0.5820624999999999 0.052453125 0.58690625 0.033109375 0.6400625 0.0605 0.710953125
0 0.8828906249999999 0.489859375 0.96621875 0.451578125 0.9684687500000001 0.320953125 0.894140625 0.28265625 0.8265781249999999 0.29617187500000003 0.7770312500000001 0.34796875 0.765765625 0.40653125 0.7635156249999999 0.41103125 0.7950468749999999 0.46284375000000005 0.8828906249999999 0.489859375
0 0.33034375 0.7505625 0.294375 0.77753125 0.28314062500000003 0.813484375 0.27415625 0.8876406250000001 0.312359375 0.937078125 0.361796875 0.9707812499999999 0.42471875 0.9707812499999999 0.46517187499999996 0.9505625 0.48539062499999996 0.912359375 0.49887499999999996 0.8494375 0.483140625 0.793265625 0.42696875 0.7550625 0.40225 0.7438125 0.35729687499999996 0.741578125 0.33034375 0.7505625
0 0.72359375 0.1438125 0.707859375 0.062921875 0.6674218749999999 0.02471875 0.606734375 0.033703125 0.5505625000000001 0.053937500000000006 0.52584375 0.087640625 0.505625 0.13482812500000002 0.5123593750000001 0.18651562500000002 0.5640468750000001 0.23370312499999998 0.588765625 0.25842187499999997 0.67640625 0.22021875 0.72359375 0.1438125
0 0.6701406249999999 0.94340625 0.692640625 0.935296875 0.707046875 0.9155 0.71875 0.8893906250000001 0.724140625 0.8389843750000001 0.716046875 0.802984375 0.6953437499999999 0.770578125 0.652140625 0.7417812500000001 0.6116406249999999 0.73728125 0.556734375 0.757984375 0.530625 0.781390625 0.516234375 0.817390625 0.521625 0.858796875 0.530625 0.8965937500000001 0.543234375 0.9172968750000001 0.57203125 0.93440625 0.602640625 0.9425000000000001 0.62603125 0.9515 0.6701406249999999 0.94340625
0 0.22603125 0.9745312500000001 0.24659375 0.9539687499999999 0.258578125 0.93340625 0.2654375 0.9077031249999999 0.272296875 0.88028125 0.272296875 0.846015625 0.26715625 0.822015625 0.22945312499999998 0.770609375 0.20545312500000001 0.760328125 0.1831875 0.758609375 0.157484375 0.758609375 0.12834375 0.7654687499999999 0.07865625000000001 0.80659375 0.049515625 0.8597187500000001 0.052953125000000004 0.923125 0.07179687500000001 0.9745312500000001 0.22603125 0.9745312500000001
0 0.065625 0.175 0.0921875 0.2 0.10625 0.2078125 0.1203125 0.2109375 0.1375 0.21875 0.184375 0.2203125 0.196875 0.2171875 0.2203125 0.2046875 0.2296875 0.203125 0.2375 0.1890625 0.259375 0.16875 0.26875 0.153125 0.2734375 0.1390625 0.278125 0.0890625 0.287109375 0.087890625 0.2859375 0.1125 0.2953125 0.153125 0.3046875 0.175 0.3140625 0.1875 0.3359375 0.20625 0.35 0.2140625 0.3640625 0.2171875 0.38125 0.225 0.4171875 0.2265625 0.4296875 0.2234375 0.45 0.2125 0.4796875 0.184375 0.4890625 0.16875 0.5 0.140625 0.5046875 0.1125 0.5110911890625001 0.1190573765625 0.5727715156250001 0.1299180328125 0.7578125 0.17093750000000002 0.7578125 0.2046875 0.775 0.240625 0.784375 0.253125 0.796875 0.2640625 0.8109375 0.271875 0.8265625 0.2765625 0.8765625 0.275 0.89375 0.2703125 0.909375 0.2625 0.925 0.2484375 0.94375 0.2390625 0.959375 0.2234375 0.96875 0.2078125 0.975 0.1828125 0.9703125 0.128125 0.965625 0.1140625 0.95625 0.0984375 0.9359375 0.0796875 0.9203125 0.071875 0.8953125 0.065625 0.859375 0.0671875 0.84375 0.0734375 0.8328125 0.08125 0.8140625 0.0859375 0.8 0.09375 0.7875 0.1046875 0.7671875 0.13125 0.7578125 0.1625 0.5804815578125 0.1312756140625 0.50625 0.103125 0.5046875 0.0765625 0.5 0.0625 0.490625 0.046875 0.475 0.03125 0.45 0.01875 0.4125 0.0171875 0.3921875 0.025 0.378125 0.021875 0.3484375 0.021875 0.3328125 0.0265625 0.31875 0.034375 0.30625 0.0453125 0.29375 0.0625 0.290625 0.07109375 0.295210040625 0.08104508125 0.27953629062499996 0.07948588749999999 0.2760416671875 0.08072916718749999 0.27157258125 0.0792842734375 0.27395833281250004 0.0723958328125 0.271875 0.0640625 0.2625 0.0484375 0.246875 0.0328125 0.221875 0.0203125 0.1875 0.01875 0.178125 0.015625 0.0953125 0.0171875 0.071875 0.028125 0.059375 0.0390625 0.046875 0.05625 0.04375 0.06484375 0.048588709375 0.0736391125 0.040625 0.0734375 0.0390625 0.10625 0.046875 0.140625 0.05625 0.1625 0.065625 0.175