2 0.256484375 0.6297083328124999 0.329015625 0.7782916671875 0.350234375 0.7924583328125 0.36615625 0.7665 0.39445312499999996 0.7641458328125 0.39445312499999996 0.7429166671874999 0.367921875 0.7098958328125 0.311328125 0.6014166671875001 0.26356250000000003 0.5353749999999999 0.252953125 0.5330208328125 0.23879687500000002 0.5424583328125 0.256484375 0.6297083328124999
2 0.327578125 0.54475 0.326921875 0.53 0.337984375 0.5378125 0.341234375 0.530875 0.34059375 0.5126666671875 0.35359375000000004 0.47710416718750004 0.36920312499999997 0.4571666671875 0.3685625 0.4207291671875 0.32171875 0.47189583281249997 0.27164062499999997 0.5352083328125 0.268390625 0.543875 0.29896875 0.5768333328125 0.327578125 0.54475
2 0.23450000000000001 0.64825 0.254 0.7367083328125 0.306046875 0.7904791671875 0.3736875 0.8303750000000001 0.35546875 0.787 0.34962499999999996 0.7922083328125 0.3275 0.7783333328125 0.29889062499999997 0.7158958328125 0.267015625 0.6707916671875 0.246203125 0.6395833328125 0.239703125 0.634375 0.23384375 0.647375 0.23450000000000001 0.64825
2 0.49415624999999996 0.8196249999999999 0.505 0.7512708328125 0.505 0.7341875 0.5089375 0.6579375 0.49909375 0.6487499999999999 0.4921875 0.5882708328125 0.4833125 0.5869583328125 0.48134375 0.5738125000000001 0.46120312500000005 0.5658125 0.46371874999999996 0.5858333328125 0.4461875 0.5847291671875 0.4461875 0.6192291671875 0.444515625 0.652625 0.4486875 0.686 0.45787500000000003 0.7538958328125 0.473734375 0.8195625 0.478734375 0.8462916671875 0.493765625 0.8618541671875001 0.5089375 0.8511666671875 0.50303125 0.8419791671875 0.49415624999999996 0.8196249999999999
2 0.42348437499999997 0.4408541671875 0.397109375 0.4334583328125 0.397109375 0.4649166671875 0.40404687499999997 0.5074791671875001 0.39849999999999997 0.5889166671875 0.40960937499999994 0.6425833328125 0.419328125 0.6555416671875001 0.442921875 0.65 0.447078125 0.55375 0.435984375 0.47787499999999994 0.42348437499999997 0.4408541671875
2 0.36915624999999996 0.4585208328125 0.35150000000000003 0.4810625 0.33996875000000004 0.5261250000000001 0.346890625 0.6623333328125 0.372234375 0.7002291671875 0.385296875 0.6418541671875 0.391765625 0.6329374999999999 0.40065625000000005 0.579375 0.40449999999999997 0.5015416671875 0.3968125 0.47081249999999997 0.36915624999999996 0.4585208328125
2 0.520359375 0.717125 0.534875 0.7292083328125 0.555734375 0.6772083328125 0.585671875 0.5719791671875 0.606546875 0.4691666671875 0.575703125 0.4534375 0.5448593749999999 0.5925416671875 0.520359375 0.717125
2 0.562125 0.7283958328125 0.5085625 0.8112291671875 0.55034375 0.8198124999999999 0.598546875 0.7741041671875 0.6531875 0.6383958328125 0.63390625 0.5983958328125001 0.613546875 0.5983958328125001 0.562125 0.7283958328125
2 0.478234375 0.5411666671875001 0.49940625 0.5411666671875001 0.508234375 0.5364791671875 0.51 0.5105833328125 0.48882812500000006 0.43764583281249997 0.481765625 0.385875 0.46764062500000003 0.385875 0.46764062500000003 0.4023541671875 0.458828125 0.46587500000000004 0.46940625 0.47058333281250003 0.46940625 0.5411666671875001 0.478234375 0.5411666671875001
2 0.645640625 0.6584583328125 0.624765625 0.712875 0.561265625 0.8096458328124999 0.527703125 0.8120625 0.528609375 0.8483541671875001 0.622046875 0.8168958328124999 0.6465468750000001 0.7709374999999999 0.6683125000000001 0.7056250000000001 0.66559375 0.6705416671875 0.6556093749999999 0.65725 0.645640625 0.6584583328125
2 0.369640625 0.7023125 0.38821875 0.7361041671875 0.39328124999999997 0.767625 0.41185937499999997 0.7991666671875 0.4270625 0.8464583328125 0.47435937499999997 0.8554583328125 0.46254687499999997 0.8036666671875 0.44057812500000004 0.7496041671875 0.43382812499999995 0.6707708328125 0.403421875 0.63925 0.39834375 0.6279791671875 0.381453125 0.63925 0.369640625 0.7023125
2 0.443484375 0.54875 0.451984375 0.5852083328125001 0.46293749999999995 0.5771041671875 0.46171875 0.5511666671875 0.462328125 0.49685416718750003 0.45685937499999996 0.46525 0.45320312500000004 0.46525 0.4446875 0.4733541671875 0.442265625 0.4838958328125 0.43860937499999997 0.48793749999999997 0.43496875 0.5211875 0.443484375 0.54875
2 0.506375 0.5253541671875 0.50134375 0.5409791671875 0.49967187500000004 0.5499166671875 0.504703125 0.5655416671875 0.5130625 0.5915833328125 0.52590625 0.6421666671875 0.5214375 0.6540625 0.510828125 0.6674583328125 0.510828125 0.6949791671875001 0.510828125 0.7009375 0.528125 0.677125 0.534828125 0.6436458328125 0.576125 0.461375 0.59175 0.46510416718750003 0.5995468749999999 0.46510416718750003 0.59175 0.45095833281250003 0.5671875 0.461375 0.554359375 0.47104166718749996 0.5443125 0.4740208328125 0.530359375 0.4680833328125 0.519203125 0.46510416718750003 0.506375 0.460625 0.49800000000000005 0.477 0.506921875 0.5045208328124999 0.506375 0.5253541671875
2 0.50625 0.8479166671874999 0.5140625 0.8479166671874999 0.521875 0.8354166671875 0.5203125 0.8145833328125001 0.5230625 0.8029166671875 0.641 0.7179166671874999 0.6385416671875 0.7118055562500001 0.645703125 0.7067708328125 0.6479375 0.7129166671875 0.654875 0.7079166671875 0.6528645828124999 0.7017361109375 0.6600260421875 0.6967013890625 0.6618125 0.7029166671875 0.66875 0.6979166671875 0.6796875 0.7145833328125 0.6890625 0.7458333328125 0.69375 0.7520833328125 0.703125 0.7520833328125 0.70625 0.7479166671875 0.7078125 0.71875 0.7046875 0.6895833328125 0.6921875 0.6520833328125 0.690625 0.6145833328125 0.6890625 0.6020833328124999 0.6828125 0.59375 0.6828125 0.5729166671875 0.678125 0.5645833328125 0.66875 0.5645833328125 0.6640625 0.5708333328124999 0.653125 0.5645833328125 0.6640625 0.5375 0.6640625 0.525 0.65625 0.5125 0.6515625 0.5125 0.646875 0.50625 0.6203125 0.50625 0.615625 0.5125 0.621875 0.5317708328124999 0.615625 0.54375 0.6171875 0.5458333328125 0.6109375 0.5520833328125 0.6078125 0.5479166671875 0.5984375 0.5479166671875 0.5875 0.5666666671875 0.55625 0.6770833328125 0.5359375 0.7270833328124999 0.5296875 0.7270833328124999 0.521875 0.71875 0.5203125 0.7104166671875001 0.5140625 0.7104166671875001 0.509375 0.7166666671875 0.50625 0.7291666671875 0.5046875 0.7541666671875 0.4953125 0.8125 0.4953125 0.8229166671874999 0.50625 0.8479166671874999