0 0.41584374999999996 0.5140833328125 0.40737500000000004 0.5401041671875 0.4086875 0.5557083328125 0.41714062500000004 0.592125 0.43859375 0.606 0.46135937499999996 0.6146666671875 0.48412499999999997 0.6086041671875 0.49909375 0.5869166671875 0.50234375 0.5348958328125 0.49909375 0.50975 0.47828125000000005 0.4880625 0.443796875 0.4845833328125 0.42559375 0.495 0.41584374999999996 0.5140833328125
0 0.51025 0.5490416671875 0.50303125 0.5715 0.53190625 0.5896874999999999 0.56559375 0.5843333328125 0.593671875 0.5404791671875 0.590453125 0.5030625 0.58003125 0.484875 0.573609375 0.47739583281250003 0.5535625 0.4645625 0.5278906250000001 0.4827291671875 0.51265625 0.4827291671875 0.49660937499999996 0.5062708328125 0.51025 0.5490416671875
0 0.725296875 0.7458750000000001 0.748234375 0.7223541671875 0.751765625 0.6752916671875 0.73940625 0.64 0.721765625 0.6211666671875 0.7129375 0.5788333328124999 0.672359375 0.5529375 0.6441250000000001 0.5505833328125 0.624703125 0.5694166671875001 0.612359375 0.6164791671875001 0.621171875 0.665875 0.6564687499999999 0.7011666671875 0.6670625 0.7247083328125 0.6970625 0.7435208328125 0.725296875 0.7458750000000001
0 0.40415625000000005 0.5774791671874999 0.40021874999999996 0.5806250000000001 0.38921875 0.607875 0.386078125 0.6497916671875 0.38489062500000004 0.6686666671875 0.391578125 0.6639375000000001 0.39825 0.6597500000000001 0.40571875 0.6592291671875 0.41790625 0.6587083328125 0.438734375 0.6445624999999999 0.44542187499999997 0.6262083328125 0.444234375 0.6220208328125 0.44384375 0.6083958328125 0.433625 0.6021041671875 0.416328125 0.5900624999999999 0.41121875 0.5738125000000001 0.40768750000000004 0.5748541671875 0.40415625000000005 0.5774791671874999
0 0.87909375 0.46277083281250003 0.87909375 0.4692291671875 0.8858750000000001 0.4873541671875 0.8970312500000001 0.4951041671875 0.90528125 0.49704166718750004 0.9183749999999999 0.49768749999999995 0.930015625 0.4912291671875 0.9368124999999999 0.4795833328125 0.93875 0.4608333328125 0.9397187499999999 0.44789583281249995 0.93196875 0.4427083328125 0.9266249999999999 0.4427083328125 0.918859375 0.45112500000000005 0.9164375 0.45177083281249997 0.9018906250000001 0.4297708328125 0.8878125000000001 0.4336666671875 0.882484375 0.4433541671875 0.8815156249999999 0.4530625 0.87909375 0.46277083281250003
0 0.57603125 0.5778749999999999 0.5534375 0.580375 0.538375 0.580375 0.5214218749999999 0.5929375 0.5251875 0.6142708328125 0.53365625 0.6230625 0.550609375 0.635625 0.560015625 0.6343541671875 0.5779062500000001 0.6192916671875001 0.595796875 0.5979583328125 0.5854375 0.576625 0.57603125 0.5778749999999999
0 0.82640625 0.2946458328125 0.8103906249999999 0.3046875 0.8038125 0.3310416671875 0.8311093749999999 0.3611875 0.84240625 0.3875416671875 0.85559375 0.3699583328125 0.8631249999999999 0.3574166671875 0.8602968750000001 0.3134791671875 0.82640625 0.2946458328125
0 0.015765625 0.6192708328125 0.020546875 0.6288333328125 0.039671875 0.6288333328125 0.04765625 0.6213958328125 0.054031249999999996 0.604375 0.046046875 0.5884375000000001 0.0356875 0.5778125000000001 0.01496875 0.57675 0.01815625 0.5799375 0.0229375 0.6075625 0.015765625 0.6192708328125
0 0.05940625000000001 0.6473958328125 0.055859375 0.6580416671875 0.053640625 0.6686875 0.053640625 0.6805 0.05853125 0.6840416671875 0.0660625 0.6840416671875 0.086015625 0.6946875 0.09310937500000001 0.6887708328125 0.10153125 0.6763541671875 0.10596874999999999 0.6627708328125 0.102859375 0.6473958328125 0.094 0.63025 0.0855625 0.6296666671875 0.086015625 0.6308333328125 0.070046875 0.6355625 0.05940625000000001 0.6473958328125
0 0.624046875 0.4339791671875 0.6204531249999999 0.418625 0.61109375 0.4022916671875 0.595984375 0.3859791671875 0.5859062500000001 0.40325 0.580859375 0.42533333281249996 0.576546875 0.4397291671875 0.5642968749999999 0.45125000000000004 0.554234375 0.46277083281250003 0.5664687500000001 0.472375 0.5758281249999999 0.4829166671875 0.584453125 0.4944375 0.5880625 0.5030833328125001 0.592375 0.49827083281249995 0.610375 0.4877291671875 0.6190156250000001 0.47043749999999995 0.624765625 0.4531666671875 0.624046875 0.4339791671875
0 0.8158749999999999 0.417875 0.781546875 0.45675 0.791875 0.46708333281250003 0.8014687500000001 0.47004166718749996 0.8154999999999999 0.4715 0.824359375 0.47839583281250003 0.829890625 0.47839583281250003 0.8343281250000001 0.47543749999999996 0.84059375 0.46018749999999997 0.838015625 0.4459166671875 0.8158749999999999 0.417875
0 0.113453125 0.5972083328125 0.108234375 0.6063125 0.108640625 0.626625 0.11225 0.6549791671875 0.11625 0.6603333328125001 0.12146874999999999 0.6704791671875 0.130296875 0.6635416671875001 0.125484375 0.6416041671875 0.12428125000000001 0.6234166671875 0.12989062499999998 0.5891875 0.130703125 0.5870625 0.125484375 0.5875833328125 0.113453125 0.5972083328125