1 0.348875 0.50075 0.37078125 0.5389583328125 0.37246875 0.5659166671875 0.416296875 0.5726666671875 0.42471875 0.5681666671875 0.461796875 0.5501875 0.47359375000000004 0.5344583328125 0.47190624999999997 0.503 0.416296875 0.397375 0.391015625 0.3816458328125 0.37415625 0.3434375 0.34045312499999997 0.3569375 0.293265625 0.43558333281249995 0.318546875 0.4647916671875 0.348875 0.50075
1 0.362234375 0.1735416671875 0.35225 0.18375 0.34859375 0.1935 0.34859375 0.2037083328125 0.352921875 0.2747083328125 0.35025 0.29333333281249996 0.366234375 0.3190833328125 0.39518749999999997 0.32795833281250003 0.40715625 0.3235208328125 0.40982812500000004 0.3057708328125 0.38353125 0.2724791671875 0.37321875000000004 0.2383125 0.37421875 0.21125 0.38020312500000003 0.1890625 0.38253125 0.1810833328125 0.39451562500000004 0.1633333328125 0.3921875 0.1500208328125 0.386859375 0.15445833281250002 0.362234375 0.1735416671875
1 0.49596875 0.37875000000000003 0.49153125 0.3446458328125 0.49153125 0.3061041671875 0.47595312500000003 0.3061041671875 0.45149999999999996 0.3238958328125 0.44037499999999996 0.3387083328125 0.43481249999999994 0.3565 0.42257812499999997 0.3802291671875 0.415921875 0.40395833281250004 0.44815625 0.4691875 0.46928125 0.5092083328125 0.472625 0.5344166671874999 0.4881875 0.5358958328125001 0.4993125 0.5225625 0.504875 0.5121875 0.510421875 0.5136666671875 0.52265625 0.5077291671874999 0.52821875 0.4988333328125 0.53934375 0.46325000000000005 0.51709375 0.42172916718750003 0.49596875 0.37875000000000003
1 0.61228125 0.8299583328125 0.61228125 0.8705 0.61228125 0.8795208328124999 0.615671875 0.9200625 0.617359375 0.9583333328125001 0.6393125000000001 1 0.766 0.998875 0.7609375 0.992125 0.72378125 0.8840208328125 0.689984375 0.7826666671875 0.66634375 0.7578958328125001 0.66296875 0.7601458328125 0.6545156249999999 0.7533958328125 0.637625 0.7668958328125 0.61228125 0.8299583328125
1 0.490421875 0.6263124999999999 0.48975 0.6794166671874999 0.511359375 0.7514375 0.5397031250000001 0.8099375 0.5646875 0.8288333328125 0.576828125 0.8180416671874999 0.5781875000000001 0.8108333328124999 0.5876406249999999 0.8162291671874999 0.59303125 0.8108333328124999 0.5957343749999999 0.7874375 0.60653125 0.7892291671875 0.6119375 0.7802291671875 0.604515625 0.7469375 0.591015625 0.7109375 0.5748125 0.659625 0.564015625 0.6173124999999999 0.5626562500000001 0.592125 0.557265625 0.5615208328125 0.5376875 0.5669166671875 0.51878125 0.5885208328125 0.50190625 0.5984166671875 0.490421875 0.6263124999999999
1 0.609546875 0.7652916671875001 0.6221875 0.7592708328125 0.627609375 0.7363958328125 0.64928125 0.7568541671875 0.6547031249999999 0.7556666671875 0.672765625 0.7412083328125 0.671859375 0.7387916671875 0.6863125 0.7508333328125001 0.6998593750000001 0.7472291671875 0.71159375 0.7255625 0.71340625 0.7207291671875 0.7125 0.7002708328125 0.71159375 0.6990624999999999 0.734171875 0.6990624999999999 0.73328125 0.6978541671875 0.6845 0.49312500000000004 0.6817968750000001 0.4847083328125 0.66553125 0.4943333328125 0.661921875 0.4979583328125 0.6465625 0.5208333328125 0.635734375 0.5256458328125 0.568890625 0.5485208328125 0.55896875 0.5533541671875 0.56528125 0.6111458328125 0.609546875 0.7652916671875001
1 0.718796875 0.5197083328125001 0.73121875 0.5579375 0.736953125 0.5770625 0.751296875 0.6038333328125 0.7618125 0.6246458328125 0.765 0.6424791671875 0.7793281249999999 0.6594791671875 0.7949375 0.6701041671875 0.797171875 0.66925 0.8041874999999999 0.6683958328124999 0.8067343749999999 0.6582083328125 0.81565625 0.6637291671875001 0.8210625 0.6582083328125 0.8194687500000001 0.6361041671875001 0.813109375 0.6225208328125 0.801953125 0.6017083328124999 0.7879375 0.5715416671875 0.78346875 0.5587916671875 0.7751875 0.5324583328125 0.769453125 0.5056875 0.7621249999999999 0.4925208328125 0.76690625 0.4738333328125 0.76690625 0.4619375 0.765 0.4568333328125 0.7624531250000001 0.45472916718749995 0.76053125 0.4534375 0.756703125 0.4534375 0.754484375 0.4534375 0.74875 0.45599999999999996 0.744609375 0.45895833281250004 0.743015625 0.45981249999999996 0.738234375 0.4606666671875 0.735359375 0.45895833281250004 0.730578125 0.45895833281250004 0.725484375 0.46108333281249997 0.717515625 0.47170833281249996 0.7111562499999999 0.48274999999999996 0.707328125 0.48658333281250005 0.702859375 0.4993333328125 0.7035 0.5001666671875 0.70828125 0.5048541671875 0.718796875 0.5197083328125001
1 0.32214062499999996 0.7675625 0.33053125 0.8078125 0.35403125 0.8883541671874999 0.372484375 0.9263958328124999 0.389265625 0.930875 0.39765625 0.9241458328125001 0.39596875 0.8816458328125 0.38590625 0.841375 0.3708125 0.7787499999999999 0.367453125 0.7250416671875 0.367453125 0.6982083328125 0.38087499999999996 0.666875 0.367453125 0.666875 0.365765625 0.6601666671875 0.3590625 0.6803125 0.335578125 0.6915 0.32214062499999996 0.7295208328125 0.32214062499999996 0.7675625
1 0.32190625 0.5797708328125 0.342140625 0.5662916671875 0.37078125 0.5662916671875 0.37078125 0.5415833328125 0.35729687499999996 0.5101041671875 0.2983125 0.4426875 0.2983125 0.4247291671875 0.2983125 0.39325 0.289890625 0.3887708328125 0.27471875 0.35281250000000003 0.2460625 0.3505625 0.22584374999999998 0.3955 0.212359375 0.3955 0.20056250000000003 0.4134791671875 0.183703125 0.5325833328125 0.198875 0.59325 0.205625 0.59325 0.22078125 0.59325 0.244375 0.6112291671875 0.267984375 0.6 0.2983125 0.5775208328125 0.32190625 0.5797708328125
1 0.426578125 0.7167708328125 0.46423437500000003 0.8310208328125 0.493421875 0.8410624999999999 0.50190625 0.8159583328125001 0.45859375 0.6841458328125001 0.46140625 0.6339166671875 0.47553124999999996 0.6063125 0.466125 0.5987708328125 0.46517187499999996 0.6000208328125 0.4529375 0.621375 0.43881249999999994 0.6163541671874999 0.419046875 0.6565208328125001 0.426578125 0.7167708328125
1 0.659203125 0.5806250000000001 0.669484375 0.6194583328125 0.6943125 0.673125 0.715296875 0.7045208328125 0.730703125 0.7090833328125 0.735 0.7056666671875 0.741421875 0.6959583328125001 0.75596875 0.6925208328125 0.764109375 0.6839583328125001 0.7572656249999999 0.673125 0.756828125 0.6588541671875 0.76496875 0.6502916671875 0.765390625 0.6337291671874999 0.7576875000000001 0.6103125 0.7546875 0.60575 0.733703125 0.5663541671875 0.733703125 0.5623541671875001 0.7204375 0.5174375 0.70415625 0.5003124999999999 0.69859375 0.4803125 0.69903125 0.4706041671875 0.6943125 0.47387499999999994 0.68446875 0.491 0.669046875 0.5258125 0.664765625 0.546375 0.659203125 0.5806250000000001
1 0.24575 0.1706875 0.24367187499999998 0.1629791671875 0.23948437500000003 0.1623333328125 0.234515625 0.16018749999999998 0.22935937499999998 0.1563333328125 0.2229375 0.1544166671875 0.20720312500000002 0.15718749999999998 0.19884375 0.16468750000000001 0.18503125 0.1730416671875 0.17859375 0.1717708328125 0.17250000000000001 0.1717708328125 0.16365625 0.174125 0.157078125 0.1796875 0.148875 0.19125 0.143578125 0.20539583281249998 0.1410625 0.21839583281250002 0.14250000000000002 0.23872916718749998 0.14621875 0.2538541671875 0.15178125 0.26925 0.15982812500000002 0.2824583328125 0.170140625 0.2942708328125 0.17665625000000001 0.30222916718750004 0.177375 0.31095833281249996 0.18284375 0.3245625 0.18884375 0.33547916718750004 0.199765625 0.3495416671875 0.211234375 0.351 0.21832812499999998 0.3497916671875 0.220703125 0.343 0.222703125 0.34227083281250004 0.22925 0.3524583328125 0.23525000000000001 0.3578125 0.24290625000000002 0.3575625 0.245453125 0.35562499999999997 0.248 0.351 0.254546875 0.3488333328125 0.254546875 0.34129166718750004 0.253453125 0.3289166671875 0.26973437499999997 0.35368750000000004 0.281890625 0.3561875 0.2865625 0.350875 0.290765625 0.3446458328125 0.290765625 0.333125 0.28703124999999996 0.31975 0.27931249999999996 0.2998125 0.273484375 0.2808125 0.266 0.2571458328125 0.263203125 0.2496666671875 0.254796875 0.2281666671875 0.250359375 0.2188333328125 0.247546875 0.2088541671875 0.24451562500000001 0.1876875 0.24479687499999997 0.1876041671875 0.24479687499999997 0.1734791671875 0.24575 0.1706875
1 0.827921875 0.5821875000000001 0.85740625 0.5821875000000001 0.8907343750000001 0.5941458328125 0.91765625 0.5667916671875 0.877921875 0.5138125 0.8471562499999999 0.45912499999999995 0.85484375 0.42493749999999997 0.833046875 0.42835416718749997 0.8009999999999999 0.4488541671875 0.780484375 0.4813333328125 0.795875 0.5411666671875001 0.827921875 0.5821875000000001
1 0.1984375 0 0.1859375 0.0041666671875 0.125 0.0020833328125000002 0.125 0.025 0.11875 0.025 0.1234375 0.0479166671875 0.0890625 0.1520833328125 0.078125 0.1520833328125 0.0734375 0.1458333328125 0.0671875 0.1458333328125 0.0703125 0.1375 0.059375 0.1604166671875 0.055208332812500004 0.1541666671875 0.0375 0.1541666671875 0.0328125 0.1458333328125 0.0171875 0.146875 0.0171875 0.1520833328125 0.0056066171875 0.14387255000000002 0.007628676562500001 0.1220588234375 0.003125 0.11875 0.00863970625 0.11115196093749999 0.01875 0.0020833328125000002 0.0015625 0 0.0015625 0.1510416671875 0.0045955875 0.1547794125 0.0015625 0.1604166671875 0.003584559375 0.165686275 0.0015625 0.20416666718749998 0.0046875 0.21875 0 0.2520833328125 0 0.2770833328125 0.003125 0.30416666718749996 0.0015625 0.30625 0.00625 0.3083333328125 0.0015625 0.3166666671875 0.0015625 0.4 0.0046875 0.40416666718750005 0.0015625 0.40833333281249995 0.0015625 0.44166666718750003 0.0171875 0.44375 0.0265625 0.45 0.034375 0.4604166671875 0.0453125 0.4875 0.04375 0.5125 0.0546875 0.5354166671875 0.009375 0.5392857140625 0.0015625 0.5208333328125 0.0015625 0.55625 0.016477273437500002 0.5464015140625 0.05625 0.6145833328125 0.046875 0.6520833328125 0.04375 0.7020833328125 0.028125 0.725 0.015625 0.7333333328125 0.0015625 0.7333333328125 0.059375 0.7583333328124999 0.05625 0.775 0.04375 0.7958333328125 0.0390625 0.8145833328125001 0.025 0.83125 0.0171875 0.85625 0.0109375 0.9395833328125001 0.0109375 0.9854166671875 0.0140625 0.9979166671874999 0.165625 1 0.1640625 0.975 0.1609375 0.9645833328125001 0.146875 0.9458333328125 0.13125 0.94375 0.1265625 0.925 0.1171875 0.9145833328125 0.1140625 0.8958333328125001 0.115625 0.8708333328125001 0.1125 0.8604166671875 0.10625 0.8520833328125 0.1046875 0.84375 0.10625 0.8104166671874999 0.1 0.7958333328125 0.1015625 0.7666666671875 0.096875 0.7541666671875 0.09736328125 0.7515625 0.184375 0.7229166671875 0.1890625 0.7354166671875 0.1984375 0.74375 0.2453125 0.74375 0.2578125 0.7375 0.2609375 0.74375 0.2625 0.775 0.2921875 0.8229166671874999 0.30625 0.8604166671875 0.315625 0.86875 0.33125 0.86875 0.3390625 0.8604166671875 0.3453125 0.8625 0.3859375 0.8416666671874999 0.3953125 0.8791666671874999 0.3953125 0.93125 0.4015625 0.9479166671874999 0.4125 0.9583333328125001 0.428125 0.9583333328125001 0.4390625 0.9458333328125 0.4421875 0.9354166671874999 0.4421875 0.9083333328125001 0.4515625 0.90625 0.4609375 0.8916666671875 0.4625 0.8729166671874999 0.471600275 0.8697573249999999 0.4875 0.925 0.4921875 0.9333333328125001 0.5 0.9395833328125001 0.515625 0.9395833328125001 0.5265625 0.9270833328125001 0.5296875 0.9166666671874999 0.48981854843750006 0.8666442640625001 0.49343750000000003 0.8541666671874999 0.5296875 0.8541666671874999 0.528125 0.7895833328124999 0.6828125 0.7729166671875001 0.6921875 0.7895833328124999 0.759375 0.9895833328125001 0.7671875 1 0.8828125 1 0.8890625 0.975 0.8890625 0.9479166671874999 0.878125 0.9020833328125001 0.8875 0.9020833328125001 0.9 0.8958333328125001 0.9078125 0.8875 0.9140625 0.8708333328125001 0.921875 0.8625 0.9421875 0.8625 0.953125 0.8541666671874999 0.9640625 0.8270833328125 0.9703125 0.7958333328125 0.9921875 0.7958333328125 0.9984375 0.7916666671875 0.9984375 0.4770833328125 0.984375 0.46666666718750005 0.975 0.45 0.9796875 0.4270833328125 0.9796875 0.41041666718750003 0.975 0.3916666671875 0.9640625 0.375 0.9515625 0.36666666718749996 0.93125 0.36666666718749996 0.9265625 0.3375 0.9125 0.3145833328125 0.9 0.30625 0.8875 0.30625 0.8484375 0.28125 0.85 0.275 0.8609375 0.26875 0.86875 0.25833333281250004 0.8765625 0.23333333281250002 0.8765625 0.2166666671875 0.8734375 0.20208333281250002 0.8609375 0.18125 0.8484375 0.1729166671875 0.825 0.1729166671875 0.8046875 0.1604166671875 0.7828125 0.1354166671875 0.7703125 0.1270833328125 0.75625 0.1270833328125 0.75 0.12291666718750001 0.709375 0.12291666718750001 0.696875 0.13125 0.6875 0.13333333281249998 0.6765625 0.14375 0.671875 0.14375 0.6734375 0.0895833328125 0.6703125 0.075 0.6640625 0.060416667187499995 0.65625 0.05 0.6421875 0.014583332812499999 0.6328125 0 0.5046875 0 0.4984375 0.00625 0.4734375 0.0083333328125 0.45625 0.0270833328125 0.446875 0.0229166671875 0.4421875 0.0083333328125 0.4359375 0 0.234375 0 0.2265625 0.00625 0.2234375 0 0.1984375 0