1 0.352328125 0.2569459453125 0.327484375 0.25545945937500003 0.280328125 0.2732702703125 0.273484375 0.31624324375 0.280328125 0.3295945953125 0.312046875 0.3548108109375 0.355765625 0.353324325 0.36090625 0.335540540625 0.36262500000000003 0.2910540546875 0.352328125 0.2569459453125
1 0.41212499999999996 0.158216215625 0.40315625 0.158675675 0.4141875 0.1915135140625 0.42675 0.200378378125 0.43162500000000004 0.19816216250000002 0.44265625000000003 0.181297296875 0.438296875 0.158216215625 0.4293125 0.1533513515625 0.41879687499999996 0.1573513515625 0.41212499999999996 0.158216215625
1 0.195546875 0.178216215625 0.20400000000000001 0.188459459375 0.205859375 0.18581081093750001 0.20451562499999998 0.17175675625 0.194015625 0.1574324328125 0.18657812499999998 0.1568378375 0.18657812499999998 0.165621621875 0.195546875 0.178216215625
1 0.4546875 0.2718378375 0.45887500000000003 0.27424324375000003 0.459578125 0.2887297296875 0.467953125 0.30924324375 0.463765625 0.3225135140625 0.454 0.3237297296875 0.44632812499999996 0.3249459453125 0.440046875 0.3394054046875 0.43795312500000005 0.35270270312499996 0.445625 0.387702703125 0.4546875 0.387702703125 0.47074999999999995 0.3695945953125 0.48051562499999995 0.37924324375 0.508421875 0.37924324375 0.5265625 0.37562162187500003 0.525859375 0.3502702703125 0.5265625 0.3237297296875 0.5175 0.298378378125 0.5091249999999999 0.265783784375 0.5049375 0.25491891875 0.49935937499999994 0.23683783749999998 0.49167187500000004 0.21991891875 0.483296875 0.22475675625 0.484 0.2344054046875 0.48609375000000005 0.2344054046875 0.47074999999999995 0.23562162187500002 0.459578125 0.242864865625 0.45190625000000006 0.2501081078125 0.4546875 0.2718378375
1 0.1629375 0.28443243281249997 0.15623437499999998 0.2935675671875 0.1514375 0.297702703125 0.1485625 0.304324325 0.14665625 0.31094594531249997 0.14809375 0.31508108125 0.15335937500000002 0.31591891875 0.15575 0.31675675625 0.15814062499999998 0.3175675671875 0.16340625 0.3208918921875 0.166765625 0.3275135140625 0.170125 0.32254054062500004 0.172984375 0.30681081093749996 0.17346875 0.30018918906250003 0.176828125 0.295216215625 0.18209375 0.294378378125 0.18353124999999998 0.29024324375 0.18687499999999999 0.2819729734375 0.184953125 0.28113513437500004 0.184 0.28278378437499996 0.180171875 0.28278378437499996 0.172984375 0.28610810781249996 0.16915625 0.28443243281249997 0.1629375 0.28443243281249997
1 0.457890625 0.2351081078125 0.440171875 0.213216215625 0.42415624999999996 0.20227027031249997 0.411921875 0.192783784375 0.4030625 0.19132432500000002 0.399265625 0.20227027031249997 0.39546875 0.21175675625 0.396734375 0.23291891874999998 0.411921875 0.2445945953125 0.42793749999999997 0.278135134375 0.44396874999999997 0.2971081078125 0.45409375 0.29127027031249997 0.455359375 0.2898108109375 0.46084375 0.278864865625 0.45578124999999997 0.27229729687500004 0.45367187500000006 0.25408108125 0.457890625 0.2351081078125
1 0.33484375 0.19802702656249999 0.33484375 0.20256756718750002 0.32925 0.2309459453125 0.32140625 0.2548378375 0.329625 0.2574054046875 0.338953125 0.2541891890625 0.35164062500000004 0.2574054046875 0.356484375 0.2677297296875 0.35834375 0.26708108125 0.360953125 0.2541891890625 0.368421875 0.24513513437499998 0.37065625 0.2328918921875 0.36021875 0.22191891875 0.357234375 0.2083513515625 0.344171875 0.1941621625 0.34118750000000003 0.1948108109375 0.338953125 0.1941621625 0.33484375 0.19802702656249999
1 0.256 0.1393513515625 0.256546875 0.1543513515625 0.255453125 0.175 0.25329687500000003 0.1599729734375 0.2440625 0.1421621625 0.23646875 0.1402702703125 0.23159375 0.149675675 0.22834374999999998 0.16748648593749998 0.23484375000000002 0.1918918921875 0.238640625 0.20408108125000002 0.24353125000000003 0.209702703125 0.25382812499999996 0.212540540625 0.258171875 0.2200270265625 0.26359374999999996 0.23410810781250002 0.26956250000000004 0.2444324328125 0.271734375 0.25194594531250003 0.2711875 0.261324325 0.262515625 0.2631891890625 0.257625 0.289459459375 0.25925 0.3007297296875 0.265765625 0.3101081078125 0.26956250000000004 0.31481081093749996 0.27825 0.29886486562500003 0.28040625 0.2838378375 0.284203125 0.2716486484375 0.297234375 0.2678918921875 0.303203125 0.255702703125 0.30590625 0.2350540546875 0.27065625 0.141216215625 0.262515625 0.136540540625 0.260890625 0.13370270312500002 0.25709375 0.1318378375 0.256 0.1393513515625
1 0.20709375 0.3111891890625 0.20709375 0.302324325 0.202828125 0.284621621875 0.197703125 0.28313513437500004 0.1883125 0.28313513437500004 0.183203125 0.28610810781249996 0.180640625 0.30675675625 0.183203125 0.3215135140625 0.1883125 0.3215135140625 0.20709375 0.3111891890625
1 0.224671875 0.22586486562500002 0.23334375000000002 0.20897297343750001 0.233890625 0.20054054062499999 0.23279687500000001 0.19491891875 0.22846875 0.17989189218749999 0.226828125 0.16299999999999998 0.226296875 0.149864865625 0.18560937500000002 0.148 0.15523437499999998 0.16299999999999998 0.14275 0.17989189218749999 0.14275 0.20524324374999997 0.14384375 0.23808108125 0.14384375 0.24651351406250002 0.140578125 0.2484054046875 0.1395 0.2681081078125 0.141125 0.29343243281250003 0.14871875 0.2924864859375 0.167703125 0.2831081078125 0.175296875 0.280297296875 0.1834375 0.274675675 0.21760937500000002 0.2681081078125 0.219234375 0.258702703125 0.22087500000000002 0.24275675625 0.224671875 0.22586486562500002
1 0.326703125 0.178378378125 0.346265625 0.2044324328125 0.371859375 0.2382702703125 0.376390625 0.230459459375 0.38240625 0.2226486484375 0.395953125 0.2018108109375 0.404984375 0.18881081093750002 0.39896875 0.1497297296875 0.376390625 0.126297296875 0.36734374999999997 0.14191891875 0.359828125 0.147135134375 0.343265625 0.1497297296875 0.33875 0.1523513515625 0.33271875 0.16275675625 0.326703125 0.178378378125
1 0.309171875 0.189378378125 0.2959375 0.20524324374999997 0.300015625 0.21316216250000003 0.30407812500000003 0.2334324328125 0.29695312500000004 0.2545675671875 0.303578125 0.259864865625 0.331078125 0.2501621625 0.34176562499999996 0.220216215625 0.347875 0.21316216250000003 0.34176562499999996 0.2034864859375 0.33464062499999997 0.1981891890625 0.33718750000000003 0.1981891890625 0.326484375 0.1841081078125 0.3239375 0.1788108109375 0.3101875 0.1841081078125 0.309171875 0.189378378125
1 0.25703125 0.126 0.28904687500000004 0.18672972968749998 0.30660937499999996 0.197459459375 0.331390625 0.1795945953125 0.337578125 0.1545675671875 0.309875 0.11635135156250001 0.31796875 0.11348648593749999 0.292140625 0.0991891890625 0.25703125 0.126
1 0.1859375 0.14729729687499998 0.1900240390625 0.1330561328125 0.196875 0.14054054062500002 0.1975360578125 0.13742203749999998 0.20504807656250001 0.141787940625 0.203125 0.15135135156249999 0.2125 0.15135135156249999 0.21256009687500002 0.1461538453125 0.22758413437499997 0.15488565468749999 0.23125 0.15135135156249999 0.23509615312499998 0.159251559375 0.3027043265625 0.198544696875 0.35625 0.2675675671875 0.35625 0.29159159218749997 0.3375 0.3190690703125 0.33625 0.3308108109375 0.33125 0.3282282265625 0.32875 0.3359459453125 0.31875 0.3465465453125 0.30625 0.3513513515625 0.3078125 0.3702702703125 0.3109375 0.375675675 0.3328125 0.38108108125 0.3390625 0.3918918921875 0.365625 0.4 0.3703125 0.424324325 0.3796875 0.424324325 0.3875 0.4081081078125 0.4140625 0.416216215625 0.4328125 0.4135135140625 0.440625 0.4081081078125 0.4453125 0.3864864859375 0.45 0.3918918921875 0.44140625 0.3702702703125 0.4375 0.3540540546875 0.4390625 0.340540540625 0.446875 0.3270270265625 0.4625 0.32432432499999997 0.465625 0.3135135140625 0.4484375 0.30270270312499997 0.4484375 0.2945945953125 0.4421875 0.297297296875 0.434375 0.2864864859375 0.43125 0.2891891890625 0.43125 0.283783784375 0.425 0.27297297343750004 0.45625 0.24864864843749998 0.4578125 0.2378378375 0.4671875 0.240540540625 0.4828125 0.23513513437500003 0.48125 0.221621621875 0.471875 0.21351351406250002 0.46875 0.202702703125 0.4734375 0.1945945953125 0.4953125 0.1918918921875 0.5 0.183783784375 0.5 0.1729729734375 0.49375 0.16216216249999998 0.4609375 0.16756756718750002 0.4578125 0.1459459453125 0.45 0.14054054062500002 0.44375 0.1486486484375 0.440625 0.16756756718750002 0.4421875 0.183783784375 0.43125 0.2 0.41875 0.197297296875 0.4 0.22747747812500002 0.396875 0.202702703125 0.371875 0.240540540625 0.3703125 0.2378378375 0.310216346875 0.202910603125 0.2546875 0.15135135156249999 0.25625 0.1378378375 0.259375 0.135135134375 0.25625 0.11351351406250001 0.246875 0.0945945953125 0.228125 0.097297296875 0.2234375 0.0918918921875 0.2046875 0.0918918921875 0.190625 0.1108108109375 0.1828125 0.11756756718750001 0.18251201875 0.1286902296875 0.175 0.12432432499999999 0.171875 0.12972972968750002 0.171875 0.1459459453125 0.175 0.1540540546875 0.1859375 0.14729729687499998