2 0.3469375 0.3137639203125 0.29771875 0.323452115625 0.2994241421875 0.3307558625 0.31043750000000003 0.35732739375 0.378328125 0.34280623593750004 0.41312499999999996 0.3307126953125 0.422453125 0.3198218265625 0.41821875000000003 0.30167037812499997 0.3469375 0.3137639203125
0 0.512375 0.494008909375 0.534453125 0.5142316265625 0.583328125 0.543452115625 0.6211562500000001 0.543452115625 0.659 0.4985077953125 0.665296875 0.4737861921875 0.665296875 0.40861915312499997 0.6558437500000001 0.372650334375 0.63534375 0.36817371875 0.633765625 0.3748997765625 0.58175 0.40861915312499997 0.5549375000000001 0.440066815625 0.531296875 0.462538975 0.512375 0.494008909375
2 0.39445312499999996 0.356080178125 0.40443749999999995 0.34469933125 0.40603125 0.3350111359375 0.39925 0.337861915625 0.370875 0.34868596875 0.367671875 0.3498218265625 0.36726562500000004 0.3549443203125 0.35928125 0.3617817375 0.360875 0.3663474390625 0.36726562500000004 0.36748329687500003 0.375265625 0.365189309375 0.380859375 0.3589309578125 0.394046875 0.3640534515625 0.4064375 0.36975501093749996 0.414828125 0.3623608015625 0.40684375 0.3617817375 0.38925 0.3572160359375 0.39445312499999996 0.356080178125
0 0.877328125 0.5793541203125 0.917 0.5663028953125 0.9185156250000001 0.5663028953125 0.9368281250000001 0.519554565625 0.9536093749999999 0.47605790625 0.9383593749999999 0.4662806234375 0.917 0.4162583515625 0.8597812499999999 0.41298440937500003 0.81171875 0.44995545625 0.799515625 0.480400890625 0.78959375 0.49781737187499997 0.7728125 0.5380400890625 0.7407812500000001 0.5826280625 0.7476406250000001 0.5826280625 0.760609375 0.59131403125 0.76671875 0.60436525625 0.777390625 0.6163251671875 0.8285 0.6087082406250001 0.8559687500000001 0.6185077953125 0.8735156249999999 0.6119821828124999 0.877328125 0.5793541203125
0 0.73475 0.376436525 0.737796875 0.339465478125 0.7614375 0.3383741640625 0.7759375000000001 0.332939865625 0.795765625 0.3101113578125 0.80796875 0.3003118046875 0.8102656250000001 0.27204899843749997 0.8247656250000001 0.26877505625000003 0.8369687499999999 0.2666147 0.8247656250000001 0.25572383125 0.814078125 0.24703786249999998 0.7980625 0.2394209359375 0.7889062499999999 0.24703786249999998 0.7225312500000001 0.3068374171875 0.7194843750000001 0.3177060140625 0.72025 0.326414253125 0.7194843750000001 0.352516703125 0.7088125 0.37968819531250003 0.7034687500000001 0.3883964359375 0.7248281249999999 0.3970824046875 0.7316874999999999 0.3949220484375 0.73475 0.376436525
0 0.804484375 0.24060133593750002 0.8360468750000001 0.260846325 0.847890625 0.195612471875 0.873921875 0.1742316265625 0.897609375 0.1742316265625 0.90234375 0.143875278125 0.797390625 0.14837416406249998 0.7595156249999999 0.1742316265625 0.7634531250000001 0.17648106875 0.82184375 0.195612471875 0.804484375 0.24060133593750002
0 0.956265625 0.28732739375 0.9669062500000001 0.29082405312500004 0.9734375 0.28207126875 0.9930625 0.21216035625 0.999609375 0.1801113578125 0.999203125 0.1620489984375 0.9726250000000001 0.15679287343749998 0.9509531250000001 0.1509799546875 0.9280625 0.1923385296875 0.926015625 0.2028285078125 0.929296875 0.21389755 0.935421875 0.231380846875 0.9374687500000001 0.2494432078125 0.934609375 0.26227171562499996 0.9460468750000001 0.2733407578125 0.949734375 0.280913140625 0.956265625 0.28732739375
0 0.34515625 0.42044543437500004 0.35025 0.4349443203125 0.353015625 0.44679287343749996 0.387203125 0.4711581296875 0.393203125 0.467861915625 0.40059374999999997 0.4349443203125 0.41398437499999996 0.42902004531250004 0.43339062500000003 0.42703786250000003 0.4343125 0.42178173750000003 0.43246874999999996 0.39806236093749997 0.43384375000000003 0.3901781734375 0.41721874999999997 0.36910913125 0.38996875000000003 0.3671269484375 0.365953125 0.3723830734375 0.365484375 0.3723830734375 0.347015625 0.3763474390625 0.336390625 0.39674832968749996 0.33546875 0.4184855234375 0.34515625 0.42044543437500004
0 0.76315625 0.11231625781250001 0.764859375 0.0977060140625 0.750078125 0.073407571875 0.7261875 0.0498886421875 0.71196875 0.049086859375 0.710828125 0.0523162578125 0.684109375 0.06610245000000001 0.675578125 0.07258351874999999 0.6806875 0.084743875 0.684671875 0.0928507796875 0.690359375 0.1042093546875 0.698890625 0.1042093546875 0.70684375 0.1090645875 0.70684375 0.1398663703125 0.7398281250000001 0.1390645875 0.756890625 0.1341870828125 0.76315625 0.11231625781250001
2 0.32799999999999996 0.71427616875 0.337109375 0.7324721609375 0.36262500000000003 0.7324721609375 0.375375 0.71948775 0.3845 0.7065033406250001 0.366265625 0.701291759375 0.353515625 0.7065033406250001 0.337109375 0.6934966593749999 0.33346875 0.6961024499999999 0.32799999999999996 0.71427616875
2 0.9880156250000001 0.40699331875 0.98915625 0.40456570156250005 0.997109375 0.38024498906250004 0.999953125 0.347817371875 1 0.3259242765625 0.993125 0.3016035640625 0.993125 0.27728285 0.98971875 0.2667483296875 0.9755 0.2667483296875 0.97265625 0.28216035625 0.980046875 0.3016035640625 0.9874375000000001 0.322694878125 0.992 0.33971046718750003 0.9845937499999999 0.3461915375 0.977203125 0.3494432078125 0.99028125 0.38024498906250004 0.9874375000000001 0.40131403125 0.9880156250000001 0.40699331875
2 0.533 0.053452115625 0.518203125 0.029131403125 0.53071875 0.0258797328125 0.5273125000000001 0.012093540625 0.497171875 0.0088641421875 0.474421875 0.0072383078125 0.45565625 0.0031848546875 0.46873437500000004 0.0210244984375 0.5051249999999999 0.029131403125 0.506828125 0.045345210937500005 0.533 0.053452115625
2 0.5565625 0.542796690625 0.55578125 0.557861915625 0.5689062500000001 0.5458797328125 0.57384375 0.5511581296875 0.5689062500000001 0.5628062359375 0.58078125 0.5451670375 0.582265625 0.5451670375 0.59315625 0.5536302890625 0.5916718750000001 0.5585746109375 0.59365625 0.5628062359375 0.5956406249999999 0.560334075 0.601328125 0.562093540625 0.604296875 0.5723385296875 0.596125 0.5867928734375 0.6008281249999999 0.5836302890625 0.6151875 0.5899777281249999 0.617171875 0.5843207125000001 0.61790625 0.579042315625 0.616671875 0.55962138125 0.614453125 0.5536302890625 0.6092500000000001 0.549042315625 0.60009375 0.5589309578125 0.598359375 0.5589309578125 0.594640625 0.55046770625 0.596875 0.5430512249999999 0.592421875 0.5384632515625001 0.5892031249999999 0.539510021875 0.5888125 0.54300031875 0.58646875 0.5437639203125 0.585734375 0.5363474390625 0.58103125 0.5349443203125 0.58075 0.5429494125 0.5765781249999999 0.5430512249999999 0.5743437499999999 0.541291759375 0.5726875 0.54289850625 0.569390625 0.5363474390625 0.564625 0.542847596875 0.554296875 0.5367037859375 0.5429062499999999 0.5398663703125 0.5404375 0.5426948781250001 0.54390625 0.54835189375 0.5485 0.542745784375 0.5565625 0.542796690625
0 0.3970625 0.2518708234375 0.385546875 0.1583964359375 0.361625 0.148285078125 0.335046875 0.1470378625 0.333265625 0.150824053125 0.330609375 0.160913140625 0.31909375 0.29605790625 0.338578125 0.31122494375 0.39175 0.27712694843749996 0.3970625 0.2518708234375