1 0.4365 0.5532959640625 0.43828125 0.5605381171875 0.44540625 0.5613901343750001 0.451640625 0.56181614375 0.4623125 0.5622421531249999 0.463796875 0.5592600890625 0.466765625 0.5562780265625 0.46646875000000004 0.5507399109375 0.46528125 0.544775784375 0.45875000000000005 0.5435201796875 0.453125 0.54181614375 0.44659375 0.5405381171875 0.44125 0.542242153125 0.43739062500000003 0.54181614375 0.43471875000000004 0.5439237671875 0.435015625 0.5469058296875 0.4365 0.5532959640625
1 0.574515625 0.5669058296875 0.590671875 0.5699327359375 0.601203125 0.5694394625 0.59278125 0.5593497765625 0.5759218749999999 0.5588565015625 0.574515625 0.5593497765625 0.57240625 0.56439461875 0.574515625 0.5669058296875
1 0.682546875 0.5686771296875001 0.685625 0.5686771296875001 0.686640625 0.55843049375 0.680515625 0.5576905828125 0.671828125 0.55035874375 0.6636562500000001 0.55843049375 0.661625 0.56576233125 0.66978125 0.5767488796875 0.6677500000000001 0.5723542593750001 0.6764218750000001 0.573811659375 0.682546875 0.5686771296875001
1 0.561546875 0.5575112109375 0.5568593749999999 0.553565021875 0.55215625 0.5560986546875 0.551953125 0.560582959375 0.55371875 0.563968609375 0.5588124999999999 0.5687443953125 0.56409375 0.5664798203125 0.563515625 0.5622645734375 0.561546875 0.5575112109375
1 0.59471875 0.5550224218750001 0.59575 0.559417040625 0.60496875 0.5663452921875 0.599109375 0.5545964125 0.595890625 0.5520852015625 0.59471875 0.5550224218750001
1 0.648109375 0.5633183859375 0.6471250000000001 0.557040359375 0.6471250000000001 0.5521524656250001 0.6442187500000001 0.5514573984375 0.6422656250000001 0.5507399109375 0.639828125 0.552847534375 0.639828125 0.559820628125 0.639828125 0.5660986546875 0.644703125 0.56681614375 0.648109375 0.5633183859375
1 0.6156875 0.5608968609375 0.614703125 0.5572869953125 0.611421875 0.553049328125 0.6056250000000001 0.5477130046875 0.6008281249999999 0.5450448437500001 0.59809375 0.545986546875 0.597765625 0.550381165625 0.599078125 0.5544618828125001 0.6026875 0.5613677125 0.604203125 0.5646636765624999 0.604640625 0.5674887890625 0.604640625 0.5710986546875 0.60825 0.572197309375 0.610765625 0.57141255625 0.6119687500000001 0.5717264578125001 0.6134999999999999 0.5665470859374999 0.6156875 0.5608968609375
1 0.516828125 0.561233184375 0.516515625 0.5582287 0.51425 0.5559192828125 0.510703125 0.5559192828125 0.50909375 0.5575336328125 0.508921875 0.5589237671875 0.5123125 0.5626233187499999 0.515546875 0.5656502234375 0.516828125 0.5658744390625 0.516828125 0.561233184375
1 0.49771875000000004 0.5486771296875 0.48889062499999997 0.5486771296875 0.48709375 0.5532287 0.48346875 0.5561434984375 0.48256249999999995 0.5623094171874999 0.509484375 0.5642600890625 0.508578125 0.555829596875 0.5056406250000001 0.5528923765625 0.49771875000000004 0.5486771296875
1 0.5836875 0.555582959375 0.58815625 0.5531165921875 0.588828125 0.5486995515624999 0.58575 0.5452466375 0.581640625 0.5447533625000001 0.578890625 0.5467264578125001 0.575796875 0.548206278125 0.57271875 0.5511434984375 0.57134375 0.5590134531250001 0.578546875 0.557556053125 0.5836875 0.555582959375
1 0.5593125 0.544192825 0.553203125 0.53802690625 0.54596875 0.53737668125 0.5430312500000001 0.542578475 0.541671875 0.545807175 0.5394062500000001 0.5464573984375 0.539171875 0.5490582953125 0.53578125 0.5510089687499999 0.5337500000000001 0.554573990625 0.531265625 0.5571748875 0.529671875 0.5578251125 0.528546875 0.5558744390625 0.522203125 0.5562107625 0.52153125 0.559775784375 0.523796875 0.5626905828125001 0.526953125 0.5652914796874999 0.5364687499999999 0.5652914796874999 0.551390625 0.565627803125 0.551625 0.5613901343750001 0.55275 0.5558744390625 0.556375 0.553609865625 0.561578125 0.5571748875 0.56384375 0.5662780265625 0.5715312499999999 0.5636771296875 0.569265625 0.5568609859375 0.5642968749999999 0.55197309375 0.5593125 0.544192825
1 0.631296875 0.555582959375 0.621171875 0.5550224218750001 0.6151093750000001 0.56141255625 0.613484375 0.56955156875 0.643046875 0.5718609859375 0.6402187500000001 0.5550224218750001 0.6365624999999999 0.5526905828124999 0.631296875 0.555582959375
1 0.653484375 0.568609865625 0.6539843750000001 0.5676681609374999 0.6538125 0.5622869953125 0.657234375 0.5625336328125 0.65740625 0.560179371875 0.6565937500000001 0.5569058296875 0.6539843750000001 0.5541031390625 0.65153125 0.5529372203125 0.6479375 0.5538565015625 0.647453125 0.556434978125 0.649578125 0.5594843046875 0.65153125 0.567197309375 0.65153125 0.5681390140625 0.652671875 0.56883408125 0.653484375 0.568609865625