0 0.618867925 0.715890625 0.672641509375 0.691109375 0.8503537734375 0.677171875 0.8620518875000001 0.6152031250000001 0.810589621875 0.5315624999999999 0.7264386796875 0.49282812500000006 0.60483490625 0.481984375 0.49261792499999996 0.5238125 0.43648584843749993 0.557890625 0.420117925 0.598171875 0.420117925 0.66321875 0.49028301875 0.745328125 0.5557311328125001 0.759265625 0.618867925 0.715890625
0 0.6241273578125 0.786140625 0.6614386796875 0.792890625 0.75641509375 0.799625 0.8581839625000001 0.8018750000000001 0.922617925 0.8018750000000001 1 0.786140625 0.9972405656250001 0.761421875 0.987075471875 0.72096875 0.9633254718750001 0.6940000000000001 0.9361792453125 0.6895156250000001 0.9294103781249999 0.687265625 0.885306603125 0.687265625 0.817476415625 0.6782812500000001 0.8140801890624999 0.6782812500000001 0.7598113203125 0.6782812500000001 0.7089150937500001 0.6782812500000001 0.6241273578125 0.7164843750000001 0.580023584375 0.768171875 0.6241273578125 0.786140625
0 1 0.27937500000000004 0.9171698109375 0.274890625 0.829174528125 0.290578125 0.7987028296875 0.290578125 0.734410378125 0.346640625 0.697193396875 0.389234375 0.697193396875 0.48340625 0.8156367921875001 0.541703125 0.84608490625 0.5708593750000001 0.9171698109375 0.588796875 1 0.5775781249999999 1 0.27937500000000004
0 0.35007075468750004 0.42517187500000003 0.40700471718750003 0.462890625 0.5916273578125 0.47614062500000004 0.677806603125 0.4720625 0.73165094375 0.371140625 0.70858490625 0.32832812499999997 0.6424056609375 0.2875625 0.55625 0.27125 0.5100943390625 0.267171875 0.4870047171875 0.2743125 0.43622641562500003 0.28959375 0.3854481125 0.32629687500000004 0.34391509375 0.382359375 0.35007075468750004 0.42517187500000003
0 0.2781367921875 0.72771875 0.2679716984375 0.709734375 0.24082547187499997 0.687265625 0.217075471875 0.6535624999999999 0.22386792500000002 0.6445624999999999 0.20011792499999997 0.597375 0.1899528296875 0.543453125 0.1153301890625 0.516484375 0.0678301890625 0.511984375 0.06445754687500001 0.47378125000000004 0.0135613203125 0.395125 0.0033962265625 0.840078125 0.03391509375 0.8288437500000001 0.2781367921875 0.72771875
0 0.699009434375 0.275390625 0.7158726421875 0.273140625 0.76653301875 0.2105 0.8239386796874999 0.18365625000000002 0.871226415625 0.17246875 0.9117452828125 0.170234375 0.9454952828125001 0.1791875 0.9792688671875001 0.1791875 0.9860377359375001 0.15234375 0.9792688671875001 0.123265625 0.9657783015625 0.09640625 0.9184905656250001 0.078515625 0.8745990562499999 0.07628125 0.8205660375000001 0.082984375 0.776674528125 0.082984375 0.746273584375 0.082984375 0.7023820749999999 0.09640625 0.6550943390625 0.11878124999999999 0.62471698125 0.127734375 0.62471698125 0.123265625 0.6145754718750001 0.176953125 0.628089621875 0.235109375 0.6652358484375 0.25971875 0.699009434375 0.275390625
0 0.153443396875 0.211125 0.1708962265625 0.22498437500000001 0.20054245312500002 0.237703125 0.273773584375 0.234234375 0.3347877359375 0.21575000000000003 0.373160378125 0.19148437499999998 0.39233490625 0.16607812500000002 0.373160378125 0.097921875 0.3295518875 0.060953125 0.2981839625 0.04246875 0.21099056562500001 0.0373125 0.149976415625 0.051171875 0.11160377343750001 0.07828125 0.081957546875 0.129109375 0.081957546875 0.157984375 0.11160377343750001 0.18803125 0.153443396875 0.211125
0 1 0.1821875 0.9911084906250001 0.170921875 0.952193396875 0.174140625 0.9084198109375 0.17575000000000002 0.8500471703124999 0.18057812499999998 0.79653301875 0.191859375 0.7600707546875001 0.21764062499999998 0.7162971703125 0.267578125 0.7381839625 0.34975 0.7600707546875001 0.307859375 0.806273584375 0.293359375 0.9327358484375001 0.27403125 1 0.28531249999999997 1 0.2128125 1 0.1821875
0 0.5478301890624999 0.0033750000000000004 0.5316037734375 0.02096875 0.530117925 0.046406249999999996 0.5345518874999999 0.070859375 0.55375 0.094328125 0.5876886796874999 0.11682812499999999 0.64084905625 0.12759375 0.7058018875000001 0.096296875 0.7589622640625 0.084546875 0.8268867921874999 0.084546875 0.865259434375 0.076734375 0.869693396875 0.06596874999999999 0.8682311328125 0.04346875 0.8549292453125 0.021953125 0.8357311328125 0.0033750000000000004 0.5478301890624999 0.0033750000000000004
0 0.20058962187499998 0.480859375 0.278773584375 0.4380625 0.278773584375 0.384015625 0.2175707546875 0.352484375 0.09179245312499999 0.323203125 0.006792453125 0.363734375 0.0170047171875 0.397515625 0.07818396250000001 0.505625 0.0883962265625 0.521390625 0.18018867968750002 0.510140625 0.20058962187499998 0.480859375
0 0.4711556609375 0.157453125 0.4504952828125 0.171140625 0.42834905624999997 0.187765625 0.41801886718750003 0.21515625 0.4224292453125 0.246453125 0.4298113203125 0.27384375 0.4549292453125 0.283625 0.5006839624999999 0.267984375 0.5627122640625 0.271890625 0.640943396875 0.2865625 0.6985377359375 0.313953125 0.700023584375 0.2865625 0.692641509375 0.27678125 0.64391509375 0.24743750000000003 0.6187971703125 0.196578125 0.61584905625 0.16625 0.6070047171875 0.158421875 0.5789386796875 0.147671875 0.5390801890625 0.144734375 0.5006839624999999 0.149625 0.4711556609375 0.157453125