3 0.36615625 0.329 0.367921875 0.3054166671875 0.364390625 0.3030625 0.34315625 0.3030625 0.31839062500000004 0.3101458328125 0.27771875 0.3101458328125 0.244109375 0.3077916671875 0.21934375 0.3125 0.2051875 0.3101458328125 0.175125 0.3125 0.16628125 0.3101458328125 0.157421875 0.3077916671875 0.148578125 0.3125 0.13973437500000002 0.3172083328125 0.122046875 0.329 0.104359375 0.35731250000000003 0.09021875 0.3738125 0.042453125 0.4068333328125 0.042453125 0.4327916671875 0.0530625 0.4422083328125 0.065453125 0.4492916671875 0.0760625 0.4257083328125 0.086671875 0.3903333328125 0.176890625 0.3950416671875 0.199875 0.3856041671875 0.224640625 0.4044791671875 0.252953125 0.41156249999999994 0.288328125 0.40920833281249996 0.297171875 0.3997708328125 0.316625 0.39268749999999997 0.33078124999999997 0.3950416671875 0.341390625 0.3903333328125 0.350234375 0.37145833281249996 0.36084375 0.3596666671875 0.37146875 0.3407916671875 0.367921875 0.3455208328125 0.367921875 0.3407916671875 0.36615625 0.329
1 0.8528593750000001 0.20375000000000001 0.842109375 0.20314583281249998 0.8361562499999999 0.20099999999999998 0.8313437499999999 0.1985625 0.82584375 0.1973333328125 0.8235625000000001 0.19979166718750002 0.826765625 0.2046666671875 0.83065625 0.2086458328125 0.847828125 0.2101666671875 0.85446875 0.20954166718749997 0.8546875 0.2058958328125 0.8528593750000001 0.20375000000000001
1 0.8462343750000001 0.191875 0.8536093749999999 0.2046041671875 0.858546875 0.20866666718750002 0.864484375 0.2082916671875 0.87375 0.202875 0.8743281250000001 0.19785416718749999 0.870125 0.19243749999999998 0.8595625 0.177 0.8552031250000001 0.17622916718749998 0.85434375 0.1750625 0.8491250000000001 0.1795 0.846078125 0.18472916718750002 0.844921875 0.19012500000000002 0.8462343750000001 0.191875
0 0.338765625 0.7797708328125 0.33034375 0.7460625000000001 0.306734375 0.7303333328125 0.288203125 0.7146041671875001 0.241015625 0.7280833328125 0.22584374999999998 0.7348333328125001 0.205625 0.7617916671875 0.20224999999999999 0.7640416671875 0.17865625000000002 0.7752708328125 0.163484375 0.7887708328125 0.165171875 0.8292083328125001 0.17696875 0.8382083328125001 0.205625 0.8426875 0.234265625 0.8606666671875001 0.2528125 0.8674166671875 0.286515625 0.8808958328125 0.289890625 0.8808958328125 0.32528125 0.8763958328125 0.313484375 0.8584166671875 0.32021875 0.8337083328125001 0.338765625 0.7797708328125
0 0.71284375 0.8367083328125 0.6875 0.8547291671874999 0.69425 0.88175 0.71284375 0.9110416671875001 0.704390625 0.9403124999999999 0.72128125 0.9696041671875 0.74325 0.9876041671875001 0.765203125 0.9876041671875001 0.790546875 0.9493333328125001 0.804046875 0.9763541671875 0.8344531249999999 0.9741041671874999 0.84965625 0.9515833328125 0.8530468750000001 0.9042708328125 0.8293906249999999 0.8772500000000001 0.8091250000000001 0.8772500000000001 0.8175625 0.8344583328124999 0.7989843750000001 0.7961666671875001 0.7584531250000001 0.7939166671875 0.734796875 0.8209375 0.731421875 0.8367083328125 0.71284375 0.8367083328125
0 0.165171875 0.9119791671874999 0.156734375 0.9412083328125 0.161796875 0.9838958328125 0.303375 0.9883958328125001 0.31179687500000003 0.9524374999999999 0.303375 0.9119791671874999 0.29493749999999996 0.8985 0.28145312499999997 0.8782708328125001 0.26965625000000004 0.8715416671874999 0.237640625 0.8602916671875 0.21909375 0.8535625 0.20393750000000002 0.8513125 0.198875 0.8513125 0.20224999999999999 0.8445625 0.183703125 0.8580625 0.168546875 0.8895208328124999 0.168546875 0.90075 0.165171875 0.9119791671874999
0 0.13490625 0.8454166671875001 0.15659375 0.8309583328124999 0.162015625 0.8080833328124999 0.158390625 0.7791666671875 0.134015625 0.7635208328124999 0.1078125 0.7695416671875 0.096984375 0.7984375 0.09426562499999999 0.8357708328125 0.097890625 0.8538333328125001 0.12046874999999999 0.8574583328125 0.13490625 0.8454166671875001
0 0.329484375 0.7462291671875 0.338984375 0.7462291671875 0.329484375 0.712875 0.30534374999999997 0.6887291671875 0.321734375 0.6737916671875 0.31310937499999997 0.6335416671874999 0.327765625 0.6197291671875 0.3329375 0.6162916671875001 0.338109375 0.5932916671874999 0.33725 0.5783333328125 0.33984375 0.5656875 0.345015625 0.5472916671875 0.334671875 0.5254375 0.3070625 0.5231250000000001 0.31828124999999996 0.4920833328125 0.291546875 0.4805833328125 0.28118750000000003 0.4851875 0.26134375 0.5070416671875 0.251 0.5380833328125 0.24496875 0.557625 0.24409375 0.5817916671875001 0.23546874999999998 0.5886875 0.22512500000000002 0.6013333328125 0.22340624999999997 0.6070833328125 0.21735937500000002 0.6139791671875 0.213046875 0.6185833328125 0.20787499999999998 0.6392916671875 0.213046875 0.6507916671875 0.207015625 0.6565416671875 0.20010937499999998 0.666875 0.2035625 0.6921875 0.21478125 0.7002291671875 0.21046874999999998 0.7105833328125 0.21046874999999998 0.7370416671875 0.21218750000000003 0.747375 0.27946875000000004 0.7209375 0.329484375 0.7462291671875
0 0.14556249999999998 0.9399791671875001 0.16153125 0.9373958328124999 0.168796875 0.9270625000000001 0.178953125 0.8986666671875 0.187671875 0.8612500000000001 0.173140625 0.8367291671875 0.140234375 0.8347916671875 0.12475 0.8515625 0.11990624999999999 0.88125 0.12475 0.9115833328124999 0.131515625 0.9309375 0.134421875 0.9348124999999999 0.14556249999999998 0.9399791671875001
0 0.192140625 0.7033750000000001 0.161796875 0.6831458328125 0.143265625 0.6539375 0.11629687500000001 0.6629166671875 0.11629687500000001 0.6853958328124999 0.11460937499999999 0.7123541671875 0.09775 0.7191041671875 0.07584375 0.7303333328125 0.06909375 0.7685416671875 0.08595312499999999 0.7842708328125 0.1045 0.7797708328125 0.12471874999999999 0.7662916671875 0.160109375 0.7797708328125 0.18034375 0.7730416671875 0.185390625 0.7662916671875 0.1955 0.7280833328125 0.192140625 0.7033750000000001
0 0.030375000000000003 0.684875 0.031703125 0.702625 0.0476875 0.7035208328125 0.056999999999999995 0.7083958328125 0.063328125 0.69375 0.067984375 0.6817708328125 0.063 0.6609166671875 0.052671875 0.6436041671875 0.035703125 0.6422708328125 0.019390625 0.6484791671875 0.01240625 0.6586875 0.011734375 0.6617916671875 0.023046875 0.6719999999999999 0.030375000000000003 0.684875
0 0.05034375 0.5980833328124999 0.056203125 0.5991666671875 0.0636875 0.6026666671875 0.07015625 0.5854166671875001 0.08025 0.5802916671875 0.07864062499999999 0.5759791671875 0.0731875 0.5719375 0.067328125 0.5703333328125 0.0568125 0.570875 0.05014062500000001 0.5746458328124999 0.04428125 0.583 0.04246875 0.5910833328125 0.041859375 0.5910833328125 0.046109375 0.597 0.05034375 0.5980833328124999
0 1 0.701125 0.9960625000000001 0.692125 0.985953125 0.6674166671874999 0.97246875 0.6494375 0.97246875 0.6179791671875 0.9572968749999999 0.6089791671875 0.9303437499999999 0.6179791671875 0.913484375 0.6269583328125 0.9016875000000001 0.6449374999999999 0.891578125 0.6494375 0.87978125 0.6629166671875 0.884828125 0.6876458328124999 0.9 0.6898958328125 0.9067343749999999 0.7101041671874999 0.9202187500000001 0.7325833328125 0.92696875 0.7415833328125 0.9623593749999999 0.7573125 0.958984375 0.7707916671875 0.9960625000000001 0.7460625000000001 1 0.7258333328125001 1 0.701125
0 0.584828125 0.6988749999999999 0.584828125 0.6719166671875 0.57134375 0.6561874999999999 0.5511250000000001 0.6629166671875 0.52921875 0.6786458328125 0.52078125 0.692125 0.52415625 0.7191041671875 0.5460625 0.7370833328125 0.57134375 0.7303333328125 0.584828125 0.7191041671875 0.584828125 0.6988749999999999
0 0.014609374999999999 0.604625 0.02346875 0.604625 0.028265625 0.6051249999999999 0.0338125 0.6080625000000001 0.034921875000000005 0.6061041671875 0.038609375 0.6021666671875 0.046734375 0.5987291671875 0.046359375 0.5977291671875 0.042296875 0.5908541671875 0.036390624999999996 0.5869166671875 0.030125000000000002 0.5854375 0.022 0.5859166671875 0.015359375 0.5859166671875 0.0098125 0.589375 0.006500000000000001 0.5957708328125 0.00428125 0.6011875 0.00465625 0.6061041671875 0.005765625 0.6056041671875 0.0098125 0.6031458328125 0.014609374999999999 0.604625
0 0 0.6060416671875 0.01175 0.5852083328125001 0.03071875 0.5874375 0.032953125 0.5785 0.040203125 0.5710625 0.045234375 0.5599166671875 0.040765625 0.5398125 0.027375 0.5353541671875 0.01565625 0.5219583328125 0.008968750000000001 0.5100625 0 0.5078333328125 0 0.6060416671875
0 0.6796875 1 0.684375 0.9708333328125001 0.6828125 0.93125 0.675 0.9041666671874999 0.6640625 0.8854166671874999 0.66328125 0.8708333328125001 0.6708726421875 0.8652515734374999 0.6771205359375 0.871875 0.6921875 0.8791666671874999 0.6890625 0.8541666671874999 0.7125 0.8375 0.73125 0.8375 0.734375 0.8229166671874999 0.7578125 0.7958333328125 0.7984375 0.7979166671875 0.8171875 0.8354166671875 0.8140625 0.8604166671875 0.81875 0.86875 0.8390625 0.8895833328125 0.859375 0.8979166671875 0.878125 0.9291666671875 0.9015625 0.95 0.9171875 0.95625 0.9546875 0.9541666671875 0.9796875 0.9375 0.9984375 0.9104166671874999 0.9609375 0.7708333328125 0.9953125 0.7479166671875 0.9984375 0.7354166671875 0.9984375 0.6979166671875 0.9859375 0.66875 0.9734375 0.6520833328125 0.971875 0.61875 0.959375 0.6104166671875 0.9984375 0.5020833328125 0.98125 0.4770833328125 0.96875 0.46666666718750005 0.95 0.4583333328125 0.9125 0.4604166671875 0.8890625 0.475 0.8703125 0.5 0.84375 0.5 0.828125 0.50625 0.7984375 0.5333333328125 0.7890625 0.5229166671875001 0.7734375 0.5125 0.7625 0.5083333328124999 0.7421875 0.5083333328124999 0.7296875 0.4770833328125 0.7140625 0.45625 0.7015625 0.4458333328125 0.6828125 0.4375 0.6515625 0.4375 0.6265625 0.45 0.6125 0.46458333281249997 0.5921875 0.5041666671875 0.58125 0.5145833328125 0.571875 0.5291666671875 0.5578125 0.5625 0.546875 0.5520833328125 0.528125 0.54375 0.496875 0.54375 0.475 0.5541666671875001 0.459375 0.51875 0.44375 0.49791666718750005 0.43125 0.4875 0.4125 0.4791666671875 0.38125 0.4791666671875 0.365625 0.48541666718750004 0.3421875 0.50625 0.33125 0.525 0.25973214218749996 0.52285714375 0.2546875 0.525 0.2517857140625 0.5226190484375 0.2421875 0.5083333328124999 0.2171875 0.4916666671875 0.1796875 0.4895833328125 0.165625 0.49583333281249997 0.1515625 0.48333333281249996 0.1328125 0.475 0.1015625 0.475 0.0859375 0.48125 0.071875 0.4916666671875 0.059375 0.5083333328124999 0.06107142812500001 0.5169047625000001 0.053125 0.5166666671875 0.0421875 0.5416666671875 0.04375 0.5645833328125 0.0328125 0.5791666671875 0.03125 0.5854166671875001 0.0421875 0.5916666671875 0.046875 0.5979166671875 0.034375 0.6083333328125 0.0125 0.6041666671875 0.00625 0.60625 0.0046875 0.6 0.0015625 0.6041666671875 0.003125 1 0.13125 1 0.1359375 0.9895833328125001 0.14375 1 0.296640625 1 0.2919117640625 0.9893382359375 0.30625 0.9895833328125001 0.3046875 1 0.3265625 0.984375 0.3296875 0.9979166671874999 0.3328125 1 0.4734375 1 0.4796875 0.9645833328125001 0.4796875 0.9375 0.484375 0.9395833328125001 0.5 0.9604166671875 0.5078125 0.9875 0.515625 1 0.6796875 1