0 0.44451999999999997 0.1280165296875 0.43562 0.15933884375000001 0.43760000000000004 0.17567493125 0.44846 0.162066115625 0.45144 0.17702479375 0.44055999999999995 0.18655647343749998 0.44946 0.2001652890625 0.47218 0.21515151562499998 0.48206 0.2124242421875 0.51072 0.1824793390625 0.51072 0.14162534375 0.4969 0.1171349859375 0.46032 0.10625344375000001 0.44451999999999997 0.1280165296875
0 0.42112 0.2170523421875 0.42375999999999997 0.2265564734375 0.42695999999999995 0.22947658437500001 0.42641999999999997 0.23314049531249997 0.42375999999999997 0.23972451718749999 0.41845999999999994 0.24410468281250003 0.41952 0.2769972453125 0.42801999999999996 0.28066115625 0.44128 0.286501378125 0.46197999999999995 0.2967493109375 0.47366 0.2813774109375 0.4779 0.260909090625 0.47632 0.242644628125 0.4726 0.2236363640625 0.45932000000000006 0.207548209375 0.43967999999999996 0.196584021875 0.42801999999999996 0.197300275 0.42695999999999995 0.20534435312500002 0.42695999999999995 0.211212121875 0.42112 0.2170523421875
0 0.5838 0.2104683203125 0.60406 0.1996418734375 0.60902 0.1791184578125 0.602 0.1432506890625 0.58338 0.1250137734375 0.5573400000000001 0.1284297515625 0.5420200000000001 0.151790634375 0.53996 0.18768595 0.5449200000000001 0.1950688703125 0.5627 0.2104683203125 0.5838 0.2104683203125
0 0.6505799999999999 0.2948209359375 0.65854 0.2993112953125 0.6735 0.3006060609375 0.68986 0.281294765625 0.7099599999999999 0.27614325 0.72024 0.279366390625 0.70668 0.2169146 0.69734 0.22206611562499998 0.67864 0.214958678125 0.66788 0.21239669375 0.6604 0.20980716250000003 0.64358 0.23363636406250002 0.64124 0.251680440625 0.6440400000000001 0.27550964218749996 0.6505799999999999 0.2948209359375
0 0.5678 0.213608815625 0.5665199999999999 0.22779614375 0.5852 0.2402203859375 0.59424 0.2628650140625 0.59778 0.2872727265625 0.6119600000000001 0.2859504125 0.62388 0.2801652890625 0.6351600000000001 0.24732782343749998 0.6293599999999999 0.224242425 0.61776 0.20650137812499997 0.60228 0.20115702500000002 0.59326 0.20515151562499997 0.57328 0.21005509687499999 0.5678 0.213608815625
0 0.6088199999999999 0.20380165312499998 0.61796 0.20933884374999998 0.63036 0.22743801718749998 0.63512 0.2440495875 0.64424 0.2374931125 0.65482 0.2219008265625 0.66212 0.20834710781250002 0.64898 0.1927548203125 0.64388 0.1540220390625 0.6446 0.1409641875 0.6311 0.14297520625 0.61466 0.157548209375 0.60992 0.181680440625 0.6092 0.196776859375 0.6088199999999999 0.20380165312499998
0 0.54814 0.198319559375 0.53642 0.187548209375 0.52326 0.1816528921875 0.5158 0.1806887046875 0.5101 0.1841046828125 0.49304 0.1914600546875 0.48095999999999994 0.21201101875 0.47812 0.22327823750000003 0.47598 0.2330578515625 0.47990000000000005 0.2570523421875 0.48310000000000003 0.27272727343750003 0.48914 0.279090909375 0.49732000000000004 0.2805509640625 0.50548 0.28104683124999996 0.51472 0.27614325 0.51864 0.2712672171875 0.52254 0.257548209375 0.52042 0.257548209375 0.53784 0.23895316875 0.5495599999999999 0.2296418734375 0.55454 0.2188705234375 0.54814 0.198319559375
0 0.59868 0.2974380171875 0.59546 0.267741046875 0.5830599999999999 0.23435261718749997 0.56528 0.2239669421875 0.53996 0.22471074375 0.5270400000000001 0.23286501406250001 0.51788 0.2521763078125 0.51302 0.28407713437500004 0.5200400000000001 0.3070798890625 0.52488 0.30633608749999997 0.5938399999999999 0.30410468281249997 0.59868 0.2974380171875
0 0.51932 0.3030854 0.51384 0.2857024796875 0.51384 0.2798898078125 0.50712 0.28104683124999996 0.49363999999999997 0.2798898078125 0.48563999999999996 0.2804683203125 0.47637999999999997 0.2857024796875 0.46882 0.3048209359375 0.46334 0.33785123906250003 0.46756000000000003 0.36393939375 0.48228 0.374380165625 0.4806 0.3482920109375 0.48018 0.30829201093749997 0.51932 0.3030854
0 0.45086000000000004 0.3617355375 0.45758 0.3513498625 0.46052 0.3368870515625 0.4601 0.31721763125 0.45380000000000004 0.2993112953125 0.44204 0.285426996875 0.42988 0.284848484375 0.4391 0.36578512343749997 0.44162 0.373884296875 0.45086000000000004 0.3617355375
0 0.46482 0.47614324999999996 0.46577999999999997 0.47614324999999996 0.47675999999999996 0.47283746562499995 0.48250000000000004 0.46955922812499995 0.48394000000000004 0.46691459999999996 0.49016000000000004 0.4616528921875 0.48586 0.3839669421875 0.48012 0.3767217625 0.47294 0.3714600546875 0.46626 0.3688154265625 0.45763999999999994 0.3688154265625 0.4457 0.3714600546875 0.44044 0.3767217625 0.4524 0.4741597796875 0.4586 0.47614324999999996 0.46482 0.47614324999999996