1 0.451484375 0.631615925 0.45415625000000004 0.638875878125 0.45657812499999995 0.6508899296874999 0.458765625 0.6607259953125 0.46120312500000005 0.661451990625 0.46240625 0.6552459015625 0.46240625 0.6476112406250001 0.45754687499999996 0.6348946140625 0.451734375 0.6254332546875 0.4488125 0.6272365343749999 0.45003125 0.6272365343749999 0.44760937500000003 0.628688525 0.451484375 0.631615925
1 0.431578125 0.6431615921875 0.431203125 0.657775175 0.431578125 0.6650819671875 0.43265624999999996 0.6702341921875 0.435359375 0.66967213125 0.43717187500000004 0.6669789234375 0.438796875 0.660491803125 0.438078125 0.6496487125 0.43717187500000004 0.6280093671875 0.433203125 0.6290866515625 0.4319375 0.6328805625 0.431578125 0.6431615921875
1 0.43918749999999995 0.6201873531250001 0.43984375 0.6234660421875 0.44071875 0.6231381734375 0.4418125 0.6213348953125 0.44303125000000004 0.618852459375 0.44390625000000006 0.61770491875 0.44467187499999994 0.6165573765625 0.445 0.6145901640625 0.44478125 0.6129508203125 0.44456249999999997 0.6101639343749999 0.44478125 0.6063700234375 0.445 0.603091334375 0.4426875 0.6011241218750001 0.44104687499999995 0.600796253125 0.43962500000000004 0.601451990625 0.439078125 0.602435596875 0.438640625 0.60325526875 0.437984375 0.6055503515625 0.43754687499999995 0.6070257609375 0.437 0.6098360656249999 0.43721875 0.6167213109375 0.43754687499999995 0.6175409843749999 0.43853125000000004 0.618524590625 0.43918749999999995 0.6201873531250001
1 0.51475 0.6260421546875 0.5172656250000001 0.6347306796875001 0.5217968749999999 0.644543325 0.52809375 0.6502107734375 0.530109375 0.6486885250000001 0.530859375 0.640772834375 0.52934375 0.6392505859375001 0.526828125 0.63548009375 0.523046875 0.627939109375 0.52003125 0.607540984375 0.5165 0.6094379390625 0.514234375 0.6181030437499999 0.51475 0.6260421546875
1 0.52959375 0.67128805625 0.528328125 0.68644028125 0.528859375 0.69320843125 0.530484375 0.69674473125 0.532296875 0.6964637 0.5351874999999999 0.6934894609375 0.53609375 0.68997658125 0.536625 0.68482435625 0.53609375 0.6745433249999999 0.5368125 0.6607494140625 0.534109375 0.660468384375 0.5310312500000001 0.6658782203125 0.52959375 0.67128805625
3 0.318765625 0.5653629984374999 0.317828125 0.5677283375 0.31746875 0.5710538640625 0.318671875 0.5752459015625 0.319140625 0.5756440281249999 0.32220312500000003 0.5766276343750001 0.32637499999999997 0.5763466046875 0.327859375 0.5737002343750001 0.327859375 0.569812646875 0.3265625 0.56229508125 0.32378125 0.562716628125 0.3208125 0.5628571421874999 0.318765625 0.5653629984374999
3 0.340171875 0.5715690859375 0.34435937499999997 0.57386416875 0.348296875 0.57451990625 0.35153124999999996 0.573091334375 0.357515625 0.5742622953125001 0.35921875000000003 0.574379390625 0.36135937500000004 0.5729742390625 0.368234375 0.5692740046875 0.3698125 0.5637002343749999 0.37570312499999997 0.558992975 0.3825625 0.558688525 0.38864062499999996 0.55840749375 0.389234375 0.55163934375 0.383734375 0.5469320843750001 0.379625 0.5413348953125 0.3755 0.5384074937500001 0.371765625 0.5384074937500001 0.3698125 0.5410538640625 0.36784374999999997 0.5363466046875 0.364125 0.533395784375 0.35745312500000004 0.5331147546875 0.353921875 0.535152225 0.3556875 0.542224825 0.352546875 0.545152225 0.34940625000000003 0.5439812640625 0.34175 0.5477985953125 0.33684375 0.5531147546875 0.32996875000000003 0.55810304375 0.329 0.5619203749999999 0.3264375 0.5631147546874999 0.327109375 0.5631147546874999 0.32829687500000004 0.5710538640625 0.332828125 0.573348946875 0.337015625 0.57194379375 0.340171875 0.5715690859375
3 0.35934374999999996 0.5749414515625 0.35821875 0.5717798593750001 0.355828125 0.570515221875 0.35175 0.5707259953125 0.34921875 0.5717798593750001 0.34725 0.575152225 0.346828125 0.5810538640625 0.34865625 0.5852693203125 0.3601875 0.58189695625 0.3601875 0.58 0.35934374999999996 0.5749414515625
1 0.46471875 0.6531381734374999 0.46306250000000004 0.65644028125 0.46140625 0.6655737703125 0.46306250000000004 0.6713583140625 0.46306250000000004 0.6771662765625 0.46637500000000004 0.6796487124999999 0.46859375 0.680468384375 0.4735625 0.68128805625 0.4801875 0.6837939109375 0.487375 0.6837939109375 0.496765625 0.682131146875 0.50009375 0.682131146875 0.5050625 0.682131146875 0.508375 0.682131146875 0.51059375 0.6771662765625 0.512796875 0.6721779859375 0.51225 0.6647306796875 0.5056093749999999 0.65810304375 0.5011875 0.6506557374999999 0.50009375 0.6473302109375 0.498421875 0.6423653390624999 0.49234375 0.63906323125 0.49068750000000005 0.63906323125 0.486265625 0.6415456671875 0.476875 0.6407259953125 0.4735625 0.6423653390624999 0.46803125 0.6465105390625 0.46471875 0.6531381734374999
1 0.520640625 0.6554800937499999 0.5184375 0.66871194375 0.519546875 0.679484778125 0.519546875 0.686932084375 0.522296875 0.6952224828125 0.52671875 0.6952224828125 0.528375 0.691920375 0.529484375 0.6803044500000001 0.53059375 0.6703747078125 0.53390625 0.662084309375 0.538875 0.6612646375 0.538875 0.6629274 0.538875 0.67451990625 0.538875 0.6786651046875 0.53778125 0.687775175 0.53778125 0.69355971875 0.540546875 0.700187353125 0.552140625 0.6960421546875 0.56375 0.6960421546875 0.56540625 0.686932084375 0.568171875 0.6761826703125 0.566515625 0.662084309375 0.5642968749999999 0.6538173296875 0.562640625 0.6463466046875 0.560984375 0.642224825 0.555453125 0.642224825 0.548828125 0.642224825 0.545515625 0.642224825 0.538875 0.644707259375 0.53225 0.6480093671875 0.528375 0.6521545671875 0.5234062500000001 0.6538173296875 0.520640625 0.6554800937499999
1 0.52053125 0.6449180328125 0.51615625 0.628875878125 0.51371875 0.6113583140625 0.514203125 0.598243559375 0.5078750000000001 0.6048009375000001 0.5015468750000001 0.6150117093749999 0.5015468750000001 0.6274238875 0.508859375 0.65512880625 0.516640625 0.656604215625 0.522484375 0.65512880625 0.52053125 0.6449180328125
1 0.519171875 0.6090632312500001 0.520859375 0.621803278125 0.527171875 0.641124121875 0.532453125 0.6471194375 0.53734375 0.6471194375 0.53953125 0.641124121875 0.537859375 0.6355269328125 0.5336093749999999 0.62548009375 0.527921875 0.6056206093750001 0.522265625 0.6051990625 0.5194375 0.6059718968750001 0.519171875 0.6090632312500001
0 0.54340625 0.5684309140625 0.5467500000000001 0.5748009374999999 0.550359375 0.579812646875 0.550359375 0.5834894609375 0.55009375 0.589484778125 0.555640625 0.5970023421875 0.561828125 0.594683840625 0.56478125 0.5854332546875 0.573171875 0.5815690859375 0.5763906249999999 0.5792505859375 0.57715625 0.5748009374999999 0.57509375 0.5651522250000001 0.567234375 0.5591569093750001 0.566984375 0.554707259375 0.56428125 0.5506557375 0.558734375 0.5471896953125001 0.558734375 0.5398360656250001 0.5529375 0.5323185015624999 0.5488125 0.533091334375 0.5450781250000001 0.53674473125 0.543265625 0.54159250625 0.5427500000000001 0.5469789234375 0.5426249999999999 0.5512412171875 0.54353125 0.5607025765625 0.54340625 0.563395784375 0.54340625 0.5684309140625
0 0.5449531249999999 0.5361592500000001 0.543390625 0.527939109375 0.537640625 0.5232318499999999 0.5287499999999999 0.5181498828125 0.52090625 0.52676815 0.516203125 0.531475409375 0.5109843749999999 0.538899296875 0.5148906249999999 0.538899296875 0.520390625 0.538899296875 0.5300625 0.54674473125 0.531359375 0.5596721312499999 0.54103125 0.5690866515625 0.54365625 0.5714285718750001 0.54103125 0.55613583125 0.5449531249999999 0.5361592500000001
0 0.48840625 0.5674238875000001 0.49176562500000004 0.5639812640625 0.496875 0.5613817328125 0.500375 0.559555034375 0.50090625 0.55512880625 0.50009375 0.551100703125 0.49701562499999996 0.5484777515625 0.49526562500000004 0.547868853125 0.492984375 0.5482903984374999 0.488953125 0.5531147546875 0.48665624999999996 0.558548009375 0.486390625 0.564988290625 0.487328125 0.565995315625 0.48840625 0.5674238875000001
0 0.518578125 0.5274941453124999 0.516875 0.5264168625 0.513015625 0.525152225 0.51034375 0.5262295078125 0.508890625 0.5280562062499999 0.50828125 0.5314988296875 0.507796875 0.5378454328125 0.5115624999999999 0.5400234187499999 0.517125 0.530772834375 0.518578125 0.5274941453124999
0 0.509015625 0.543372365625 0.509578125 0.5417096015625 0.509015625 0.53836065625 0.507453125 0.5318266984375 0.505234375 0.5323419203124999 0.5024375 0.53351288125 0.49998437500000004 0.5366744734375 0.499875 0.53936768125 0.50009375 0.544543325 0.500984375 0.5468852453124999 0.50265625 0.547892271875 0.5036562499999999 0.5497423890625 0.5045625 0.5488992968749999 0.5058906249999999 0.547564403125 0.509015625 0.543372365625
0 0.49898437500000004 0.5487587828125 0.500953125 0.55416861875 0.50325 0.5492505859375 0.49898437500000004 0.5418501171875 0.495375 0.5443091328125 0.49439062500000003 0.5482669796875 0.49898437500000004 0.5487587828125
1 0.5610937500000001 0.6268384078125 0.548078125 0.605667446875 0.54865625 0.587868853125 0.53621875 0.5777049187500001 0.527734375 0.5963466046875 0.532828125 0.621756440625 0.5610937500000001 0.6268384078125
1 0.41425 0.6268852453125 0.412640625 0.634051521875 0.41903125 0.640819671875 0.42275 0.64840749375 0.42142187499999995 0.6571662765624999 0.42407812500000003 0.6655503515625 0.42834374999999997 0.6699297421875 0.43659375 0.6691334890625 0.447765625 0.667939109375 0.453609375 0.6663466046875001 0.45440625 0.6591803281249999 0.455734375 0.6472131140624999 0.450953125 0.6304683843750001 0.442703125 0.6240749421875 0.440046875 0.6181030437499999 0.43606249999999996 0.6161124124999999 0.428609375 0.616908665625 0.42542187499999995 0.620491803125 0.4185 0.6228805625 0.41425 0.6268852453125
1 0.568171875 0.6247775171875001 0.5695625 0.6221311468749999 0.5691875 0.6168149890625 0.564625 0.61320843125 0.56121875 0.609227165625 0.55628125 0.60259953125 0.55578125 0.5980327875 0.559703125 0.5919672125 0.559703125 0.5836299765625 0.557921875 0.5802341921874999 0.554765625 0.57871194375 0.552234375 0.5794613578125001 0.549828125 0.583067915625 0.5484375 0.58932084375 0.5476875 0.6044964875 0.549328125 0.6082903984375 0.5581875000000001 0.6225058546875 0.56121875 0.6259016390625 0.564625 0.6259016390625 0.568171875 0.6247775171875001