3 0.33134375 0.46967213125 0.33884375 0.5123653390625 0.352328125 0.5438173296875 0.355328125 0.5483138171874999 0.3868125 0.566299765625 0.3988125 0.5820140515625 0.41829687499999996 0.591007025 0.46478125 0.5752693203125 0.494765625 0.5438173296875 0.512765625 0.48313817343750004 0.512765625 0.41798594843750003 0.494765625 0.37751756406250003 0.46928125 0.3528103046875 0.428796875 0.35056206093750003 0.3853125 0.373044496875 0.34784375 0.41124121718750006 0.33134375 0.46967213125
3 0.370328125 0.5505620609374999 0.30285937500000004 0.5483138171874999 0.26387499999999997 0.561803278125 0.238390625 0.59775175625 0.218890625 0.6516861828125 0.23689062500000002 0.7325761125 0.278875 0.7752693203125001 0.31934375 0.7752693203125001 0.3853125 0.7438173296875 0.4168125 0.72583138125 0.41829687499999996 0.6426932078125 0.41829687499999996 0.633700234375 0.40031249999999996 0.5797658078125 0.370328125 0.5505620609374999
3 0.305 0.8771194375 0.306734375 0.8148009375 0.26687500000000003 0.7680327874999999 0.23742187499999998 0.742060890625 0.20274999999999999 0.747259953125 0.1594375 0.7810304453125 0.142109375 0.8381733015625 0.140375 0.8979156906249999 0.162890625 0.9550585484375 0.25993750000000004 0.9706323187500001 0.279 0.9628337234375 0.296328125 0.9420608906249999 0.305 0.8771194375
3 0.0017343750000000002 0.9636299765624999 0.006937500000000001 0.979227165625 0.038125 0.979227165625 0.086640625 0.971428571875 0.11264062500000001 0.9506557375 0.13343750000000001 0.9090866515625 0.135171875 0.8597423890625 0.12476562499999999 0.7948009375 0.097046875 0.7636299765625 0.055453125000000006 0.7558548015625 0.027734375 0.7506557375 0.0017343750000000002 0.7610304453125 0.024265625 0.75325526875 0.0017343750000000002 0.771428571875 0.0017343750000000002 0.9636299765624999
3 0.06865625 0.7482669796875 0.089734375 0.7587822015625 0.10634375 0.7712412171875 0.1286875 0.777939109375 0.15934375 0.7769789234375 0.174046875 0.7683606562499999 0.20596874999999998 0.749227165625 0.21364062499999997 0.7396487125 0.2245 0.726252928125 0.22640625 0.692740046875 0.218109375 0.6506089 0.22193749999999998 0.64775175625 0.22003124999999998 0.6276346609375001 0.20470312499999999 0.5979625296875 0.15934375 0.573067915625 0.10760937500000001 0.5692505859375 0.072484375 0.5989227171875 0.054593749999999996 0.6496487125 0.045015625 0.6812412171875 0.056515625 0.7281498828124999 0.06865625 0.7482669796875
3 0.16875 0.40540983593749996 0.142703125 0.4639578453125 0.144875 0.52578454375 0.16729687499999998 0.5702576109375 0.19914062500000002 0.581100703125 0.24689062499999997 0.5854332546875 0.256296875 0.5702576109375 0.312734375 0.5463934421875 0.326484375 0.49325526875000003 0.32287499999999997 0.43901639374999996 0.29898437499999997 0.3978220140625 0.2729375 0.38262295156250004 0.24328124999999998 0.3707025765625 0.209265625 0.375035128125 0.16875 0.40540983593749996
3 0.252296875 0.22128805625 0.23926562499999998 0.264660421875 0.234921875 0.331920375 0.2551875 0.3763700234375 0.312359375 0.41325526874999996 0.34346875 0.40782201406249996 0.397015625 0.36770491875 0.41293749999999996 0.3449180328125 0.41293749999999996 0.295035128125 0.40496875 0.24840749374999999 0.383984375 0.2126229515625 0.352875 0.1920140515625 0.35359375000000004 0.19091334843750002 0.309453125 0.189836065625 0.252296875 0.22128805625
3 0.50075 0.1894145203125 0.5158437499999999 0.13967213125 0.51659375 0.0763466046875 0.5105625 0.06391100625 0.503765625 0.046955503125 0.49320312499999996 0.034519906249999996 0.481140625 0.018688525 0.459265625 0.01189695625 0.42984375 0.010772834375 0.39740625 0.017564403125 0.3695 0.024355971875 0.35215625 0.037915690625 0.33404687499999997 0.0695784546875 0.326515625 0.1114051515625 0.333296875 0.1622716625 0.345359375 0.1905386421875 0.36346875 0.20749414531250002 0.392890625 0.23011709531250002 0.415515625 0.23576112343750003 0.45549999999999996 0.2289695546875 0.4675625 0.22444964843749998 0.49471875 0.21088992968750003 0.50075 0.1894145203125
3 0.148640625 0.11423887656250001 0.152109375 0.1686416859375 0.171125 0.19196721249999998 0.19012500000000002 0.228243559375 0.241984375 0.225644028125 0.27828125 0.21529274062499998 0.311125 0.19714285781250002 0.33359375 0.17124121718750002 0.32840625 0.137564403125 0.32321875 0.067611240625 0.29903124999999997 0.031358314062499996 0.24543750000000003 0.0028571421875 0.20568749999999997 0.0028571421875 0.18321875 0.018384075 0.17803125 0.0235831375 0.1555625 0.046885245312500004 0.148640625 0.11423887656250001
3 0.064125 0.3584309140625 0.10225 0.39220140468750003 0.15596875 0.4 0.19929687499999998 0.3896018734375 0.23914062500000002 0.35325526875 0.23742187499999998 0.28831381718750004 0.22354687499999998 0.2415690859375 0.195828125 0.20259953125000002 0.12476562499999999 0.1922014046875 0.0953125 0.21557377031249997 0.116109375 0.1948009375 0.077984375 0.21039812656249998 0.0693125 0.24674473125000002 0.06065625 0.2909133484375 0.064125 0.3584309140625
3 0.025921875 0.7386416859375 0.03803125 0.668688525 0.02765625 0.588384075 0.03803125 0.5780327875 0.10370312500000001 0.5676580796875 0.129640625 0.539156909375 0.13828125 0.4821779859375 0.131359375 0.4303512875 0.10370312500000001 0.3966744734375 0.069140625 0.3552224828125 0.053578125 0.298220140625 0.0605 0.2282903984375 0.074328125 0.21274004687499998 0.13309375 0.1868384078125 0.152109375 0.1583372359375 0.1451875 0.0780327875 0.1348125 0.036580796875 0.08815625 0.0029039812500000002 0.0017343750000000002 0.0029039812500000002 0 0.75936768125 0.025921875 0.7386416859375
3 0.516890625 0.8835362999999999 0.510328125 0.803676815625 0.486546875 0.7606557375 0.450484375 0.7373302109375001 0.42096875 0.73487119375 0.37096874999999996 0.7459250578125001 0.346375 0.7655737703125001 0.3250625 0.8024355968749999 0.315234375 0.8503512875 0.31851562499999997 0.885995315625 0.331625 0.93391100625 0.3676875 0.9633957843750001 0.4586875 0.9683138171874999 0.49310937499999996 0.9400468390625001 0.516890625 0.8835362999999999