1 1 0.46554687499999997 0.9983058828125 0.45853124999999995 0.9697882359375001 0.46203125 0.9528941171875 0.45571875000000006 0.94656470625 0.44940625 0.9212235296875001 0.441 0.8990352937500001 0.43609375000000006 0.8810823531249999 0.433984375 0.8736941171874999 0.43328125 0.8715764703125 0.43328125 0.8536235296875001 0.450109375 0.8451764703125001 0.455015625 0.833552940625 0.457828125 0.8293411765625001 0.46554687499999997 0.8282823531249999 0.46764062500000003 0.858917646875 0.47887500000000005 0.87896470625 0.48939062499999997 0.9000941171875001 0.510421875 0.9053882359375001 0.511828125 0.896917646875 0.5314687499999999 0.9085411765625 0.546890625 0.9349411765625 0.573546875 0.9592470593750001 0.57634375 0.9835294125 0.57915625 1 0.584765625 1 0.46554687499999997
1 0.4038588234375 0.737609375 0.379552940625 0.762765625 0.3717882359375 0.774390625 0.36790588281250003 0.7879375 0.35818823593750004 0.800203125 0.3552705875 0.80278125 0.36983529375 0.8118124999999999 0.3766588234375 0.813109375 0.3853882359375 0.8156874999999999 0.4028941171875 0.8079375000000001 0.4038588234375 0.7995625000000001 0.3970588234375 0.789234375 0.4058117640625 0.77890625 0.49811764687500004 0.753734375 0.5156235296875 0.75115625 0.5408941171875 0.748578125 0.5758588234375 0.748578125 0.60696470625 0.749859375 0.635152940625 0.75309375 0.662352940625 0.750515625 0.6711058828125 0.744703125 0.6711058828125 0.740828125 0.655552940625 0.735671875 0.6098823531249999 0.7169531250000001 0.5836470593749999 0.7163125 0.5612941171875 0.7105 0.5340705875 0.7092031249999999 0.50783529375 0.709859375 0.48938823593749997 0.71371875 0.47868235312499996 0.7169531250000001 0.510752940625 0.7163125 0.483552940625 0.71953125 0.459247059375 0.7253437500000001 0.4368941171875 0.729859375 0.4038588234375 0.737609375
1 0.5549882359375 0.66965625 0.47376470625 0.67865625 0.389152940625 0.687640625 0.355317646875 0.72584375 0.3384 0.7595468750000001 0.368847059375 0.764046875 0.41623529374999996 0.72809375 0.48729411718750004 0.712359375 0.5549882359375 0.712359375 0.649717646875 0.7168593750000001 0.6564941171875 0.6966249999999999 0.59896470625 0.66965625 0.5549882359375 0.66965625
1 0.5436 0.5223125 0.422047059375 0.508859375 0.36802352968749996 0.51109375 0.3714117640625 0.54696875 0.5571058828125001 0.569390625 0.6584 0.544734375 0.6448941171875 0.506609375 0.5740000000000001 0.51109375 0.5436 0.5223125
1 0.2872 0.549609375 0.2952 0.544640625 0.3016941171875 0.5389999999999999 0.3111764703125 0.532703125 0.32016470625000004 0.530375 0.33016470625 0.514453125 0.345647059375 0.5088125 0.3751294125 0.5025000000000001 0.40908235312499996 0.49985937500000005 0.476517646875 0.49387499999999995 0.47802352968750006 0.49221875 0.466047059375 0.48890625 0.4205882359375 0.47995312500000004 0.3831058828125 0.47629687499999995 0.341647059375 0.47995312500000004 0.3151764703125 0.48492187500000006 0.2971764703125 0.49653125 0.2792 0.52240625 0.28021176406250003 0.540328125 0.2732 0.550609375 0.2816941171875 0.5529375 0.2821882359375 0.5519375 0.2872 0.549609375
1 0.9456235296875001 0.771875 1 0.767875 0.9989411765625 0.721640625 0.9868941171875001 0.7170625 0.9765882359375 0.7165 0.9379058828125 0.7187812499999999 0.894917646875 0.723921875 0.8570823531249999 0.7324843750000001 0.83903529375 0.74675 0.8252705875 0.75646875 0.8244 0.766734375 0.826117646875 0.779296875 0.8355764703125 0.7924375 0.840752940625 0.8049843750000001 0.8493411765625 0.814125 0.8699764703125 0.8118437500000001 0.8716941171875 0.808421875 0.8665411765625001 0.7969999999999999 0.8820235296875 0.7884375 0.9060941171874999 0.77415625 0.9456235296875001 0.771875
1 0.7807058828125 0.5071718749999999 0.816282353125 0.5163125 0.87136470625 0.535359375 0.885152940625 0.5277499999999999 0.8656470593750001 0.5086875 0.8243294125 0.488875 0.7566117640625001 0.47973437499999994 0.6980705875 0.48810937499999996 0.6739764703125 0.504875 0.6613411765625 0.51859375 0.6544705875 0.5407031250000001 0.6739764703125 0.546796875 0.6774117640624999 0.54221875 0.6865882359375 0.5254531250000001 0.707247059375 0.511734375 0.7416941171875 0.5086875 0.7807058828125 0.5071718749999999
1 0.7198117640625 0.585734375 0.732447059375 0.58315625 0.7606352937499999 0.571546875 0.80143529375 0.5650937500000001 0.8626588234374999 0.567671875 0.9073647062499999 0.578640625 0.9248705875000001 0.580578125 0.92583529375 0.5780000000000001 0.9132 0.5663750000000001 0.8850117640624999 0.5534687500000001 0.8442117640625 0.54121875 0.8063058828124999 0.534765625 0.7615999999999999 0.534109375 0.7275764703125 0.547015625 0.7149411765625 0.5650937500000001 0.7081411765625 0.589609375 0.7052235296875 0.595421875 0.7120235296875 0.595421875 0.7198117640625 0.585734375
1 0.7313882359375 0.632515625 0.7355058828125001 0.61615625 0.7428941171875 0.609078125 0.76096470625 0.600890625 0.7937882359375 0.593265625 0.82416470625 0.592171875 0.8496235296875 0.592171875 0.861952940625 0.592171875 0.8931294125000001 0.587265625 0.9210588234375001 0.5818125000000001 0.8964235296874999 0.5769062500000001 0.8603058828125001 0.566546875 0.8381411765625 0.566546875 0.7913411765625 0.5660000000000001 0.7650588234375 0.570359375 0.7322117640625 0.584 0.719082353125 0.601984375 0.705952940625 0.620515625 0.7051294125 0.631421875 0.7083999999999999 0.637421875 0.724 0.64015625 0.7313882359375 0.632515625
1 0.5580235296875 0.66859375 0.6590352937499999 0.6975625 0.670517646875 0.7051875 0.684282353125 0.698328125 0.6647764703125 0.67240625 0.6395294125000001 0.653359375 0.5855764703124999 0.634296875 0.5304941171875 0.6289687500000001 0.4868705875 0.629734375 0.42948235312499994 0.64115625 0.39047058749999997 0.6602187500000001 0.37783529374999997 0.67621875 0.345717646875 0.7051875 0.3353882359375 0.712796875 0.345717646875 0.7211875 0.36063529375000003 0.720421875 0.3847294125 0.6899375 0.4581882359375 0.678515625 0.5098352937499999 0.6678437500000001 0.5580235296875 0.66859375
1 0.3496 0.676265625 0.35475294062499996 0.68821875 0.3684705875 0.6819531249999999 0.40021176406250003 0.65234375 0.4619764703125 0.63753125 0.49800000000000005 0.6295468750000001 0.5400235296875 0.62784375 0.5932235296874999 0.63753125 0.6120941171875 0.63809375 0.6232470593749999 0.63525 0.644682353125 0.621 0.6344000000000001 0.609609375 0.6017882359375 0.6027812499999999 0.5674823531250001 0.59821875 0.5203058828125 0.6010625 0.45425882343749996 0.6153125 0.4199294125 0.61815625 0.3916235296875 0.625 0.3847764703125 0.63809375 0.3736235296875 0.65290625 0.3624705875 0.65290625 0.353882353125 0.6603125000000001 0.3496 0.676265625
1 0.3806588234375 0.629265625 0.39228235312500004 0.624109375 0.422352940625 0.616390625 0.5251294125 0.6035 0.5968941171875 0.5919218749999999 0.6182117640625 0.581609375 0.6298588234375 0.577109375 0.6269411765624999 0.570671875 0.6056 0.565515625 0.5658588234375 0.5642343750000001 0.5270588234375 0.564875 0.4650117640625 0.570671875 0.40296470624999997 0.5880468750000001 0.374847059375 0.6054375000000001 0.3525411765625 0.6254062499999999 0.3564235296875 0.63828125 0.3690117640625 0.637640625 0.3806588234375 0.629265625
0 0.1648705875 0.295859375 0.1578117640625 0.299265625 0.1578117640625 0.30778125 0.1687294125 0.31246874999999996 0.190517646875 0.301828125 0.17576470625 0.297984375 0.1648705875 0.295859375
0 0.2636941171875 0.303359375 0.2591764703125 0.30765625 0.25661176406249997 0.31578125 0.265317646875 0.316640625 0.2766117640625 0.315140625 0.286917646875 0.31171875 0.2891764703125 0.30721875 0.28336470625 0.304 0.2756235296875 0.300359375 0.2636941171875 0.303359375
0 0.275317646875 0.30165625 0.2780705875 0.2999375 0.28296470625 0.29871875000000003 0.2841882359375 0.29689062499999996 0.284352940625 0.296578125 0.2844941171875 0.29617187500000003 0.27959999999999996 0.28865625 0.2737882359375 0.28723437500000004 0.2679764703125 0.28693749999999996 0.26263529375 0.28723437500000004 0.256517646875 0.28784375 0.2548235296875 0.28978125 0.2540705875 0.29384375 0.2551294125 0.29628125 0.26049411718750004 0.29790625 0.2712 0.299828125 0.275317646875 0.30165625
0 0.2303294125 0.303265625 0.2197882359375 0.300421875 0.21063529375 0.30212500000000003 0.20435294062499998 0.30839062500000003 0.2057882359375 0.3129375 0.20807058750000001 0.3135 0.2095058828125 0.31256249999999997 0.21463529375 0.31009375 0.22776470624999998 0.3078125 0.232047059375 0.3066875 0.2303294125 0.303265625
1 1 0.70153125 0.9666588234375 0.68265625 0.893247059375 0.676375 0.8553411765625001 0.6810937499999999 0.8055999999999999 0.70625 0.7913882359375 0.72040625 0.7724470593749999 0.745578125 0.7748235296875 0.7723125 0.779552940625 0.78175 0.7842823531249999 0.794328125 0.8008705875000001 0.792765625 0.8103529406250001 0.762875 0.905082353125 0.72828125 0.995082353125 0.721984375 1 0.72040625 1 0.70153125
1 0.2047058828125 0.575 0.2188235296875 0.5953125 0.23764705937500002 0.6015625 0.23764705937500002 0.6359375 0.2447058828125 0.6421875 0.2564705875 0.646875 0.282352940625 0.646875 0.2870588234375 0.659375 0.32658823593749997 0.6621875 0.3392156875 0.6595052078125 0.3505882359375 0.6734375 0.35529411718750004 0.6890625 0.2894117640625 0.7125 0.2964705875 0.721875 0.31058823593749996 0.728125 0.334117646875 0.728125 0.3435294125 0.7234375 0.3364705875 0.7125 0.3529411765625 0.7 0.36327985625000003 0.6859848484375 0.62005115 0.592425271875 0.627094475 0.5912878781249999 0.6319181578124999 0.593682065625 0.637647059375 0.5875 0.6447058828125 0.5921875 0.6564705875 0.5921875 0.6556521734375 0.5961956515625 0.6705882359374999 0.60625 0.6870588234375 0.60625 0.6964705875 0.6015625 0.7031202046875 0.6012228265624999 0.738721228125 0.60499320625 0.7458823531250001 0.609375 0.7341176468749999 0.621875 0.7341176468749999 0.6375 0.7129411765625 0.640625 0.6917647062500001 0.6484375 0.682352940625 0.659375 0.682352940625 0.671875 0.6894117640624999 0.68125 0.6894117640624999 0.703125 0.6964705875 0.7125 0.7105882359375 0.71875 0.7270588234375001 0.71875 0.7364705875 0.7296875 0.7505882359375 0.7359375 0.7811764703125 0.734375 0.797647059375 0.715625 0.8023529406250001 0.7046875 0.8188235296874999 0.69375 0.8400000000000001 0.6890625 0.8564705874999999 0.68125 0.89176470625 0.6765625 0.9152941171875 0.6796875 0.9364705875 0.6765625 0.962352940625 0.6765625 0.9788235296875 0.6671875 0.9835294125 0.659375 0.9835294125 0.65 0.9905882359374999 0.634375 0.9905882359374999 0.5828125 0.974117646875 0.578125 0.9270588234374999 0.578125 0.9247058828125001 0.58125 0.9105882359375 0.5796875 0.8870588234375001 0.553125 0.8964705875 0.5484375 0.8988235296875 0.54375 0.8964705875 0.5328125 0.8870588234375001 0.528125 0.8870588234375001 0.5234375 0.9011764703124999 0.521875 0.9035294125 0.5125 0.8752941171874999 0.4875 0.82823529375 0.4671875 0.8188235296874999 0.4671875 0.7929411765625 0.45625 0.7035294125 0.4546875 0.6894117640624999 0.4578125 0.665882353125 0.471875 0.64 0.4734375 0.625882353125 0.484375 0.6164705875000001 0.4796875 0.5835294125 0.4796875 0.5623529406250001 0.484375 0.54823529375 0.484375 0.5388235296875 0.48125 0.5317647062499999 0.4671875 0.52 0.459375 0.5011764703125 0.4578125 0.48 0.446875 0.454117646875 0.440625 0.2870588234375 0.440625 0.26588235312499997 0.4484375 0.25176470625 0.4578125 0.22823529374999998 0.4796875 0.21411764687499998 0.50625 0.23686274531249998 0.5341145828125 0.21176470625000002 0.534375 0.2047058828125 0.5484375 0.2047058828125 0.575