1 0.7923125 0.5081663109375001 0.787765625 0.5102345421875001 0.778671875 0.5185074625 0.778671875 0.532985075 0.7923125 0.5495309171875 0.8241250000000001 0.5495309171875 0.83775 0.5433262265625001 0.858953125 0.5185074625 0.85290625 0.493710021875 0.84684375 0.46889125781249996 0.827140625 0.47923240937499995 0.78321875 0.47509594843749997 0.781703125 0.47716417968749997 0.778671875 0.48543710000000007 0.7923125 0.5081663109375001
1 0.851046875 0.55995735625 0.861328125 0.5451172703125 0.86978125 0.5343923234375 0.874609375 0.525330490625 0.8722031250000001 0.51460554375 0.8601093750000001 0.5220255859375 0.8305 0.5467590625 0.806328125 0.55170575625 0.8129843749999999 0.5673773984375 0.82265625 0.569850746875 0.851046875 0.55995735625
1 0.755875 0.4914925375 0.772328125 0.46678038437499997 0.7739843750000001 0.45778251562500005 0.7657499999999999 0.45104477656249997 0.7624531250000001 0.45104477656249997 0.73940625 0.486993603125 0.750921875 0.49375266562500003 0.752578125 0.49375266562500003 0.755875 0.4914925375
1 0.8268906250000001 0.6261194031249999 0.8004843749999999 0.6081023453125 0.793875 0.6058635390625 0.78728125 0.62162046875 0.8120312500000001 0.6441364609375 0.8483437500000001 0.6463965890625001 0.854953125 0.62837953125 0.8268906250000001 0.6261194031249999
1 0.033765625 0.991471215625 0.037765625000000004 0.991471215625 0.046765625 0.9805543703125 0.044765624999999996 0.9559914718750001 0.027765625 0.930063965625 0.024765625 0.9191471218749999 0.019765625000000002 0.9096162046874999 0.012765625 0.9041577828125 0.012765625 0.8973347546875001 0.021765625 0.8782302765625 0.021765625 0.876865671875 0.020765625 0.8604904046874999 0.010765625 0.8495735609375 0.005765625 0.8618550109375 0 0.8809594875 0.002765625 0.8809594875 0 0.996908315625 0.016765625 0.998272921875 0.033765625 0.991471215625
1 0.969703125 0.6930703625 0.960703125 0.69443496875 0.9587031250000001 0.7026012796875001 0.9587031250000001 0.716247334375 0.9587031250000001 0.7271641796874999 0.9427031250000001 0.7326226015625 0.939703125 0.740810234375 0.939703125 0.753091684375 0.947703125 0.7571855015625 0.948703125 0.7626439234375 0.9497031249999999 0.7626439234375 0.960703125 0.7571855015625 0.971703125 0.753091684375 0.9896874999999999 0.7612793171875001 0.9946875000000001 0.7599147125 1 0.7599147125 0.9976875 0.7080597015625 0.9836874999999999 0.6889765453125001 0.979703125 0.687611940625 0.978703125 0.687611940625 0.969703125 0.6930703625
1 0.6191875 0.956119403125 0.63071875 0.9493816624999999 0.64553125 0.9224093812499999 0.6669375 0.902174840625 0.658703125 0.899936034375 0.637296875 0.899936034375 0.6175312500000001 0.920170575 0.6093124999999999 0.9358848609375 0.604359375 0.956119403125 0.615890625 0.956119403125 0.6191875 0.956119403125
1 0.33414062499999997 0.45422174843749996 0.338859375 0.4594882734375 0.34465625 0.4603624734375 0.356234375 0.457739871875 0.36375 0.45070362499999994 0.36375 0.44748400781250003 0.36331250000000004 0.44074626875 0.35709375 0.438422175 0.350234375 0.438422175 0.342078125 0.43869936093749995 0.33521875 0.44164179062500003 0.3339375 0.44865671718750005 0.33414062499999997 0.45422174843749996
1 0.737828125 0.489232409375 0.739640625 0.48262260156250003 0.74025 0.4743923234375 0.739640625 0.463667378125 0.739046875 0.44471215312499995 0.737234375 0.4397654578125 0.72996875 0.4397654578125 0.72575 0.44223880624999995 0.721515625 0.456247334375 0.72090625 0.4611940296875 0.72090625 0.4842857140625 0.730578125 0.4842857140625 0.736625 0.4925373140625 0.737828125 0.489232409375
1 0.6778906250000001 0.67315565 0.686140625 0.67315565 0.6897968750000001 0.6656503203125 0.686140625 0.6581663109375 0.6797187499999999 0.646908315625 0.6751406249999999 0.6306609812499999 0.6705625000000001 0.6156716421875 0.6742343749999999 0.5981663109375 0.668734375 0.5919189765625 0.659578125 0.5869296375 0.65225 0.6044136453125 0.651328125 0.6319189765625 0.659578125 0.6606609812500001 0.6778906250000001 0.67315565
1 0.380296875 0.249061834375 0.368609375 0.2758208953125 0.366109375 0.27925373124999997 0.37028125 0.27980810312500004 0.379875 0.28722814531249996 0.38864062499999996 0.27752665312499997 0.389890625 0.25132196093750003 0.380296875 0.249061834375
1 0.254890625 0.5328997875 0.25796874999999997 0.5281236671875 0.25715625000000003 0.5197014921875 0.25365625 0.51771855 0.250765625 0.5157569296875 0.24953124999999998 0.516034115625 0.24912499999999999 0.5166098078125 0.24706250000000002 0.5230703625 0.24809375 0.5289552234375 0.25159375 0.5343070359375 0.254890625 0.5328997875
1 0.598421875 0.9331769718749999 0.588890625 0.9274413640624999 0.5690000000000001 0.9140511734375 0.56059375 0.9018123671874999 0.5541406249999999 0.89684435 0.552171875 0.90373134375 0.553578125 0.91443496875 0.555828125 0.9213219609375001 0.56759375 0.9434968015624999 0.58440625 0.9534541578125 0.5950624999999999 0.949232409375 0.6012187499999999 0.9412153515625 0.602625 0.9431130062499999 0.60290625 0.941599146875 0.598421875 0.9331769718749999
1 0.1125 0 0.1046875 0.01066098125 0.09375 0.03837953125 0.0875 0.059701492187500003 0.0875 0.07036247343749999 0.09140625 0.080597015625 0.0875 0.0810234546875 0.0890625 0.1151385921875 0.0953125 0.13432835781250002 0.1078125 0.15565032031249998 0.1046875 0.1833688703125 0.1046875 0.22601279375 0.109375 0.23240938125000002 0.11875 0.23240938125000002 0.1328125 0.25586353906250003 0.171875 0.25373134375 0.1734375 0.3134328359375 0.178125 0.319829425 0.184375 0.32196162031250003 0.1828125 0.35820895468749997 0.1796875 0.35820895468749997 0.175 0.36460554375 0.175 0.3795309171875 0.1859375 0.394456290625 0.19375 0.3987206828125 0.2125 0.3987206828125 0.23125 0.44989339062499994 0.23125 0.494669509375 0.228125 0.5095948828125 0.221875 0.5202558640625 0.221875 0.5351812359375 0.228125 0.55223880625 0.2515625 0.57995735625 0.2609375 0.57995735625 0.2640625 0.5756929640624999 0.27265625 0.5842217484375001 0.2722782265625 0.5910998000000001 0.28125 0.6083866375 0.2789314515625 0.6107710296875 0.285584678125 0.6304422578125 0.28125 0.63539445625 0.2859375 0.6417910453125 0.29375 0.6417910453125 0.29223790312500003 0.6501134875 0.3255040328125 0.7484696328125 0.3296875 0.7526652453125 0.3265625 0.7569296375000001 0.3288306453125 0.758305246875 0.3260416671875 0.76759061875 0.325 0.8059701499999999 0.334375 0.831556503125 0.3296875 0.8550106609375 0.328125 0.8933901921875 0.321875 0.8955223875 0.3171875 0.9019189765625001 0.3171875 0.9402985078125001 0.321875 0.9466950953125 0.33125 0.9466950953125 0.334375 0.9424307031250001 0.3515625 0.9424307031250001 0.3640625 0.9232409374999999 0.3625 0.9019189765625001 0.36875 0.8933901921875 0.49633620624999997 0.9180942578125 0.4984375 0.9402985078125001 0.5015625 0.9445629 0.50625 0.9936034109375 0.509375 1 0.8203125 1 0.8203125 0.95522388125 0.8140625 0.9040511734375001 0.8109375 0.8827292109375 0.7953125 0.8272921109375 0.8109375 0.8272921109375 0.8234375 0.8187633265625 0.83125 0.8081023453125 0.8390625 0.7825159921875 0.8375 0.7505330484375 0.85625 0.7164179109375 0.86875 0.7078891265625 0.8703125 0.7142857140625 0.8671875 0.720682303125 0.8671875 0.737739871875 0.875 0.7825159921875 0.8765625 0.8081023453125 0.8828125 0.820895521875 0.9453125 0.820895521875 0.9578125 0.786780384375 0.9625 0.7803837953125 0.990625 0.7825159921875 0.9984375 0.7761194031249999 0.9984375 0.7611940296874999 0.9859375 0.7611940296874999 0.9706597218749999 0.752428334375 0.9984375 0.7249466953125 0.996875 0.7078891265625 0.9828125 0.6886993609375 0.9875 0.4605543703125 0.984375 0.47547974374999996 0.9765625 0.45628997812499994 0.98125 0.44989339062499994 0.9875 0.44776119375 0.9859375 0.44562899843750003 0.9984375 0.19829424375 0.9921875 0.1897654578125 0.9875 0.1897654578125 0.9765625 0.157782515625 0.959375 0.12579957343749998 0.9421875 0.10234541562499999 0.921875 0.08315565 0.896875 0.0405117265625 0.8609375 0.03837953125 0.8453125 0.0490405125 0.834375 0.0490405125 0.83125 0.0533049046875 0.8171875 0.0533049046875 0.7953125 0.059701492187500003 0.7625 0.0788912578125 0.7421875 0.0980810234375 0.7125 0.14072494687499998 0.6890625 0.14925373125000002 0.6765625 0.14925373125000002 0.671875 0.15565032031249998 0.671875 0.1705756921875 0.6765625 0.17697228125 0.6828125 0.17697228125 0.6828125 0.1897654578125 0.6734375 0.196162046875 0.65625 0.19829424375 0.64375 0.2110874203125 0.634375 0.213219615625 0.6296875 0.2196162046875 0.6234375 0.2196162046875 0.615625 0.2302771859375 0.6125 0.25799573593749997 0.59375 0.28784648125 0.5890625 0.28144989374999996 0.5765625 0.28144989374999996 0.5015625 0.157071784375 0.50390625 0.1481876328125 0.5140625 0.14072494687499998 0.503125 0.12153518125 0.4984375 0.12153518125 0.4953125 0.11087419999999999 0.478125 0.0788912578125 0.4703125 0.0788912578125 0.4671875 0.07462686562500001 0.4421875 0.07462686562500001 0.428125 0.0788912578125 0.425 0.08315565 0.4171875 0.08528784687499999 0.4078125 0.0980810234375 0.4015625 0.1151385921875 0.29077620937500004 0.08315565 0.2875 0.08955223906250001 0.275 0.06609808125 0.259375 0.044776118749999996 0.25 0.03837953125 0.2171875 0.027718549999999998 0.175 0.0255863546875 0.171875 0.0149253734375 0.1625 0 0.1125 0