2 0.58275 0.6103333328125 0.5845 0.5915416671875 0.57921875 0.5774583328125 0.55634375 0.563375 0.53696875 0.5657291671875 0.524640625 0.5727708328125 0.5105625 0.5985833328125 0.52640625 0.6244166671875 0.561625 0.6385 0.561625 0.6338125 0.57746875 0.6267708328125 0.58275 0.6103333328125
2 0.396015625 0.6044583328125 0.416078125 0.6124375 0.42846875000000006 0.6101458328125 0.431453125 0.5930625 0.41693749999999996 0.5839583328125 0.40326562499999996 0.5759791671875 0.385765625 0.5549166671875 0.366109375 0.56175 0.3759375 0.5833958328125 0.381921875 0.5919375 0.396015625 0.6044583328125
2 0.17109375 0.46285416718750005 0.14751562499999998 0.4519791671875 0.13390625 0.4531875 0.120296875 0.47375 0.1348125 0.49431250000000004 0.136625 0.49310416718749994 0.180171875 0.4834166671875 0.17109375 0.46285416718750005
2 0.151765625 0.6070625 0.107640625 0.5976458328125 0.0829375 0.625875 0.081171875 0.6611666671875 0.10940625 0.6988333328125 0.135875 0.6611666671875 0.155296875 0.6352916671875 0.151765625 0.6070625
2 0.48353124999999997 0.3730833328125 0.491421875 0.3716666671875 0.4993125 0.368875 0.50878125 0.36535416718749997 0.520875 0.3527291671875 0.528234375 0.34362499999999996 0.5298125 0.3380208328125 0.5235000000000001 0.3253958328125 0.5124531250000001 0.3211875 0.4993125 0.3260833328125 0.48615624999999996 0.3317083328125 0.475109375 0.3429166671875 0.46459374999999997 0.3520416671875 0.465125 0.3604583328125 0.465125 0.3639583328125 0.466703125 0.3681666671875 0.48353124999999997 0.3730833328125
2 0.27273437500000003 0.42077083281250005 0.24740625 0.40779166718750004 0.22596875 0.4181875 0.210390625 0.4415625 0.210390625 0.4675416671875 0.227921875 0.4805208328125 0.245453125 0.47533333281249995 0.2649375 0.4571458328125 0.276625 0.44675000000000004 0.27273437500000003 0.42077083281250005
2 0.22956249999999997 0.7065 0.2186875 0.7097916671875 0.193515625 0.7117708328125001 0.185109375 0.71375 0.1698125 0.7328333328125 0.1688125 0.7565416671875 0.17671874999999998 0.78025 0.188078125 0.7848541671875 0.197453125 0.7848541671875 0.22560937499999997 0.7697083328125001 0.237953125 0.7420625000000001 0.23696875 0.7176875 0.22956249999999997 0.7065
2 0.430265625 0.4323125 0.434265625 0.4056041671875 0.424265625 0.3895833328125 0.404234375 0.3909166671875 0.385203125 0.4069375 0.3711875 0.42162499999999997 0.3701875 0.4363125 0.3701875 0.45366666718750004 0.387203125 0.46568750000000003 0.39021875 0.46166666718749994 0.41325 0.4483333328125 0.430265625 0.4323125
2 0.50084375 0.47839583281250003 0.5075000000000001 0.4841875 0.5435156250000001 0.4729583328125 0.5690625 0.477375 0.577734375 0.47329166718750004 0.5787656250000001 0.46647916718750004 0.5636875 0.45456250000000004 0.551171875 0.450125 0.5386562500000001 0.45047916718750003 0.527921875 0.4528541671875 0.5182187500000001 0.45558333281249996 0.5036562499999999 0.461375 0.5003437500000001 0.4698958328125 0.50084375 0.47839583281250003
2 0.37840625 0.2705208328125 0.358875 0.28689583281250003 0.352734375 0.3107083328125 0.35496875 0.32185416718750004 0.3739375 0.3300416671875 0.3823125 0.3255833328125 0.40239062499999995 0.3077291671875 0.40685937499999997 0.289875 0.399609375 0.275 0.37840625 0.2705208328125
2 0.196421875 0.3740416671875 0.185796875 0.3665833328125 0.172921875 0.3688333328125 0.146640625 0.3867291671875 0.140484375 0.41283333281249995 0.14551562499999998 0.43 0.1595 0.43 0.162859375 0.41954166718749997 0.18076562499999999 0.41954166718749997 0.19475 0.41060416718750004 0.196421875 0.40760416718750003 0.20034375 0.3897083328125 0.196421875 0.3740416671875