0 0.171609375 0.3166458328125 0.190703125 0.3155833328125 0.205015625 0.32406250000000003 0.211375 0.3166458328125 0.216953125 0.290125 0.21615625 0.27527083281250003 0.208203125 0.2604375 0.1915 0.2477083328125 0.17320312499999999 0.2445208328125 0.15171874999999999 0.2646666671875 0.140578125 0.30285416718749997 0.146953125 0.3283125 0.150125 0.3304375 0.157296875 0.32406250000000003 0.171609375 0.3166458328125
0 0.241015625 0.20187499999999997 0.23090625 0.1861458328125 0.22078125 0.1816458328125 0.212359375 0.1793958328125 0.20393750000000002 0.1793958328125 0.19718750000000002 0.1793958328125 0.17696875 0.197375 0.17696875 0.2108541671875 0.187078125 0.23333333281250002 0.22078125 0.2513125 0.23595312499999999 0.2400833328125 0.241015625 0.21760416718750003 0.241015625 0.20187499999999997
0 0.24114062500000003 0.2244166671875 0.246625 0.24343750000000003 0.24881250000000002 0.25 0.26964062499999997 0.2573125 0.28445312500000003 0.2653541671875 0.296515625 0.2609791671875 0.2970625 0.2595208328125 0.300359375 0.2536666671875 0.292671875 0.24854166718749998 0.294875 0.23977083281249997 0.300359375 0.236125 0.30803125 0.22149999999999997 0.31515624999999997 0.2046875 0.302 0.1812916671875 0.28335937499999997 0.177625 0.2658125 0.1812916671875 0.254296875 0.1834791671875 0.245515625 0.2054166671875 0.24114062500000003 0.2244166671875
0 0.091625 0.3080625 0.10034375 0.3035625 0.1201875 0.3022708328125 0.13760937499999998 0.3087083328125 0.14196875 0.2964583328125 0.14875 0.278375 0.151640625 0.2564375 0.141484375 0.2480625 0.13082812500000002 0.2409583328125 0.12115625000000001 0.2357916671875 0.116796875 0.2370833328125 0.095984375 0.2390208328125 0.0863125 0.2519166671875 0.081953125 0.2628958328125 0.081953125 0.2706458328125 0.078078125 0.2803125 0.079046875 0.2803125 0.08146875 0.2983958328125 0.091625 0.3080625
0 0.302875 0.8437083328125 0.311578125 0.833375 0.317390625 0.821125 0.32223437499999996 0.80175 0.323203125 0.7772291671875 0.323203125 0.7617499999999999 0.32223437499999996 0.7462500000000001 0.31060937499999997 0.7236666671875 0.287875 0.7114166671875 0.26415625 0.7152916671875 0.241890625 0.7236666671875 0.23365624999999998 0.7314166671875 0.23075 0.7494791671875001 0.2288125 0.7675625 0.224953125 0.785625 0.22204687500000003 0.8011041671875001 0.2254375 0.8166041671875 0.23753125000000003 0.8359583328125 0.28109375000000003 0.8456458328125 0.28690625000000003 0.845 0.302875 0.8437083328125
0 0 0.9865208328125 0.26965625000000004 0.9887708328124999 0.293265625 0.9730416671875 0.303375 0.9258333328124999 0.29493749999999996 0.8516875 0.32359375 0.7752708328125 0.318546875 0.7415833328125 0.26965625000000004 0.707875 0.29493749999999996 0.6494375 0.266296875 0.6292083328125 0.28145312499999997 0.5955 0.27303125 0.5617916671875001 0.27471875 0.5303333328125001 0.27471875 0.501125 0.27303125 0.46966666718749994 0.27134375 0.4224791671875 0.27809375 0.4089791671875 0.288203125 0.3797708328125 0.288203125 0.34381249999999997 0.289890625 0.298875 0.29493749999999996 0.2561875 0.313484375 0.2112291671875 0.32865625 0.1662916671875 0.333703125 0.13708333281250001 0.316859375 0.1101041671875 0.291578125 0.1101041671875 0.266296875 0.1280833328125 0.2528125 0.1280833328125 0.21742187500000001 0.1325833328125 0.20056250000000003 0.1258333328125 0.17021875 0.10112499999999999 0.1550625 0.1146041671875 0.11965624999999999 0.1460625 0.1028125 0.1236041671875 0.07584375 0.1348333328125 0.048875 0.1595416671875 0.02865625 0.1348333328125 0 0.13033333281249998 0 0.9865208328125
3 0.9977499999999999 0.5299583328125 0.9960625000000001 0.5075000000000001 0.9825781250000001 0.5075000000000001 0.958984375 0.5187291671875001 0.940453125 0.5277083328125001 0.932015625 0.5434375 0.9337031250000001 0.5726666671875 0.92696875 0.597375 0.9337031250000001 0.6221041671875 0.940453125 0.6288333328125 0.9707812499999999 0.6221041671875 0.9960625000000001 0.6108541671875 0.9977499999999999 0.6153541671875 0.9977499999999999 0.5816458328125 0.9977499999999999 0.5299583328125
3 0.8325625000000001 0.6163541671874999 0.8186249999999999 0.6408125 0.810546875 0.6740625 0.808359375 0.7073333328125 0.820828125 0.7278749999999999 0.8369687499999999 0.7317708328125 0.845765625 0.7425416671875 0.8545624999999999 0.7542708328125001 0.874375 0.761125 0.886109375 0.7503541671875 0.9000468749999999 0.7405833328125 0.9272031249999999 0.7307916671875 0.9374687500000001 0.7151458328125 0.9455312499999999 0.6916666671875 0.949203125 0.6525416671875 0.9418749999999999 0.6329791671875 0.930125 0.6134166671875 0.9088593749999999 0.59875 0.885375 0.5938541671875 0.859703125 0.5958125 0.8325625000000001 0.6163541671874999
3 0.9842656249999999 0.7771458328125 0.9471875000000001 0.7434375 0.9 0.7434375 0.87134375 0.7614166671875 0.8545 0.795125 0.8545 0.8310833328125 0.913484375 0.9142291671875 0.97753125 0.8872708328125001 1 0.8333333328125001 0.9842656249999999 0.7771458328125
3 0.83309375 0.614375 0.8398749999999999 0.6111458328125 0.8645468749999999 0.595 0.915375 0.5995208328125 0.92359375 0.5930833328125 0.9303750000000001 0.5685416671875 0.926984375 0.5278958328125001 0.8911718750000001 0.483375 0.8776249999999999 0.4795 0.852453125 0.4782083328125 0.830671875 0.48852083281249997 0.8137343749999999 0.5066041671875 0.80646875 0.5337083328125 0.8074375 0.56725 0.83309375 0.614375
3 0.9067343749999999 0.4651666671875 0.913484375 0.4314583328125 0.9033749999999999 0.3910208328125 0.8764062499999999 0.35281250000000003 0.8494375 0.35281250000000003 0.8207812499999999 0.35954166718749997 0.7971874999999999 0.3887708328125 0.783703125 0.4449375 0.8157343750000001 0.49887499999999996 0.8292187500000001 0.49437499999999995 0.8561875000000001 0.4763958328125 0.884828125 0.47864583281249995 0.891578125 0.47864583281249995 0.9067343749999999 0.4651666671875
3 0.8391718750000001 0.3528333328125 0.8460000000000001 0.3528333328125 0.8727031249999999 0.3503333328125 0.8770625000000001 0.3089166671875 0.8739531250000001 0.28325 0.85096875 0.2534375 0.8217656249999999 0.2484583328125 0.7944375 0.2608958328125 0.7708437499999999 0.3047916671875 0.7745625 0.33708333281249997 0.7869843750000001 0.3611041671875 0.80625 0.3727083328125 0.81059375 0.3702083328125 0.8217656249999999 0.358625 0.8391718750000001 0.3528333328125
3 0.948640625 0.2499166671875 0.941203125 0.2328125 0.92703125 0.2148125 0.907453125 0.1968125 0.883828125 0.1958958328125 0.8682968750000001 0.20400000000000001 0.8561562500000001 0.2283125 0.8527812499999999 0.2553125 0.8723593749999999 0.28591666718750003 0.877078125 0.3120208328125 0.8818125 0.3273125 0.887875 0.3327083328125 0.9094843750000001 0.30481250000000004 0.931078125 0.2958125 0.94728125 0.3003125 0.95065625 0.28770833281249997 0.95134375 0.2661041671875 0.948640625 0.2499166671875
3 0.9018906250000001 0.4080208328125 0.909640625 0.41900000000000004 0.92028125 0.42672916718750004 0.9270625000000001 0.42093749999999996 0.942546875 0.4015625 0.9556250000000001 0.3944791671875 0.9788593750000001 0.3938333328125 0.983203125 0.35704166718749997 0.978375 0.32606250000000003 0.96675 0.3086458328125 0.935296875 0.2970208328125 0.915453125 0.30025 0.9009218750000001 0.3131666671875 0.89221875 0.32864583281250004 0.8854374999999999 0.3635 0.88834375 0.3789791671875 0.895125 0.3886666671875 0.9018906250000001 0.4080208328125
3 1 0.42777083281249995 0.999828125 0.40470833281249996 0.981859375 0.39049999999999996 0.9615625 0.39049999999999996 0.950234375 0.3918333328125 0.9339375000000001 0.4060208328125 0.915625 0.42954166718750003 0.91196875 0.44285416718750004 0.9106406249999999 0.4583958328125 0.9232812499999999 0.49964583281249997 0.9385937500000001 0.5231666671874999 0.950234375 0.5187291671875001 0.9742031250000001 0.51075 1 0.519625 1 0.5098541671875 1 0.42777083281249995
3 0.822828125 0.09037500000000001 0.808640625 0.0930625 0.7931250000000001 0.10206249999999999 0.775578125 0.12277083281250001 0.7721875 0.148875 0.781640625 0.1857708328125 0.788390625 0.1920833328125 0.80325 0.1830625 0.8234999999999999 0.1812708328125 0.836328125 0.1830625 0.8471249999999999 0.18487499999999998 0.8565781250000001 0.162375 0.855234375 0.13087500000000002 0.8505 0.11556249999999998 0.83903125 0.0930625 0.822828125 0.09037500000000001
3 1 0.1818958328125 0.9918125 0.18222916718749999 0.96678125 0.1866666671875 0.953484375 0.1972291671875 0.9476093750000001 0.2101666671875 0.9450625 0.2101666671875 0.9476093750000001 0.2224375 0.950421875 0.2449166671875 0.95425 0.266375 0.9570624999999999 0.27589583281249996 0.964984375 0.2816875 0.986953125 0.2619375 1 0.25614583281250003 1 0.23399999999999999 1 0.1818958328125
3 1 0.6054999999999999 0.993265625 0.6075416671875 0.97946875 0.6133333328125 0.96440625 0.6204791671875001 0.9526562500000001 0.6361458328125 0.946265625 0.6433125000000001 0.942171875 0.6507916671875 0.94371875 0.6678333328125 0.942171875 0.6780416671875 0.9424374999999999 0.7029166671875 0.94525 0.713125 0.9577656250000001 0.7315208328125 0.974359375 0.7464999999999999 0.9894375 0.747875 1 0.740375 1 0.7216458328125 1 0.7022291671875001 1 0.6375208328124999 1 0.6054999999999999
0 0.87015625 1 0.8585312500000001 0.9640833328125 0.87596875 0.9537291671875 0.8895312499999999 0.9149791671875 0.87790625 0.8607083328125 0.829453125 0.8322916671874999 0.85078125 0.811625 0.84884375 0.7599375 0.8430156249999999 0.7366875 0.823640625 0.7289375 0.792640625 0.7315208328125 0.784890625 0.7160208328125 0.788765625 0.6798333328124999 0.7558125 0.6359166671875001 0.7829531249999999 0.6359166671875001 0.786828125 0.5738958328125 0.7635625 0.5454791671875 0.7655000000000001 0.5325416671875 0.7713125 0.5015416671875 0.7461249999999999 0.4524375 0.7693749999999999 0.4240208328125 0.7655000000000001 0.3956041671875 0.7286875 0.3645833328125 0.738375 0.3516666671875 0.7364375 0.3155 0.699609375 0.28189583281249997 0.7054218750000001 0.2612291671875 0.686046875 0.2276458328125 0.678296875 0.1552916671875 0.63953125 0.150125 0.63371875 0.1552916671875 0.61434375 0.181125 0.5813906249999999 0.20437500000000003 0.5813906249999999 0.181125 0.563953125 0.1552916671875 0.5523281250000001 0.1475416671875 0.5290625 0.150125 0.5135625 0.142375 0.5 0.12687500000000002 0.47675 0.12687500000000002 0.463171875 0.15270833281250001 0.44185937500000005 0.1397916671875 0.44185937500000005 0.11135416718749999 0.42248437499999997 0.0829375 0.40115625 0.0674375 0.36821875 0.09327083281250001 0.36240625 0.11135416718749999 0.33914062500000003 0.134625 0.323640625 0.1759583328125 0.304265625 0.2405625 0.298453125 0.2638125 0.294578125 0.2922291671875 0.288765625 0.3258333328125 0.286828125 0.3904375 0.27518750000000003 0.4214375 0.277125 0.47570833281249997 0.277125 0.5041249999999999 0.290703125 0.5558125 0.27518750000000003 0.6023125 0.277125 0.6229791671875 0.282953125 0.654 0.27131249999999996 0.6901666671875 0.282953125 0.7108541671874999 0.325578125 0.7366875 0.341078125 0.7547708328125 0.33914062500000003 0.7857708328124999 0.329453125 0.811625 0.313953125 0.834875 0.298453125 0.865875 0.298453125 0.9201458328125 0.310078125 0.9899166671874999 0.313953125 1 0.428296875 0.9950833328125 0.5155000000000001 1 0.542640625 1 0.63565625 1 0.761625 1 0.87015625 1
3 0.7239375 0.2085416671875 0.7480625 0.20375000000000001 0.7645 0.2065 0.7660312499999999 0.2078541671875 0.777328125 0.1818541671875 0.774765625 0.1572083328125 0.76090625 0.129125 0.7347187500000001 0.1106458328125 0.706984375 0.1140625 0.6905625 0.1222916671875 0.68440625 0.1366666671875 0.67978125 0.160625 0.6808125 0.1640416671875 0.690046875 0.1934791671875 0.699296875 0.21675 0.71675 0.21949999999999997 0.7239375 0.2085416671875