1 0.676703125 0.6787353625 0.67296875 0.694707259375 0.6681874999999999 0.725011709375 0.67084375 0.7641217796875 0.6740468749999999 0.7824824359375 0.690015625 0.817587821875 0.70065625 0.8263700234375 0.70225 0.8199765812500001 0.69640625 0.8080093671874999 0.6921406250000001 0.7752927406250001 0.692671875 0.743372365625 0.6862812500000001 0.7018735359375 0.6862812500000001 0.697892271875 0.678296875 0.6763466046875 0.676703125 0.6787353625
1 0.8908125 0.6496018734375 0.8913125000000001 0.662084309375 0.88640625 0.68189695625 0.8944218749999999 0.6902107734375 0.90215625 0.7085011703124999 0.9078125 0.73613583125 0.91584375 0.7557377046875 0.928625 0.7735831375 0.938140625 0.7936299765625 0.9429062500000001 0.8168149890624999 0.940234375 0.8574004687500001 0.9348750000000001 0.885035128125 0.919109375 0.924707259375 0.936359375 0.917564403125 0.952421875 0.900187353125 0.97503125 0.8676346609375001 0.9910937499999999 0.83644028125 0.997921875 0.823067915625 1 0.80969555 0.999421875 0.6865339578125 0.985734375 0.663348946875 0.97503125 0.6526697890625 0.969375 0.6464168625 0.9634218750000001 0.636604215625 0.9556875 0.6294847781249999 0.94646875 0.627259953125 0.936359375 0.627259953125 0.9319062499999999 0.6312646375 0.9217812500000001 0.62189695625 0.91703125 0.619227165625 0.9153125 0.6136065578125 0.89571875 0.6070023421874999 0.882 0.619484778125 0.888859375 0.6415222484374999 0.8908125 0.6496018734375
1 0.7793281249999999 0.7782903984375 0.7615937500000001 0.8383606562500001 0.7400156250000001 0.8926463703125 0.735390625 0.9088290390625 0.7369375 0.9273067921875 0.738484375 0.9434894609375 0.740796875 0.9504215453124999 0.7600625 0.9504215453124999 0.77625 0.9515690859375001 0.7908906250000001 0.9515690859375001 0.8224843749999999 0.955035128125 0.86334375 0.9515690859375001 0.892625 0.9434894609375 0.9134375 0.9377049187500001 0.923453125 0.9122950812499999 0.9342499999999999 0.8880327875 0.94040625 0.8487587828125 0.9419531250000001 0.8083138171875 0.9203749999999999 0.759812646875 0.909578125 0.7436299765625 0.9057187499999999 0.7205386421875 0.898015625 0.70320843125 0.8880000000000001 0.68355971875 0.86334375 0.6800936765625 0.8617968749999999 0.6893442624999999 0.8448437500000001 0.7020374703125001 0.834046875 0.7008899296875 0.810921875 0.725152225 0.7793281249999999 0.7782903984375
1 0.612515625 0.7577985953125 0.6241875 0.6947540984375 0.632375 0.652740046875 0.6428906249999999 0.6352224828125 0.64521875 0.6317330203125 0.644046875 0.603723653125 0.6428906249999999 0.605456675 0.6241875 0.62648711875 0.60784375 0.640491803125 0.5985 0.6492271656249999 0.5833125 0.6755035125 0.56928125 0.7000234187500001 0.5646093750000001 0.7332786890625 0.5646093750000001 0.796323184375 0.5646093750000001 0.8540983609374999 0.610171875 0.88386416875 0.61134375 0.8190866515625 0.612515625 0.7577985953125
1 0.8460000000000001 0.6576580796875 0.8414999999999999 0.556299765625 0.82946875 0.5225292734375 0.8054375 0.5180093671875 0.7828906250000001 0.5180093671875 0.778390625 0.5382903984375 0.7693749999999999 0.6621545671875 0.8069375000000001 0.677939109375 0.8324843749999999 0.6666744734375001 0.8460000000000001 0.6576580796875
1 0.6562812499999999 0.5935831375 0.65840625 0.5893442624999999 0.641390625 0.598899296875 0.617265625 0.6169789234375 0.602375 0.62229508125 0.57896875 0.6339812640625 0.5555625 0.67224824375 0.5470625 0.71583138125 0.5435156250000001 0.7700468390624999 0.5435156250000001 0.8136299765624999 0.5619531249999999 0.850843090625 0.5655 0.7891803281249999 0.566203125 0.7307259953125 0.5818125000000001 0.6913817328125 0.600953125 0.6488758781249999 0.6186875 0.638243559375 0.63925 0.609531615625 0.6562812499999999 0.5935831375
1 0.5288906250000001 0.7376814984375 0.53303125 0.7505386421875 0.5386562500000001 0.7820608906250001 0.545765625 0.803348946875 0.544875 0.751428571875 0.5549375000000001 0.6862060890625 0.5641093749999999 0.6542622953125 0.61946875 0.6200936765625 0.63515625 0.6067915687500001 0.63515625 0.5917096015625 0.627765625 0.5970257609375 0.606453125 0.603676815625 0.5925312500000001 0.6027868859375001 0.581578125 0.6027868859375001 0.557890625 0.619203746875 0.54753125 0.63517564375 0.5356875 0.6613583140625 0.5288906250000001 0.7217096015625 0.5288906250000001 0.7376814984375
1 0.63553125 0.5978922718749999 0.6499375 0.5796252921875 0.661 0.5738173296875 0.661 0.5588758781250001 0.6455 0.547236534375 0.644390625 0.548079625 0.62334375 0.5514051515625 0.6139375 0.5505620609374999 0.5973124999999999 0.543091334375 0.58125 0.5488992968749999 0.55965625 0.5680093671875001 0.543046875 0.6111709609375 0.543046875 0.6335831375 0.538609375 0.6551522249999999 0.558546875 0.6186416859375 0.580703125 0.603700234375 0.60396875 0.6061826703125 0.63553125 0.5978922718749999
1 0.719515625 0.6711943796875001 0.7404531249999999 0.6452693203125001 0.755015625 0.521124121875 0.7140625 0.5320374703125 0.683109375 0.55932084375 0.6658125 0.6084309140624999 0.6639999999999999 0.6329976578125 0.6494375 0.687564403125 0.674015625 0.6930210765625 0.69403125 0.6357142859375 0.719515625 0.6711943796875001
1 0.767859375 0.863747071875 0.78590625 0.7578922718750001 0.820453125 0.7150819671875001 0.8445 0.6970726 0.8445 0.67679156875 0.8174531249999999 0.6722950812499999 0.79190625 0.67906323125 0.7693749999999999 0.67906323125 0.7363125 0.67679156875 0.710765625 0.67679156875 0.679203125 0.6722950812499999 0.689734375 0.69932084375 0.68221875 0.7196018734375 0.710765625 0.818688525 0.7393125 0.8479625296875 0.767859375 0.863747071875
1 0.64628125 0.7371428578125 0.64628125 0.7606791562499999 0.641796875 0.803723653125 0.6426875 0.827259953125 0.659734375 0.9059484781249999 0.67140625 0.9368852453125 0.689359375 0.98194379375 0.7149375 0.9980796249999999 0.730640625 0.9974004687500001 0.7445468749999999 0.974543325 0.748140625 0.9570491796875 0.732875 0.9193911 0.7221093749999999 0.91805620625 0.70865625 0.8729976578124999 0.682171875 0.7835363 0.667375 0.7606791562499999 0.6601874999999999 0.7290632312499999 0.6503125 0.7088992968750001 0.648078125 0.716276346875 0.64628125 0.7371428578125