1 0.627875 0.71863529375 0.6267343750000001 0.7182117640625 0.6241875 0.7173411765625 0.621078125 0.7135294125 0.6188281250000001 0.7105411765625 0.616 0.7092705875 0.61146875 0.7079764703125 0.609203125 0.7079764703125 0.602703125 0.7032941171875 0.5976250000000001 0.7016 0.59225 0.69903529375 0.588 0.6981882359375 0.5837656250000001 0.6999058828125 0.579234375 0.6999058828125 0.5741562499999999 0.7016 0.5704687500000001 0.7028705875 0.56878125 0.7045882359375 0.56934375 0.7079764703125 0.5704687500000001 0.7096941171875 0.572453125 0.710117646875 0.58771875 0.713082353125 0.593375 0.720752940625 0.596203125 0.7284235296875 0.5956406249999999 0.7331058828125 0.59365625 0.7352235296875 0.589984375 0.73736470625 0.590546875 0.7416235296875 0.59196875 0.7463058828125 0.596203125 0.75183529375 0.6004375 0.7569411765625 0.60440625 0.7586588234375 0.61203125 0.7607764703125001 0.6171249999999999 0.7616235296875 0.6193906250000001 0.7616235296875 0.62871875 0.76376470625 0.63353125 0.7633411765625 0.63578125 0.760352940625 0.6391875 0.75823529375 0.645109375 0.7569411765625 0.6479375 0.7556705874999999 0.649640625 0.7531058828125 0.650484375 0.749717646875 0.648515625 0.7475764703125 0.64596875 0.743317646875 0.6479375 0.7412 0.650203125 0.7399058828125 0.6527499999999999 0.7352235296875 0.65303125 0.7305411765625001 0.649921875 0.7250117640625 0.64765625 0.7245882359375 0.644265625 0.7224705874999999 0.6414375 0.7216 0.638046875 0.7211764703125 0.63465625 0.7216 0.631828125 0.7216 0.63465625 0.7203294125 0.631828125 0.7203294125 0.627875 0.71863529375
1 0.59165625 0.714682353125 0.559890625 0.7090588234374999 0.526234375 0.721247059375 0.49945312499999994 0.7203058828125 0.5019375 0.7381411765625 0.507546875 0.7475294124999999 0.5835625 0.735317646875 0.59603125 0.73063529375 0.59165625 0.714682353125
1 0.575546875 0.7575999999999999 0.5735625 0.7520705875 0.5730000000000001 0.7529176468750001 0.5735625 0.7588705874999999 0.571875 0.7631294125 0.569046875 0.7644 0.5642343750000001 0.7686588234375 0.5648125 0.7733411765625 0.5650937500000001 0.789952940625 0.570171875 0.7946352937500001 0.5761093749999999 0.7959058828125001 0.5795 0.7942117640624999 0.58346875 0.7865411765625 0.580078125 0.776752940625 0.5783750000000001 0.7690823531250001 0.57753125 0.7656941171875 0.5789375 0.76823529375 0.5763906249999999 0.7631294125 0.575546875 0.7575999999999999
1 0.45837500000000003 0.83943529375 0.47540625 0.8570823531249999 0.482859375 0.8747294125 0.49564062499999995 0.8763294125 0.493515625 0.8474588234375 0.4881875 0.8378352937500001 0.477546875 0.8153882359375 0.432796875 0.7993411765625 0.413625 0.789717646875 0.405109375 0.788117646875 0.407234375 0.7945411765625 0.40298437500000006 0.8073647062499999 0.41789062499999996 0.8153882359375 0.44132812499999996 0.8298117640625 0.45837500000000003 0.83943529375
1 0.46184375 0.9064941171875001 0.45248437499999994 0.9046117640625001 0.44185937500000005 0.8989647062499999 0.42437500000000006 0.8801411765625 0.404390625 0.8698117640625 0.39378125 0.8528705875 0.39065625000000004 0.8538117640625 0.38565625 0.8613411765625001 0.39128124999999997 0.8792235296875001 0.39690625 0.893317646875 0.408140625 0.9092941171875 0.42750000000000005 0.9234117640624999 0.454359375 0.9281176468749999 0.45809375 0.9309411765625001 0.46184375 0.9187058828125 0.46184375 0.9064941171875001
1 0.48362499999999997 0.8747294125 0.47059375000000003 0.8761411765625 0.46314062500000003 0.8817411765625 0.47990625 0.8971764703125 0.49154687499999994 0.8922588234375001 0.49620312499999997 0.888752940625 0.48362499999999997 0.8747294125
1 0.5446875 0.7011058828125 0.55353125 0.6873882359375 0.551453125 0.6756235296875001 0.545984375 0.674847059375 0.536625 0.6799294125 0.52646875 0.6740705874999999 0.509046875 0.66623529375 0.504625 0.6646588234374999 0.5030625 0.674447059375 0.5152812499999999 0.693647059375 0.536109375 0.7014823531250001 0.5446875 0.7011058828125
1 0.50559375 0.718847059375 0.5176093749999999 0.7223764703125 0.531296875 0.7208705875 0.5449843750000001 0.7148235296875 0.5513281250000001 0.7103058828125 0.55 0.701247059375 0.54065625 0.7007529406249999 0.529625 0.7007529406249999 0.5176093749999999 0.702752940625 0.5072656249999999 0.6967294125 0.49924999999999997 0.695717646875 0.5002500000000001 0.701247059375 0.50559375 0.718847059375
1 0.48240625000000004 0.746517646875 0.4451875 0.7397882359375 0.44071875 0.7689411765624999 0.4451875 0.77343529375 0.506234375 0.7868941171875 0.521125 0.7868941171875 0.515171875 0.7599764703125 0.48240625000000004 0.746517646875
1 0.5158125 0.7631764703125 0.52225 0.785152940625 0.520953125 0.785152940625 0.5158125 0.7877411765625 0.5097968749999999 0.7884 0.5093593750000001 0.792917646875 0.512796875 0.7993882359375 0.517953125 0.8071529406250001 0.520953125 0.8071529406250001 0.5295468750000001 0.7980941171875 0.53040625 0.7896941171875 0.524828125 0.7638117640625001 0.51021875 0.747647059375 0.49260937499999996 0.739882353125 0.47585937500000003 0.7347058828125 0.47028125000000004 0.7424705875 0.470703125 0.74376470625 0.497328125 0.7502352937500001 0.5158125 0.7631764703125
1 0.510359375 0.8265882359375001 0.510359375 0.8086117640625 0.49393750000000003 0.7928941171874999 0.46409374999999997 0.777152940625 0.455140625 0.777152940625 0.44021875 0.777152940625 0.43723437499999995 0.774917646875 0.43574999999999997 0.774917646875 0.46857812499999996 0.8131058828125 0.498421875 0.8468235296875 0.504390625 0.8603058828125001 0.510359375 0.8265882359375001
1 0.528015625 0.750047059375 0.515265625 0.7520235296875 0.515921875 0.7554588234375 0.5250781250000001 0.7633411765625 0.5276875000000001 0.7736705875000001 0.533890625 0.7825411765625 0.54859375 0.794352940625 0.5525156250000001 0.7987764703125 0.557421875 0.808117646875 0.55840625 0.8096 0.563953125 0.79703529375 0.562328125 0.7992705875 0.566578125 0.7894117640625 0.55971875 0.7716941171875 0.5410781250000001 0.7594117640625 0.528015625 0.750047059375
1 0.5274687499999999 0.8034588234375001 0.5256875 0.8088 0.526046875 0.813082353125 0.53634375 0.820047059375 0.54628125 0.8237882359375 0.55196875 0.82216470625 0.5548124999999999 0.81736470625 0.5562343750000001 0.809882353125 0.555171875 0.8050588234375 0.54984375 0.7991764703124999 0.5413125 0.79223529375 0.532078125 0.7836705875 0.52959375 0.7820705875 0.5303125 0.7975764703125 0.5274687499999999 0.8034588234375001
1 0.3921875 0.854117646875 0.40625 0.8729411765625 0.4234375 0.8800000000000001 0.4515625 0.9058823531250001 0.4578125 0.9058823531250001 0.4625 0.9105882359375 0.4703125 0.9105882359375 0.4734375 0.9058823531250001 0.475 0.894117646875 0.4640625 0.8823529406249999 0.4734375 0.877647059375 0.4765625 0.8705882359375 0.4890625 0.877647059375 0.490625 0.8823529406249999 0.4953125 0.877647059375 0.5 0.8823529406249999 0.4920138890625 0.8665359484374999 0.494965278125 0.8554248375 0.49375 0.8494117640625 0.49791666718750005 0.8443137249999999 0.4984375 0.8494117640625 0.50625 0.8635294124999999 0.5140625 0.8729411765625 0.525 0.8729411765625 0.528125 0.86823529375 0.5328125 0.8729411765625 0.5421875 0.8729411765625 0.55 0.8564705874999999 0.5609375 0.854117646875 0.5671875 0.8352941171875001 0.571875 0.8352941171875001 0.575 0.8305882359375 0.584375 0.8305882359375 0.590625 0.8211764703125001 0.5984375 0.8188235296874999 0.603125 0.8094117640625 0.609375 0.8094117640625 0.6171875 0.7952941171875 0.628125 0.7952941171875 0.6328125 0.785882353125 0.6328125 0.7764705875 0.628125 0.7670588234375 0.621875 0.762352940625 0.60625 0.7647058828125 0.5953125 0.7529411765625 0.5875 0.7388235296875 0.578125 0.7388235296875 0.575 0.7435294125 0.5421875 0.7435294125 0.5453125 0.72823529375 0.565625 0.7105882359375 0.5671875 0.6988235296875 0.5625 0.6894117640624999 0.553125 0.6894117640624999 0.5484375 0.6964705875 0.55703125 0.71176470625 0.5484375 0.7129411765625 0.5333333328125 0.7109803921875 0.5392361109375 0.68875816875 0.5390625 0.6799999999999999 0.540625 0.6799999999999999 0.5421875 0.6729411765625 0.5390625 0.66823529375 0.5296875 0.66823529375 0.5265625 0.6752941171875 0.5303819437499999 0.7220915031249999 0.5097222218749999 0.7998692796875 0.509375 0.8094117640625 0.5067708328125 0.8109803921875001 0.5003124999999999 0.841882353125 0.48606770781249997 0.8468627453125 0.46302083281249995 0.8392156875 0.4625 0.8447058828125 0.4578125 0.8447058828125 0.45533854218750003 0.836666665625 0.4399739578125 0.8315686281250001 0.4401041671875 0.8290196078125 0.4322916671875 0.8290196078125 0.4328125 0.8247058828125 0.42552083281249997 0.8203921578125 0.424609375 0.8264705875 0.41692708281249996 0.82392156875 0.41822916718750003 0.81607843125 0.4109375 0.81176470625 0.40625 0.81176470625 0.4015625 0.8188235296874999 0.4 0.8329411765625 0.396875 0.8329411765625 0.3921875 0.8400000000000001 0.3921875 0.854117646875