3 0.21658 0.453564103125 0.21414 0.4527435890625 0.21246 0.4527435890625 0.21054 0.453384615625 0.20823999999999998 0.45520512812499997 0.20748000000000003 0.46061538437499994 0.20836000000000002 0.46176923125 0.21312000000000003 0.46274358906249996 0.21658 0.46341025625 0.22042 0.46325641093750003 0.21888000000000002 0.46061538437499994 0.21888000000000002 0.45748717968749997 0.21658 0.453564103125
3 0.2205 0.4415384609375 0.21808 0.4401794875 0.21276 0.44000000000000006 0.2111 0.4417435890625 0.21200000000000002 0.44641025624999997 0.21427999999999997 0.4506923078125 0.22172 0.44992307656249997 0.22277999999999998 0.447974359375 0.22172 0.4436923078125 0.2205 0.4415384609375
0 0.36469999999999997 0.6243076921874999 0.37136 0.622615384375 0.36604000000000003 0.6169230765625 0.35581999999999997 0.618615384375 0.35404 0.6191794875000001 0.35048 0.6214615390625 0.34782 0.62658974375 0.34648 0.629435896875 0.34116 0.6220512828125 0.33716 0.6220512828125 0.3336 0.6231794875000001 0.32604 0.626025640625 0.32204 0.63058974375 0.31716 0.634 0.31538 0.6357179484375 0.3136 0.6362820515625 0.30606 0.633435896875 0.30384 0.631153846875 0.30384 0.6254615390625 0.30606 0.6152051281250001 0.30516 0.607794871875 0.3025 0.60323076875 0.2945 0.596974359375 0.28872 0.5998205125 0.28384 0.6055128203125 0.27718 0.6060769234375 0.26874 0.6021025640625 0.26562 0.5986923078124999 0.25628 0.5986923078124999 0.25051999999999996 0.5992564109375 0.24606 0.6021025640625 0.24474 0.6021025640625 0.24430000000000002 0.607794871875 0.25006 0.61976923125 0.25051999999999996 0.62658974375 0.25051999999999996 0.631153846875 0.25051999999999996 0.6351282046875 0.25274 0.6396923078125 0.25983999999999996 0.645974359375 0.26383999999999996 0.6516666671875 0.26474000000000003 0.6539487171875 0.27271999999999996 0.6516666671875 0.27984 0.6539487171875 0.28028 0.6539487171875 0.28294 0.6567948718750001 0.28384 0.6613333328125 0.28694000000000003 0.663615384375 0.2945 0.6653333328125 0.31894 0.664205128125 0.33272 0.6613333328125 0.36248 0.65223076875 0.36469999999999997 0.6243076921874999
3 0.21392000000000003 0.452846153125 0.21586 0.45328205156249995 0.21682 0.45410256406249994 0.21892 0.45741025625000004 0.21947999999999998 0.4578205125 0.22054 0.458025640625 0.22094 0.457 0.22094 0.454615384375 0.22094 0.4523333328125 0.22038000000000002 0.4500512828125 0.2198 0.450384615625 0.21778 0.4506923078125 0.21503999999999998 0.45110256406250004 0.2144 0.45089743593750004 0.21334 0.44882051250000005 0.21190000000000003 0.4487179484375 0.21027999999999997 0.44994871718749996 0.20932 0.45110256406250004 0.21004 0.4538974359375 0.21012 0.4536923078125 0.21166000000000001 0.4527435890625 0.21392000000000003 0.452846153125
3 0.24464000000000002 0.4429230765625 0.24406 0.44089743593749997 0.24306 0.43830769218750004 0.24162 0.4362820515625 0.23801999999999998 0.4359230765625 0.2347 0.436641025 0.23414000000000001 0.44015384687500003 0.23428 0.44274358906250005 0.23686 0.4456923078125 0.23874 0.44476923125 0.24262 0.44476923125 0.24464000000000002 0.4429230765625
2 0.4753 0.8851282046875 0.47026 0.882025640625 0.47026 0.884564103125 0.4718 0.8901794875 0.48647999999999997 0.914615384375 0.48932000000000003 0.9078717953125001 0.48494000000000004 0.8997435890625001 0.4753 0.8851282046875
2 0.51702 0.8259230765625001 0.5048 0.8186923078125 0.49822 0.8223076921875 0.48132 0.8307435890624999 0.46159999999999995 0.8307435890624999 0.43904 0.833153846875 0.46441999999999994 0.8319487171875 0.46159999999999995 0.834358975 0.44844 0.842794871875 0.45596 0.860846153125 0.46254 0.8692820515624999 0.48884 0.8873333328124999 0.52452 0.8837179484375 0.5405 0.8753076921874999 0.548 0.8716923078125 0.54894 0.859641025 0.51702 0.8259230765625001
2 0.50664 0.9051794875000001 0.51384 0.927794871875 0.5181600000000001 0.9347179484374999 0.52572 0.9328717953125001 0.53402 0.9421025640625 0.5423 0.9434871796875001 0.5675 0.9347179484374999 0.56966 0.8885384609375 0.56786 0.8866923078125 0.53798 0.883 0.52104 0.8825384609375 0.5016 0.8839230765625 0.50088 0.88623076875 0.50376 0.88623076875 0.5062800000000001 0.9001025640625 0.50664 0.9051794875000001
0 0.42298 0.47992307656250005 0.45002000000000003 0.476641025 0.46105999999999997 0.474846153125 0.45494 0.47030769218749996 0.4514 0.46423076874999997 0.44665999999999995 0.4657435890625 0.44665999999999995 0.4578974359375 0.442 0.45523076875 0.43922 0.45523076875 0.43536 0.4445128203125 0.43022 0.4472564109375 0.42872000000000005 0.45110256406250004 0.42400000000000004 0.446435896875 0.41734 0.4502820515625 0.41284 0.44753846093750005 0.40684 0.4502820515625 0.40234 0.44561538437500003 0.3987 0.44917948750000003 0.39268000000000003 0.448358975 0.38645999999999997 0.44753846093750005 0.38967999999999997 0.45605128281249996 0.38982 0.45612820468750004 0.3995 0.46220512812500003 0.41054 0.4710512828125 0.4147 0.47992307656250005 0.42298 0.47992307656250005
3 0.42338 0.4111794875 0.43538 0.429564103125 0.44488000000000005 0.43641025625 0.45755999999999997 0.4374615390625 0.46188 0.43897435937499996 0.46338 0.44194871718749995 0.46487999999999996 0.4438717953125 0.47038 0.4443076921875 0.47722 0.4441025640625 0.48038 0.4374615390625 0.48538 0.4340512828125 0.48938 0.432974359375 0.48838 0.42912820468749996 0.48688000000000003 0.42207692343750003 0.48672000000000004 0.4197435890625 0.47953999999999997 0.41630769218749997 0.47203999999999996 0.4169487171875 0.46622 0.41546153906249994 0.45788 0.41225641093750004 0.45338 0.4098974359375 0.44787999999999994 0.40948717968750004 0.44088000000000005 0.4103333328125 0.43406 0.4167435890625 0.43272000000000005 0.41610256406249996 0.42838000000000004 0.4098974359375 0.42672 0.407974359375 0.42322 0.4092564109375 0.42338 0.4111794875
2 0.49573999999999996 0.947205128125 0.49602 0.9221538468749999 0.49244000000000004 0.9119230765624999 0.4875 0.9136923078124999 0.48583999999999994 0.9242564109375 0.4864 0.9447179484375001 0.48886 0.9482564109375 0.49573999999999996 0.947205128125
2 0.37724 0.7875384609375 0.37686000000000003 0.788025640625 0.37418 0.7944102562500001 0.3826 0.7998205125 0.37494 0.8047179484375 0.38376 0.808153846875 0.38108 0.8145384609375 0.38298 0.8155128203125 0.39064 0.8165128203125 0.39064 0.8189487171875 0.38912 0.8209230765625 0.38452000000000003 0.824846153125 0.3761 0.8307435890624999 0.3761 0.8336923078125 0.38108 0.8371282046875 0.37801999999999997 0.8390769234375 0.37686000000000003 0.842025640625 0.37916 0.844 0.38795999999999997 0.8415384609375 0.39102000000000003 0.839564103125 0.39524 0.839564103125 0.40136000000000005 0.839564103125 0.40596 0.842025640625 0.41285999999999995 0.844 0.42012 0.840564103125 0.42548 0.8371282046875 0.43045999999999995 0.8366410249999999 0.43582 0.8371282046875 0.43926 0.8346666671875 0.45266 0.8238717953125001 0.45533999999999997 0.8189487171875 0.45763999999999994 0.8145384609375 0.45842 0.810615384375 0.45266 0.8037435890625 0.45114 0.798846153125 0.44808000000000003 0.7983333328125 0.43582 0.7998205125 0.43658 0.7958974359375001 0.43352 0.7914615390625 0.42702 0.7914615390625 0.41974 0.796384615625 0.4163 0.7958974359375001 0.41437999999999997 0.7929487171875 0.41323999999999994 0.79 0.4117 0.7851025640625 0.40788 0.7831282046875 0.39984000000000003 0.783615384375 0.39638 0.7777179484375 0.37342 0.7782307687500001 0.37073999999999996 0.7796923078125 0.36844 0.7816666671875 0.37724 0.7875384609375
2 0.5160199999999999 0.9507948718750001 0.51952 0.9504871796875 0.51742 0.9364615390625 0.51276 0.9233076921875 0.50996 0.915846153125 0.50344 0.90658974375 0.49878 0.9029999999999999 0.49318 0.9092820515625 0.49388 0.9112820515625 0.49924 0.928435896875 0.50726 0.934615384375 0.51066 0.9457179484375 0.5160199999999999 0.9507948718750001
2 0.60866 0.8403076921875 0.6099 0.8450256406250001 0.61498 0.85376923125 0.62444 0.8632051281249999 0.6466999999999999 0.8731025640625001 0.65056 0.870846153125 0.65056 0.8677179484374999 0.64634 0.8607435890625 0.63268 0.853564103125 0.61848 0.847025640625 0.62024 0.8459230765625 0.61462 0.8403076921875 0.60866 0.8403076921875
2 0.4486 0.914846153125 0.44694 0.8779487171874999 0.43983999999999995 0.8656410250000001 0.43734 0.8704615390624999 0.44109999999999994 0.9223333328125 0.44192 0.9260769234374999 0.44776 0.920205128125 0.4486 0.914846153125
2 0.5655 0.8563333328124999 0.5706800000000001 0.8531025640625 0.56532 0.8501025640625001 0.55932 0.8438974359375001 0.5553 0.8398205125 0.55596 0.83876923125 0.54878 0.8321282046875 0.5274 0.81776923125 0.51486 0.812205128125 0.51086 0.812205128125 0.5080199999999999 0.8173333328125001 0.51002 0.8201282046875 0.5170399999999999 0.8252564109374999 0.53208 0.8355384609375 0.5501199999999999 0.8438974359375001 0.55396 0.8501025640625001 0.55898 0.8556666671875 0.5655 0.8563333328124999
2 0.58502 0.9130512828124999 0.6150599999999999 0.9212564109375 0.6264000000000001 0.9256666671874999 0.61852 0.908 0.63872 0.904846153125 0.64954 0.8978974359375 0.62344 0.8827435890625001 0.5889599999999999 0.8663076921874999 0.62492 0.87641025625 0.6352599999999999 0.872615384375 0.6589 0.8707179484375001 0.66384 0.8618974359375 0.6613800000000001 0.85241025625 0.64954 0.836 0.63082 0.8151538468749999 0.58748 0.7905128203125 0.58502 0.788 0.5800799999999999 0.8934615390625 0.58156 0.931358975 0.59338 0.928205128125 0.58502 0.9130512828124999
2 0.46486 0.9081282046875 0.44795999999999997 0.890205128125 0.43788 0.8910512828125 0.43854 0.8806410250000001 0.42878 0.8850128203125 0.42716000000000004 0.8689487171874999 0.41773999999999994 0.8702051281250001 0.41967999999999994 0.878974359375 0.46714 0.915641025 0.46486 0.9081282046875
2 0.48188000000000003 0.925846153125 0.48007999999999995 0.9128205125 0.47619999999999996 0.8982307687500001 0.46424000000000004 0.8836666671875 0.44958 0.881358975 0.44958 0.8825128203125001 0.46124 0.89976923125 0.4726 0.9254615390625001 0.472 0.92623076875 0.47709999999999997 0.930435896875 0.48188000000000003 0.925846153125
2 0.5700000000000001 0.8863333328125 0.56752 0.8599487171875 0.55928 0.8599487171875 0.5595600000000001 0.8613589749999999 0.55846 0.8659230765625001 0.55298 0.8694615390625 0.55132 0.8754358968749999 0.54638 0.8793076921875 0.5453 0.8810769234375 0.55132 0.88423076875 0.5700000000000001 0.8863333328125
2 0.22000000000000003 0.597435896875 0.22400000000000003 0.602564103125 0.23220000000000002 0.58923076875 0.23959999999999998 0.5984615390625 0.24 0.602564103125 0.24700000000000003 0.6076923078124999 0.3728 0.764615384375 0.42400000000000004 0.8512820515625 0.42000000000000004 0.85641025625 0.422 0.8717948718749999 0.42800000000000005 0.8717948718749999 0.43600000000000005 0.8794871796875 0.446 0.8782051281250001 0.454 0.8846153843750001 0.45199999999999996 0.8897435890625 0.46399999999999997 0.8846153843750001 0.48 0.9051282046875 0.48 0.9102564109375001 0.488 0.915384615625 0.492 0.9128205125 0.49400000000000005 0.9179487171874999 0.49400000000000005 0.9102564109375001 0.49800000000000005 0.9051282046875 0.502 0.9076923078125001 0.502 0.9 0.496 0.8871794875000001 0.48600000000000004 0.8871794875000001 0.47000000000000003 0.8769230765625 0.454 0.85641025625 0.46399999999999997 0.8478632484374999 0.4528 0.835384615625 0.46319999999999995 0.8338461531249999 0.47400000000000003 0.8393162390625 0.484 0.83076923125 0.4944 0.8292307687499999 0.496 0.825641025 0.5048 0.8276923078125 0.5152 0.826153846875 0.548 0.8589743593750001 0.55 0.8692307687499999 0.5559999999999999 0.8692307687499999 0.5599999999999999 0.85641025625 0.572 0.8487179484375 0.5740000000000001 0.825641025 0.568 0.8179487171875 0.54 0.8179487171875 0.536 0.8230769234374999 0.5256000000000001 0.8246153843749999 0.49400000000000005 0.8179487171875 0.48600000000000004 0.8179487171875 0.48200000000000004 0.8230769234374999 0.48200000000000004 0.83076923125 0.47359999999999997 0.8323076921875 0.466 0.83076923125 0.466 0.825641025 0.45999999999999996 0.8179487171875 0.45599999999999996 0.8179487171875 0.434 0.8512820515625 0.43200000000000005 0.8384615390624999 0.3802 0.7738461531249999 0.312 0.597435896875 0.318 0.5871794875 0.318 0.5769230765625 0.312 0.5666666671875 0.25 0.5666666671875 0.246 0.5615384609375 0.22200000000000003 0.5615384609375 0.21739999999999998 0.57076923125 0.21000000000000002 0.5615384609375 0.20400000000000001 0.56923076875 0.20400000000000001 0.5897435890625 0.21000000000000002 0.597435896875 0.22000000000000003 0.597435896875