2 0.793890625 0.3808125 0.798453125 0.3573958328125 0.79584375 0.3417916671875 0.77828125 0.3244375 0.7600781249999999 0.31925 0.741859375 0.3244375 0.737953125 0.3383125 0.7373125 0.3383125 0.739265625 0.3669375 0.7535624999999999 0.3860208328125 0.769171875 0.3912291671875 0.793890625 0.3808125
2 0.40201562500000004 0.18495833281250001 0.412140625 0.2220625 0.419734375 0.2254375 0.448828125 0.21531250000000002 0.448828125 0.15120833281249998 0.40454687500000003 0.1495208328125 0.40201562500000004 0.18495833281250001
2 0.715734375 0.8555624999999999 0.693625 0.8308125000000001 0.672296875 0.8434375 0.660453125 0.8908333328125 0.676640625 0.9092499999999999 0.6908593749999999 0.9103125000000001 0.701125 0.8976666671875 0.7173125 0.8792500000000001 0.715734375 0.8555624999999999
2 0.35739062499999996 0.9216041671875 0.376765625 0.9145625000000001 0.396125 0.8793333328124999 0.3855625 0.8558749999999999 0.3644375 0.8277083328125 0.33803125 0.8394375000000001 0.32746875000000003 0.8605625 0.330984375 0.8863749999999999 0.32921875 0.8957708328124999 0.341546875 0.9098541671874999 0.35739062499999996 0.9216041671875
2 0.6139218750000001 0.7693958328125 0.616484375 0.7767916671874999 0.61690625 0.7967291671875001 0.61946875 0.8274791671875 0.6275937500000001 0.8286250000000001 0.636984375 0.8109583328125 0.6416875 0.8092499999999999 0.6570625 0.7961666671875001 0.65278125 0.77225 0.63528125 0.7653958328125 0.6263124999999999 0.7597083328124999 0.64253125 0.7471875 0.63228125 0.7386458328125001 0.625875 0.7283958328125 0.615625 0.7266874999999999 0.6006875 0.72725 0.5882968749999999 0.7335208328125 0.58659375 0.7500208328125 0.5904375 0.7636875 0.5904375 0.7659791671875 0.59940625 0.76825 0.6139218750000001 0.7693958328125
2 0.555125 0.7150833328124999 0.555125 0.6898541671875 0.539046875 0.6696875 0.520125 0.6734791671875 0.514453125 0.692375 0.5191874999999999 0.692375 0.545671875 0.7138125 0.555125 0.7150833328124999
2 0.30334374999999997 0.3983958328125 0.31665625 0.4183958328125 0.32 0.40062499999999995 0.339984375 0.3872916671875 0.354140625 0.41172916718749997 0.360796875 0.4095 0.35164062500000004 0.3684166671875 0.365796875 0.3739791671875 0.38078124999999996 0.3750833328125 0.39660937500000004 0.3639791671875 0.40660937500000005 0.3706458328125 0.42909375 0.35954166718749997 0.434921875 0.33399999999999996 0.42076562500000003 0.3073541671875 0.40326562499999996 0.305125 0.3949375 0.324 0.386625 0.3206666671875 0.36996875 0.3184583328125 0.354140625 0.2984583328125 0.329984375 0.28958333281250004 0.313328125 0.2929166671875 0.30334374999999997 0.27625 0.29167187499999997 0.27737500000000004 0.27668750000000003 0.3073541671875 0.26253125 0.3106875 0.251703125 0.3284375 0.26170312500000004 0.3517708328125 0.25753125 0.37174999999999997 0.26503125 0.38064583281250003 0.2691875 0.3995208328125 0.27335937499999996 0.4050625 0.287515625 0.4028541671875 0.30334374999999997 0.3983958328125
2 0.427015625 0.3019166671875 0.4326875 0.3109375 0.43484375000000003 0.3224583328125 0.44457812499999994 0.33147916718750003 0.4543125 0.3336458328125 0.463515625 0.324625 0.46784375 0.3134583328125 0.47162499999999996 0.3019166671875 0.4724375 0.3004791671875 0.47378125000000004 0.2932708328125 0.47270312499999995 0.28820833281249997 0.46945312499999997 0.2856875 0.466484375 0.28460416718750003 0.46134375 0.2817291671875 0.45999999999999996 0.2741458328125 0.45296875 0.2752291671875 0.451609375 0.2849791671875 0.44701562499999997 0.2975833328125 0.423765625 0.29470833281250003 0.422953125 0.29435416718749996 0.42350000000000004 0.3008333328125 0.427015625 0.3019166671875
2 0.440125 0.26008333281249996 0.450296875 0.2646041671875 0.45562500000000006 0.2697708328125 0.460453125 0.2762291671875 0.46820312499999994 0.28591666718750003 0.481265625 0.29041666718750003 0.48562500000000003 0.2665416671875 0.493859375 0.22331249999999997 0.46578125000000004 0.2226666671875 0.46578125000000004 0.2110416671875 0.451265625 0.20652083281250003 0.44642187499999997 0.21556250000000002 0.430453125 0.2304166671875 0.423671875 0.24395833281249998 0.428515625 0.2504166671875 0.440125 0.26008333281249996
2 0.659828125 0.1912083328125 0.651765625 0.19708333281249998 0.646625 0.20979166718750003 0.641484375 0.21175000000000002 0.6253437500000001 0.2264166671875 0.618015625 0.23522916718750003 0.6158125 0.250875 0.62975 0.2626041671875 0.630484375 0.2802291671875 0.63709375 0.2939166671875 0.6480937499999999 0.3007708328125 0.6583593750000001 0.3027083328125 0.661296875 0.2919583328125 0.670828125 0.2919583328125 0.6745 0.3076041671875 0.68184375 0.30662500000000004 0.684765625 0.2997916671875 0.68184375 0.2812083328125 0.676703125 0.2802291671875 0.681109375 0.2684791671875 0.701640625 0.2606666671875 0.701640625 0.2518541671875 0.68696875 0.24304166718750003 0.6855 0.2234791671875 0.689171875 0.2029375 0.684765625 0.20391666718749998 0.678171875 0.1990416671875 0.659828125 0.1912083328125
2 0.503140625 0.24325000000000002 0.5261875 0.2481458328125 0.536328125 0.22112500000000002 0.5225 0.2014583328125 0.515125 0.1941041671875 0.49117187500000004 0.2223541671875 0.503140625 0.24325000000000002
2 0.51234375 0.1948125 0.533765625 0.2155833328125 0.5649375 0.1896041671875 0.56103125 0.17922916718749998 0.545453125 0.1558541671875 0.51234375 0.1948125
2 0.73640625 0.36104166718749997 0.73640625 0.3340833328125 0.7187187500000001 0.3206041671875 0.703546875 0.31385416718750003 0.692171875 0.3374583328125 0.709859375 0.3593541671875 0.731359375 0.37283333281250003 0.73640625 0.36104166718749997
2 0.1546875 0.61875 0.165625 0.63125 0.1875 0.63125 0.1890625 0.6625 0.2 0.68125 0.2046875 0.6854166671875 0.2203125 0.6854166671875 0.2375 0.6708333328125 0.24375 0.675 0.25625 0.675 0.2609375 0.66875 0.265625 0.66875 0.271875 0.6770833328125 0.290625 0.675 0.303125 0.7104166671875001 0.2984375 0.7166666671875 0.300334821875 0.7232142859375 0.278125 0.7458333328125 0.2765625 0.75625 0.26875 0.7666666671875 0.26875 0.7791666671875 0.275 0.7854166671875 0.28125 0.80625 0.2875 0.8145833328125001 0.290625 0.8145833328125001 0.284375 0.8625 0.2734375 0.8625 0.2671875 0.8729166671874999 0.2609375 0.8729166671874999 0.25625 0.8791666671874999 0.25625 0.8916666671875 0.2609375 0.8979166671875 0.26875 0.8979166671875 0.2765625 0.9125 0.296875 0.91875 0.3328125 0.94375 0.35625 0.9479166671874999 0.3609375 0.9395833328125001 0.359375 0.9270833328125001 0.33125 0.9 0.3203125 0.8833333328125 0.3270833328125 0.8722222234375 0.409375 0.8875 0.409375 0.9 0.4140625 0.90625 0.41875 0.93125 0.43125 0.9458333328125 0.446875 0.9458333328125 0.4515625 0.9375 0.45625 0.94375 0.465625 0.94375 0.4765625 0.9208333328125 0.4796875 0.9020833328125001 0.509375 0.9041666671874999 0.5375 0.9458333328125 0.528125 0.9604166671875 0.528125 0.975 0.5328125 0.98125 0.546875 0.9791666671874999 0.5515625 0.9854166671875 0.5859375 0.9833333328125 0.590625 0.975 0.590625 0.9604166671875 0.5875 0.9541666671875 0.59375 0.9458333328125 0.5984375 0.9520833328125 0.609375 0.9520833328125 0.6140625 0.94375 0.6296875 0.9416666671874999 0.634375 0.9333333328125001 0.634375 0.9208333328125 0.640625 0.9166666671874999 0.6515625 0.9166666671874999 0.6546875 0.9270833328125001 0.65 0.9333333328125001 0.65 0.9458333328125 0.6546875 0.9520833328125 0.7 0.9520833328125 0.7078125 0.94375 0.7171875 0.9395833328125001 0.7234375 0.93125 0.725 0.9166666671874999 0.71875 0.9083333328125001 0.7125 0.8875 0.6921875 0.9104166671874999 0.678125 0.9104166671874999 0.675 0.9145833328125 0.666796875 0.9010416671874999 0.7078125 0.8166666671874999 0.7171875 0.8166666671874999 0.7234375 0.8083333328125001 0.740625 0.8104166671874999 0.7453125 0.8083333328125001 0.75 0.8 0.7484375 0.7854166671875 0.7453125 0.78125 0.7390625 0.78125 0.7359375 0.7708333328125 0.7359375 0.75625 0.7421875 0.74375 0.7390625 0.7083333328125 0.7796875 0.6791666671875001 0.784375 0.6854166671875 0.7875 0.6854166671875 0.790625 0.73125 0.7984375 0.7395833328125 0.8078125 0.7395833328125 0.8140625 0.73125 0.8203125 0.73125 0.8234375 0.7270833328124999 0.83125 0.725 0.8390625 0.7166666671875 0.84375 0.70625 0.84375 0.6875 0.8375 0.6666666671875 0.840625 0.6541666671875 0.840625 0.6145833328125 0.834375 0.6041666671875 0.8234375 0.6041666671875 0.825 0.5854166671875001 0.81875 0.5729166671875 0.8140625 0.5541666671875001 0.85 0.5375 0.8546875 0.54375 0.8796875 0.5479166671875 0.884375 0.5395833328124999 0.884375 0.53125 0.878125 0.5208333328125 0.871875 0.51875 0.875 0.50625 0.8734375 0.4895833328125 0.8703125 0.48541666718750004 0.8609375 0.48541666718750004 0.853125 0.49791666718750005 0.816015625 0.39895833281250004 0.8171875 0.3916666671875 0.8234375 0.38333333281250004 0.821875 0.3479166671875 0.8140625 0.3395833328125 0.80390625 0.3395833328125 0.7974609375 0.3494791671875 0.79375 0.3395833328125 0.67942073125 0.37921747968749997 0.6734375 0.36666666718749996 0.6671875 0.36666666718749996 0.6625 0.3604166671875 0.6625 0.3541666671875 0.66875 0.34375 0.6671875 0.3291666671875 0.65625 0.31875 0.64375 0.32083333281250004 0.6375 0.3083333328125 0.6171875 0.30416666718749996 0.6125 0.2979166671875 0.6135416671875 0.2951388890625 0.6046875 0.2645833328125 0.615625 0.25 0.6171875 0.2375 0.6125 0.22916666718749998 0.58125 0.23333333281250002 0.5671875 0.2481770828125 0.54375 0.23958333281250002 0.5375 0.2520833328125 0.5265625 0.2479166671875 0.5359375 0.2208333328125 0.54375 0.21875 0.540625 0.2125 0.534375 0.2166666671875 0.5 0.2125 0.5 0.20416666718749998 0.4953125 0.19583333281249998 0.478125 0.19583333281249998 0.4625 0.1770833328125 0.453125 0.1770833328125 0.45 0.18125 0.45 0.2 0.453125 0.20416666718749998 0.465625 0.2125 0.4671875 0.21875 0.4953125 0.21875 0.49955357187500005 0.22619047656250002 0.4984375 0.28125 0.484375 0.28125 0.4765625 0.2858333328125 0.4765625 0.28958333281250004 0.46875 0.2866666671875 0.421875 0.2916666671875 0.421875 0.27291666718749996 0.4171875 0.2645833328125 0.4078125 0.2645833328125 0.3953125 0.24583333281250003 0.384375 0.2375 0.3609375 0.2375 0.35625 0.24375 0.35625 0.25625 0.378125 0.28125 0.384375 0.2833333328125 0.3900799421875 0.2939922484375 0.23125 0.5 0.2203125 0.5 0.215625 0.50625 0.2178415703125 0.51637596875 0.20635901093750003 0.53120155 0.2144817078125 0.5403963421875 0.20685975625 0.54303861875 0.203125 0.5416666671875 0.2006177328125 0.5386143421875 0.2015625 0.54375 0.1984375 0.5479166671875 0.194876453125 0.54602713125 0.1953125 0.55 0.191615853125 0.5483231703125 0.1921875 0.5541666671875001 0.184375 0.55 0.17637195156250002 0.5536077234375 0.1734375 0.55 0.16875 0.55625 0.16796875 0.5697916671875001 0.1719113375 0.57567829375 0.1546875 0.5979166671875 0.1546875 0.61875