3 0.49884000000000006 0.59676470625 0.46942000000000006 0.591352940625 0.45838 0.6151764703125 0.46646 0.6389705875 0.46352000000000004 0.6714117640625 0.465 0.6714117640625 0.46719999999999995 0.694117646875 0.47236 0.694117646875 0.49736 0.6800588234375 0.5105999999999999 0.6768235296875 0.53562 0.6725 0.53708 0.6584411765625 0.54002 0.647617646875 0.5238400000000001 0.6487058828125 0.53266 0.6238235296875 0.53562 0.5957058828124999 0.51502 0.594617646875 0.49884000000000006 0.59676470625
3 0.19678 0.7318235296875 0.20198 0.736617646875 0.22671999999999998 0.6992647062499999 0.22022 0.7318235296875 0.21762 0.7414117640625 0.23584 0.7385294124999999 0.24430000000000002 0.7299117640625 0.26058 0.703117646875 0.26383999999999996 0.6945 0.26122 0.6743823531250001 0.25668 0.658117646875 0.24886 0.6495 0.22998 0.6456764703125 0.20654 0.6562058828125 0.19092 0.6734411765625 0.18702000000000002 0.707882353125 0.19678 0.7318235296875
3 0.771 0.6877647062500001 0.7768200000000001 0.6904411765625 0.7841 0.681352940625 0.791 0.6727941171875 0.79718 0.673852940625 0.80046 0.6690588234375 0.80046 0.6610294125 0.80046 0.6524705875000001 0.79756 0.6407058828125 0.79136 0.6375 0.77864 0.63323529375 0.76628 0.6423235296875001 0.76228 0.6503235296875001 0.76228 0.6524705875000001 0.76774 0.66423529375 0.771 0.6877647062500001
3 0.53662 0.873 0.53976 0.8828529406250001 0.5402 0.8855000000000001 0.55006 0.89076470625 0.56438 0.8808823531250001 0.57064 0.8808823531250001 0.57334 0.8901176468750001 0.5711 0.8940588234375 0.57198 0.9045882359374999 0.5787 0.9019705874999999 0.5840799999999999 0.9019705874999999 0.59304 0.90523529375 0.5997399999999999 0.90723529375 0.6011 0.9045882359374999 0.6028800000000001 0.8960294125000001 0.60512 0.8901176468750001 0.60736 0.8795588234375 0.60826 0.8670588234375 0.60646 0.8565294124999999 0.6011 0.8420294125 0.589 0.8262352937499999 0.56752 0.819 0.54378 0.8380882359375 0.53886 0.8565294124999999 0.53842 0.8591470593749999 0.53706 0.8690294125 0.53662 0.873
3 0.48592 0.8291470593750001 0.48478000000000004 0.8604117640625001 0.49512 0.8832058828125 0.5158 0.878147059375 0.53246 0.8705294125 0.54396 0.8553235296875 0.54568 0.83926470625 0.54338 0.8198235296874999 0.53706 0.8029411765625 0.53074 0.7945 0.51752 0.793647059375 0.50144 0.7970294124999999 0.49454000000000004 0.8037941171874999 0.48592 0.8291470593750001
3 0.36756 0.884882353125 0.36536 0.9010588234375 0.35985999999999996 0.9164117640624999 0.34666 0.9244999999999999 0.33238 0.8986470593749999 0.33072 0.8792352937500001 0.31204 0.8929705875 0.30874 0.90026470625 0.30928 0.9220882359375 0.32028 0.9301764703125001 0.33952 0.9342058828124999 0.37526000000000004 0.9374411765625 0.38405999999999996 0.9099411765625 0.37636 0.8727647062500001 0.36646 0.8590294125 0.36646 0.860647059375 0.36372 0.860647059375 0.36756 0.884882353125
3 0.26298 0.7949705875 0.27105999999999997 0.7971764703125 0.28064 0.8083235296875 0.29074 0.8068235296875 0.2988 0.79126470625 0.29528 0.7867941171874999 0.28769999999999996 0.7830882359375 0.28064 0.7771470593750001 0.28216 0.7645294125000001 0.2978 0.732617646875 0.3084 0.7222352937500001 0.30535999999999996 0.7162941171874999 0.2993 0.7096176468750001 0.28418 0.6999705875 0.2771 0.7014705875 0.26196 0.7036764703125 0.25085999999999997 0.7155588234375 0.24178000000000002 0.7445 0.24028 0.7652941171875 0.24481999999999998 0.7675 0.2549 0.7704705875 0.26298 0.7949705875
3 0.5865199999999999 0.825352940625 0.59924 0.8388235296875 0.60432 0.8485588234374999 0.6094 0.868 0.61448 0.8664999999999999 0.61958 0.8560294125000001 0.61958 0.8425588234375001 0.62008 0.8298529406249999 0.61448 0.817882353125 0.60838 0.8036764703125 0.59822 0.7999411765625 0.5789 0.8021764703125 0.57024 0.8134117640625 0.56872 0.817147059375 0.5743199999999999 0.8208823531249999 0.5865199999999999 0.825352940625
3 0.35492 0.661382353125 0.35137999999999997 0.6555882359375 0.34782 0.6474705875 0.33798 0.63876470625 0.31906 0.6370294125 0.30486 0.6492058828125 0.29856 0.6671764703124999 0.29856 0.6955882359375 0.30722 0.7135588234375 0.3226 0.719352940625 0.3368 0.7065882359375 0.35728 0.6735588234375001 0.35728 0.6700882359375 0.35492 0.661382353125
3 0.04512 0.727352940625 0.04782 0.748647059375 0.05688 0.776617646875 0.07318 0.7859411765625001 0.11304 0.7672941171875001 0.11574 0.7619705875 0.11666000000000001 0.748647059375 0.12752 0.7433235296875 0.1248 0.73 0.12208000000000001 0.7246764703124999 0.12028000000000001 0.715352940625 0.11304 0.7060294125000001 0.10669999999999999 0.6993823531250001 0.08858 0.6953823531250001 0.07046 0.6927058828125 0.06504 0.6953823531250001 0.050539999999999995 0.7100294125 0.04512 0.727352940625
3 0.09524 0.8826764703125001 0.09215999999999999 0.89173529375 0.08368 0.9030588234374999 0.07830000000000001 0.9279999999999999 0.08678 0.9552058828125001 0.0968 0.9812941171875 0.10758000000000001 0.99376470625 0.13534 0.9914705875 0.15074 0.9574705874999999 0.15768 0.939352940625 0.15538000000000002 0.9291470593750001 0.14304 0.8894705875 0.12608 0.8826764703125001 0.10604 0.8804117640625 0.09524 0.8826764703125001
3 0.06114000000000001 0.8575294124999999 0.07248 0.8625 0.08076 0.867 0.08596000000000001 0.8656470593750001 0.0927 0.86023529375 0.09332 0.8390588234375 0.09178 0.8314117640625 0.08658 0.8277941171875 0.0786 0.826 0.06820000000000001 0.8269117640625 0.05502 0.8332058828125 0.046439999999999995 0.8440294125 0.0495 0.845382353125 0.05164 0.8471764703125 0.06114000000000001 0.8575294124999999
3 0.9282999999999999 0.83923529375 0.9437599999999999 0.8438529406249999 0.9599 0.8402647062499999 0.9665800000000001 0.8263235296874999 0.9693799999999999 0.8020588234374999 0.96832 0.7777941171875 0.95884 0.76023529375 0.9448000000000001 0.7550588234375 0.93076 0.7586764703125 0.91462 0.7834705875 0.9103999999999999 0.8061764703125001 0.91532 0.819617646875 0.9282999999999999 0.83923529375
3 0.6519999999999999 1 0.654 0.982352940625 0.662 0.9764705875 0.666 0.955882353125 0.73 0.9588235296875001 0.746 0.9705882359375 0.772 0.9764705875 0.8539999999999999 0.9764705875 0.89 0.9911764703125 0.932 0.9911764703125 0.942 0.9794117640625 0.9480000000000001 0.9794117640625 0.958 0.96176470625 0.966 0.955882353125 0.9880000000000001 0.9529411765625 0.998 0.9470588234375 0.998 0.9 0.962 0.83823529375 0.966 0.8294117640625001 0.9720000000000001 0.7911764703124999 0.958 0.7617647062499999 0.99 0.7 0.998 0.7 0.992 0.6970588234374999 0.986 0.682352940625 0.978 0.6735294125 0.9560000000000001 0.6794117640625 0.93 0.6764705875 0.922 0.682352940625 0.8859999999999999 0.6794117640625 0.8720000000000001 0.6852941171875 0.8619999999999999 0.6705882359374999 0.852 0.6735294125 0.852 0.6235294125 0.8320000000000001 0.6058823531249999 0.8220000000000001 0.6088235296875 0.818 0.58823529375 0.8119999999999999 0.5764705875 0.792 0.5764705875 0.796 0.567647059375 0.792 0.5 0.78 0.48235294062499995 0.772 0.48235294062499995 0.766 0.48823529375 0.752 0.4852941171875 0.736 0.49705882343749996 0.732 0.505882353125 0.728 0.517647059375 0.728 0.5529411765625001 0.732 0.5705882359375 0.738 0.5794117640625001 0.732 0.594117646875 0.724 0.5911764703125 0.708 0.6058823531249999 0.6900000000000001 0.6058823531249999 0.6839999999999999 0.6 0.646 0.5911764703125 0.632 0.5970588234374999 0.628 0.6058823531249999 0.608 0.5911764703125 0.55 0.594117646875 0.536 0.6088235296875 0.526 0.6441176468750001 0.526 0.65 0.538 0.65 0.534 0.6735294125 0.53 0.6735294125 0.526 0.682352940625 0.502 0.6794117640625 0.476 0.694117646875 0.46799999999999997 0.694117646875 0.46399999999999997 0.6735294125 0.466 0.63823529375 0.45999999999999996 0.6205882359375 0.46399999999999997 0.6 0.45599999999999996 0.5970588234374999 0.446 0.5852941171875 0.414 0.594117646875 0.41 0.5764705875 0.40199999999999997 0.567647059375 0.39 0.5735294125 0.386 0.594117646875 0.382 0.5970588234374999 0.284 0.594117646875 0.27599999999999997 0.6 0.27 0.6147058828125 0.264 0.6058823531249999 0.26 0.6058823531249999 0.238 0.5735294125 0.20800000000000002 0.5735294125 0.202 0.56176470625 0.148 0.5647058828125 0.134 0.5735294125 0.126 0.5735294125 0.118 0.582352940625 0.098 0.5852941171875 0.09 0.594117646875 0.064 0.6 0.05 0.61176470625 0.028000000000000004 0.61176470625 0.016 0.594117646875 0.002 0.594117646875 0.002 0.6911764703125 0.006 0.694117646875 0.002 0.7588235296875 0.04 0.817647059375 0.036 0.8352941171875001 0.002 0.83823529375 0.002 0.8764705875000001 0.024 0.8764705875000001 0.034 0.8911764703125 0.03 0.9147058828124999 0.02 0.9264705875000001 0.022 0.982352940625 0.032 0.9941176468749999 0.04 0.9911764703125 0.046 0.9794117640625 0.046 0.9676470593750001 0.05 0.9676470593750001 0.072 0.9882352937500001 0.08399999999999999 0.9911764703125 0.088 0.9970588234375001 0.182 1 0.186 0.9911764703125 0.198 0.9882352937500001 0.21000000000000002 0.9647058828124999 0.21400000000000002 0.9705882359375 0.238 0.982352940625 0.274 0.982352940625 0.27999999999999997 0.9911764703125 0.356 0.9882352937500001 0.386 1 0.6519999999999999 1