2 0.68762 0.5980000000000001 0.7274200000000001 0.60108 0.73892 0.6026 0.74962 0.58346 0.7458 0.54826 0.74428 0.54748 0.7236 0.54748 0.70294 0.55284 0.6616 0.5582 0.65854 0.5582 0.6593 0.58958 0.68762 0.5980000000000001
2 0.73412 0.19763999999999998 0.6847000000000001 0.13882 0.6682400000000001 0.13648 0.65882 0.15764 0.65882 0.17882 0.67058 0.19058 0.7152999999999999 0.21412 0.7529399999999999 0.22824 0.76942 0.24 0.76942 0.21412 0.73412 0.19763999999999998
2 0.8977600000000001 0.17021999999999998 0.87582 0.15504 0.86402 0.15336 0.8572599999999999 0.15504 0.8539 0.16177999999999998 0.84884 0.1719 0.8471399999999999 0.1601 0.86234 0.29844 0.87246 0.30686 0.891 0.23938 0.8977600000000001 0.17021999999999998
2 0.64706 0.08666 0.69176 0.0796 0.72 0.07254000000000001 0.7411800000000001 0.0702 0.77882 0.06314 0.7953 0.053720000000000004 0.7623599999999999 0.04432 0.7623599999999999 0.04666 0.68706 0.04432 0.64942 0.0349 0.61882 0.0396 0.6164799999999999 0.06078 0.61412 0.07726 0.62588 0.08902 0.64706 0.08666
2 0.27692 0.7746999999999999 0.28348 0.78126 0.29128 0.78208 0.29906 0.78208 0.30892 0.78002 0.31384 0.76978 0.29988000000000004 0.76444 0.2925 0.75706 0.29128 0.7447600000000001 0.29374 0.7369600000000001 0.28964 0.7381800000000001 0.28142 0.7468 0.2765 0.75582 0.27446000000000004 0.76732 0.27692 0.7746999999999999
2 0.27918 0.21427999999999997 0.25744 0.22974 0.20822 0.28294 0.21280000000000002 0.29896 0.22768000000000002 0.3024 0.2706 0.29152 0.30206 0.27436 0.32266 0.2572 0.32152 0.21600000000000003 0.31866 0.21027999999999997 0.30606 0.21142 0.27918 0.21427999999999997
2 0.73856 0.152 0.74428 0.18575999999999998 0.74886 0.2052 0.76318 0.22122000000000003 0.76718 0.22122000000000003 0.77118 0.22008 0.7729 0.21836000000000003 0.7729 0.21436000000000002 0.7729 0.2012 0.77632 0.17546 0.77518 0.15258 0.7689 0.13656 0.7471599999999999 0.13884000000000002 0.73856 0.152
2 0.75566 0.51476 0.75268 0.5291 0.7583599999999999 0.5399200000000001 0.76594 0.55644 0.77326 0.55454 0.77406 0.53884 0.77054 0.5034 0.76432 0.4774 0.7489 0.48012 0.7399600000000001 0.4885 0.74078 0.48796 0.7461800000000001 0.50014 0.75566 0.51476
2 0.1563 0.22832 0.14772000000000002 0.24548 0.146 0.25522 0.15802 0.2615 0.19119999999999998 0.24378000000000002 0.20952 0.23462 0.21866 0.21974 0.20552 0.21402000000000002 0.19463999999999998 0.19628 0.1872 0.198 0.1729 0.21116000000000001 0.1563 0.22832
2 0.28026 0.8054600000000001 0.26962 0.8029 0.25556 0.80844 0.24578000000000003 0.8156800000000001 0.2428 0.83568 0.24322 0.83398 0.27814 0.85272 0.29474 0.8352600000000001 0.29047999999999996 0.81226 0.28026 0.8054600000000001
2 0.25983999999999996 0.20986 0.26878 0.2133 0.27564 0.21467999999999998 0.28043999999999997 0.20918 0.28043999999999997 0.19958 0.28112 0.17554 0.28112 0.15838000000000002 0.28112 0.14945999999999998 0.27976 0.14121999999999998 0.27564 0.13506 0.27082 0.133 0.25848 0.13368 0.25092 0.13435999999999998 0.24611999999999998 0.13712 0.24131999999999998 0.14328000000000002 0.23994 0.14534 0.23856000000000002 0.15016000000000002 0.23445999999999997 0.15702 0.23788 0.17212 0.242 0.18104 0.25983999999999996 0.20986
2 0.72862 0.40713999999999995 0.7174400000000001 0.41086 0.71444 0.41757999999999995 0.7122200000000001 0.45114 0.69878 0.4683 0.70774 0.43920000000000003 0.6965399999999999 0.42354 0.6794 0.4213 0.66672 0.42728 0.6622399999999999 0.4586 0.66372 0.55632 0.6756599999999999 0.55706 0.67194 0.5473600000000001 0.68536 0.55408 0.73236 0.5443800000000001 0.751 0.5391600000000001 0.75622 0.51454 0.74056 0.49142 0.72862 0.47576 0.73682 0.45786 0.74354 0.4422 0.74578 0.41832 0.74726 0.41981999999999997 0.74428 0.41608 0.72862 0.40713999999999995
2 0.076 0.8400000000000001 0.10600000000000001 0.8539999999999999 0.10600000000000001 0.882 0.08 0.8859999999999999 0.08399999999999999 0.924 0.09 0.93 0.184 0.932 0.194 0.924 0.21400000000000002 0.8960000000000001 0.238 0.8800000000000001 0.24 0.8560000000000001 0.248 0.8539999999999999 0.258 0.86 0.268 0.86 0.27999999999999997 0.8779999999999999 0.29 0.8779999999999999 0.29 0.882 0.27799999999999997 0.8939999999999999 0.27999999999999997 0.908 0.284 0.9119999999999999 0.306 0.9119999999999999 0.304 0.93 0.31 0.9359999999999999 0.318 0.9359999999999999 0.32599999999999996 0.9460000000000001 0.33799999999999997 0.9460000000000001 0.352 0.93 0.366 0.9039999999999999 0.378 0.8939999999999999 0.388 0.876 0.4 0.8640000000000001 0.40800000000000003 0.8380000000000001 0.40800000000000003 0.8140000000000001 0.3874074078125 0.77444444375 0.38903703749999996 0.764222221875 0.386 0.758 0.390666665625 0.754 0.4183703703125 0.5802222218749999 0.41600000000000004 0.568 0.504 0.576 0.518 0.584 0.606 0.584 0.628 0.572 0.64 0.5519999999999999 0.646 0.53 0.6559999999999999 0.53 0.662 0.522 0.662 0.514 0.6559999999999999 0.506 0.648 0.506 0.642 0.502 0.632 0.504 0.512 0.5 0.504 0.488 0.44000000000000006 0.488 0.41600000000000004 0.504 0.40800000000000003 0.518 0.4002553203125 0.5495319140625 0.2331489359375 0.68089361875 0.23399999999999999 0.6900000000000001 0.22519149062500002 0.6871489359375 0.22599999999999998 0.692 0.21800000000000003 0.692 0.20600000000000002 0.7 0.186 0.702 0.16599999999999998 0.71 0.144 0.712 0.128 0.72 0.122 0.726 0.11200000000000002 0.75 0.098 0.762 0.086 0.788 0.08 0.794 0.0819574453125 0.7997446796875 0.078 0.8 0.074 0.806 0.076 0.8400000000000001