0 0.348883928125 0.64303125 0.352209821875 0.641234375 0.353727678125 0.638203125 0.354508928125 0.633203125 0.353727678125 0.6308906249999999 0.35296875 0.6260625 0.3491517859375 0.6212500000000001 0.3447991078125 0.6174999999999999 0.33714285781250003 0.614640625 0.3297544640625 0.614640625 0.321071428125 0.616421875 0.3175 0.618390625 0.31265624999999997 0.62 0.3088392859375 0.6224999999999999 0.306540178125 0.624640625 0.3014508921875 0.62803125 0.30093749999999997 0.6310625 0.30272321406249997 0.6328437499999999 0.304508928125 0.6344531250000001 0.3068080359375 0.6398125 0.3124107140625 0.644453125 0.3414955359375 0.645703125 0.34582589218750004 0.644984375 0.348883928125 0.64303125
0 0.2405580359375 0.562046875 0.23299107187499998 0.56734375 0.2350892859375 0.5700000000000001 0.24642857187499997 0.577046875 0.24727678593750002 0.583234375 0.2666071421875 0.585 0.26828124999999997 0.5823437499999999 0.275 0.576171875 0.27375 0.5682343750000001 0.2687053578125 0.56028125 0.2607142859375 0.554703125 0.24180803593750003 0.55528125 0.2422321421875 0.556171875 0.2422321421875 0.559703125 0.2405580359375 0.562046875
0 0.2991517859375 0.645484375 0.30738839218749997 0.6444375 0.30665178593750003 0.6391875 0.3036383921875 0.63340625 0.2983928578125 0.63025 0.2916294640625 0.629203125 0.281875 0.62971875 0.2766294640625 0.63025 0.270625 0.63340625 0.2661383921875 0.63603125 0.2646205359375 0.6423281249999999 0.270625 0.6444375 0.28113839218750003 0.6444375 0.2991517859375 0.645484375
0 0.301272321875 0.563265625 0.305178571875 0.5572812500000001 0.3055357140625 0.5503125 0.30234375 0.5450781250000001 0.297008928125 0.54109375 0.2927232140625 0.537859375 0.2833928578125 0.5369531249999999 0.276584821875 0.5387500000000001 0.27212053593749996 0.541390625 0.2669642859375 0.5446718749999999 0.26437499999999997 0.547625 0.26296875000000003 0.5530468749999999 0.2632142859375 0.557 0.2693080359375 0.5610937500000001 0.271383928125 0.562515625 0.2813392859375 0.5617656249999999 0.288102678125 0.56475 0.294508928125 0.567 0.301272321875 0.563265625
0 0.2529241078125 0.60478125 0.2545982140625 0.60690625 0.2570982140625 0.608265625 0.25875 0.609234375 0.260133928125 0.6105937499999999 0.2570982140625 0.61234375 0.260133928125 0.613703125 0.26375000000000004 0.61603125 0.26484375 0.619921875 0.265959821875 0.62690625 0.26734375 0.6315625 0.2690178578125 0.63096875 0.2756696421875 0.628453125 0.2839732140625 0.6280625 0.2900669640625 0.6280625 0.2961830359375 0.63 0.297834821875 0.628453125 0.30089285781249997 0.624578125 0.300602678125 0.6205 0.2997767859375 0.6154531249999999 0.2983928578125 0.6125468749999999 0.2958928578125 0.608078125 0.2972767859375 0.60653125 0.2983928578125 0.602640625 0.2961830359375 0.598765625 0.29035714218750003 0.5946875 0.2825892859375 0.59178125 0.2742857140625 0.5908125 0.2640178578125 0.590609375 0.257366071875 0.59275 0.254040178125 0.5964375000000001 0.2534821421875 0.601671875 0.2534821421875 0.5995468749999999 0.2529241078125 0.601671875 0.2529241078125 0.60478125
0 0.215625 0.585828125 0.215625 0.589171875 0.21904017812499998 0.58965625 0.22109375 0.5889375 0.2347767859375 0.590609375 0.241272321875 0.590609375 0.24399553593749998 0.58821875 0.2474107140625 0.5843906249999999 0.24707589218749998 0.581046875 0.2460491078125 0.578171875 0.24160714218749998 0.574578125 0.2351116078125 0.5693125 0.22689732187499997 0.5666875 0.21973214218749998 0.5695625 0.217678571875 0.571703125 0.21837053593750003 0.57625 0.215625 0.585828125
0 0.15845982187500002 0.5703750000000001 0.1609375 0.571765625 0.17328125 0.561734375 0.18265625000000002 0.5579375 0.1930357140625 0.554125 0.1876116078125 0.550671875 0.1836607140625 0.54825 0.1742633921875 0.5461875 0.1663616078125 0.546875 0.1599553578125 0.549296875 0.155491071875 0.5520625 0.1525446421875 0.55240625 0.155491071875 0.563125 0.15845982187500002 0.5703750000000001
3 0.475446428125 0.71815625 0.475446428125 0.71828125 0.47493303593749997 0.71946875 0.5009821421875 0.7199375 0.5011383921875 0.71709375 0.4997991078125 0.714140625 0.49828124999999995 0.7122499999999999 0.49607142812499994 0.710234375 0.49473214218750006 0.7088125 0.49421875000000004 0.7089375 0.48558035781250003 0.7086875 0.48169642812499996 0.71 0.47781250000000003 0.713671875 0.475446428125 0.71815625
3 0.4767857140625 0.74315625 0.4687946421875 0.731953125 0.453928571875 0.73115625 0.4379241078125 0.7335625 0.42765624999999996 0.747953125 0.43678571406250005 0.754359375 0.47107142812499997 0.751953125 0.4767857140625 0.75275 0.47906250000000006 0.7415625 0.4767857140625 0.74315625
3 0.4941517859375 0.7038593750000001 0.4880580359375 0.70153125 0.480290178125 0.702109375 0.47890625 0.70365625 0.480290178125 0.71103125 0.4958258921875 0.70890625 0.4958258921875 0.706953125 0.4941517859375 0.7038593750000001
3 0.504241071875 0.721796875 0.5078571421875 0.72221875 0.51625 0.7224375000000001 0.533928571875 0.72221875 0.5366294640625 0.717359375 0.5375446421875 0.715265625 0.5366294640625 0.71253125 0.534241071875 0.7112812500000001 0.5285491078125 0.710015625 0.5198437499999999 0.71021875 0.5156473218750001 0.708328125 0.5102455359375 0.706859375 0.5066517859374999 0.706453125 0.5036607140625 0.706859375 0.50125 0.708328125 0.5003571421874999 0.71190625 0.50125 0.713796875 0.5015625 0.71865625 0.501852678125 0.720328125 0.504241071875 0.721796875
1 0.29948660781249997 0.827921875 0.29488839218749996 0.836953125 0.307790178125 0.83825 0.32437499999999997 0.8434062499999999 0.335446428125 0.833734375 0.3225446421875 0.825984375 0.29948660781249997 0.827921875
1 0.3924107140625 0.8571562500000001 0.38792410781250003 0.881453125 0.4002455359375 0.87596875 0.4002455359375 0.8657812500000001 0.409196428125 0.8567656250000001 0.4254241078125 0.841484375 0.44781250000000006 0.8383593749999999 0.4461383921875 0.827 0.4433482140625 0.8226875 0.434397321875 0.824640625 0.4215178578125 0.82346875 0.414241071875 0.83090625 0.40136160781249997 0.8277812499999999 0.391852678125 0.83365625 0.3890625 0.8328749999999999 0.3868080359375 0.8434531249999999 0.3924107140625 0.8571562500000001
1 0.3336607140625 0.8179062500000001 0.31939732187500003 0.8157500000000001 0.30165178593749997 0.824390625 0.30743303593750004 0.8279062500000001 0.3336607140625 0.8297968750000001 0.3336607140625 0.830328125 0.331741071875 0.83896875 0.33020089218750004 0.8400624999999999 0.3139955359375 0.840859375 0.3047321421875 0.83925 0.30203125000000003 0.8403281249999999 0.285446428125 0.8481562500000001 0.28698660781249996 0.85059375 0.3078125 0.8603125 0.323258928125 0.8721875000000001 0.3321205359375 0.8862343750000001 0.33482142812500004 0.8846093749999999 0.3352008921875 0.8838125 0.340602678125 0.8770625000000001 0.341383928125 0.8754375 0.3452455359375 0.866796875 0.3487053578125 0.85490625 0.3533482140625 0.849234375 0.3568080359375 0.8451875 0.36145089218750004 0.840859375 0.35796875 0.831421875 0.353727678125 0.824390625 0.3336607140625 0.8179062500000001
1 0.2747767859375 0.836375 0.2803571421875 0.828953125 0.2837053578125 0.818 0.2825892859375 0.8086249999999999 0.2680580359375 0.8070625 0.262477678125 0.8105781249999999 0.26973214218749997 0.816828125 0.26359374999999996 0.8336406249999999 0.25689732187500003 0.838328125 0.2652678578125 0.8391093749999999 0.2747767859375 0.836375
1 0.3170982140625 0.25209375 0.2945758921875 0.25209375 0.2945758921875 0.26121875 0.306428571875 0.2570625 0.33015625000000004 0.262875 0.3337053578125 0.25540625 0.3170982140625 0.25209375
1 0.346272321875 0.290375 0.3518303578125 0.29476562500000003 0.3599553578125 0.294515625 0.3758258921875 0.290109375 0.381741071875 0.28184375 0.373616071875 0.27796875 0.3791517859375 0.27253125 0.377678571875 0.26684375 0.3677008921875 0.271765625 0.3588392859375 0.278484375 0.345178571875 0.28054687500000003 0.3447991078125 0.28054687500000003 0.3440625 0.27978125 0.346272321875 0.290375
1 0.1108705359375 0.44076562499999994 0.1049330359375 0.436015625 0.0905133921875 0.437203125 0.0964508921875 0.422359375 0.0871205359375 0.415828125 0.0650669640625 0.415828125 0.059977678125 0.40514062500000003 0.050647321875 0.40514062500000003 0.032834821874999996 0.396828125 0.0260491078125 0.40454687500000003 0.0260491078125 0.414640625 0.02265625 0.43364062499999995 0.0277455359375 0.444921875 0.02859375 0.44848437499999994 0.046406249999999996 0.45382812499999997 0.0676116078125 0.45739062500000005 0.0871205359375 0.455609375 0.101540178125 0.455609375 0.10408482187500001 0.451453125 0.1066294640625 0.446703125 0.1108705359375 0.44076562499999994
0 0.30285714218750004 0.626875 0.31066964218750004 0.621625 0.31848214218750004 0.6185625 0.3278794640625 0.6154843750000001 0.3225669640625 0.610671875 0.3188169640625 0.608921875 0.30848214218750003 0.6073906250000001 0.2969196421875 0.606734375 0.2975446421875 0.608921875 0.3012946421875 0.62446875 0.2969196421875 0.62928125 0.3022321421875 0.63103125 0.30285714218750004 0.626875
0 0.0763616078125 0.39434375 0.08060267812500001 0.393609375 0.08350446406249999 0.392671875 0.08720982187500001 0.391203125 0.08933035781250001 0.38953125 0.0895982140625 0.387296875 0.087477678125 0.38470312500000003 0.086696428125 0.38156249999999997 0.08484375 0.37878124999999996 0.0819196421875 0.377296875 0.07901785781250001 0.376 0.073459821875 0.37507812500000004 0.06683035781249999 0.375265625 0.055446428125 0.37692187499999996 0.0533258921875 0.379890625 0.051473214062499995 0.38415625000000003 0.0506919640625 0.39045312499999996 0.0533258921875 0.39064062499999996 0.059419642187499996 0.38971875 0.063125 0.392671875 0.0660491078125 0.395453125 0.0652455359375 0.396203125 0.070803571875 0.39471875 0.0763616078125 0.39434375
0 0.233303571875 0.30546875 0.2350446421875 0.30143749999999997 0.2358928578125 0.29640625 0.2341741078125 0.29298437499999996 0.229866071875 0.2905625 0.22381696406249998 0.2895625 0.2054017859375 0.29278125 0.203102678125 0.302046875 0.20741071406249997 0.305671875 0.2183482140625 0.30789062500000003 0.233303571875 0.30546875
3 0.5262276781249999 0.7364375 0.5280803578125 0.73271875 0.5286160718749999 0.7310625 0.5283482140625 0.72846875 0.5251785718749999 0.726046875 0.5188169640625 0.723828125 0.5103571421875001 0.7245625 0.501071428125 0.726796875 0.4960491078125 0.7310625 0.49897321406249995 0.73790625 0.5106026781249999 0.7406875 0.5188169640625 0.740328125 0.5235937500000001 0.73884375 0.5262276781249999 0.7364375
3 0.4161830359375 0.698921875 0.40325892812499997 0.700484375 0.39734375 0.702546875 0.390334821875 0.70875 0.3921875 0.7167656250000001 0.39955357187499996 0.7221875 0.4110044640625 0.7242656249999999 0.41950892812499996 0.72321875 0.4302008921875 0.7206406249999999 0.4331696421875 0.7105625 0.43352678593749994 0.704875 0.428727678125 0.70125 0.4161830359375 0.698921875
1 0.31703125 0.789875 0.314709821875 0.79378125 0.30915178593750003 0.7895625 0.3021875 0.7889062499999999 0.2947544640625 0.791828125 0.290133928125 0.798328125 0.289196428125 0.799296875 0.2836383921875 0.80221875 0.2785267859375 0.8077343750000001 0.2836383921875 0.8158593749999999 0.2836383921875 0.823328125 0.2808482140625 0.828515625 0.2827008921875 0.8314375 0.2915178578125 0.8337187500000001 0.2966294640625 0.8307968750000001 0.30171875 0.8246249999999999 0.30589285781250003 0.820078125 0.3128571421875 0.816828125 0.319821428125 0.8161875000000001 0.3249107140625 0.8158593749999999 0.328616071875 0.815203125 0.3309375 0.8038437500000001 0.33046875 0.79540625 0.3225892859375 0.789875 0.31703125 0.789875
1 0.394241071875 0.8267031250000001 0.4005357140625 0.8178906250000001 0.38165178593750004 0.8205312499999999 0.38292410781249997 0.8073281250000001 0.364040178125 0.8064375 0.3615178578125 0.793234375 0.34390624999999997 0.7985156250000001 0.3363616078125 0.808203125 0.3388616078125 0.81525 0.3388616078125 0.817015625 0.3564955359375 0.817015625 0.3665625 0.8178906250000001 0.3778794640625 0.8205312499999999 0.394241071875 0.8267031250000001
3 0.3542857140625 0.639 0.35845982187500003 0.64225 0.3719196421875 0.64646875 0.373303571875 0.6458125 0.377477678125 0.6425625 0.3830580359375 0.637703125 0.388147321875 0.6360781249999999 0.3969642859375 0.63671875 0.402522321875 0.637046875 0.40578125 0.63834375 0.4085491078125 0.639640625 0.41598214218749996 0.6480937499999999 0.4233928578125 0.6480937499999999 0.4280357140625 0.647109375 0.437321428125 0.644515625 0.4414955359375 0.639640625 0.4410267859375 0.6344531250000001 0.4382366078125 0.6289374999999999 0.43499999999999994 0.623734375 0.4294196421875 0.62178125 0.421071428125 0.620484375 0.418772321875 0.617890625 0.41087053593749995 0.6152968750000001 0.407633928125 0.615625 0.4016071421875 0.616921875 0.3955803578125 0.620171875 0.39140625 0.623734375 0.3941741078125 0.6331562500000001 0.392321428125 0.6321718749999999 0.387678571875 0.63153125 0.3867633921875 0.630234375 0.3844419640625 0.618859375 0.374709821875 0.6152968750000001 0.36448660781250003 0.61659375 0.3519642859375 0.6256875 0.3542857140625 0.625359375 0.3533705359375 0.6331562500000001 0.3542857140625 0.639
3 0.44877232187500005 0.774515625 0.4534375 0.7740625 0.45774553593749995 0.78825 0.459084821875 0.78825 0.46772321406249995 0.785921875 0.46671874999999996 0.779875 0.46308035781249995 0.7721875 0.455758928125 0.76496875 0.4491071421875 0.7638125 0.4368080359375 0.7638125 0.427165178125 0.76590625 0.424821428125 0.7694062500000001 0.43546874999999996 0.76846875 0.4397991078125 0.7717343750000001 0.44444196406250003 0.777078125 0.44078125 0.7840625 0.4397991078125 0.7868593749999999 0.44877232187500005 0.7868593749999999 0.44977678593750003 0.78453125 0.44877232187500005 0.774515625
3 0.227209821875 0.7512187499999999 0.23160714218749998 0.76353125 0.217678571875 0.76815625 0.217678571875 0.7753281249999999 0.225022321875 0.7778906250000001 0.23966517812500002 0.7712343749999999 0.25651785781249997 0.7712343749999999 0.27997767812499996 0.78046875 0.2997767859375 0.7845625 0.3136830359375 0.781484375 0.31515624999999997 0.77584375 0.3158928578125 0.76865625 0.3136830359375 0.7625 0.2953794640625 0.7517343750000001 0.288772321875 0.73634375 0.298303571875 0.7291562500000001 0.299040178125 0.723515625 0.2946428578125 0.713765625 0.27850446406249996 0.7024843749999999 0.2653125 0.696328125 0.2096205359375 0.6870937500000001 0.2022991078125 0.7189062500000001 0.196428571875 0.732234375 0.21622767812500002 0.737375 0.227209821875 0.7512187499999999
3 0.1727008921875 0.69625 0.1597767859375 0.69284375 0.15493303593750002 0.6934218750000001 0.146852678125 0.6968125 0.1428125 0.699078125 0.1395758921875 0.6968125 0.13473214218750001 0.690015625 0.129084821875 0.690015625 0.13473214218750001 0.700203125 0.1444196421875 0.72734375 0.1589732140625 0.76128125 0.16140625 0.764671875 0.1686607140625 0.7754218749999999 0.1694866078125 0.77259375 0.179977678125 0.7007656250000001 0.1727008921875 0.69625
3 0.207165178125 0.42390625000000004 0.20912946406250002 0.42175 0.2094196421875 0.418 0.2088616078125 0.41365625 0.2037946421875 0.41109375000000004 0.1978794640625 0.40834374999999995 0.1930803578125 0.40715625 0.1860491078125 0.40774999999999995 0.182678571875 0.40893750000000006 0.1778794640625 0.41346875 0.1778794640625 0.41839062499999996 0.181540178125 0.41839062499999996 0.1860491078125 0.41996874999999995 0.1928125 0.422921875 0.194508928125 0.4245 0.2009821421875 0.42509375 0.207165178125 0.42390625000000004
3 0.41707589218749996 0.648203125 0.41593749999999996 0.645015625 0.407946428125 0.6394375 0.4005580359375 0.6370312499999999 0.3897321421875 0.636234375 0.382321428125 0.638234375 0.3766294640625 0.64540625 0.3794866078125 0.649390625 0.399977678125 0.649390625 0.41707589218749996 0.648203125
0 0.0378125 0.38625 0.0411607140625 0.38553125 0.042209821875 0.38171875 0.040647321874999996 0.378640625 0.0396205359375 0.373734375 0.039866071875 0.3715625 0.041941964062499996 0.36974999999999997 0.041428571875 0.36920312499999997 0.0388392859375 0.367578125 0.0349553578125 0.365578125 0.0326116078125 0.364671875 0.0297767859375 0.3643125 0.02484375 0.3643125 0.025625 0.380625 0.03390625 0.3844375 0.0378125 0.38625
0 0.2297767859375 0.605359375 0.24013392812499998 0.605359375 0.24714285781249998 0.604765625 0.246852678125 0.601234375 0.242946428125 0.594171875 0.2353794640625 0.589859375 0.22558035781250002 0.587703125 0.2163169640625 0.591234375 0.2166071421875 0.59653125 0.22080357187500002 0.5982968750000001 0.2297767859375 0.605359375
0 0.223415178125 0.56115625 0.230625 0.567109375 0.23578125 0.56603125 0.24120535781250002 0.5622499999999999 0.2422321421875 0.556828125 0.2399107140625 0.5526875 0.23475446406249997 0.547625 0.2257366078125 0.5431250000000001 0.22136160781249997 0.541859375 0.22084821406250002 0.558453125 0.223415178125 0.56115625
3 0.249241071875 0.787 0.2571205359375 0.78671875 0.2645982140625 0.786453125 0.26618303593750003 0.78534375 0.2654017859375 0.779 0.2504241078125 0.77184375 0.2327008921875 0.7781875 0.242165178125 0.7757031249999999 0.2496428578125 0.778453125 0.249241071875 0.787
3 0.19717261875 0.381640625 0.19866071406250002 0.384375 0.1875 0.39375 0.1875 0.403125 0.194196428125 0.4078125 0.21875 0.40625 0.2232142859375 0.403125 0.28292050625 0.412459678125 0.2788617484375 0.4514070046875 0.2798963125 0.45280745937500005 0.2779200828125 0.459195696875 0.279291475 0.46087701562500005 0.2778094125 0.49092050625 0.276380865625 0.49269011249999994 0.2777817453125 0.49885170937499995 0.2755304 0.5005271046875001 0.2777540765625 0.5067829125000001 0.2746799359375 0.5083640968750001 0.2777264078125 0.5147141140625 0.27382946874999997 0.5162010890625 0.277698740625 0.5226453171875 0.27297900468749997 0.5240380796874999 0.27767107343749997 0.53057651875 0.2721285375 0.5318750718749999 0.27764340625 0.5385077218750001 0.2712780734375 0.5397120640625 0.2776157390625 0.546438925 0.27042760781249997 0.54754905625 0.2695771421875 0.555386046875 0.277588071875 0.5543701265625 0.2775604046875 0.5623013296875 0.2687266765625 0.5632230390624999 0.2775327359375 0.5702325312500001 0.267876209375 0.57106003125 0.27750506875 0.578163734375 0.2670257453125 0.5788970234375 0.244913640625 0.7826588109375 0.25 0.7875 0.24410860781250002 0.7905481562500001 0.24330357187499999 0.7984375 0.24330357187499999 0.809375 0.25446428593750003 0.8171875 0.2678571421875 0.8171875 0.27455357187499996 0.8125 0.28571428593750003 0.8125 0.29241071406249997 0.80625 0.29241071406249997 0.790625 0.28571428593750003 0.784375 0.27678571406249997 0.784375 0.27733906406250003 0.62575095 0.35229223906249996 0.6294771640625 0.3727678578125 0.6984375 0.36607142812500004 0.703125 0.36607142812500004 0.7125 0.36830357187499996 0.71875 0.38169642812500004 0.725 0.3928571421875 0.7203125 0.3928571421875 0.7046875 0.390625 0.7015625 0.40848214218749995 0.7 0.4102678578125 0.703125 0.421875 0.7 0.42276785781250004 0.7046875 0.44196428593750003 0.70625 0.446428571875 0.709375 0.42633928593750003 0.721875 0.428571428125 0.725 0.43526785781250005 0.7265625 0.44196428593750003 0.725 0.453125 0.715625 0.47991071406249997 0.7296875 0.47321428593750003 0.734375 0.47321428593750003 0.7390625 0.47991071406249997 0.7484375 0.484375 0.7484375 0.49776785781250005 0.7578125 0.5223214281249999 0.7578125 0.53125 0.7546875 0.5424107140625 0.75625 0.5491071421875 0.7546875 0.5558035718750001 0.7484375 0.5558035718750001 0.7359375 0.5491071421875 0.7296875 0.5357142859375 0.7296875 0.5223214281249999 0.740625 0.5044642859375 0.740625 0.5 0.7390625 0.493303571875 0.7296875 0.415178571875 0.6921875 0.40178571406249997 0.6921875 0.3500171703125 0.621814903125 0.290865384375 0.42259615312500004 0.28262841562499996 0.4202522328125 0.2885903171875 0.41493389374999995 0.28357008281249996 0.412463540625 0.2863152484375 0.40727163437499997 0.2835253453125 0.40439012031250005 0.2854534171875 0.3968861546875 0.281765109375 0.391947115625 0.28639508281250003 0.3890974625 0.279490040625 0.38428485625 0.28733675000000003 0.38130876874999997 0.2772149734375 0.376622596875 0.27493990468749996 0.3689603359375 0.2882784171875 0.3735200765625 0.28594470156249996 0.3721118953125 0.289220084375 0.36573138437499997 0.286549540625 0.3640423390625 0.29016175 0.357942690625 0.2871543765625 0.3559727828125 0.2911034171875 0.3501539984375 0.28775921718749997 0.3479032265625 0.292045084375 0.34236530625 0.28836405625 0.33983366875 0.2929867515625 0.3345766125 0.2889688953125 0.33176411250000004 0.29381480312499997 0.32666330625 0.2895737328125 0.32369455625 0.2946428578125 0.31875 0.30803571406249997 0.31875 0.31919642812500004 0.30625 0.3303571421875 0.30625 0.33928571406249997 0.303125 0.3459821421875 0.296875 0.3459821421875 0.290625 0.33928571406249997 0.284375 0.32366071406249997 0.284375 0.31696428593750003 0.278125 0.30357142812500004 0.278125 0.29241071406249997 0.2796875 0.28794642812500004 0.2828125 0.2790178578125 0.2828125 0.27232142812500004 0.2875 0.27008928593750003 0.2953125 0.26116071406249997 0.2953125 0.25446428593750003 0.3 0.2567393546875 0.30766225937499997 0.25446428593750003 0.309375 0.24925595312499998 0.307421875 0.19717261875 0.381640625