0 0.46101562500000004 0.23362500000000003 0.46075 0.2292916671875 0.461828125 0.22425 0.4583125 0.2199166671875 0.45371875 0.22208333281249998 0.45075000000000004 0.2199166671875 0.44857812499999994 0.2199166671875 0.44290624999999995 0.2123541671875 0.4334375 0.211625 0.4266875 0.21091666718750002 0.42262500000000003 0.2130833328125 0.41803125 0.2123541671875 0.41640625 0.2123541671875 0.41479687500000006 0.2098333328125 0.40803124999999996 0.21091666718750002 0.405875 0.21379166718749998 0.400203125 0.21452083281249998 0.39668749999999997 0.2170416671875 0.392890625 0.2192083328125 0.389109375 0.22208333281249998 0.3850625 0.2260416671875 0.3818125 0.22785416718749998 0.378578125 0.2285625 0.37640625 0.2328958328125 0.376671875 0.23866666718750001 0.376671875 0.24479166718749998 0.41587500000000005 0.2422708328125 0.4583125 0.2415416671875 0.45965625 0.23722916718749998 0.46101562500000004 0.23362500000000003
1 0.594328125 0.5018333328125 0.624703125 0.5263541671875 0.627890625 0.534875 0.63428125 0.5188958328125 0.643875 0.5156875000000001 0.6550625 0.49864583281249997 0.6550625 0.4496458328125 0.64146875 0.42300000000000004 0.62309375 0.4166041671875 0.61271875 0.42514583281249996 0.6063125 0.4176875 0.6039218749999999 0.40914583281250005 0.5799531250000001 0.41235416718750006 0.5655625 0.46987500000000004 0.56396875 0.4890625 0.594328125 0.5018333328125
1 0.61178125 0.55225 0.628046875 0.5341875 0.6135937499999999 0.5149375 0.56571875 0.4884375 0.5485625 0.4860208328125 0.5323125 0.49445833281249996 0.52146875 0.4956666671875 0.507921875 0.5077083328125 0.49889062500000003 0.5149375 0.508828125 0.5414166671875 0.534109375 0.5606875 0.57565625 0.5727291671875 0.61178125 0.55225
1 0.704890625 0.4112708328125 0.7371875 0.4485416671875 0.755203125 0.46262499999999995 0.789359375 0.45599999999999996 0.804890625 0.4452291671875 0.8167031250000001 0.4261666671875 0.801796875 0.40464583281250005 0.774453125 0.37647916718749996 0.7638906249999999 0.37316666718749997 0.740921875 0.37564583281249997 0.7421562500000001 0.3880833328125 0.745890625 0.3855833328125 0.74278125 0.3880833328125 0.7179375 0.39718749999999997 0.709859375 0.40297916718750004 0.704890625 0.4112708328125
1 0.45353125 0.4385 0.457890625 0.4455833328125 0.4641875 0.44302083281250004 0.4680625 0.44302083281250004 0.474828125 0.4339791671875 0.48064062500000004 0.43139583281249994 0.481125 0.4236458328125 0.48693749999999997 0.4159166671875 0.48693749999999997 0.4101041671875 0.487421875 0.3978333328125 0.479671875 0.391375 0.47531249999999997 0.3926666671875 0.46709375 0.391375 0.46079687500000005 0.38429166718749996 0.44821875 0.3855833328125 0.4303125 0.40881249999999997 0.427890625 0.4210625 0.45353125 0.4255833328125 0.454984375 0.42752083281250003 0.45353125 0.4385
1 0.42384374999999996 0.4223333328125 0.42109375 0.41568750000000004 0.41414062500000004 0.4024166671875 0.4024375 0.3934583328125 0.393984375 0.39279166718749997 0.38875000000000004 0.40110416718749997 0.38875000000000004 0.40275 0.405171875 0.4186666671875 0.42384374999999996 0.4223333328125
1 0.568796875 0.45416666718750004 0.5726718749999999 0.42514583281249996 0.557171875 0.4154583328125 0.53975 0.412875 0.5252343749999999 0.42320833281250003 0.51990625 0.432875 0.5136093749999999 0.45160416718749996 0.5494375 0.4845 0.55765625 0.47806249999999995 0.568796875 0.45416666718750004
1 0.49340624999999994 0.5328333328125 0.49167187500000004 0.5032291671875 0.47675 0.4685208328125 0.4604375 0.45602083281250005 0.45315625 0.461125 0.454546875 0.4662083328125 0.48854687500000005 0.5309791671874999 0.48785937500000004 0.5319166671875 0.4899375 0.5342291671875 0.49340624999999994 0.5328333328125
1 0.64753125 0.41937499999999994 0.655046875 0.41235416718750006 0.66709375 0.4108541671875 0.680640625 0.417875 0.70471875 0.4143541671875 0.710734375 0.4033125 0.721265625 0.3932916671875 0.7144999999999999 0.38375 0.7144999999999999 0.3752291671875 0.702078125 0.3707083328125 0.692671875 0.37272916718750004 0.68665625 0.3782291671875 0.681015625 0.38475000000000004 0.6742343749999999 0.38425 0.66971875 0.38175 0.661828125 0.38225 0.653171875 0.38527083281249996 0.636234375 0.40433333281249995 0.635859375 0.40483333281249995 0.64 0.41637500000000005 0.64753125 0.41937499999999994
1 0.4679375 0.44516666718750003 0.47242187500000005 0.4502708328125 0.46507812499999995 0.4566458328125 0.47209375 0.46643749999999995 0.47912499999999997 0.4766666671875 0.48359375 0.4873125 0.48965625 0.4945416671875 0.49635937500000005 0.521375 0.5030625 0.5303125 0.499875 0.5145625 0.504984375 0.5090208328125 0.512328125 0.5017916671875 0.522546875 0.49837499999999996 0.5276562499999999 0.4945416671875 0.5349999999999999 0.4928333328125 0.5490468749999999 0.4860208328125 0.53659375 0.47368750000000004 0.52159375 0.46345833281250004 0.510421875 0.455375 0.500515625 0.4502708328125 0.497953125 0.4455833328125 0.497328125 0.44516666718750003 0.48998437499999997 0.43493750000000003 0.482640625 0.4328125 0.473046875 0.43537499999999996 0.4679375 0.44516666718750003
1 0.5475 0.3879583328125 0.5385 0.3732916671875 0.5228125 0.3715 0.518140625 0.3723958328125 0.503796875 0.3821875 0.50246875 0.3928541671875 0.508796875 0.3973125 0.518140625 0.40175 0.533484375 0.4106458328125 0.538828125 0.41733333281249996 0.557515625 0.41954166718749997 0.557515625 0.41154166718749996 0.550171875 0.39508333281249997 0.5475 0.3879583328125
1 0.3825625 0.3888125 0.37893750000000004 0.3892083328125 0.376328125 0.395 0.376484375 0.3994375 0.38140625 0.4007916671875 0.38879687500000004 0.401375 0.39140625 0.3946041671875 0.391546875 0.3917083328125 0.38690625 0.3880416671875 0.3825625 0.3888125
1 0.6041875 0.40883333281249995 0.6072656249999999 0.4185416671875 0.613421875 0.4245 0.620421875 0.4185416671875 0.6229375 0.4166666671875 0.6394375 0.4222708328125 0.64225 0.4166666671875 0.6394375 0.41554166718749996 0.6360781249999999 0.40472916718749996 0.638046875 0.40175 0.64140625 0.3972708328125 0.645875 0.3920416671875 0.65428125 0.3830833328125 0.654 0.38195833281249997 0.644765625 0.3722708328125 0.63496875 0.3681666671875 0.62853125 0.3674166671875 0.624890625 0.3681666671875 0.619578125 0.3689166671875 0.617890625 0.374125 0.6167812500000001 0.3797291671875 0.60865625 0.376375 0.599703125 0.3700208328125 0.59746875 0.3707708328125 0.593265625 0.3674166671875 0.5857187500000001 0.36854166718750003 0.5801093749999999 0.37712500000000004 0.570328125 0.3711458328125 0.5630468750000001 0.3700208328125 0.557171875 0.3711458328125 0.550453125 0.37152083281250003 0.54453125 0.3739791671875 0.5449531249999999 0.3785 0.56021875 0.4107291671875 0.5721093749999999 0.41243749999999996 0.576765625 0.41979166718750005 0.5778749999999999 0.4192708328125 0.5801093749999999 0.41293749999999996 0.6041875 0.40883333281249995
1 0.41015625 0.5143125000000001 0.431640625 0.5325624999999999 0.484375 0.5325624999999999 0.45703125 0.47527083281250004 0.427734375 0.44402083281250004 0.408203125 0.46224999999999994 0.400390625 0.5013124999999999 0.41015625 0.5143125000000001
1 0.3546875 0.4625 0.384375 0.4604166671875 0.3984375 0.45 0.4109375 0.43125 0.415625 0.43125 0.421875 0.44166666718750003 0.4375 0.45625 0.446875 0.4604166671875 0.465625 0.4604166671875 0.471875 0.45208333281249996 0.4703125 0.4479166671875 0.4765625 0.43541666718750005 0.4796875 0.43541666718750005 0.48203125 0.445625 0.496875 0.4533333328125 0.4984375 0.4479166671875 0.5046875 0.45416666718750004 0.504296875 0.4571875 0.5078125 0.45416666718750004 0.51171875 0.4610416671875 0.5140625 0.4583333328125 0.5265625 0.46458333281249997 0.5265625 0.46875 0.53125 0.4548611109375 0.5546875 0.40625 0.5537427328125 0.40053294531250005 0.5546875 0.4 0.64375 0.4291666671875 0.6546875 0.4479166671875 0.6625 0.4895833328125 0.66875 0.49791666718750005 0.678125 0.5 0.68125 0.5041666671875 0.6921875 0.5041666671875 0.6953125 0.5 0.7 0.4791666671875 0.728125 0.4791666671875 0.7390625 0.47083333281249995 0.740625 0.45208333281249996 0.709375 0.4166666671875 0.7046875 0.4145833328125 0.6796875 0.41875 0.66875 0.4125 0.65625 0.4125 0.65 0.41875 0.648364825 0.41157945781249994 0.64375 0.41875 0.6404796515625 0.4106589140625 0.56951308125 0.40237403125000004 0.5515625 0.39375 0.55 0.3895833328125 0.546875 0.3875 0.5453125 0.38125 0.546875 0.36875 0.534375 0.35 0.5 0.325 0.4859375 0.32083333281250004 0.45 0.32083333281250004 0.440625 0.325 0.421875 0.3416666671875 0.4140625 0.35625 0.4109375 0.35625 0.3984375 0.3375 0.384375 0.3270833328125 0.3546875 0.325 0.3453125 0.3291666671875 0.3296875 0.34375 0.3213541671875 0.36319444375 0.32507267500000003 0.37383720781249996 0.3171875 0.3729166671875 0.3166666671875 0.3840277765625 0.315625 0.40625 0.3234375 0.43333333281249997 0.3375 0.45208333281249996 0.3546875 0.4625