1 0.57078125 0.32584375 0.591015625 0.4539375 0.588765625 0.5460625 0.62471875 0.591015625 0.6561874999999999 0.593265625 0.7168593750000001 0.57303125 0.757296875 0.47415624999999995 0.784265625 0.364046875 0.8449375 0.23595312499999999 0.932578125 0.103375 0.687640625 0.06965625 0.611234375 0.168546875 0.57078125 0.32584375
1 0.2045 0.541578125 0.17753125 0.582015625 0.168546875 0.611234375 0.18426562500000002 0.631453125 0.20224999999999999 0.633703125 0.260671875 0.6045 0.32134375 0.566296875 0.37528125 0.532578125 0.4 0.514609375 0.42696875 0.483140625 0.4 0.4449375 0.391015625 0.408984375 0.384265625 0.366296875 0.3955 0.33034375 0.413484375 0.305625 0.388765625 0.305625 0.384265625 0.305625 0.260671875 0.34831249999999997 0.206734375 0.442703125 0.206734375 0.503375 0.2045 0.541578125
1 0.606734375 0.166296875 0.62696875 0.132578125 0.687640625 0.062921875 0.37753125 0.07415625 0.35954687500000004 0.10112499999999999 0.37528125 0.17753125 0.37753125 0.24943749999999998 0.40449999999999997 0.27640625 0.3955 0.32134375 0.388765625 0.406734375 0.413484375 0.467421875 0.40449999999999997 0.534828125 0.431453125 0.561796875 0.4494375 0.559546875 0.47415624999999995 0.5438125 0.49214062500000005 0.467421875 0.57078125 0.40449999999999997 0.568546875 0.388765625 0.584265625 0.27190625 0.606734375 0.166296875
1 0.88090625 0.17528125 0.835953125 0.2561875 0.784265625 0.368546875 0.768546875 0.4539375 0.7303437500000001 0.5640468750000001 0.66965625 0.59775 0.7033750000000001 0.694375 0.7528125 0.7460625000000001 0.764046875 0.835953125 0.840453125 0.838203125 0.8494375 0.7460625000000001 0.892140625 0.6809062499999999 0.92584375 0.5483125 0.92584375 0.289890625 0.9078593749999999 0.17303125 0.9078593749999999 0.166296875 0.9011250000000001 0.166296875 0.88090625 0.17528125
1 0.701125 0.694375 0.689890625 0.66965625 0.6853906249999999 0.6449374999999999 0.6674218749999999 0.617984375 0.6561874999999999 0.633703125 0.635953125 0.6584218749999999 0.606734375 0.6719062499999999 0.5640468750000001 0.665171875 0.5483125 0.6539375 0.5550625 0.62246875 0.501125 0.6561874999999999 0.4449375 0.7213437500000001 0.384265625 0.79775 0.364046875 0.8606718750000001 0.35281250000000003 0.9168593749999999 0.334828125 0.9303437499999999 0.38651562500000003 0.932578125 0.458421875 0.932578125 0.5370781250000001 0.932578125 0.5505625000000001 0.9213437499999999 0.59775 0.885390625 0.640453125 0.8427031250000001 0.694375 0.788765625 0.72809375 0.72809375 0.72584375 0.7303437500000001 0.72359375 0.7168593750000001 0.701125 0.694375
1 0.45134375000000004 0.560015625 0.40859375 0.607375 0.36007812499999997 0.658203125 0.3115625 0.739078125 0.29307812499999997 0.8245625000000001 0.33004687499999996 0.8672968750000001 0.368171875 0.82340625 0.40975 0.765640625 0.462890625 0.695171875 0.531046875 0.6224062499999999 0.55415625 0.57734375 0.527578125 0.49879687500000003 0.51025 0.496484375 0.48253124999999997 0.536921875 0.45134375000000004 0.560015625
1 0.339328125 0.865171875 0.303375 0.82696875 0.312359375 0.77528125 0.334828125 0.6921406250000001 0.431453125 0.561796875 0.406734375 0.52809375 0.1955 0.6427031249999999 0.168546875 0.611234375 0.2 0.5101093750000001 0.1460625 0.5101093750000001 0.065171875 0.582015625 0.0561875 0.9303437499999999 0.11909375 0.941578125 0.161796875 0.8898906249999999 0.182015625 0.92809375 0.316859375 0.941578125 0.35729687499999996 0.9168593749999999 0.366296875 0.8449375 0.339328125 0.865171875
1 0.140265625 0.348046875 0.098703125 0.371421875 0.070125 0.4051875 0.070125 0.4415625 0.070125 0.5116875000000001 0.08571875 0.55325 0.228578125 0.412984375 0.22337500000000002 0.37403125 0.212984375 0.3584375 0.189609375 0.327265625 0.140265625 0.348046875
1 0.1065 0.301296875 0.17921875 0.29870312499999996 0.189609375 0.3116875 0.212984375 0.37921875 0.2649375 0.3584375 0.319484375 0.2935 0.348046875 0.075328125 0.07273437499999999 0.06493750000000001 0.06753125 0.2649375 0.1065 0.301296875
1 0.55971875 0.6621875 0.5682968749999999 0.665625 0.578578125 0.6681874999999999 0.6154531249999999 0.666484375 0.630015625 0.661328125 0.6403125000000001 0.651046875 0.648875 0.641625 0.659171875 0.6081875 0.630875 0.59875 0.6171562500000001 0.5841875 0.5880156249999999 0.5464687500000001 0.589734375 0.453890625 0.5880156249999999 0.44359374999999995 0.577734375 0.441875 0.55971875 0.44703125000000005 0.550296875 0.45473437499999997 0.52715625 0.48217187499999997 0.528859375 0.49503125 0.53315625 0.50875 0.538296875 0.518171875 0.559078125 0.555859375 0.55259375 0.626015625 0.55115625 0.6261875 0.552015625 0.645046875 0.55971875 0.6621875
1 0.7844218749999999 0.922078125 0.7584375 0.872734375 0.79740625 0.8493437500000001 0.76103125 0.8415625 0.76103125 0.8051875000000001 0.73765625 0.729875 0.566234375 0.9272656250000001 0.568828125 0.93246875 0.766234375 0.9376562500000001 0.7844218749999999 0.922078125
1 0.9336874999999999 0.61690625 0.9044531250000001 0.66840625 0.86409375 0.73521875 0.86409375 0.770015625 0.76109375 0.8730156250000001 0.775 0.896671875 0.8000624999999999 0.9328593749999999 0.8418125 0.920234375 0.873828125 0.8562031250000001 0.91559375 0.8506406249999999 0.9350781250000001 0.8200156249999999 0.9336874999999999 0.61690625