1 0.214703125 0.6164402812499999 0.23778125 0.6031381734375 0.266171875 0.5685714281250001 0.27326562499999996 0.557939109375 0.2768125 0.53932084375 0.28390624999999997 0.5473067921875 0.296328125 0.5207025765625 0.298109375 0.49409836093750004 0.28923437500000004 0.46751756406249995 0.280359375 0.4568618265625 0.26971875 0.4621779859375 0.257296875 0.4994145203125 0.2129375 0.557939109375 0.182765625 0.600491803125 0.182765625 0.6137939109375 0.182765625 0.6191100703125 0.19696875 0.6244262296875001 0.214703125 0.6164402812499999
1 0.49176562500000004 0.7505620609375 0.503765625 0.7348243562500001 0.505265625 0.698875878125 0.46328125 0.67416861875 0.431796875 0.6561826703125 0.45278124999999997 0.5865105390625 0.443796875 0.5797658078125 0.4078125 0.5820140515625 0.3973125 0.6089929749999999 0.3973125 0.626955503125 0.4018125 0.66067915625 0.419796875 0.7101170953125 0.42579687499999996 0.7236065578125 0.46628125000000004 0.7348243562500001 0.49176562500000004 0.7505620609375
1 0.3584375 0.6752459015625 0.3575625 0.7199297421875 0.361953125 0.7606791562499999 0.378609375 0.8198360656249999 0.4110625 0.854004684375 0.43825000000000003 0.875035128125 0.45667187499999995 0.8842388765625 0.471578125 0.8618969562500001 0.461921875 0.8355971890625 0.43825000000000003 0.8001170953125 0.41281249999999997 0.7633021078125 0.400546875 0.7278220140625 0.400546875 0.6686651046875001 0.39001562500000003 0.6568384078125 0.37071875 0.6568384078125 0.3584375 0.6752459015625
1 0.153140625 0.9881498828125 0.18356250000000002 0.9484777515625 0.157109375 0.9346135828125 0.166375 0.9127868859375001 0.175625 0.8929742390625 0.1915 0.8414051515625 0.1901875 0.7719906328125 0.17034375 0.7462295078125 0.158421875 0.74224824375 0.14784375 0.7600936765624999 0.16371875 0.8255503515625 0.158421875 0.8949414515624999 0.129328125 0.9326229515625 0.102859375 0.976252928125 0.11476562500000001 0.9960889937499999 0.153140625 0.9881498828125
1 0.169171875 0.734964871875 0.17559375 0.7458079625 0.19165625 0.7759016390625 0.18925 0.7831381734375 0.188453125 0.8481498828125 0.157921875 0.9360655734375 0.173984375 0.9444964875 0.188453125 0.9336533953125 0.21175000000000002 0.9023419203125 0.228625 0.8493676812500001 0.23665625 0.8120374703125 0.227015625 0.7542154562500001 0.21014062500000003 0.7217096015625 0.18362499999999998 0.70967213125 0.157921875 0.7132786890625 0.1555 0.7192974234375 0.16273437500000001 0.7313348953125 0.169171875 0.734964871875
1 0.353828125 0.157868853125 0.370328125 0.1039344265625 0.370328125 0.0275175640625 0.376328125 0.0005620609375 0.33284375 0.0050585484375 0.34184375 0.009555034375 0.33434375 0.0747306796875 0.34184375 0.153372365625 0.34934375 0.157868853125 0.353828125 0.157868853125
1 0.38610937500000003 0.9250819671875 0.394046875 0.87548009375 0.3808125 0.8120140515625 0.353015625 0.7564637000000001 0.325234375 0.7445667453125 0.33581249999999996 0.788220140625 0.356984375 0.814004684375 0.359640625 0.8516861828125 0.356984375 0.8992974234375 0.349046875 0.9389695546875 0.34773437500000004 0.9806089 0.34640624999999997 0.96674473125 0.345078125 0.9944964875 0.36890625 1 0.383453125 0.9885480093749999 0.38610937500000003 0.9250819671875
1 0.5148906249999999 0.594051521875 0.523265625 0.6053395781249999 0.5349999999999999 0.6078454328125 0.548390625 0.6053395781249999 0.554265625 0.5513583140625 0.526625 0.5099297421875 0.501484375 0.49611241250000004 0.47803125 0.48859484843749995 0.4663125 0.491100703125 0.452078125 0.48859484843749995 0.44370312500000003 0.48733021093750006 0.44034375 0.49737704843749997 0.46965625 0.535035128125 0.501484375 0.5588992968750001 0.5148906249999999 0.571451990625 0.5148906249999999 0.594051521875
1 0.275734375 0.56416861875 0.285734375 0.58323185 0.3120625 0.59002341875 0.36565625 0.5886651046875 0.41742187499999994 0.5696018734375 0.43648437500000004 0.5451053859375 0.440125 0.50290398125 0.42104687500000004 0.50836065625 0.38471875 0.5274238875 0.33023437499999997 0.536932084375 0.29209375 0.5328571421875 0.28390624999999997 0.5451053859375 0.273921875 0.543747071875 0.275734375 0.56416861875
1 0.182734375 0.5972131140625 0.2104375 0.560140515625 0.25198437500000004 0.50676815 0.25198437500000004 0.49194379374999997 0.24803125 0.4860187359375 0.223296875 0.50676815 0.20153125 0.5364168625 0.14910937500000002 0.6313114750000001 0.115484375 0.6965339578124999 0.114484375 0.7098829046875 0.12140625000000001 0.72323185 0.146140625 0.702459015625 0.197578125 0.6238875875 0.183734375 0.614988290625 0.182734375 0.5972131140625
1 0.1651875 0.7410304453125 0.153859375 0.7224824359375 0.18065625000000002 0.7147540984375 0.18478125 0.6807494140625 0.1858125 0.6560187359375 0.1651875 0.6730210765625 0.144578125 0.708571428125 0.119828125 0.7333021078125 0.10023437500000001 0.7441217796874999 0.071359375 0.7441217796874999 0.055890625000000006 0.7255737703125 0.042484375000000005 0.7425761125 0.053828125000000004 0.77194379375 0.096109375 0.81676815 0.138390625 0.801311475 0.153859375 0.7549414515625 0.1651875 0.7410304453125
1 0.46495312499999997 0.1699531609375 0.487421875 0.12072599531249999 0.50471875 0.006744731249999999 0.487421875 0 0.471875 0.0041451984375 0.46495312499999997 0.0429976578125 0.4459375 0.1310772828125 0.44076562499999994 0.1310772828125 0.4459375 0.18290398125000001 0.46495312499999997 0.1699531609375