0 0.8078125 0.972131146875 0.809375 0.9651053859375001 0.809375 0.9510538640625 0.8 0.88548009375 0.75 0.8292740046875 0.73125 0.817564403125 0.709375 0.80351288125 0.6703125 0.80351288125 0.65 0.808196721875 0.61875 0.826932084375 0.609375 0.831615925 0.5765625 0.8737704921875 0.553125 0.92997658125 0.534375 0.98384075 0.5453125 0.9885245906250001 0.7953125 0.9885245906250001 0.8078125 0.972131146875
0 0.5371406249999999 1 0.537796875 0.9730444968749999 0.562765625 0.9031381734374999 0.596265625 0.8489695546875 0.625171875 0.822388759375 0.6586875 0.8076112406249999 0.647515625 0.75836065625 0.624515625 0.7209601875 0.6035 0.68648711875 0.57721875 0.6687587828125 0.53253125 0.6687587828125 0.50690625 0.677611240625 0.47865624999999995 0.7002576109375 0.4458125 0.7573770484375 0.42806249999999996 0.81548009375 0.42543749999999997 0.8854098359375 0.43529687499999997 0.9257845437500001 0.44778124999999996 0.9582903984375 0.46092187500000004 0.9582903984375 0.47143750000000006 0.9602576109375001 0.485234375 0.9769789234375 0.485890625 1 0.5371406249999999 1
0 1 0.9420608906249999 0.998109375 0.9387119437500001 0.972859375 0.9353864171874999 0.932015625 0.9253629984374999 0.901578125 0.917564403125 0.86890625 0.918688525 0.841421875 0.9387119437500001 0.81765625 0.9609836062499999 0.8020625000000001 0.9832318499999999 0.8028124999999999 1 0.803546875 0.9988290390625 0.998859375 0.99770491875 1 0.9420608906249999
3 0.090953125 0.7597892265625 0.1100625 0.762716628125 0.15171874999999999 0.75391100625 0.16640625 0.736299765625 0.164453125 0.7171896953125 0.165421875 0.6914988296875 0.17081249999999998 0.680491803125 0.178171875 0.6643325531250001 0.176203125 0.6430210765625 0.181109375 0.6312880562500001 0.176203125 0.6283372359375 0.16640625 0.6261358312499999 0.145828125 0.6188056203125 0.129671875 0.6173302109375001 0.11153125 0.6202576109375 0.095859375 0.6268852453125 0.07871875 0.63936768125 0.0620625 0.6525761125 0.05225 0.6694613578124999 0.051765625 0.692224825 0.056671875000000003 0.7135363 0.071859375 0.728220140625 0.06401562499999999 0.7318735359375 0.077734375 0.7502341921875 0.090953125 0.7597892265625
3 0.6954374999999999 0.31765807968750004 0.6530625 0.331756440625 0.6373593750000001 0.35295082031249997 0.615375 0.3788290390625 0.60596875 0.4188290390625 0.62009375 0.4611709609375 0.6279375 0.4729508203125 0.64678125 0.4870491796875 0.656203125 0.5058782203125001 0.67346875 0.5105854796875 0.684453125 0.48 0.731546875 0.42353630000000003 0.74725 0.3505854796875 0.73940625 0.32941452031249996 0.72840625 0.32 0.6954374999999999 0.31765807968750004
3 0.529875 0.4498829046875 0.55375 0.467775175 0.5686718749999999 0.47224824375 0.59853125 0.46330210781250003 0.613453125 0.452107728125 0.61046875 0.4118501171875 0.6119687500000001 0.387236534375 0.6224062499999999 0.37159250625 0.629875 0.3581498828125 0.6268906249999999 0.353676815625 0.6000156249999999 0.33578454375 0.577625 0.3245901640625 0.5447968750000001 0.33578454375 0.52090625 0.349203746875 0.5134531250000001 0.40290398125 0.51046875 0.3961826703125 0.5149375 0.43199063281249994 0.529875 0.4498829046875
3 0.0015 0.6425995312499999 0 0.810772834375 0.047875 0.77936768125 0.053859375 0.73451990625 0.041890625 0.6672599531250001 0.050859375 0.665011709375 0.026921875 0.644847775 0.0015 0.6425995312499999
3 0.049484375000000004 0.6283372359375 0.074953125 0.604379390625 0.064296875 0.5985948484375 0.04296875 0.5950585484375 0.022546875 0.5963934421875 0.0035937499999999997 0.5985948484375 0 0.6203512875 0.041203125 0.6203512875 0.049484375000000004 0.6283372359375
3 0.1685625 0.618852459375 0.147671875 0.591475409375 0.111125 0.591475409375 0.07196875 0.60810304375 0.052390625 0.621803278125 0.04978125 0.6257142859375 0.05565625 0.63744730625 0.05565625 0.6521077281250001 0.060875 0.651147540625 0.092859375 0.6305854796875 0.10982812500000001 0.620819671875 0.16595312499999998 0.6286416859374999 0.1685625 0.618852459375
3 0.38742187499999997 0.47451990625 0.39264062499999997 0.486276346875 0.397859375 0.49604215468749996 0.40700000000000003 0.49409836093750004 0.42201562499999995 0.491147540625 0.43767187500000004 0.47747072656249995 0.44615625000000003 0.46571428593749997 0.45725 0.4510538640625 0.466390625 0.43833723593749996 0.47095312500000003 0.4236533953125 0.47095312500000003 0.40018735312500003 0.46704687500000003 0.3855269328125 0.45137499999999997 0.3796487125 0.437015625 0.38159250624999996 0.40895312500000003 0.393348946875 0.39590625 0.408992975 0.3848125 0.425620609375 0.37306249999999996 0.44517564375 0.370453125 0.4627868859375 0.37698437500000004 0.46669789218749996 0.38742187499999997 0.47451990625
3 0.52871875 0.289227165625 0.49596875 0.289227165625 0.46948437500000006 0.320163934375 0.45737500000000003 0.3611943796875 0.459609375 0.39548009375 0.46948437500000006 0.4445901640625 0.48653124999999997 0.4560187359375 0.533203125 0.4640749421875 0.538140625 0.45871194375 0.51346875 0.4082669796875 0.5125625 0.38002341875 0.516609375 0.36925058593750004 0.5278125 0.34503512812500003 0.5785312499999999 0.328220140625 0.550703125 0.296627634375 0.52871875 0.289227165625
3 0.60928125 0.339156909375 0.6302187499999999 0.35925058593750003 0.64696875 0.3303747078125 0.686328125 0.326604215625 0.68884375 0.3052693203125 0.675453125 0.26131147499999996 0.64696875 0.23243559687499998 0.611796875 0.221147540625 0.577453125 0.2663466046875 0.573265625 0.3215690859375 0.576609375 0.3215690859375 0.580796875 0.3215690859375 0.60928125 0.339156909375
3 0.27528125000000003 0.5478220140625 0.27184375 0.5364637 0.265984375 0.5142857140625 0.251515625 0.5055035125 0.232921875 0.5024121781249999 0.2074375 0.5148009375 0.184703125 0.5406089 0.153703125 0.5963700234375 0.154390625 0.601007025 0.15887500000000002 0.6139110062500001 0.16575 0.626299765625 0.172984375 0.6252693203125 0.187796875 0.6071896953125 0.21535937500000002 0.5896487125000001 0.244640625 0.57674473125 0.25325000000000003 0.55608899375 0.27528125000000003 0.5478220140625
3 0.00925 0.6513817328125 0.0226875 0.6531381734374999 0.040234375 0.662763465625 0.05134375 0.662763465625 0.056015625 0.6557611234375 0.054265625 0.6373536296875 0.048421874999999996 0.6277283375 0.034390625 0.6189461359374999 0.012750000000000001 0.6189461359374999 0 0.62421545625 0.0010625 0.650515221875 0.002234375 0.650515221875 0.00925 0.6513817328125