0 0.9519062500000001 0.6093333328125 0.95646875 0.6133888890625 0.99940625 0.61 0.999796875 0.56405555625 0.9925625 0.55730555625 0.9861093750000001 0.5681111109375 0.9779166671875 0.5671327171875 0.9762187499999999 0.55730555625 0.9697239578125 0.566154321875 0.9674843750000001 0.56068055625 0.96153125 0.5651759249999999 0.9369531249999999 0.5622407421875 0.93365625 0.5735 0.9287604171874999 0.56126234375 0.9215 0.5735 0.9205677078125 0.56028395 0.9081875 0.557972221875 0.906296875 0.58769444375 0.92834375 0.6039166671875 0.9454375 0.6106666671875 0.9519062500000001 0.6093333328125
0 0.86109375 0.62575 0.8581562500000001 0.63875 0.8586562499999999 0.651777778125 0.8644999999999999 0.66130555625 0.8757187500000001 0.6621666671875001 0.87815625 0.6639166671875001 0.889875 0.64569444375 0.8825468750000001 0.622277778125 0.8640156250000001 0.61794444375 0.86109375 0.62575
3 0.9767187500000001 0.5580833328125 0.98109375 0.5613333328125 0.98684375 0.5736111109375 0.987078125 0.58794444375 0.9748749999999999 0.59694444375 0.9714218750000001 0.6112777781250001 0.9999687500000001 0.6120833328125 0.9999687500000001 0.5654444437499999 0.994453125 0.56175 0.9893906250000001 0.5511111109375 0.98040625 0.54825 0.9781093750000001 0.54005555625 0.97465625 0.5306388890625 0.9661406250000001 0.53105555625 0.96153125 0.5363888890624999 0.959234375 0.54169444375 0.957609375 0.5613333328125 0.9585312500000001 0.56175 0.9695937499999999 0.55969444375 0.9767187500000001 0.5580833328125
3 0.835375 0.633472221875 0.8425156250000001 0.6326111109375 0.8461562499999999 0.6357222218749999 0.85125 0.6447499999999999 0.8529843749999999 0.6529444437499999 0.8580625 0.6427777781249999 0.8587031250000001 0.6275277781249999 0.856484375 0.6199166671875 0.850765625 0.6111666671875 0.8417187500000001 0.6103333328125 0.8382343750000001 0.6128611109375 0.83315625 0.62019444375 0.832828125 0.6300833328125 0.832359375 0.6303611109375 0.8315625000000001 0.63205555625 0.835375 0.633472221875
3 0.9565468750000001 0.543027778125 0.9479218749999999 0.5386666671875 0.9450468750000001 0.5481388890625001 0.931515625 0.55544444375 0.9282343750000001 0.5671111109375 0.93028125 0.571472221875 0.941359375 0.5838888890625 0.9524374999999999 0.58825 0.95778125 0.56930555625 0.9565468750000001 0.543027778125
3 0.926484375 0.5936666671874999 0.92596875 0.6006944437499999 0.9349375 0.6094166671875 0.940984375 0.6095833328125 0.944421875 0.6086666671875001 0.9442187499999999 0.597 0.93775 0.5879166671875 0.9339999999999999 0.589777778125 0.926484375 0.5936666671874999
3 0.924578125 0.600777778125 0.9264374999999999 0.600777778125 0.9271874999999999 0.59280555625 0.93484375 0.5898333328125 0.938203125 0.5881666671875 0.9389531249999999 0.5838611109375 0.937453125 0.5801944437500001 0.93521875 0.57655555625 0.9320468749999999 0.57355555625 0.9296093750000001 0.5705833328125001 0.923828125 0.5705833328125001 0.92028125 0.57355555625 0.9214062500000001 0.5778888890625 0.919546875 0.582527778125 0.9171093750000001 0.5888333328125 0.9172968750000001 0.5951388890625 0.9204687500000001 0.6004444437500001 0.924578125 0.600777778125
0 0.952359375 0.6069166671875 0.954765625 0.60369444375 0.95596875 0.6143888890625 0.9597109375 0.6043333328125 0.9670624999999999 0.6133333328125 0.9675312500000001 0.6041111109374999 0.96584375 0.5996111109375 0.9601875 0.5931944437500001 0.9566874999999999 0.592972221875 0.955125 0.59619444375 0.952359375 0.5953333328125 0.952359375 0.5968333328125001 0.947890625 0.5979166671875 0.946203125 0.6024166671875 0.9469375 0.6116111109375 0.9512656249999999 0.6131111109375 0.952359375 0.6069166671875
0 0.854890625 0.6641111109375 0.8494375 0.67819444375 0.8598437499999999 0.6993333328125 0.8771875 0.6808333328125 0.873234375 0.663222221875 0.8648125 0.655277778125 0.854890625 0.6526388890625 0.854890625 0.6641111109375
0 0.8215468749999999 0.6599166671875001 0.833 0.6655833328125 0.844453125 0.6768888890625 0.8546250000000001 0.6587777781249999 0.8488906249999999 0.63844444375 0.835546875 0.630527778125 0.823453125 0.63505555625 0.818375 0.645222221875 0.8215468749999999 0.6599166671875001
0 0.8577656250000001 0.6255 0.853125 0.61419444375 0.843875 0.6111111109375 0.8372187500000001 0.6152222218750001 0.83403125 0.6213888890625 0.833171875 0.6311666671875 0.8479218749999999 0.63680555625 0.849375 0.6409166671875 0.853703125 0.651722221875 0.8563124999999999 0.6455555562499999 0.8583437500000001 0.6316666671875 0.8577656250000001 0.6255
0 0.785484375 0.6855 0.79071875 0.6901666671875 0.79921875 0.6593611109374999 0.7943125 0.6378611109375 0.77928125 0.6454166671875 0.7867968750000001 0.6425 0.7910468749999999 0.6692222218749999 0.785484375 0.6855
0 0.789625 0.67525 0.790265625 0.6695 0.7894062500000001 0.6587500000000001 0.7868125 0.6483888890625 0.7829375 0.64419444375 0.7792656250000001 0.6434166671875 0.77625 0.6434166671875 0.772375 0.64494444375 0.768921875 0.653 0.768921875 0.6625833328125 0.768921875 0.67025 0.7715 0.67830555625 0.7797031249999999 0.682527778125 0.7805625 0.6848333328125 0.78725 0.68175 0.789625 0.67525
3 0.8375937499999999 0.705722221875 0.8408749999999999 0.695722221875 0.8408749999999999 0.6831944437499999 0.839234375 0.6740277781249999 0.835953125 0.6661111109375 0.8307968750000001 0.6611111109375 0.8188437499999999 0.66069444375 0.8118124999999999 0.6677777781249999 0.8082968749999999 0.685277778125 0.8122812500000001 0.701972221875 0.8136875 0.7073888890625 0.83103125 0.7098888890625 0.8375937499999999 0.705722221875
3 0.796 0.647472221875 0.79928125 0.6598333328125 0.814328125 0.6620833328125 0.81621875 0.660277778125 0.8214062500000001 0.6459166671875 0.8225468749999999 0.631972221875 0.817109375 0.61894444375 0.814328125 0.616472221875 0.8088906250000001 0.616472221875 0.8050937499999999 0.6166944437499999 0.79928125 0.6198333328125 0.79625 0.629277778125 0.795875 0.63444444375 0.795375 0.642972221875 0.796 0.647472221875
3 0.914046875 0.55944444375 0.9076875 0.5571666671875 0.9061562500000001 0.5902222218750001 0.9071718750000001 0.5915833328125 0.91253125 0.5920277781250001 0.9181250000000001 0.587972221875 0.920671875 0.5770833328125 0.920171875 0.575277778125 0.919140625 0.568027778125 0.914046875 0.55944444375
0 0.8123437499999999 0.6151111109375 0.8153750000000001 0.617777778125 0.820109375 0.6315833328125 0.8211875 0.6354166671875 0.8240000000000001 0.6354166671875 0.8293906249999999 0.632722221875 0.832625 0.6315833328125 0.8330624999999999 0.6266111109375 0.8334843749999999 0.621222221875 0.835421875 0.61625 0.836296875 0.6147222218749999 0.8356406249999999 0.60705555625 0.835421875 0.6016666671875 0.831984375 0.597472221875 0.8283125 0.592472221875 0.8211875 0.5894166671875001 0.813859375 0.59325 0.8086874999999999 0.60780555625 0.80846875 0.608972221875 0.807609375 0.6166388890625 0.8123437499999999 0.6151111109375