1 0.38610937500000003 0.27690000000000003 0.38106249999999997 0.29044 0.373 0.31046 0.369984375 0.32142 0.374515625 0.32916 0.37603125 0.32722 0.38459374999999996 0.32014 0.397203125 0.30528 0.400234375 0.29368 0.393171875 0.27559999999999996 0.3961875 0.28464 0.387625 0.26914 0.38610937500000003 0.27690000000000003
1 0.512421875 0.23168000000000002 0.50909375 0.21591999999999997 0.491125 0.20656 0.473828125 0.20612 0.472171875 0.21762 0.49279687499999997 0.22996 0.498453125 0.22826 0.50078125 0.23123999999999997 0.50078125 0.23764 0.500109375 0.24828 0.50975 0.2504 0.512078125 0.24572 0.512421875 0.23168000000000002
1 0.4330625 0.19438 0.43499999999999994 0.21094 0.43953125000000004 0.21094 0.46606249999999994 0.20514000000000002 0.470578125 0.20514000000000002 0.4809375 0.20182000000000003 0.48353124999999997 0.19685999999999998 0.486765625 0.19024000000000002 0.48353124999999997 0.18692 0.47640625 0.17946 0.46799999999999997 0.17864 0.46410937499999994 0.17864 0.459578125 0.17864 0.45440625 0.17946 0.446 0.17946 0.440171875 0.1803 0.431109375 0.18858 0.4330625 0.19438
1 0.49198437500000003 0.16636 0.48284374999999996 0.17982 0.4805625 0.18978 0.486046875 0.19885999999999998 0.49153125 0.1971 0.49610937499999996 0.18802000000000002 0.50159375 0.17982 0.506625 0.16432 0.503890625 0.157 0.497484375 0.16022 0.49198437500000003 0.16636
1 0.608609375 0.28556 0.6208125 0.3036 0.633015625 0.29638 0.6264375 0.28436 0.62175 0.27115999999999996 0.6001562500000001 0.25674 0.5729375 0.26034 0.562609375 0.27956 0.566359375 0.28918 0.586078125 0.27956 0.608609375 0.28556
1 0.6264062499999999 0.22427999999999998 0.623890625 0.22488000000000002 0.62215625 0.22749999999999998 0.62090625 0.23234 0.618859375 0.23616 0.6227968749999999 0.2459 0.6318125 0.24194 0.62871875 0.23220000000000002 0.628921875 0.23193999999999998 0.628921875 0.22912 0.6264062499999999 0.22427999999999998
1 0.23385937499999998 0.24942000000000003 0.24240625 0.26427999999999996 0.24729687500000003 0.27326 0.26134375 0.28186 0.27356250000000004 0.29946 0.279984375 0.27599999999999997 0.28303124999999996 0.22518 0.274484375 0.19390000000000002 0.26409375 0.20486 0.257078125 0.2158 0.255546875 0.21814 0.24089062499999997 0.22948 0.227140625 0.24042 0.229890625 0.24824000000000002 0.23385937499999998 0.24942000000000003
1 0.536625 0.25314000000000003 0.5281875 0.24114 0.523484375 0.25074 0.527234375 0.26756 0.55634375 0.28198 0.566671875 0.26876 0.55259375 0.26156 0.536625 0.25314000000000003
1 0.23746874999999998 0.1396 0.23071875 0.13491999999999998 0.23128125000000002 0.1313 0.23803125 0.11939999999999999 0.23107812499999997 0.1133 0.21998437499999998 0.1204 0.21545312499999997 0.10556000000000001 0.20184375000000002 0.11264 0.206875 0.13072 0.1983125 0.13524 0.19629687499999998 0.15008 0.185703125 0.14944 0.189734375 0.17008 0.185703125 0.17524 0.18015625 0.19396 0.175625 0.21461999999999998 0.176125 0.23462 0.18015625 0.24366 0.1841875 0.24172 0.19125 0.25268 0.19528125000000002 0.22881999999999997 0.20184375000000002 0.21137999999999998 0.211421875 0.18492 0.21746875000000002 0.17396 0.22503125000000002 0.1617 0.23259375000000002 0.15202 0.25075 0.14750000000000002 0.250984375 0.14212 0.247890625 0.1414 0.23746874999999998 0.1396
1 0.488671875 0.25122 0.48415625 0.25972 0.480375 0.26938 0.478109375 0.27634 0.4770625 0.28115999999999997 0.481734375 0.28734000000000004 0.5070781249999999 0.28966 0.52971875 0.28928 0.535609375 0.28637999999999997 0.535296875 0.27788 0.5288125 0.26918000000000003 0.524140625 0.26705999999999996 0.518859375 0.26456 0.51025 0.26358000000000004 0.49984375 0.25876 0.490796875 0.25006 0.488671875 0.25122
1 0.35026562499999997 0.26094 0.359046875 0.25983999999999996 0.365875 0.25996 0.372671875 0.26364 0.37887499999999996 0.26776 0.383765625 0.26774 0.38196875 0.25552 0.376078125 0.24746 0.36540625000000004 0.24306 0.354609375 0.24403999999999998 0.34762499999999996 0.24986000000000003 0.342296875 0.25664 0.33995312499999997 0.26094 0.342625 0.26818 0.35026562499999997 0.26094
1 0.134078125 0.16744 0.13271875 0.18022 0.133625 0.18662 0.144078125 0.2023 0.145890625 0.2023 0.160875 0.16452 0.167234375 0.14244 0.167234375 0.1343 0.16404687499999998 0.13255999999999998 0.16359375 0.12734 0.16359375 0.12036 0.161328125 0.11803999999999999 0.143625 0.13372 0.13543750000000002 0.14476 0.1318125 0.15174 0.134078125 0.16744
1 0.3465 0.22386 0.34775 0.22064 0.35109375 0.21636000000000002 0.352765625 0.21261999999999998 0.35778125 0.20299999999999999 0.361546875 0.20032 0.366546875 0.19763999999999998 0.371984375 0.19712000000000002 0.377421875 0.19763999999999998 0.38409375 0.19978 0.389953125 0.20354 0.39664062499999997 0.20994000000000002 0.40123437500000003 0.20834000000000003 0.403328125 0.20354 0.40248437499999995 0.19818 0.40081249999999996 0.19444 0.39831249999999996 0.1907 0.39621875 0.18588 0.393296875 0.1816 0.385765625 0.1768 0.37115624999999997 0.17465999999999998 0.35359375000000004 0.18374 0.342734375 0.21476 0.3423125 0.22224 0.344828125 0.22705999999999998 0.3465 0.22386
1 0.1859375 0.176 0.2046875 0.17325 0.215625 0.178 0.19375 0.238 0.1859375 0.246 0.1890625 0.25 0.1859375 0.254 0.1890625 0.262 0.2046875 0.27599999999999997 0.215625 0.27599999999999997 0.2203125 0.272 0.2453125 0.274 0.2421875 0.264 0.228125 0.244 0.2328125 0.236 0.253125 0.22200000000000003 0.271875 0.198 0.2703125 0.182 0.309375 0.178 0.3109375 0.184 0.316875 0.1832 0.3125 0.198 0.31875 0.21600000000000003 0.325 0.22400000000000003 0.325 0.258 0.3421875 0.294 0.3546875 0.312 0.3640625 0.324 0.3765625 0.33199999999999996 0.3875 0.33199999999999996 0.39375 0.33599999999999997 0.415625 0.33599999999999997 0.4515625 0.32599999999999996 0.4796875 0.32599999999999996 0.503125 0.322 0.553125 0.324 0.6125 0.304 0.615625 0.3 0.6140625 0.294 0.625 0.282 0.628125 0.288 0.6546875 0.288 0.6578125 0.284 0.6703125 0.284 0.675 0.27599999999999997 0.6734375 0.258 0.6515625 0.236 0.646875 0.21400000000000002 0.63125 0.194 0.6265625 0.194 0.6203125 0.186 0.6046875 0.176 0.59375 0.176 0.584375 0.16599999999999998 0.5796875 0.16 0.5796875 0.13999999999999999 0.5734375 0.13 0.5265625 0.13 0.521875 0.136 0.503125 0.13799999999999998 0.4984375 0.142 0.4734375 0.144 0.4609375 0.158 0.4453125 0.162 0.4109375 0.158 0.396875 0.146 0.384375 0.144 0.378125 0.13 0.3703125 0.128 0.3359375 0.128 0.321875 0.148 0.3140625 0.148 0.309375 0.154 0.30615234375 0.14875 0.2666015625 0.1525 0.259375 0.152 0.2484375 0.136 0.234375 0.128 0.23125 0.136 0.2421875 0.142 0.24287109375 0.15475 0.2349609375 0.1555 0.2328125 0.152 0.22705078125 0.15625 0.22578125 0.162 0.219140625 0.157 0.21123046875 0.15775 0.2104166671875 0.164666665625 0.20208333281250002 0.157333334375 0.196875 0.142 0.19375 0.15 0.1921875 0.151 0.19541015625 0.15925 0.19375 0.1685 0.1875 0.16 0.1859375 0.16599999999999998 0.1890625 0.16799999999999998 0.1890625 0.172 0.1859375 0.176