3 0.9399065421874999 0.5520625 0.9336915890625 0.558140625 0.9379906546875001 0.56134375 0.9451635515625 0.566765625 0.945630840625 0.5722031249999999 0.95088785 0.57571875 0.97095794375 0.574125 0.9838785046874999 0.571890625 0.9872196265625 0.570609375 0.9881775703125 0.5702812500000001 0.9910280374999999 0.563890625 0.9833878500000001 0.5523906249999999 0.9523364484375 0.548875 0.9504205609374999 0.548875 0.9494626171875 0.5472812499999999 0.9442056078125001 0.549828125 0.9399065421874999 0.5520625
3 0.9217289718749999 0.5766875 0.9244158875 0.575796875 0.9250700937499999 0.57803125 0.9517990656249999 0.575796875 0.9397663546875 0.562828125 0.929088784375 0.5556875 0.9257476640625001 0.565515625 0.9003504671875 0.567296875 0.8996962609375 0.574453125 0.9070327109375 0.5735625 0.9117056078125 0.575796875 0.9217289718749999 0.5766875
1 0.52168224375 0.471140625 0.5091355140625 0.479328125 0.5110046734375 0.482890625 0.5229439250000001 0.482890625 0.5248364484375 0.47721875 0.5326635515625 0.475328125 0.5320560750000001 0.4728125 0.5238785046875 0.46987500000000004 0.52168224375 0.471140625
1 0.6135046734375 0.482828125 0.597056075 0.47143750000000006 0.5712149531249999 0.463984375 0.5659345796874999 0.46948437500000006 0.5894158875 0.473796875 0.6046962609375 0.484 0.6035046734375 0.4851875 0.611144859375 0.486359375 0.6135046734375 0.482828125
1 0.5393224296875 0.47162499999999996 0.5317757015625 0.47640625 0.532616821875 0.4800625 0.5410046734375 0.48034375 0.5422663546875001 0.47893749999999996 0.5498364484375 0.475 0.5468925234374999 0.47134375000000006 0.544369159375 0.46965625 0.5393224296875 0.47162499999999996
1 0.570700934375 0.483 0.574813084375 0.48059375 0.5964953265624999 0.4809375 0.5980373828125 0.47817187499999997 0.5892757015625001 0.47196875 0.5722429906250001 0.47196875 0.5526401875 0.47265625 0.5526401875 0.47645312500000003 0.562943925 0.48231250000000003 0.570700934375 0.483
3 0.5314485984374999 0.42856249999999996 0.5436214953125 0.42659375 0.5528504671875 0.4274375 0.55831775625 0.423796875 0.5595794390625 0.419296875 0.5536915890625 0.416203125 0.5474065421875001 0.413671875 0.5415186921874999 0.41423437500000004 0.5389953265625 0.41507812499999996 0.5385747656250001 0.415640625 0.5297663546875 0.41957812499999997 0.5268224296875 0.424359375 0.527242990625 0.42771875000000004 0.5314485984374999 0.42856249999999996
3 0.5654906546875 0.471890625 0.5670093453125 0.46578125000000004 0.5654906546875 0.462078125 0.5597663546875 0.45990624999999996 0.5534813078124999 0.46003125 0.549672896875 0.4613125 0.5449065421875 0.463484375 0.5439485984375 0.46704687500000003 0.54890186875 0.47406249999999994 0.5532943921875 0.471515625 0.562827103125 0.47201562499999994 0.5654906546875 0.471890625
3 0.5842056078125 0.4245 0.5839485984375 0.42210937499999995 0.5796261687500001 0.41903125 0.5735046734375 0.4175 0.56787383125 0.418359375 0.565327103125 0.419890625 0.5620093453125 0.42228125 0.5622663546875 0.426875 0.5839485984375 0.42807812500000003 0.5839485984375 0.42739062499999997 0.5842056078125 0.4245
1 0.6116355140625 0.469828125 0.608411215625 0.469828125 0.6055373828125 0.47024999999999995 0.602313084375 0.469828125 0.598130840625 0.46939062500000006 0.597172896875 0.47046875000000005 0.59684579375 0.4721875 0.6042523359375 0.47584375 0.6064953265625 0.47584375 0.6087383171875 0.474328125 0.6113084109375 0.47390625000000003 0.6113084109375 0.47240624999999997 0.6122663546875 0.471328125 0.6116355140625 0.469828125
3 0.56345794375 0.42173437500000005 0.565630840625 0.41725 0.5647663546875 0.41442187500000005 0.5641121499999999 0.4126875 0.5600934578125 0.41079687500000006 0.5570794390625 0.41079687500000006 0.553271028125 0.4104375 0.551425234375 0.41079687500000006 0.549813084375 0.411671875 0.547102803125 0.4136875 0.559672896875 0.41928124999999994 0.558574765625 0.422828125 0.56345794375 0.42173437500000005
3 0.5594158874999999 0.435109375 0.5602803734374999 0.432125 0.5604439250000001 0.428546875 0.556658878125 0.428203125 0.543925234375 0.429015625 0.5411682250000001 0.4335 0.543925234375 0.43821875 0.5471962609375 0.44109375 0.5508177562500001 0.442703125 0.5544392515625 0.442359375 0.55684579375 0.44006249999999997 0.5594158874999999 0.435109375