2 0.8192056078125001 0.723140625 0.82609813125 0.71778125 0.8295327109375 0.7047343749999999 0.8410046734375 0.703203125 0.8547897203125 0.69859375 0.853644859375 0.687078125 0.8329906546875 0.6748125 0.73661215 0.647953125 0.722827103125 0.649484375 0.7079205609375 0.667125 0.699883178125 0.677109375 0.6861214953125 0.6893906249999999 0.69184579375 0.703203125 0.690700934375 0.70703125 0.688411215625 0.714703125 0.6872663546875 0.7262187499999999 0.69301401875 0.73465625 0.7079205609375 0.740796875 0.75037383125 0.743859375 0.8077336453124999 0.7469375 0.8203504671875 0.745390625 0.8272429906250001 0.735421875 0.8192056078125001 0.723140625
2 0.40675233593750004 0.5570468749999999 0.4310046734375 0.5523125 0.4380607484375 0.5523125 0.455257009375 0.551640625 0.46434579375 0.550953125 0.46030373906250005 0.5428437500000001 0.4269626171875 0.499609375 0.4178504671875 0.486765625 0.4027102796875 0.47731250000000003 0.39058411249999997 0.47595312500000003 0.38149532656249996 0.48001562499999995 0.38149532656249996 0.48203125 0.3835046734375 0.48473437500000005 0.391588784375 0.49353125000000003 0.38754672968750004 0.5036562499999999 0.37845794375 0.49284375 0.36936915937500003 0.488125 0.351168225 0.48743749999999997 0.345116821875 0.490140625 0.341074765625 0.49284375 0.3420794390625 0.500953125 0.34712616875 0.51446875 0.35521027968749996 0.5273125000000001 0.368341121875 0.542171875 0.373411215625 0.5469062499999999 0.3835046734375 0.567171875 0.38754672968750004 0.571234375 0.39058411249999997 0.574609375 0.3936214953125 0.57325 0.398668225 0.5665 0.40675233593750004 0.5570468749999999
2 0.4809813078125 0.78828125 0.478714953125 0.77959375 0.456144859375 0.772046875 0.4239719625 0.77846875 0.3912383171875 0.799984375 0.330257009375 0.843765625 0.32745327031250004 0.85621875 0.33591121562500004 0.8690625000000001 0.356799065625 0.8735937500000001 0.3748598125 0.8701874999999999 0.41831775625 0.8430156249999999 0.484369159375 0.7939375 0.4809813078125 0.78828125
2 0.6301401875 0.8038125 0.6234813078125 0.76375 0.6118224296875 0.74371875 0.5885280374999999 0.733703125 0.5702102796874999 0.7348125 0.558574765625 0.7459374999999999 0.5618925234375001 0.7693125000000001 0.5752102796874999 0.8194062499999999 0.5885280374999999 0.840546875 0.590186915625 0.840546875 0.6118224296875 0.834984375 0.6301401875 0.8038125
2 0.5622897203125 0.865984375 0.5806074765625 0.8592968750000001 0.5772663546875 0.8537343749999999 0.5722897203125 0.839265625 0.5722897203125 0.828140625 0.5689485984375 0.81478125 0.5689485984375 0.801421875 0.5639719624999999 0.78028125 0.555630840625 0.766921875 0.5389953265625 0.764703125 0.5290186921875 0.7658125 0.5206775703125001 0.7702656250000001 0.5206775703125001 0.7825 0.5206775703125001 0.8003125000000001 0.5206775703125001 0.817015625 0.5273364484374999 0.8303593749999999 0.5389953265625 0.85040625 0.5373364484375001 0.851515625 0.5439953265625 0.8581875 0.5622897203125 0.865984375
2 0.26037383125 0.717640625 0.126658878125 0.731765625 0.130186915625 0.74353125 0.130186915625 0.7458750000000001 0.1336915890625 0.76 0.15481308437500002 0.7623593750000001 0.16184579375000002 0.78353125 0.18296728906249998 0.781171875 0.313130840625 0.7623593750000001 0.3342523359375 0.748234375 0.2990654203125 0.717640625 0.26037383125 0.717640625
2 0.28406542031250004 0.8649531250000001 0.28904205625 0.8671875 0.3140186921875 0.870515625 0.32565420624999997 0.8671875 0.33565420625 0.8616250000000001 0.340630840625 0.853828125 0.342313084375 0.8471562499999999 0.355630840625 0.830453125 0.3755841125 0.8182031249999999 0.3955607484375 0.798171875 0.4005607484375 0.783703125 0.4005607484375 0.775921875 0.39390186875 0.7736875000000001 0.3772663546875 0.7770312500000001 0.3622897203125 0.7859375 0.3489719625 0.79371875 0.3223364484375 0.8081875000000001 0.3090186921875 0.815984375 0.29904205625 0.827109375 0.2907242984375 0.8360156249999999 0.28406542031250004 0.8515937499999999 0.28738317812499997 0.8427031250000001 0.2790654203125 0.8549374999999999 0.28406542031250004 0.8649531250000001
2 0.3044834796875 0.78994140625 0.3075 0.7959906250000001 0.29747663593749996 0.8011171875 0.29970877812499996 0.80571484375 0.297321428125 0.8136015625 0.2874532703125 0.8062437499999999 0.2473598125 0.82675 0.2670093453125 0.8622343750000001 0.2846962609375 0.859609375 0.2949340796875 0.8214882812500001 0.30188376093749997 0.8232968749999999 0.367242990625 0.78075 0.3475934578125 0.775484375 0.3275467296875 0.7857375 0.311645528125 0.76628125 0.352230475 0.63220703125 0.3475934578125 0.6308906249999999 0.354617825 0.6243203125 0.3593925234375 0.608546875 0.257172896875 0.561234375 0.213925234375 0.5756875 0.22474299062499997 0.5822578125 0.21099299062500002 0.597375 0.20411215 0.588828125 0.20509345781250002 0.60625 0.1667523359375 0.607234375 0.1638084109375 0.6164375 0.1608644859375 0.6256406250000001 0.2748598125 0.67690625 0.309258178125 0.7741679687499999 0.3044834796875 0.78994140625
2 0.721869159375 0.60275 0.754813084375 0.6115625 0.8654672890624999 0.540203125 0.8509579437499999 0.51378125 0.8206775703125 0.51378125 0.7179205609375 0.5763281250000001 0.707383178125 0.586015625 0.71661215 0.608921875 0.721869159375 0.60275
2 0.598855140625 0.53253125 0.632686915625 0.47495312500000003 0.5936915890625001 0.4680625 0.57161215 0.50546875 0.546588784375 0.551234375 0.5576401875 0.55171875 0.5914953265625 0.555171875 0.598855140625 0.53253125
2 0.630700934375 0.53565625 0.6347663546875 0.536109375 0.6408644859375 0.540640625 0.6476401875 0.5365624999999999 0.6564485984374999 0.503953125 0.67742990625 0.47406249999999994 0.6733644859375 0.466828125 0.669299065625 0.46184375 0.66184579375 0.458671875 0.6408644859375 0.46048437499999995 0.6313785046875 0.47045312499999997 0.6313785046875 0.474515625 0.601588784375 0.52840625 0.5954906546875 0.5451718750000001 0.6049766359375 0.542453125 0.617172896875 0.5392812499999999 0.630700934375 0.53565625