0 0.393484375 0.2185011703125 0.393328125 0.2080093671875 0.39315625 0.2068149890625 0.38728125 0.19967213125 0.383453125 0.20133489531249998 0.379640625 0.2039578453125 0.379 0.21779859531249998 0.383625 0.2268384078125 0.388234375 0.2259016390625 0.393484375 0.2185011703125
0 0.44665625000000003 0.22744730624999998 0.43959374999999995 0.22627634687499998 0.43801562499999996 0.2270491796875 0.436703125 0.22901639375 0.43304687499999994 0.2329508203125 0.43278125 0.2384309140625 0.43278125 0.2459016390625 0.43304687499999994 0.24747072656250002 0.43696875 0.2514051515625 0.442734375 0.2521779859375 0.448234375 0.242763465625 0.445609375 0.24629976562499997 0.447703125 0.24236533906250002 0.447703125 0.23569086718749999 0.44796874999999997 0.23255269374999998 0.44665625000000003 0.22744730624999998
0 0.9116093749999999 0.6253629984375 0.912234375 0.6201170953124999 0.9114531250000001 0.6160655734375 0.9098593749999999 0.6120374703125 0.906046875 0.610843090625 0.9025624999999999 0.6120374703125 0.9011250000000001 0.6144028109375 0.899390625 0.61775175625 0.9028750000000001 0.628688525 0.9066875 0.6270257609375001 0.9090624999999999 0.6277283375 0.9116093749999999 0.6253629984375
0 0.9760937500000001 0.4866978921875 0.9776562500000001 0.48592505781249995 0.980796875 0.481615925 0.982359375 0.47847775156249994 0.9810625 0.47416861875 0.9797499999999999 0.471803278125 0.9742656249999999 0.4682903984375 0.968515625 0.4694613578125 0.9698125 0.48709601874999997 0.974 0.4886651046875 0.9760937500000001 0.4866978921875
0 0.647328125 0.113395784375 0.6503281249999999 0.1071662765625 0.651046875 0.10007025781250001 0.650765625 0.095995315625 0.6487499999999999 0.09147540937500001 0.6453125 0.0869789234375 0.6423125 0.086323184375 0.637140625 0.0869789234375 0.63328125 0.092763465625 0.632140625 0.1015690859375 0.633 0.10800936718750001 0.636859375 0.1138173296875 0.639734375 0.11489461406249998 0.643171875 0.11447306718750001 0.647328125 0.113395784375
0 0.50215625 0.247939109375 0.50184375 0.24374707187500003 0.5004375 0.23978922656249999 0.497328125 0.2381498828125 0.494078125 0.24002341875000002 0.49175 0.2432786890625 0.49034374999999997 0.2481733015625 0.49143749999999997 0.2544496484375 0.49468750000000006 0.25770491875 0.50075 0.257236534375 0.5010625 0.256323184375 0.501375 0.25304449687499997 0.50215625 0.247939109375
0 0.101515625 0.631615925 0.105484375 0.625667446875 0.1045 0.6152459015625 0.097546875 0.6078220140624999 0.087625 0.6092974234375 0.083640625 0.6197189703125 0.086125 0.6301405156250001 0.087625 0.631615925 0.09506250000000001 0.6345901640625 0.101515625 0.631615925
0 0.98178125 0.9031381734374999 0.9786250000000001 0.898852459375 0.9737031249999999 0.894332553125 0.97178125 0.8942154562500001 0.969515625 0.895667446875 0.969140625 0.8979625296875 0.969359375 0.8990632312500001 0.9702500000000001 0.9013817328125 0.97221875 0.9055737703125001 0.9737031249999999 0.908875878125 0.975171875 0.909859484375 0.977 0.908875878125 0.9820781249999999 0.9055737703125001 0.98178125 0.9031381734374999
0 0.10582812500000001 0.6335128812499999 0.11126562499999999 0.6403981265625001 0.11971875000000001 0.6403981265625001 0.12225 0.6360655734375 0.125140625 0.6286416859374999 0.124171875 0.619227165625 0.122 0.6123653390625 0.11862500000000001 0.6105386421875 0.1133125 0.6098360656249999 0.11090625000000001 0.6109133484375 0.107640625 0.61290398125 0.1064375 0.6165105390625001 0.106078125 0.6196018734375001 0.10523437499999999 0.627564403125 0.10582812500000001 0.6335128812499999
0 0.196953125 0.8901873531250001 0.192578125 0.894988290625 0.193453125 0.901756440625 0.194765625 0.9054566749999999 0.19709375 0.9048009374999999 0.20001562499999997 0.9039344265624999 0.20321875 0.8965105390625 0.20146875 0.8901873531250001 0.196953125 0.8901873531250001
0 0.5893125 0.11128805625 0.5928125 0.1099063234375 0.596984375 0.1034660421875 0.5971093749999999 0.09899297500000001 0.5959375 0.093723653125 0.5935937499999999 0.0886416859375 0.590859375 0.0866978921875 0.587609375 0.0866978921875 0.583453125 0.0874707265625 0.5800625 0.09274004687500001 0.579546875 0.1028805625 0.5815 0.1081498828125 0.583703125 0.1101170953125 0.5893125 0.11128805625
0 0.20453125 0.8997892265624999 0.20520312500000001 0.9040749421875001 0.206828125 0.906908665625 0.20859375 0.906908665625 0.211046875 0.906908665625 0.212953125 0.905292740625 0.214984375 0.9056908671875 0.216484375 0.905292740625 0.217015625 0.9012177984375 0.217015625 0.8971428578125 0.21634375 0.8942857140625 0.214578125 0.892459015625 0.21171875 0.892459015625 0.21023437500000003 0.8930679156249999 0.207515625 0.8944964875 0.20601562499999998 0.8959250578125 0.20520312500000001 0.8973536296875 0.20453125 0.8997892265624999