2 0.715140625 0.4090833328125 0.7063125 0.4110416671875 0.688984375 0.4181041671875 0.684578125 0.41652083281249996 0.68221875 0.42750000000000005 0.685453125 0.4341666671875 0.69603125 0.4431666671875 0.708078125 0.4648958328125 0.712203125 0.47037500000000004 0.721890625 0.4782083328125 0.7289375 0.4989791671875 0.7327656250000001 0.50525 0.736 0.5017083328124999 0.74715625 0.5322708328125 0.755390625 0.5365833328125 0.74540625 0.5009375 0.747453125 0.5001458328124999 0.753328125 0.4915208328125 0.7562656249999999 0.4919166671875 0.757734375 0.49387499999999995 0.758921875 0.4989791671875 0.75509375 0.5091666671875 0.7562656249999999 0.5126875 0.7665625 0.50525 0.7683125000000001 0.5075833328125 0.774484375 0.5189583328125 0.777140625 0.5146458328125 0.760390625 0.49035416718749997 0.764796875 0.4840833328125 0.7624375 0.4786041671875 0.758328125 0.4844791671875 0.7515625 0.4852708328125 0.7418750000000001 0.47389583281250003 0.7345312500000001 0.46566666718749994 0.730703125 0.4547083328125 0.7221875 0.4445208328125 0.7051406250000001 0.4182708328125 0.70396875 0.4181041671875 0.71190625 0.41574999999999995 0.715140625 0.4090833328125
2 0.628 0.4568125 0.629 0.4451875 0.633484375 0.4378958328125 0.633484375 0.4196458328125 0.6272656249999999 0.4196458328125 0.6285000000000001 0.43093750000000003 0.62353125 0.45481249999999995 0.6175625 0.4889791671875 0.618046875 0.50225 0.621046875 0.5015833328125 0.626765625 0.5025833328125 0.63721875 0.45183333281250004 0.6369687500000001 0.4485208328125 0.63546875 0.44818749999999996 0.628 0.4568125
2 0.697734375 0.3919375 0.70625 0.3931041671875 0.6763281250000001 0.3709791671875 0.672625 0.3663125 0.67196875 0.37854166718750004 0.68440625 0.3855416671875 0.689875 0.3907708328125 0.697734375 0.3919375
2 0.614234375 0.4652083328125 0.6216406250000001 0.4471666671875 0.62675 0.42843749999999997 0.630078125 0.41550000000000004 0.6208750000000001 0.40016666718750005 0.61653125 0.40356249999999994 0.6116875 0.41550000000000004 0.608875 0.4257083328125 0.6058125000000001 0.441375 0.60734375 0.4577291671875 0.61040625 0.468625 0.614234375 0.4652083328125
2 0.49696875 0.48227083281249994 0.49935937499999994 0.4954375 0.505140625 0.4917916671875 0.511609375 0.4840833328125 0.49595312500000005 0.4609166671875 0.49153125 0.4618333328125 0.49696875 0.48227083281249994
2 0.567171875 0.39631249999999996 0.5756875 0.40864583281250005 0.567171875 0.4122083328125 0.549390625 0.42358333281249994 0.5374531250000001 0.4339791671875 0.545984375 0.4453333328125 0.562046875 0.45766666718750004 0.56546875 0.46125 0.573984375 0.46677083281250004 0.5749531250000001 0.4599375 0.587625 0.46579166718750004 0.586640625 0.4690416671875 0.573984375 0.47487500000000005 0.568875 0.4794166671875 0.587625 0.478125 0.60053125 0.478125 0.604671875 0.47552083281249996 0.606375 0.46643749999999995 0.610515625 0.46968750000000004 0.6095312500000001 0.46287500000000004 0.6071093750000001 0.4560416671875 0.606125 0.4414375 0.6071093750000001 0.43656249999999996 0.604421875 0.43656249999999996 0.601265625 0.42747916718749995 0.605390625 0.4265 0.608078125 0.43104166718750003 0.6097812499999999 0.4252083328125 0.6095312500000001 0.4219583328125 0.604421875 0.418375 0.597609375 0.409625 0.59346875 0.4105833328125 0.588359375 0.4060416671875 0.582265625 0.4002083328125 0.5764218750000001 0.387875 0.573984375 0.3881875 0.570578125 0.39177083281249997 0.567171875 0.39631249999999996
2 0.612765625 0.4147083328125 0.6037656250000001 0.3981458328125 0.59621875 0.3939375 0.5898749999999999 0.3939375 0.585984375 0.39327083281249997 0.58403125 0.39425 0.585015625 0.4030208328125 0.590609375 0.402375 0.60740625 0.42054166718749997 0.610828125 0.4218541671875 0.612765625 0.4147083328125
2 0.536171875 0.4810625 0.535171875 0.4784166671875 0.5273749999999999 0.47141666718749997 0.5258125 0.4719791671875 0.525671875 0.480875 0.536171875 0.4810625
2 0.7089531250000001 0.4803125 0.711765625 0.4882291671875 0.718953125 0.4961458328125 0.721765625 0.4907291671875 0.7167656250000001 0.4811458328125 0.708015625 0.4728125 0.7089531250000001 0.4803125
2 0.743953125 0.43335416718750003 0.7346250000000001 0.41979166718750005 0.743109375 0.42543749999999997 0.7507343750000001 0.41979166718750005 0.743109375 0.41639583281250003 0.725296875 0.41187500000000005 0.719359375 0.41979166718750005 0.715125 0.44014583281249997 0.72275 0.4457916671875 0.7244531249999999 0.4491875 0.749046875 0.45258333281249996 0.749046875 0.45483333281249994 0.7507343750000001 0.4480625 0.743953125 0.43335416718750003
2 0.30509375 0.4957708328125 0.3169375 0.4995625 0.312203125 0.5166041671875 0.35246875 0.5039791671875 0.34440624999999997 0.4850416671875 0.362890625 0.4963958328125 0.378515625 0.4888125 0.37140625 0.47429166718750004 0.37520312499999997 0.4635625 0.36478125 0.4667083328125 0.369046875 0.4648125 0.324984375 0.4806041671875 0.308890625 0.4667083328125 0.315984375 0.4894583328125 0.30509375 0.4957708328125
2 0.45796875000000004 0.5993541671875 0.43765625 0.5906041671875 0.422640625 0.5881041671875 0.413265625 0.5889375 0.399203125 0.6056041671875 0.397328125 0.6064375 0.40295312499999997 0.6131041671874999 0.422953125 0.5985208328125 0.45703125 0.6018541671875 0.45796875000000004 0.5993541671875
2 0.5050625 0.44352083281250004 0.49976562500000005 0.40716666718749994 0.497390625 0.4064583328125 0.494203125 0.4068125 0.50109375 0.44175000000000003 0.5153749999999999 0.4787916671875 0.5164375 0.46185416718749994 0.51034375 0.45375 0.5050625 0.44352083281250004
2 0.3890625 0.39791666718749996 0.3859375 0.40208333281249997 0.38125 0.40208333281249997 0.38125 0.3947916671875 0.371875 0.3958333328125 0.3765625 0.40208333281249997 0.3765625 0.42291666718750004 0.365625 0.42291666718750004 0.3609375 0.4322916671875 0.353125 0.43809523749999996 0.353125 0.44166666718750003 0.3265625 0.44166666718750003 0.321875 0.4479166671875 0.321875 0.4625 0.3278645828125 0.4704861109375 0.3296875 0.46875 0.334375 0.4791666671875 0.3390625 0.4770833328125 0.33984375 0.48645833281249995 0.3578125 0.5104166671875 0.353125 0.5166666671875 0.353125 0.53125 0.3734375 0.5520833328125 0.3828125 0.5520833328125 0.3859375 0.5479166671875 0.3875 0.5354166671875 0.3828125 0.525 0.3859375 0.5208333328125 0.3953125 0.5208333328125 0.4 0.5125 0.4 0.5041666671875 0.41875 0.5 0.4234375 0.50625 0.446875 0.50625 0.4526041671875 0.5020833328125 0.45625 0.5291666671875 0.459375 0.5333333328125 0.46875 0.5333333328125 0.478125 0.5166666671875 0.4828125 0.5166666671875 0.4875 0.5083333328124999 0.4875 0.5 0.48125 0.4895833328125 0.503125 0.4625 0.5109375 0.47291666718750003 0.51875 0.47291666718750003 0.5234375 0.4791666671875 0.5265625 0.47291666718750003 0.5328125 0.4770833328125 0.5359375 0.475 0.5421875 0.4458333328125 0.5390625 0.43333333281249997 0.5421875 0.4291666671875 0.5390625 0.425 0.53125 0.425 0.53125 0.4125 0.54375 0.3958333328125 0.5515625 0.39791666718749996 0.5625 0.4145833328125 0.56875 0.3958333328125 0.5734375 0.3895833328125 0.578125 0.3895833328125 0.58125 0.38333333281250004 0.5859375 0.38125 0.5859375 0.39375 0.575 0.41041666718750003 0.5984375 0.3958333328125 0.6078125 0.40208333281249997 0.6171875 0.3875 0.621875 0.3875 0.625 0.3916666671875 0.6221875 0.39375 0.6234375 0.3958333328125 0.6203125 0.40208333281249997 0.6296875 0.4166666671875 0.628125 0.43333333281249997 0.634375 0.4458333328125 0.6421875 0.4479166671875 0.6296875 0.4895833328125 0.6296875 0.49583333281249997 0.634375 0.5020833328125 0.6453125 0.5020833328125 0.6546875 0.48541666718750004 0.6609375 0.4875 0.6625 0.5020833328125 0.6671875 0.5083333328124999 0.671875 0.5270833328125 0.6765625 0.5333333328125 0.6859375 0.5333333328125 0.696875 0.51875 0.7015625 0.525 0.70625 0.525 0.7078125 0.5375 0.7125 0.54375 0.721875 0.54375 0.7265625 0.5354166671875 0.740625 0.55 0.771875 0.55 0.775 0.5458333328125 0.7765625 0.5166666671875 0.7671875 0.5083333328124999 0.7625 0.5083333328124999 0.7625 0.49375 0.7640625 0.4875 0.7703125 0.48333333281249996 0.771875 0.47083333281249995 0.7671875 0.4625 0.7625 0.4625 0.75625 0.45 0.75625 0.4458333328125 0.7625 0.4458333328125 0.7671875 0.4375 0.765625 0.425 0.75625 0.4166666671875 0.7625 0.3958333328125 0.7625 0.3875 0.7578125 0.3791666671875 0.7484375 0.3791666671875 0.73125 0.35625 0.721875 0.35625 0.706640625 0.38125 0.674453125 0.38125 0.671875 0.3850378796875 0.66640625 0.38125 0.6578125 0.36666666718749996 0.6578125 0.3583333328125 0.6625 0.35 0.6609375 0.3375 0.6578125 0.3333333328125 0.6484375 0.3333333328125 0.64375 0.3375 0.64375 0.3291666671875 0.6390625 0.32083333281250004 0.6203125 0.3229166671875 0.615625 0.3291666671875 0.5953125 0.3333333328125 0.590625 0.3395833328125 0.5890625 0.35 0.5729745375 0.349074075 0.5671875 0.3458333328125 0.5625 0.3375 0.5568865734374999 0.3481481484375 0.5488425921875 0.3476851859375 0.546875 0.3458333328125 0.553125 0.3375 0.5407986109375 0.34722222343750003 0.39600694375 0.33888888906250003 0.3859375 0.33125 0.3879629625 0.338425925 0.37991898125 0.3379629625 0.3765625 0.33125 0.371875 0.3375 0.385526315625 0.3486842109375 0.3826754390625 0.3527558484375 0.390625 0.3720833328125 0.3890625 0.39791666718749996