2 0.8411506281250001 0.6799999999999999 0.856903765625 0.668234375 0.8884100421875001 0.661171875 0.9104602515625 0.661171875 0.916757321875 0.6188281250000001 0.9010041843750001 0.59059375 0.815941421875 0.578828125 0.7623849375 0.6094062499999999 0.7655439328125 0.675296875 0.768702928125 0.677640625 0.781297071875 0.68940625 0.8285564859375001 0.701171875 0.8474476984375 0.701171875 0.8411506281250001 0.6799999999999999
2 0.91991631875 0.8117656249999999 0.91991631875 0.7929375000000001 0.897866109375 0.778828125 0.8379916312500001 0.7670625 0.8128033468750001 0.774125 0.8033472796875 0.78353125 0.7875941421875 0.797640625 0.778138075 0.83059375 0.7907531375 0.8588281249999999 0.8632008375 0.8823593750000001 0.8758158999999999 0.8682343749999999 0.8947071125000001 0.85646875 0.91991631875 0.8117656249999999
2 0.67694560625 0.53290625 0.6708159 0.56953125 0.7206066953125 0.60271875 0.7619665265625 0.61815625 0.7619665265625 0.611859375 0.7619665265625 0.6015625 0.7627405859375 0.57353125 0.7566108781249999 0.537484375 0.7397489546875 0.504875 0.7282635984375 0.50715625 0.6899581593749999 0.515171875 0.67694560625 0.53290625
2 0.506234309375 0.605515625 0.5278870296875 0.606140625 0.5420292890625 0.592453125 0.5570292890624999 0.583125 0.612803346875 0.5974375000000001 0.628619246875 0.5719375 0.6086401671874999 0.562609375 0.5736610875 0.552046875 0.49958159062499996 0.562609375 0.500418409375 0.57940625 0.506234309375 0.605515625
2 0.5780125515625001 0.6585 0.58299163125 0.6697031250000001 0.612133890625 0.68896875 0.6304602515625 0.679640625 0.659581590625 0.66659375 0.67790795 0.663484375 0.7411715484375 0.6622343749999999 0.740334728125 0.6373593750000001 0.7278451890625 0.6255468750000001 0.7012133890625 0.619328125 0.6529288703125 0.610625 0.6013179921875 0.6118750000000001 0.5805020921875 0.6224375 0.574665271875 0.62928125 0.5780125515625001 0.6585
2 0.521610878125 0.6117343749999999 0.5222594140625 0.6315937500000001 0.534581590625 0.635953125 0.5741422593750001 0.6311093750000001 0.583242678125 0.6194843750000001 0.6305857734375 0.61221875 0.627343096875 0.59671875 0.5806485359375 0.581703125 0.5546861921875 0.58509375 0.5507949796875 0.585578125 0.5235564859374999 0.60640625 0.521610878125 0.6117343749999999
2 0.9545606687499999 0.677640625 0.9293723843749999 0.6729375 0.8947071125000001 0.66353125 0.8537447703125001 0.665875 0.83485355625 0.701171875 0.8285564859375001 0.7105937499999999 0.8379916312500001 0.7129375 0.8852510453125 0.7694062500000001 0.9671757328125 0.748234375 0.979769875 0.72940625 0.9545606687499999 0.677640625
2 0.7875941421875 0.571765625 0.913619246875 0.597640625 0.9104602515625 0.668234375 0.9640167359375 0.6799999999999999 0.9829288703125 0.72940625 1 0.74353125 0.9955230125 0.7388281250000001 0.9986610875 0.515296875 0.8947071125000001 0.4729375 0.8379916312500001 0.46587500000000004 0.7434937234375 0.5270625 0.7875941421875 0.571765625
2 0.6553138078125 0.481328125 0.7069246859375 0.462671875 0.7069246859375 0.40298437500000006 0.6861087859375 0.394890625 0.6569665265625 0.415421875 0.6369874484375 0.444640625 0.6553138078125 0.481328125
2 0.4689470015625 0.6651927078125001 0.4731155453125 0.670875 0.47111575937500005 0.6738229171875 0.47667149374999995 0.67834375 0.47328451875 0.682453125 0.48022744375000004 0.6858125 0.475453278125 0.6910833328125 0.48378339375 0.69328125 0.4776220359375 0.6997135421875 0.487339340625 0.70075 0.47979079531249996 0.7083437499999999 0.490895290625 0.70821875 0.49445123906250005 0.7156875 0.48340306875000005 0.7169739578125001 0.487015340625 0.7256041671875 0.4980071890625 0.72315625 0.502541840625 0.734234375 0.49062761562499996 0.734234375 0.52289883125 0.7754375 0.5975737578125 0.93228125 0.6054602515624999 0.938140625 0.6011297078125 0.9397500000000001 0.5902928875 0.965640625 0.6076150625000001 1 0.7181380749999999 0.999625 0.7333054390625 0.9850625000000001 0.7267991625 0.9705 0.7679707109375 0.9559374999999999 0.78746861875 0.9251875 0.78746861875 0.91225 0.8047907953125 0.9009218750000001 0.8091213390625001 0.879875 0.7744560671875 0.847515625 0.7267991625 0.841046875 0.698619246875 0.847515625 0.681297071875 0.8588437499999999 0.5193428812499999 0.76796875 0.5051190859375 0.73809375 0.5577824265625 0.718046875 0.5816317984375 0.688921875 0.58596234375 0.6549375000000001 0.5837866109375 0.6403749999999999 0.5274476984375001 0.63875 0.5101255234375001 0.643609375 0.4624476984375 0.6484687499999999 0.46955959687500004 0.66340625 0.4689470015625 0.6651927078125001
2 0.7194769875 0.178390625 0.65700836875 0.119125 0.5945397484375 0.09390625 0.5709205015625 0.0964375 0.5607740578125 0.10778125000000001 0.5506485359375 0.120390625 0.5692259421875 0.14560937499999999 0.5827405859375 0.156953125 0.6603974890625001 0.19353125 0.704288703125 0.23009374999999999 0.704288703125 0.21370312500000002 0.7245397484375 0.199828125 0.7194769875 0.178390625
2 0.7015481171875 0.7946875 0.8307112968749999 0.7688125 0.8590794984375 0.7405781250000001 0.811820084375 0.75234375 0.8023640171875 0.679390625 0.7235983265625 0.667640625 0.6416945609375 0.686453125 0.6101882843750001 0.72175 0.6920920500000001 0.8088124999999999 0.64485355625 0.757046875 0.688953975 0.799390625 0.7015481171875 0.7946875
2 0.6960669453125 0.267984375 0.6960669453125 0.263859375 0.7049163187499999 0.253109375 0.7049163187499999 0.23162500000000003 0.6849999999999999 0.21675 0.642949790625 0.1903125 0.573242678125 0.150640625 0.5566527203125 0.152296875 0.5267782421875 0.174609375 0.5267782421875 0.18121875 0.5334100421875 0.18121875 0.5444769875000001 0.18865625 0.566610878125 0.195265625 0.5798744765625 0.214265625 0.58209205 0.228328125 0.5898326359375 0.23493750000000002 0.6064435140625 0.226671875 0.6252510453125 0.22996875 0.6418410046874999 0.24484374999999997 0.6484937234375 0.267984375 0.6617573218749999 0.27542187500000004 0.6739330546875 0.27459375 0.6838912140625 0.26964062499999997 0.6960669453125 0.267984375
2 0.23849372343750003 0.1796875 0.246861925 0.1734375 0.25523012500000003 0.171875 0.2656903765625 0.165625 0.276150628125 0.1546875 0.276150628125 0.1453125 0.30543933125 0.1515625 0.322501765625 0.160653409375 0.30543933125 0.175 0.31380753125 0.1796875 0.3242677828125 0.178125 0.347280334375 0.1822916671875 0.3566266359375 0.1788352265625 0.3577405859375 0.18411458281249998 0.3682008375 0.1859375 0.3702928875 0.184375 0.38222029062499996 0.19247159062500002 0.37705181875 0.20288461562500001 0.36610878593749996 0.203125 0.3619246859375 0.2078125 0.3619246859375 0.2171875 0.3682008375 0.221875 0.3723849375 0.221875 0.39330543906250004 0.234375 0.41004184062500004 0.234375 0.4163179921875 0.228125 0.41684100468749996 0.21953125 0.424876378125 0.2151988640625 0.5101885562499999 0.26065340937500003 0.519127315625 0.26160714218750003 0.5209205015625 0.2703125 0.5125523015625 0.2765625 0.5083682015625001 0.3140625 0.5083682015625001 0.33125 0.5188284515625 0.3390625 0.5209205015625 0.359375 0.5062761499999999 0.36875 0.49372385 0.3828125 0.49581590000000003 0.4171875 0.4832635984375 0.428125 0.47907949843750003 0.4390625 0.47071129687499996 0.4359375 0.4497907953125 0.4359375 0.43933054374999997 0.4421875 0.4184100421875 0.4484375 0.41004184062500004 0.45625 0.40794979062500003 0.475 0.39330543906250004 0.48125 0.3807531375 0.4921875 0.3786610875 0.5109375 0.34937238437499996 0.5109375 0.336820084375 0.5203125 0.336820084375 0.5328125 0.347280334375 0.540625 0.39330543906250004 0.5421875 0.39121338906249997 0.56875 0.3828451890625 0.5765625 0.3807531375 0.584375 0.3807531375 0.6125 0.41004184062500004 0.6484375 0.43096234375 0.65625 0.464435146875 0.65625 0.464435146875 0.6484375 0.5083682015625001 0.6453125 0.5198744765625001 0.6421875 0.5300494484375 0.644034090625 0.6108786609375 0.6890625 0.6066945609375 0.6984375 0.6066945609375 0.7078125 0.6108786609375 0.7125 0.6192468625 0.7125 0.6443514640625 0.6859375 0.662831240625 0.683984375 0.6652719671875 0.68125 0.6736401671875 0.6796875 0.6736401671875 0.68203125 0.6799163187499999 0.678125 0.68444909375 0.680078125 0.6861924687500001 0.6765625 0.69246861875 0.675 0.6952580187499999 0.678125 0.6987447703125 0.6734375 0.7050209203125 0.6734375 0.7060669453124999 0.676171875 0.7133891218749999 0.6703125 0.7175732218750001 0.6703125 0.716875871875 0.67421875 0.727684796875 0.672265625 0.7280334734375 0.66875 0.757322175 0.6703125 0.7635983265624999 0.665625 0.7712691781250001 0.6682291671875 0.8249651312499999 0.7083333328125 0.8352859140625 0.7086458328125 0.838912134375 0.7140625 0.8326359828125 0.7140625 0.81171548125 0.740625 0.8138075312499999 0.753125 0.8347280328125001 0.7479166671875 0.8326359828125 0.76875 0.839958159375 0.7609375 0.845188284375 0.76875 0.8828451890625001 0.77578125 0.8849372390625 0.7703125 0.8956963531250001 0.767633928125 0.8953974890625 0.778125 0.9184100421875 0.7921875 0.9205020921875 0.8 0.9246861921875 0.803125 0.93723849375 0.803125 0.94351464375 0.796875 0.9518828453125 0.79375 0.9581589953125 0.8 0.9644351468749999 0.8140625 0.972803346875 0.8203125 0.9874476984375 0.8203125 0.99372385 0.8140625 0.9979079499999999 0.7921875 0.9979079499999999 0.74375 0.9874476984375 0.734375 0.9769874484375001 0.734375 0.9686192468750001 0.746875 0.9602510453124999 0.7515625 0.9064554687499999 0.7649553578125 0.8791841 0.76328125 0.8446652718750001 0.72109375 0.84002789375 0.7016666671875 0.972803346875 0.50625 0.99372385 0.5140625 0.9979079499999999 0.5125 0.9602510453124999 0.5 0.9979079499999999 0.44375 0.9979079499999999 0.39375 0.99372385 0.3875 0.9832635984375001 0.3796875 0.9581589953125 0.3796875 0.9456066953125 0.3828125 0.93723849375 0.3875 0.9288702921875001 0.3875 0.9225941421874999 0.390625 0.899581590625 0.40625 0.8870292890625 0.4203125 0.8661087859375 0.41875 0.838912134375 0.4296875 0.8326359828125 0.4296875 0.8305439328125 0.428125 0.836820084375 0.4125 0.838912134375 0.3921875 0.81799163125 0.3625 0.81799163125 0.3453125 0.774058578125 0.3203125 0.7594142265625 0.3203125 0.7405857734375 0.3109375 0.6757322171875 0.3109375 0.648535565625 0.2703125 0.6422594140625 0.246875 0.6317991625 0.2359375 0.6234309625 0.2296875 0.6129707109375 0.228125 0.6046025109375 0.228125 0.589958159375 0.2359375 0.5815899578125 0.234375 0.5836820078125 0.2296875 0.5794979078125 0.2140625 0.56485355625 0.1953125 0.5439330546875001 0.1890625 0.5209205015625 0.190625 0.5125523015625 0.184375 0.5188284515625 0.18125 0.5271966531250001 0.16875 0.529288703125 0.140625 0.5209205015625 0.128125 0.5104602515625001 0.121875 0.472803346875 0.1203125 0.462343096875 0.125 0.4518828453125 0.134375 0.4456066953125 0.1546875 0.43514644375 0.1515625 0.41004184062500004 0.1515625 0.401673640625 0.1578125 0.3577405859375 0.1328125 0.3577405859375 0.1203125 0.3535564859375 0.1171875 0.3326359828125 0.1171875 0.30962343125 0.1375 0.275453278125 0.140625 0.27196652656250003 0.1390625 0.2640632265625 0.1416666671875 0.252673175 0.1427083328125 0.2615062765625 0.1328125 0.2343096234375 0.1328125 0.2412831234375 0.14375 0.22989307343749998 0.1447916671875 0.217573221875 0.1390625 0.21850302031250002 0.1458333328125 0.2071129703125 0.146875 0.2029288703125 0.153125 0.2029288703125 0.1703125 0.217573221875 0.18125 0.23849372343750003 0.1796875