1 0.738015625 0.362127659375 0.7298125 0.37853427968750003 0.726578125 0.38565011875 0.725125 0.4069267140625 0.727171875 0.4229078015625 0.7377343749999999 0.414042553125 0.748 0.3745390078125 0.755625 0.34659574531250004 0.755625 0.33373522499999997 0.7518125 0.33860520156249996 0.738015625 0.362127659375
1 0.4491875 0.426099290625 0.45092187499999997 0.4278487 0.45440625 0.42638297812500003 0.4615625 0.421702128125 0.46485937499999996 0.4026713953125 0.465625 0.3950591015625 0.46098437499999995 0.356430259375 0.457703125 0.349692671875 0.44706250000000003 0.3435461 0.44260937499999997 0.34822695000000004 0.444546875 0.3529078015625 0.44609375 0.3792671390625 0.44609375 0.4067848703125 0.44803125 0.42141843906250004 0.4491875 0.426099290625
1 0.49720312499999997 0.42427895937500004 0.503234375 0.4185815609375 0.503984375 0.4294089828125 0.5085 0.4391016546875 0.521671875 0.4265484640625 0.527703125 0.43510638281249997 0.53184375 0.4345390078125 0.54840625 0.4020567375 0.549546875 0.4106146578125 0.536359375 0.42884160781249997 0.533734375 0.44479905468750003 0.535609375 0.4465011828125 0.544640625 0.4436406625 0.54840625 0.4334042546875 0.5514218750000001 0.4316784875 0.5570625 0.4208747046875 0.551796875 0.4032151296875 0.5540625 0.3513711578125 0.541640625 0.339976359375 0.520546875 0.3473758859375 0.5152812499999999 0.3587706859375 0.489671875 0.41174940937500004 0.49720312499999997 0.42427895937500004
0 0 0.8190780140625 0.0143125 0.8085342796875 0.023609375 0.801796690625 0.027468749999999997 0.7947754140625001 0.021671875 0.7883215125 0.014703125000000001 0.7883215125 0.00503125 0.7909692671874999 0 0.80004728125 0 0.8079432625 0 0.8190780140625
0 0 0.8813002359375 0.058578125 0.9041607562499999 0.15726562500000002 0.88368794375 0.22970312499999998 0.87406619375 0.22332812500000002 0.8584160750000001 0.209 0.8511820328124999 0.20660937499999998 0.828297871875 0.197859375 0.8114420796875 0.18751562500000002 0.8150591015625 0.184328125 0.8186761234375 0.175359375 0.8204964531250001 0.1660625 0.816477540625 0.152765625 0.82 0.14910937500000002 0.8270212765625 0.142796875 0.8169739953124999 0.137484375 0.812458628125 0.13282812500000002 0.8149645390625 0.12784374999999998 0.8074231671875 0.12251562499999999 0.8069267140624999 0.11387499999999999 0.8119385343750001 0.11056250000000001 0.8109456265625001 0.10225 0.795862884375 0.098265625 0.7857919625 0.0969375 0.7852955078125 0.079984375 0.7963593375 0.075 0.8018912531250001 0.070015625 0.79434988125 0.05971875 0.7868085109375 0.04309375 0.7953427890625 0.040765625 0.7993853421875 0.0268125 0.7953427890625 0.019828125 0.8043971624999999 0.014000000000000002 0.8126477546875 0 0.819881796875 0 0.8813002359375
0 0.32237499999999997 0.9074704484374999 0.313609375 0.89751773125 0.3086875 0.8867612296875 0.30212500000000003 0.8734988171875001 0.28021875 0.881796690625 0.26709375 0.8743262406250001 0.24518749999999997 0.8660520093749999 0.22985937500000003 0.878486996875 0.226578125 0.877659575 0.215078125 0.8834515359375 0.20084375 0.8826241140625 0.184421875 0.8950354609375 0.17840625000000002 0.8925531921875001 0.15321875000000001 0.9 0.145015625 0.898345153125 0.122015625 0.9082978718750001 0.11271875 0.9091252953125 0.09684374999999999 0.9132624109374999 0.08534375 0.9265248234374999 0.09465625 0.932316784375 0.1888125 0.9571631203125 0.32237499999999997 0.9074704484374999
3 0.37603125 0.869929078125 0.375421875 0.8694562640625 0.373296875 0.865768321875 0.368109375 0.8602600468749999 0.361109375 0.8597872343749999 0.35471875 0.8630023640625 0.351984375 0.8690070921874999 0.348625 0.8791252953124999 0.35167187499999997 0.885579196875 0.36720312499999996 0.8828132390625001 0.37025 0.8865011828125 0.37603125 0.869929078125
3 0.34976562499999997 0.87565011875 0.3490625 0.8652009453125 0.340953125 0.8529314421875 0.33142187500000003 0.8522222218750001 0.326421875 0.8554609921875 0.32237499999999997 0.8612293140625 0.31975 0.8709692671875 0.326421875 0.8778014187500001 0.33190624999999996 0.8738534281250001 0.348109375 0.8785342796875 0.34976562499999997 0.87565011875
3 0.372765625 0.8642316781250001 0.37365624999999997 0.8639479906249999 0.374015625 0.8636879437499999 0.375796875 0.8599054374999999 0.379171875 0.8545153671874999 0.379890625 0.8453664296875001 0.379 0.84238770625 0.376328125 0.8396926718750001 0.369921875 0.8383451531249999 0.363859375 0.8410401890625 0.35603125 0.8628841609375 0.362078125 0.860189125 0.367953125 0.8604491718749999 0.372765625 0.8642316781250001
1 0.712359375 0.38770685625 0.7084374999999999 0.412269503125 0.710125 0.4114184390625 0.7224375000000001 0.400401890625 0.7230000000000001 0.412269503125 0.726359375 0.41482269531249993 0.7291562500000001 0.42413711562499995 0.737 0.4207565015625 0.7403593749999999 0.41650118281250004 0.745390625 0.42921985781250005 0.75603125 0.41905437343749996 0.75715625 0.41820330937500005 0.760515625 0.3936406625 0.7633125 0.38770685625 0.766671875 0.39957446874999997 0.77115625 0.400401890625 0.7756406250000001 0.41650118281250004 0.78571875 0.412269503125 0.789640625 0.406335696875 0.795796875 0.36144207968750003 0.79746875 0.33602836875 0.7969062499999999 0.3207801421875 0.7924375 0.305531915625 0.7817968750000001 0.29959810937500003 0.752671875 0.291962175 0.7482031250000001 0.291962175 0.738671875 0.28349881718750003 0.725796875 0.281796690625 0.7073125 0.340260046875 0.70340625 0.372458628125 0.706765625 0.3851536640625 0.712359375 0.38770685625
1 0.198921875 0.42560283749999994 0.19134374999999998 0.44144207968750004 0.17970312500000002 0.47581560312500004 0.181453125 0.50751773125 0.18378125 0.5163356968749999 0.189015625 0.5207328609374999 0.19134374999999998 0.521607565625 0.196 0.5145626484375 0.1995 0.5092907796875 0.205328125 0.49342789531250003 0.2123125 0.46434988125 0.20881249999999998 0.50751773125 0.20823437500000003 0.5251300234375 0.20881249999999998 0.533947990625 0.21056249999999999 0.5383451531250001 0.21696875000000002 0.5418676125 0.221046875 0.540118203125 0.228609375 0.5286524828125 0.232109375 0.50751773125 0.2326875 0.4907801421875 0.23384375 0.4766903078125 0.23384375 0.45817966875 0.23093750000000002 0.4449645390625 0.228609375 0.4388179671875 0.22453125 0.4308747046875 0.221046875 0.4185342796875 0.21871875 0.40886524843750005 0.21696875000000002 0.40004728125 0.21346875 0.40092198593750006 0.21056249999999999 0.4026950359375 0.21056249999999999 0.414137115625 0.20590625 0.42118203281250005 0.198921875 0.42560283749999994
1 0.32390625 0.40517730468749996 0.32090625 0.425531915625 0.32015625000000003 0.437966903125 0.32090625 0.448156028125 0.32315625 0.4526713953125 0.33137500000000003 0.4391016546875 0.332125 0.45718676093750005 0.332859375 0.46510638281250005 0.336609375 0.46962175000000006 0.34034375 0.46397163125 0.3470625 0.4583215125 0.352296875 0.47640661875 0.35678125 0.48205673750000005 0.36425 0.4752718671875 0.3665 0.4673758859375 0.37171875 0.4809219859375 0.37396875 0.484326240625 0.378453125 0.47981087499999997 0.38068749999999996 0.4730260046875 0.385171875 0.46510638281250005 0.39190625 0.471891253125 0.397125 0.466241134375 0.40012499999999995 0.4221513 0.394140625 0.38822695 0.385171875 0.373522459375 0.38068749999999996 0.37014184375000003 0.379203125 0.3656028375 0.359015625 0.37125295468749997 0.350796875 0.373522459375 0.344078125 0.37465721093750004 0.329125 0.3904728125 0.32390625 0.40517730468749996
1 0.960796875 0.291938534375 0.9569531250000001 0.31229314375 0.9592656249999999 0.3454137109375 0.96425 0.37796690312500003 0.9688593750000001 0.3913238765625 0.97346875 0.40295508281250003 0.9769375 0.4110874703125 0.9807656250000001 0.41515366406250004 0.98615625 0.41049645312500005 0.98615625 0.40061465781249994 0.9876875 0.39770685625 0.993828125 0.41456264843749996 0.996140625 0.42271867656250006 0.999984375 0.42271867656250006 0.999984375 0.3297163125 0.999984375 0.2791489359375 0.996515625 0.27858156093750003 0.98615625 0.27858156093750003 0.9761562500000001 0.27858156093750003 0.9700156249999999 0.279739953125 0.960796875 0.291938534375
1 0.2550625 0.4926713953125 0.25701953125 0.481022459375 0.266315971875 0.484436565625 0.26446875 0.4950591015625 0.2669548609375 0.49646177968750005 0.26759374999999996 0.508486996875 0.270734375 0.5266430265625 0.27646875 0.5329787234375 0.284296875 0.5187470453125 0.2876953125 0.5029550828125 0.2832604171875 0.49427107968749995 0.29109375000000004 0.48716312031250003 0.2665546875 0.4828132390625 0.2656770828125 0.47241134687499997 0.268640625 0.4705673765625 0.26503819375000004 0.46038612968750003 0.27472916718749996 0.4618754921875 0.28690625000000003 0.44449172499999995 0.285875 0.426335696875 0.270203125 0.3970921984375 0.26184375000000004 0.38841607499999997 0.2624826390625 0.4122852640625 0.25296875 0.40934988125 0.24409375 0.41843971562500004 0.238875 0.4452955078125 0.237828125 0.46976359375000004 0.239921875 0.49583924375 0.24567187499999998 0.5100709218749999 0.2550625 0.4926713953125
1 0.3055625 0.49094562656249996 0.30281250000000004 0.507588653125 0.3041875 0.520070921875 0.31243750000000003 0.5211111109375001 0.3234375 0.507588653125 0.3413125 0.47846335624999997 0.33375 0.46806146562500006 0.329625 0.4410165484375 0.321375 0.45349881718749996 0.32206250000000003 0.44309692656250005 0.324125 0.40252955156250003 0.315875 0.379645390625 0.307625 0.3713002359375 0.3035 0.3713002359375 0.304875 0.383806146875 0.304875 0.3994089828125 0.28975 0.4212529546875 0.285625 0.4472576828125 0.267046875 0.47222222187499996 0.264296875 0.49718676093749997 0.264984375 0.5055082750000001 0.269796875 0.5086288421875 0.29112499999999997 0.4888652484375 0.31725 0.4212529546875 0.315875 0.431654846875 0.31037499999999996 0.47014184375 0.3055625 0.49094562656249996
1 0.882765625 0.3211347515625 0.8812656249999999 0.3324349875 0.8760312499999999 0.348250590625 0.8760312499999999 0.358439715625 0.873046875 0.37200945625 0.8700625000000001 0.382174940625 0.8693125 0.3912293140625 0.8700625000000001 0.40817966875 0.8745312500000001 0.41158392499999996 0.8797656249999999 0.410449171875 0.882015625 0.4149645390625 0.88575 0.4172340421875 0.89471875 0.4149645390625 0.9014374999999999 0.4149645390625 0.90890625 0.4047990546875 0.9171250000000001 0.40591016562500004 0.9216093750000001 0.40252955156250003 0.930578125 0.3991489359375 0.931328125 0.39801418437499997 0.9380468750000001 0.37765957499999997 0.9395468749999999 0.37765957499999997 0.9447812499999999 0.3765248234375 0.95225 0.37200945625 0.953 0.358439715625 0.950015625 0.34486997656249996 0.94253125 0.3290307328125 0.9395468749999999 0.3165957453125 0.9365625 0.30191489374999997 0.920125 0.2747754140625 0.899203125 0.278156028125 0.887234375 0.3030496453125 0.882015625 0.3165957453125 0.882765625 0.3211347515625
1 0.602796875 0.284491725 0.59584375 0.2828841609375 0.588875 0.28368794375 0.58565625 0.2869267140625 0.582984375 0.2926004734375 0.581375 0.29747044843750003 0.579234375 0.3007092203125 0.5749375 0.29747044843750003 0.573328125 0.2990780140625 0.569046875 0.31042553125 0.5685156250000001 0.3209692671875 0.5663750000000001 0.332316784375 0.565296875 0.33962175 0.5604843749999999 0.346099290625 0.557796875 0.3493380609375 0.554578125 0.35583924375 0.55190625 0.36799054375 0.55190625 0.3825768328125 0.549765625 0.39555555625 0.549765625 0.40527186718749997 0.55296875 0.41501182031250006 0.55671875 0.42229314375 0.55940625 0.4312056734375 0.565828125 0.43203309687499997 0.5706562500000001 0.4312056734375 0.5786875 0.43851063906250004 0.582984375 0.441749409375 0.58940625 0.4368794328125 0.5904843750000001 0.42877068593749995 0.5840468750000001 0.41661938593750003 0.582984375 0.4125768328125 0.582984375 0.402033096875 0.58459375 0.399598109375 0.5936874999999999 0.41418439687499997 0.59690625 0.42392434999999995 0.59959375 0.425531915625 0.6011875 0.4206855796875 0.60334375 0.3906855796875 0.6049375 0.3890543734375 0.609234375 0.3842080375 0.612453125 0.37203309687499997 0.612453125 0.35825059062500003 0.610296875 0.3509692671875 0.612984375 0.3469030734375 0.6145937499999999 0.346099290625 0.615125 0.346099290625 0.615125 0.35014184375 0.617796875 0.317730496875 0.61084375 0.29583924375000004 0.6060156250000001 0.28773049687499996 0.602796875 0.284491725
1 0.7966875 0.32910165468749997 0.799015625 0.3405673765625 0.7949375 0.361702128125 0.79378125 0.3828368796875 0.791453125 0.39252955156249997 0.787953125 0.4092671390625 0.787953125 0.419834515625 0.7949375 0.41808510625000006 0.8077500000000001 0.40661938593749997 0.80834375 0.40839243437499995 0.80834375 0.419834515625 0.8130000000000001 0.4295271875 0.8217343749999999 0.421607565625 0.8345312500000001 0.39957446874999997 0.8362812500000001 0.40222222187499995 0.8386093750000001 0.40839243437499995 0.8391875000000001 0.41456264843749996 0.8438593750000001 0.4171867609375 0.8508437499999999 0.413664303125 0.854328125 0.4013475171875 0.85840625 0.3863593375 0.86015625 0.380189125 0.8653906250000001 0.37226950312499996 0.87121875 0.366099290625 0.8747031249999999 0.3573049640625 0.8752968750000001 0.342316784375 0.8752968750000001 0.331749409375 0.8723750000000001 0.3211820328125 0.8683125 0.3070921984375 0.86015625 0.29387706874999997 0.8426875 0.28770685625 0.833375 0.2929787234375 0.828125 0.295626478125 0.8205625 0.290354609375 0.8071718750000001 0.3053191484375 0.8019375 0.31501182031249997 0.79553125 0.3238297875 0.7966875 0.32910165468749997
1 0.620859375 0.34101654843749996 0.61228125 0.35605200937500003 0.61046875 0.381985815625 0.6041562500000001 0.3881323875 0.600546875 0.398392434375 0.6172500000000001 0.38472813281249996 0.61228125 0.396335696875 0.61228125 0.40385342812499997 0.616796875 0.4106855796875 0.629421875 0.4079432625 0.64521875 0.37789598125 0.64296875 0.3949645390625 0.648828125 0.40042553124999997 0.6614687499999999 0.394278959375 0.6700468749999999 0.375862884375 0.671859375 0.34716312031249996 0.66553125 0.33555555625 0.651546875 0.3226004734375 0.641609375 0.31780141875 0.6384531250000001 0.32054373593749996 0.629421875 0.3287470453125 0.6325937500000001 0.3273758859375 0.629421875 0.32940898281250003 0.620859375 0.34101654843749996
3 0.40774999999999995 0.8734042546874999 0.39484375 0.8792198578124999 0.390171875 0.8896217500000001 0.38742187499999997 0.9 0.39128124999999997 0.903758865625 0.397875 0.909976359375 0.3986875 0.9149645390625001 0.414625 0.9120567375 0.41709375 0.9120567375 0.419015625 0.8867139484375001 0.416828125 0.8771631203125001 0.41379687499999995 0.8750827421875 0.40774999999999995 0.8734042546874999
3 0.430171875 0.8606146578124999 0.430171875 0.8510638296874999 0.426875 0.8356264781249999 0.41937499999999994 0.831560284375 0.402875 0.843806146875 0.399875 0.8565248234375 0.40796875000000005 0.872411346875 0.417578125 0.8765011828124999 0.430171875 0.8606146578124999
3 0.49107812500000003 0.9116784875 0.50925 0.9076359343749999 0.531703125 0.8866193859375 0.547734375 0.8728605203124999 0.5466562500000001 0.8558865250000001 0.5215468750000001 0.8486052015625001 0.5044375 0.8486052015625001 0.47826562499999997 0.8381087468749999 0.467578125 0.8348699765625 0.43978124999999996 0.8445626484375 0.424828125 0.851843971875 0.432296875 0.859929078125 0.4189375 0.8793380609374999 0.41840625 0.8947044921874999 0.420546875 0.9230023640624999 0.42215625 0.9149172578125 0.446203125 0.9181323875 0.457421875 0.9181323875 0.46596875000000004 0.906004728125 0.49107812500000003 0.9116784875