1 0.845109375 0.24762499999999998 0.835546875 0.25187499999999996 0.828375 0.2571875 0.8227968750000001 0.2635833328125 0.819609375 0.27527083281250003 0.81721875 0.2816458328125 0.816421875 0.2901458328125 0.816421875 0.2986458328125 0.8204062499999999 0.30822916718750004 0.8275781249999999 0.3188541671875 0.835546875 0.32947916718750003 0.8443125 0.3369166671875 0.8507031250000001 0.3369166671875 0.860265625 0.3284166671875 0.8618593750000001 0.3220416671875 0.8698281250000001 0.3135416671875 0.8801875000000001 0.3135416671875 0.8897656250000001 0.3209791671875 0.894546875 0.32629166718749997 0.90171875 0.3369166671875 0.904109375 0.3369166671875 0.90490625 0.3273541671875 0.90171875 0.3220416671875 0.89375 0.30502083281250003 0.88578125 0.28377083281250004 0.882578125 0.2688958328125 0.8777968749999999 0.254 0.8730156250000001 0.24125000000000002 0.8730156250000001 0.23381249999999998 0.87221875 0.226375 0.8690312499999999 0.22425 0.8618593750000001 0.2285 0.8546875 0.24125000000000002 0.8515 0.2455 0.845109375 0.24762499999999998
1 0.80934375 0.31875 0.8112187499999999 0.3419791671875 0.816828125 0.3785 0.8193125 0.38514583281250003 0.8205625 0.3876458328125 0.82928125 0.3934583328125 0.83675 0.39095833281250003 0.833625 0.3561041671875 0.8236718749999999 0.3245416671875 0.814328125 0.3145833328125 0.804375 0.2847083328125 0.800015625 0.2888541671875 0.803125 0.3004791671875 0.80934375 0.31875
1 0.8577656250000001 0.4298541671875 0.865828125 0.4396458328125 0.8775625 0.4396458328125 0.8944375000000001 0.45627083281249997 0.897375 0.4543125 0.90178125 0.4220416671875 0.910578125 0.4210625 0.897375 0.3809583328125 0.8885781250000001 0.3682291671875 0.8775625 0.35943749999999997 0.865828125 0.37312500000000004 0.842359375 0.38975 0.8386875 0.40443749999999995 0.839421875 0.4034583328125 0.851890625 0.4249791671875 0.8577656250000001 0.4298541671875
3 0.405109375 0.7617083328125 0.473703125 0.7597291671875 0.539296875 0.75575 0.618328125 0.7537708328125 0.701828125 0.7537708328125 0.8032187499999999 0.7398541671875 0.8926875000000001 0.7298958328125 0.8837343750000001 0.5728541671875 0.777875 0.5132083328125 0.74209375 0.4058541671875 0.674984375 0.3223541671875 0.64815625 0.2965 0.6198125 0.2607291671875 0.587015625 0.22891666718749998 0.581046875 0.19710416718749998 0.54825 0.1891458328125 0.5407968750000001 0.2229375 0.530359375 0.23885416718750002 0.505015625 0.2507708328125 0.49159375 0.21897916718750002 0.46028125 0.2229375 0.43790625 0.2507708328125 0.409578125 0.2825833328125 0.394671875 0.25675 0.360375 0.21897916718750002 0.320125 0.24481250000000002 0.28731249999999997 0.19710416718749998 0.2455625 0.19710416718749998 0.21575000000000003 0.23885416718750002 0.200828125 0.27860416718750003 0.206796875 0.360125 0.22170312499999997 0.401875 0.19337500000000002 0.42770833281250004 0.191890625 0.4933333328125 0.2053125 0.5151875 0.179953125 0.5509791671875 0.185921875 0.5927291671875 0.22767187500000002 0.6285208328125 0.2053125 0.6444166671875 0.185921875 0.7259375 0.22767187500000002 0.7458125 0.30371875 0.7597291671875 0.405109375 0.7617083328125
3 0.840078125 0.5039583328125 0.845875 0.5162291671875 0.851203125 0.52525 0.8647500000000001 0.5323541671875 0.8783125 0.5310625 0.8933125000000001 0.5278333328125 0.9010624999999999 0.5207291671875 0.905890625 0.5007291671874999 0.907828125 0.48266666718750006 0.902515625 0.4607291671875 0.8918593749999999 0.4503958328125 0.87928125 0.4387708328125 0.8666874999999999 0.4413541671875 0.84975 0.45104166718750005 0.8405625000000001 0.46781249999999996 0.838140625 0.4749166671875 0.8371718749999999 0.48783333281249996 0.840078125 0.5039583328125
1 0.742078125 0.3154375 0.759015625 0.3174166671875 0.7634218749999999 0.3223125 0.782203125 0.2953125 0.79471875 0.2624375 0.79803125 0.2585 0.79140625 0.2344583328125 0.777046875 0.22512500000000002 0.766375 0.25212500000000004 0.74796875 0.2742083328125 0.740609375 0.2938541671875 0.742078125 0.3154375
1 0.9081875 0.5002291671875 0.9241875 0.5055625 0.932984375 0.518375 0.93978125 0.5333125 0.967796875 0.5253125 0.9685937499999999 0.5237083328125001 0.9613906249999999 0.5093125 0.9605937499999999 0.4959583328125 0.9557968750000001 0.48422916718750003 0.94059375 0.4671666671875 0.9305937500000001 0.44741666718750006 0.9213906250000001 0.4202291671875 0.90378125 0.4212916671875 0.8981875 0.45435416718750005 0.898578125 0.45435416718750005 0.906578125 0.4799583328125 0.9081875 0.5002291671875
1 0.9784843750000001 0.386 0.9692812500000001 0.4074583328125 0.965828125 0.4254791671875 0.9770468749999999 0.4446666671875 0.9993281250000001 0.4561666671875 1 0.37066666718749997 0.9876875 0.3745 0.9784843750000001 0.386
1 0.94978125 0.36764583281249996 0.9595625 0.36833333281249997 0.965234375 0.375875 0.9688281249999999 0.381375 0.979125 0.3861875 0.9955937499999999 0.3717708328125 1 0.3662708328125 0.9997187500000001 0.34568750000000004 0.994578125 0.3161666671875 0.992 0.3093125 0.9817031249999999 0.3045 0.961109375 0.3250833328125 0.94978125 0.3395 0.948234375 0.3614583328125 0.94978125 0.36764583281249996
1 0.9588281249999999 0.5010833328125 0.964046875 0.5167291671875 0.975359375 0.5248541671875 0.9983906250000001 0.5236875000000001 1 0.45006250000000003 0.99753125 0.4483333328125 0.9897031249999999 0.46108333281249997 0.974921875 0.46687500000000004 0.9636093750000001 0.4831041671875 0.9588281249999999 0.5010833328125
1 0.952171875 0.3703541671875 0.935171875 0.3456458328125 0.9341406250000001 0.3380833328125 0.9341406250000001 0.3291666671875 0.9392968749999999 0.318875 0.932609375 0.316125 0.931578125 0.31475 0.907890625 0.3380833328125 0.931578125 0.3998541671875 0.9429062500000001 0.3820208328125 0.952171875 0.3703541671875
1 0.918359375 0.4019583328125 0.908640625 0.41574999999999995 0.920796875 0.4246666671875 0.9268750000000001 0.4335833328125 0.9420781249999999 0.46762499999999996 0.9603125 0.4951875 0.9682187499999999 0.4765416671875 0.986453125 0.46518750000000003 0.97915625 0.44897916718750003 0.9584843749999999 0.4125 0.960921875 0.3825208328125 0.9590937500000001 0.36872916718750004 0.9293125 0.3914375 0.918359375 0.4019583328125
1 0.833390625 0.3540625 0.835625 0.39508333281249997 0.84178125 0.4025416671875 0.8552031250000001 0.3838958328125 0.8764687500000001 0.3622708328125 0.8803750000000001 0.3592916671875 0.9044375 0.3943541671875 0.907234375 0.4144791671875 0.9167500000000001 0.3995625 0.927375 0.3853958328125 0.906109375 0.3369166671875 0.8803750000000001 0.3122916671875 0.868625 0.3130416671875 0.8574375 0.3309375 0.8462500000000001 0.3398958328125 0.84009375 0.34362499999999996 0.833390625 0.3540625
1 0.790328125 0.3212291671875 0.789671875 0.3388541671875 0.791640625 0.3670416671875 0.799578125 0.3749583328125 0.8074999999999999 0.3837708328125 0.808828125 0.37847916718749997 0.808171875 0.3555833328125 0.8042031250000001 0.32475 0.799578125 0.286875 0.793625 0.2912708328125 0.7909843750000001 0.3044791671875 0.790328125 0.3212291671875
1 0.814890625 0.3087083328125 0.824265625 0.33160416718749997 0.83675 0.3430416671875 0.842984375 0.3399166671875 0.822703125 0.312875 0.80865625 0.2827083328125 0.8078749999999999 0.2931041671875 0.8125625 0.3024791671875 0.814890625 0.3087083328125
1 0.8953125 0.3104166671875 0.9078125 0.3291666671875 0.9125 0.32083333281250004 0.9125 0.3104166671875 0.9078125 0.3020833328125 0.90625 0.2666666671875 0.903125 0.2520833328125 0.8984375 0.24375 0.88125 0.24583333281250003 0.878125 0.25 0.878125 0.25625 0.8859375 0.2854166671875 0.8953125 0.3104166671875