2 0.7599843749999999 0.5301162796875001 0.77103125 0.5627906984375 0.815890625 0.6208430234375 0.8503437500000001 0.6474418609375 0.8574999999999999 0.6027034890625 0.78534375 0.5059302328124999 0.786640625 0.51197674375 0.773640625 0.49625 0.7599843749999999 0.5301162796875001
2 0.711359375 0.684011628125 0.811109375 0.6579941859375 0.817171875 0.6432558140625 0.8129687499999999 0.617238371875 0.804125 0.6120348843750001 0.782203125 0.6137790703125 0.710421875 0.6328488375 0.7071562499999999 0.6345930234375 0.7025 0.660610465625 0.711359375 0.684011628125
2 0.739859375 0.57412790625 0.756296875 0.538837209375 0.7689375 0.498837209375 0.794234375 0.49412790624999997 0.76009375 0.45177325625 0.7385937499999999 0.47058139531250004 0.7132968749999999 0.527063953125 0.6968593750000001 0.5694186046875 0.698125 0.57412790625 0.715828125 0.6164825578124999 0.739859375 0.57412790625
2 0.819234375 0.6583720937499999 0.7633125 0.6716569765625 0.709359375 0.6861918609375001 0.702203125 0.714011628125 0.709359375 0.745436046875 0.72821875 0.745436046875 0.722359375 0.7502906984375 0.79778125 0.7224709296875 0.81728125 0.7091569765625 0.8205312499999999 0.670465115625 0.819234375 0.6583720937499999
2 0.9286406250000001 0.6244186046875 0.894578125 0.61267441875 0.85671875 0.6173837203125 0.857984375 0.64787790625 0.8668125 0.66197674375 0.948828125 0.6807558140625 0.953875 0.65962209375 0.9450468750000001 0.636162790625 0.9286406250000001 0.6244186046875
2 0.638015625 0.2588953484375 0.641875 0.26287790625 0.651734375 0.25808139531249996 0.671046875 0.24372092968749998 0.6916249999999999 0.2221802328125 0.68434375 0.18787790625 0.6658906250000001 0.203837209375 0.6525937500000001 0.21979651093750002 0.638015625 0.24613372031249997 0.638875 0.24531976718749998 0.636734375 0.253313953125 0.638015625 0.2588953484375
2 0.7518281250000001 0.0801162796875 0.7542187499999999 0.06232558125 0.760203125 0.0434011625 0.755421875 0.025581395312499998 0.74884375 0.0211337203125 0.738671875 0.026715115625 0.73209375 0.044505814062499996 0.73328125 0.0422965109375 0.74046875 0.054534884375 0.7518281250000001 0.0801162796875
2 0.820125 0.74177325625 0.8705937499999999 0.7629069765625001 0.902140625 0.7629069765625001 0.908453125 0.7464825578125 0.8882656250000001 0.7370930234374999 0.85671875 0.7159593015625 0.82265625 0.699534884375 0.821390625 0.69482558125 0.813828125 0.7277034890625 0.820125 0.74177325625
2 0.73090625 0.4822965109375 0.740921875 0.46677325625000005 0.760953125 0.44970930156250005 0.73175 0.403139534375 0.705875 0.403139534375 0.700875 0.44194767500000004 0.73090625 0.4822965109375
2 0.7446875000000001 0.5595058140625 0.739171875 0.5830523249999999 0.7446875000000001 0.599447675 0.7677968749999999 0.6209593015625 0.786515625 0.6188953484375 0.801375 0.6096511625 0.7793593750000001 0.5737790703125001 0.759 0.5451162796875 0.759 0.5461918609375 0.755140625 0.5451744187500001 0.7446875000000001 0.5595058140625
2 0.67396875 0.2387209296875 0.66846875 0.326802325 0.67121875 0.3615988375 0.677828125 0.38517441875 0.6932343750000001 0.39232558125 0.6981875 0.383110465625 0.70259375 0.355465115625 0.70425 0.3186046515625 0.70259375 0.2407558140625 0.689375 0.23052325625 0.680578125 0.23462209375 0.67396875 0.2387209296875
2 0.644015625 0.3304941859375 0.651140625 0.3629941859375 0.6621406249999999 0.3822674421875 0.664078125 0.3665988375 0.66084375 0.336511628125 0.6634375 0.3280813953125 0.6705625000000001 0.307587209375 0.671203125 0.2786918609375 0.666671875 0.25462209375 0.659546875 0.25822674375 0.6453125 0.2678488375 0.640140625 0.2859302328125 0.637546875 0.2883430234375 0.637546875 0.2991569765625 0.644015625 0.3304941859375
2 0.865859375 0.045988371875 0.866203125 0.0245058140625 0.8539843749999999 0.023255814062499998 0.8495625 0.023255814062499998 0.850921875 0.054186046875000005 0.8532968750000001 0.08892441875 0.8522812500000001 0.10598837187500001 0.8532968750000001 0.11168604687499999 0.8565781250000001 0.1972965109375 0.880734375 0.195552325 0.876390625 0.14956395312499998 0.8716250000000001 0.124302325 0.8692500000000001 0.095261628125 0.8682343749999999 0.07125000000000001 0.865859375 0.045988371875
2 0.596875 0.29360465156250004 0.609375 0.334302325 0.6265625 0.43313953437499997 0.6453125 0.494186046875 0.653125 0.558139534375 0.65625 0.6162790703125001 0.6625 0.6482558140625 0.66875 0.7063953484375001 0.68125 0.75 0.6953125 0.776162790625 0.7203125 0.7994186046875 0.7828125 0.7994186046875 0.790625 0.8255813953125 0.8078125 0.8430232562500001 0.8234375 0.8459302328125 0.8359375 0.8575581390625 0.8578125 0.8575581390625 0.865625 0.8517441859374999 0.8765625 0.828488371875 0.878125 0.7994186046875 0.8734375 0.7790697671875 0.875 0.7732558140625 0.9 0.7674418609375 0.9109375 0.7587209296874999 0.921875 0.7703488375 0.9375 0.7703488375 0.9453125 0.764534884375 0.9546875 0.744186046875 0.965625 0.7412790703125001 0.98125 0.7296511625 0.9953125 0.7063953484375001 0.9984375 0.6976744187499999 0.959375 0.67587209375 0.9595982140625001 0.6528239218749999 0.9984375 0.59302325625 0.996875 0.5872093015625001 0.984375 0.5639534890625 0.9765625 0.5552325578125 0.9640625 0.5494186046875 0.95625 0.5348837203125 0.9359375 0.514534884375 0.90625 0.5087209296874999 0.890625 0.5174418609375 0.8734375 0.45348837187499996 0.8515625 0.40116279062500004 0.8390625 0.3779069765625 0.821875 0.36337209375 0.834375 0.2063953484375 0.853125 0.22093023281250002 0.875 0.22093023281250002 0.896875 0.20058139531250002 0.9046875 0.1860465109375 0.9125 0.1598837203125 0.915625 0.130813953125 0.9125 0.07267441875 0.8984375 0.026162790624999998 0.8890625 0.005813953125 0.8484375 0.0029069765625 0.809375 0.0087209296875 0.79375 0.0029069765625 0.653125 0.0029069765625 0.6125 0.023255814062499998 0.609375 0.031976743749999995 0.590625 0.055232557812500006 0.58125 0.0755813953125 0.578125 0.0872093015625 0.578125 0.119186046875 0.5828125 0.22093023281250002 0.596875 0.29360465156250004