0 0.5876406249999999 0.48235416718749996 0.5876406249999999 0.5247083328125 0.614125 0.5529375 0.6388281250000001 0.534125 0.6670625 0.5623541671875001 0.70940625 0.5717708328125 0.7376406249999999 0.545875 0.7341249999999999 0.49412500000000004 0.711171875 0.4611666671875 0.71646875 0.385875 0.681171875 0.374125 0.64940625 0.40941666718749997 0.64940625 0.4 0.63353125 0.37647916718749996 0.601765625 0.3811666671875 0.57353125 0.4235208328125 0.5876406249999999 0.48235416718749996
0 0.636515625 0.5695416671875 0.6480937499999999 0.5691875 0.647046875 0.5811041671875 0.6575624999999999 0.6442291671875 0.677546875 0.6203958328125 0.6765 0.5839166671875 0.6728125 0.5663958328125 0.662296875 0.5551666671875 0.6525624999999999 0.5586770828125001 0.649140625 0.5572708328125 0.6428281250000001 0.5621875000000001 0.63915625 0.5495625000000001 0.6296875 0.5467500000000001 0.6191718749999999 0.5523541671875 0.61021875 0.5600833328125 0.60390625 0.572 0.5975937499999999 0.5839166671875 0.60759375 0.5972395828125 0.60075 0.6042500000000001 0.636515625 0.5695416671875
0 0.552109375 0.2592291671875 0.5568906250000001 0.2514375 0.56034375 0.244375 0.560078125 0.23162500000000003 0.54628125 0.2302291671875 0.5375156249999999 0.23304166718750002 0.532484375 0.2394166671875 0.530359375 0.2482708328125 0.531421875 0.2606458328125 0.53328125 0.2684166671875 0.536453125 0.2758541671875 0.548140625 0.27691666718749997 0.552109375 0.2592291671875
0 0.5474218750000001 0.3256875 0.54375 0.3379583328125 0.54375 0.34875 0.5470625 0.35808333281250004 0.5529531249999999 0.35612499999999997 0.556625 0.35710416718750004 0.564890625 0.3602083328125 0.5743750000000001 0.35350000000000004 0.5810625 0.33639583281249996 0.576609375 0.3245 0.5757656250000001 0.32275 0.5702499999999999 0.3178333328125 0.562890625 0.3168541671875 0.557 0.3163541671875 0.5474218750000001 0.3256875
0 0.5715312499999999 0.24693749999999998 0.5604375 0.2457291671875 0.553546875 0.2553333328125 0.5499375 0.2645208328125 0.550546875 0.27731249999999996 0.5583437499999999 0.27810416718750003 0.56553125 0.28291666718749997 0.570921875 0.28570833281249997 0.575421875 0.27770833281249996 0.581125 0.2665208328125 0.579015625 0.2577291671875 0.5715312499999999 0.24693749999999998
0 0.515953125 0.244375 0.5057343750000001 0.24762499999999998 0.50134375 0.2580208328125 0.5001249999999999 0.2645208328125 0.5001249999999999 0.27360416718749997 0.52934375 0.2703541671875 0.530078125 0.2628958328125 0.526421875 0.25216666718749997 0.5237499999999999 0.24925000000000003 0.515953125 0.244375
0 0.5418125 0.30120833281250003 0.54896875 0.3035833328125 0.5525625 0.308375 0.56153125 0.30120833281250003 0.565109375 0.30120833281250003 0.56690625 0.28925 0.5633125 0.28925 0.559734375 0.2820833328125 0.5525625 0.2796875 0.54359375 0.2772916671875 0.53284375 0.2820833328125 0.53284375 0.2844791671875 0.53284375 0.2940208328125 0.5418125 0.30120833281250003
0 0.503859375 0.3153125 0.519328125 0.3187291671875 0.5335 0.29812500000000003 0.524484375 0.27749999999999997 0.5 0.29125 0.479375 0.2723541671875 0.4729375 0.3187291671875 0.503859375 0.3153125
0 0.603515625 0.2825625 0.5546875 0.27995833281250004 0.572265625 0.3294375 0.623046875 0.2929791671875 0.609375 0.2981875 0.62109375 0.2669375 0.609375 0.2539166671875 0.5703125 0.2669375 0.603515625 0.2825625
0 0.31640625 0.25910416718749996 0.296875 0.2669375 0.283203125 0.28777083281250004 0.314453125 0.31902083281250004 0.33203125 0.3164166671875 0.3359375 0.2773541671875 0.337890625 0.2825625 0.33203125 0.25910416718749996 0.31640625 0.25910416718749996
0 0.7365 0.6558541671875 0.767109375 0.6572708328125 0.788234375 0.6305208328125 0.7808437500000001 0.5896874999999999 0.772390625 0.5545 0.72065625 0.5587083328125 0.71009375 0.5826458328124999 0.6932031249999999 0.6079791671875 0.71009375 0.5967291671875 0.717484375 0.6361458328125 0.7365 0.6558541671875
3 0.807 0.1437291671875 0.8243281250000001 0.1563958328125 0.837765625 0.1467083328125 0.850625 0.13925 0.8539843749999999 0.1213541671875 0.855109375 0.1086666671875 0.85621875 0.0982291671875 0.85565625 0.0840416671875 0.85175 0.0736041671875 0.842234375 0.0668958328125 0.83328125 0.06837499999999999 0.8204218750000001 0.0788333328125 0.813140625 0.09077083281250001 0.809234375 0.0959791671875 0.796921875 0.09672916718749999 0.786296875 0.1026875 0.74825 0.1273125 0.74321875 0.1355208328125 0.746015625 0.1511875 0.752734375 0.1489375 0.7711875 0.1347708328125 0.7846093749999999 0.13327083281250002 0.79915625 0.14297916718749998 0.807 0.1437291671875
3 0.92465625 0.6029166671875 0.942015625 0.5997291671875 0.9454218750000001 0.5929166671874999 0.9454218750000001 0.5752083328125 0.9403124999999999 0.5529791671875001 0.922953125 0.5484375 0.90115625 0.5420833328125 0.8895781250000001 0.5434375 0.880046875 0.5507083328125 0.87084375 0.5743125 0.8711874999999999 0.5951875 0.873921875 0.6092708328125 0.8752812499999999 0.6124375 0.883453125 0.6188125 0.8977499999999999 0.6269791671875 0.9147812500000001 0.627875 0.899796875 0.6092708328125 0.9008125 0.6047291671874999 0.92465625 0.6029166671875
3 0.978 0.47437500000000005 0.97271875 0.44795833281249997 0.9997031249999999 0.43939583281249994 1 0.42404166718749997 0.9949843749999999 0.417 0.985546875 0.40818750000000004 0.9766718750000001 0.4036458328125 0.96309375 0.4046666671875 0.952515625 0.40843749999999995 0.9430781250000001 0.41725 0.9392968749999999 0.42454166718749997 0.9329218750000001 0.4375625 0.935859375 0.4659583328125 0.94796875 0.4777083328125 0.9502499999999999 0.4721041671875 0.95571875 0.4683333328125 0.978 0.47437500000000005
3 0.9561875000000001 0.65225 0.9256718749999999 0.6341666671875 0.8832656249999999 0.6466041671875 0.84765625 0.6047708328125 0.845109375 0.5912083328125 0.8408749999999999 0.5629375 0.8264531249999999 0.5595416671875 0.80865625 0.5685833328125 0.800171875 0.5934583328125 0.812890625 0.5912083328125 0.8095000000000001 0.6149375 0.8171250000000001 0.6285208328125 0.821375 0.6511250000000001 0.8357812499999999 0.6816458328125 0.882421875 0.6906875 0.9002343749999999 0.700875 0.9282031249999999 0.7144375000000001 0.9756875 0.7121666671875 0.989265625 0.7133125 0.9994375 0.7302708328125 1 0.6477291671875001 0.962125 0.6579166671875 0.9561875000000001 0.65225
3 0.3053125 0.5816250000000001 0.30803125 0.5744166671875 0.321234375 0.57125 0.32259375 0.5603958328124999 0.33987500000000004 0.5613125 0.34190624999999997 0.5504583328125 0.33715625 0.5382708328125 0.33140625 0.5260833328125 0.32496875 0.5202083328125 0.31446874999999996 0.5193125000000001 0.302265625 0.525625 0.29481250000000003 0.5323958328125 0.290078125 0.5369166671875 0.289734375 0.5450416671875 0.29109375000000004 0.563125 0.30125 0.579375 0.3053125 0.5816250000000001
3 0.88003125 0.5320833328125001 0.8883281249999999 0.5406666671875 0.897546875 0.5332916671875 0.924265625 0.53575 0.931640625 0.5247083328125 0.9371562499999999 0.5136458328125 0.9399218749999999 0.5025833328125 0.9399218749999999 0.4915208328125 0.938078125 0.4866041671875 0.928875 0.48783333281249996 0.9076718749999999 0.47925000000000006 0.8883281249999999 0.4780208328125 0.886484375 0.4767916671875 0.8809531249999999 0.485375 0.87634375 0.5001249999999999 0.875421875 0.5136458328125 0.88003125 0.5320833328125001
3 0.272953125 0.49974999999999997 0.278625 0.4963125 0.2915 0.4935625 0.28840625000000003 0.4846458328125 0.28325 0.47983333281249996 0.272453125 0.47366666718749995 0.26471875 0.4729791671875 0.25596874999999997 0.47572916718749997 0.24876562500000002 0.48258333281250004 0.244640625 0.495625 0.2461875 0.5086666671875 0.252890625 0.5189583328125 0.26368749999999996 0.5223958328125 0.2765625 0.5196458328125 0.278109375 0.5121041671875 0.27604687499999997 0.5100416671875 0.272953125 0.49974999999999997
3 0.274265625 0.4605 0.28765625 0.44427083281249996 0.295203125 0.4290208328125 0.288640625 0.4143958328125 0.28254687500000003 0.4143958328125 0.275 0.4150625 0.26453125 0.4189583328125 0.256484375 0.4306458328125 0.255515625 0.45175 0.258203125 0.46408333281249997 0.26428124999999997 0.47024999999999995 0.26453125 0.47024999999999995 0.26745312499999996 0.4682916671875 0.274265625 0.4605
3 0.2248125 0.4839166671875 0.2248125 0.4943333328125 0.22448437499999999 0.49839583281250005 0.23534375000000002 0.5074583328125 0.242140625 0.5074583328125 0.24384375 0.5015625 0.24689062499999997 0.48752083281249997 0.252328125 0.4775625 0.25571875 0.4703125 0.254703125 0.46262499999999995 0.24792187499999999 0.4576458328125 0.24451562500000001 0.4540208328125 0.2356875 0.4576458328125 0.23059375000000001 0.46624999999999994 0.226171875 0.4725833328125 0.2248125 0.4839166671875
3 0.250265625 0.5416666671875 0.25071875 0.563 0.256484375 0.5754374999999999 0.266265625 0.5843333328125 0.27159374999999997 0.5659583328125 0.280484375 0.5623958328125 0.29115625 0.5505625000000001 0.28803125 0.533375 0.280046875 0.5280416671875 0.26315625 0.5232916671875001 0.256046875 0.5298125 0.250265625 0.5416666671875
3 0.33192187500000003 0.5158541671875 0.33192187500000003 0.5258541671875 0.33703125 0.5358333328125 0.341515625 0.5422291671874999 0.34571874999999996 0.5442291671875 0.35021874999999997 0.5422291671874999 0.35321875 0.53425 0.35171874999999997 0.5250416671875 0.35440625 0.5246458328125 0.35531250000000003 0.5250416671875 0.358015625 0.5306458328125 0.36190625 0.5346458328125 0.36729687499999997 0.5354375 0.372703125 0.5250416671875 0.374203125 0.5166458328125 0.37179687499999997 0.5126458328125 0.361609375 0.50625 0.352609375 0.48708333281250005 0.352015625 0.4850833328125 0.34392187500000004 0.4882708328125 0.338828125 0.49427083281249995 0.334625 0.5018541671875 0.33192187500000003 0.5158541671875
0 0.523859375 0.3915833328125 0.5394375 0.3978958328125 0.5543437499999999 0.3920416671875 0.552640625 0.37487499999999996 0.551625 0.3662916671875 0.53740625 0.3567916671875 0.52825 0.3595208328125 0.523859375 0.365375 0.518765625 0.37712500000000004 0.519453125 0.3811875 0.519453125 0.38616666718750003 0.523859375 0.3915833328125
3 0.86359375 0.5593541671875 0.86303125 0.5466458328125 0.8546250000000001 0.5324375 0.8422812499999999 0.5182291671875 0.835 0.50925 0.829953125 0.5227083328125001 0.829953125 0.5458958328125 0.8422812499999999 0.5593541671875 0.86359375 0.5593541671875
0 0.778703125 0.5143958328125 0.771484375 0.5325833328125 0.7698750000000001 0.5373958328125 0.77428125 0.5443333328125 0.778296875 0.5507500000000001 0.7807031249999999 0.5550416671875 0.78190625 0.564125 0.7823125 0.5769583328125 0.78671875 0.5844583328125 0.79434375 0.5876666671875 0.799953125 0.5785625 0.8160000000000001 0.5625208328125 0.8256249999999999 0.5491458328125 0.83125 0.5213333328124999 0.8284375 0.5031666671874999 0.8216093750000001 0.49514583281249996 0.815203125 0.4881875 0.803171875 0.4791041671875 0.785109375 0.4780208328125 0.785515625 0.47962499999999997 0.78190625 0.49675 0.778703125 0.5143958328125
3 0.9678281249999999 0.5435 1 0.5358125 0.9966875 0.5031041671875001 0.957734375 0.48579166718750005 0.960625 0.48579166718750005 0.947640625 0.483875 0.940421875 0.5165625 0.949078125 0.5358125 0.9678281249999999 0.5435
0 0.825 1 0.8015625 0.95625 0.759375 0.9520833328125 0.7580357140625 0.9457908171874999 0.675 0.8791666671874999 0.675 0.8520833328125 0.815625 0.8458333328125001 0.884375 0.71875 0.9078125 0.7416666671875001 0.934375 0.7520833328125 0.9515625 0.7520833328125 0.971875 0.7458333328125 0.9984375 0.7229166671875 0.8828125 0.44375 0.896875 0.40416666718750005 0.9 0.40625 0.909375 0.39375 0.911177884375 0.39983974375 0.9984375 0.3875 0.978125 0.375 0.9453125 0.3729166671875 0.928125 0.3791666671875 0.89375 0.40208333281249997 0.8671875 0.3770833328125 0.8765625 0.3541666671875 0.88125 0.35 0.8828125 0.3375 0.8796875 0.2854166671875 0.8703125 0.26875 0.865625 0.26875 0.865625 0.2625 0.8796875 0.2479166671875 0.890625 0.22916666718749998 0.8953125 0.22916666718749998 0.9125 0.20625 0.9171875 0.19583333281249998 0.9171875 0.1729166671875 0.909375 0.1583333328125 0.903125 0.1541666671875 0.896875 0.1270833328125 0.8859375 0.1041666671875 0.8640625 0.0791666671875 0.8453125 0.06875 0.8125 0.0666666671875 0.7953125 0.07291666718749999 0.778125 0.08541666718749999 0.75625 0.1166666671875 0.74375 0.11875 0.740625 0.11041666718750001 0.74375 0.1041666671875 0.74375 0.0958333328125 0.7390625 0.0875 0.73125 0.08541666718749999 0.725 0.09375 0.725 0.10625 0.7296875 0.1125 0.7296875 0.1208333328125 0.7 0.14791666718750002 0.6953125 0.1541666671875 0.69375 0.1625 0.66875 0.16458333281249998 0.6453125 0.175 0.640625 0.18125 0.6359375 0.18125 0.559375 0.1145833328125 0.55625 0.1145833328125 0.55 0.10625 0.540625 0.10625 0.5203125 0.13333333281249998 0.496875 0.1291666671875 0.49375 0.125 0.4875 0.125 0.484375 0.1208333328125 0.478125 0.1208333328125 0.45625 0.11041666718750001 0.446875 0.1 0.4140625 0.0979166671875 0.4109375 0.09375 0.39375 0.0895833328125 0.38125 0.08125 0.3484375 0.07083333281250001 0.334375 0.058333332812500006 0.3140625 0.03125 0.3046875 0.0270833328125 0.29375 0.0125 0.290625 0.014583332812499999 0.2859375 0.00625 0.2734375 0.0041666671875 0.271875 0.0208333328125 0.2828125 0.029166667187500002 0.296875 0.0479166671875 0.3 0.0479166671875 0.3109375 0.0645833328125 0.3375 0.09375 0.3046875 0.225 0.2890625 0.21875 0.25625 0.2208333328125 0.2296875 0.2375 0.209375 0.2666666671875 0.1984375 0.30625 0.1984375 0.3416666671875 0.2046875 0.375 0.18125 0.40625 0.171875 0.43541666718750005 0.17609375 0.438125 0.1703125 0.4458333328125 0.16875 0.5041666671875 0.1734375 0.5270833328125 0.1859375 0.5541666671875001 0.203125 0.575 0.21875 0.5854166671875001 0.2375 0.5916666671875 0.2640625 0.5895833328125 0.2796875 0.58125 0.3078125 0.575 0.309375 0.5825892859375 0.550446428125 0.7777423484375 0.5171875 0.83125 0.50625 0.8208333328125 0.4484375 0.8208333328125 0.384375 0.8333333328125001 0.3796875 0.8375 0.371875 0.8375 0.3640625 0.8479166671874999 0.3578125 0.8583333328125 0.3546875 0.8895833328125 0.3578125 0.9166666671874999 0.3703125 0.9354166671874999 0.3984375 0.9479166671874999 0.4015625 0.975 0.4109375 1 0.825 1
3 0.1921875 0.5395833328124999 0.2 0.55 0.209375 0.5541666671875001 0.21875 0.5520833328125 0.228125 0.5416666671875 0.23125 0.53125 0.23125 0.51875 0.228125 0.5083333328124999 0.2171875 0.49791666718750005 0.215625 0.49791666718750005 0.2166666671875 0.4916666671875 0.222222221875 0.4875 0.221875 0.48333333281249996 0.22725694375 0.4770833328125 0.2322916671875 0.46666666718750005 0.240625 0.45625 0.2484375 0.4583333328125 0.2567708328125 0.45 0.25625 0.4604166671875 0.2828125 0.5 0.2828125 0.49583333281249997 0.2875 0.49583333281249997 0.290625 0.5104166671875 0.2953125 0.5104166671875 0.3015625 0.5208333328125 0.321875 0.5166666671875 0.3265625 0.5229166671875001 0.33125 0.5229166671875001 0.334375 0.5041666671875 0.340625 0.49375 0.340625 0.48125 0.3359375 0.47291666718750003 0.3375 0.46458333281249997 0.340625 0.46458333281249997 0.3546875 0.48333333281249996 0.3640625 0.4875 0.3734375 0.48541666718750004 0.384375 0.47083333281249995 0.384375 0.4458333328125 0.375 0.42291666718750004 0.3640625 0.4125 0.3640625 0.39791666718749996 0.3734375 0.3958333328125 0.3765625 0.3916666671875 0.390625 0.3895833328125 0.4015625 0.375 0.403125 0.35625 0.4 0.3416666671875 0.409375 0.3291666671875 0.40031249999999996 0.3170833328125 0.4234375 0.3083333328125 0.421875 0.33125 0.4234375 0.3375 0.43125 0.3479166671875 0.440625 0.35208333281250004 0.45 0.35 0.459375 0.3395833328125 0.4625 0.3291666671875 0.4625 0.3166666671875 0.4546875 0.3 0.4484375 0.2958333328125 0.572286184375 0.23267543906250002 0.7015625 0.1833333328125 0.7109375 0.1916666671875 0.721875 0.1895833328125 0.725 0.18125 0.7234375 0.1708333328125 0.734375 0.15 0.7421875 0.15 0.74375 0.1354166671875 0.75 0.1270833328125 0.7516544125 0.1284722234375 0.80698529375 0.25486111093749997 0.94453125 0.584375 0.94375 0.5979166671875 0.9390625 0.6020833328124999 0.9328125 0.6020833328124999 0.9328125 0.6104166671875 0.9421875 0.6208333328125 0.94375 0.6333333328124999 0.95625 0.6479166671875001 0.9671875 0.6479166671875001 0.971875 0.64375 0.978125 0.6479166671875001 0.9984375 0.6479166671875001 0.9984375 0.5770833328125 0.9953125 0.55625 0.9859375 0.5479166671875 0.98125 0.55 0.9703125 0.5458333328125 0.9578125 0.5520833328125 0.9453125 0.5708333328124999 0.8109375 0.2638888890625 0.7572916671875001 0.1222222234375 0.771875 0.1125 0.7703125 0.1041666671875 0.7625 0.0979166671875 0.7484375 0.1041666671875 0.74375 0.11041666718750001 0.74770220625 0.11944444375 0.740625 0.125 0.7375 0.125 0.7383928578125001 0.11815476250000001 0.7276785718750001 0.1336309515625 0.7296875 0.14375 0.722321428125 0.1413690484375 0.7116071421875 0.15684523749999998 0.7109375 0.1625 0.70625 0.16458333281249998 0.7015625 0.1708333328125 0.698807565625 0.1683662265625 0.57972861875 0.22889254375 0.434375 0.2958333328125 0.4171875 0.2833333328125 0.4171875 0.2708333328125 0.4140625 0.2604166671875 0.403125 0.25 0.3859375 0.2520833328125 0.378125 0.2625 0.378125 0.29375 0.3734375 0.3 0.3640625 0.2958333328125 0.346875 0.2979166671875 0.3390625 0.3083333328125 0.3375 0.33125 0.3386458328125 0.3404166671875 0.3309375 0.3433333328125 0.32734375 0.3333333328125 0.3171875 0.33541666718749996 0.3232291671875 0.34625 0.3155208328125 0.3491666671875 0.309375 0.3458333328125 0.3078125 0.35208333281250004 0.30859375 0.3635416671875 0.302306546875 0.3596230171875 0.26376488125 0.41240079375 0.2546875 0.40625 0.240625 0.40625 0.2296875 0.41875 0.228125 0.44166666718750003 0.23623511874999997 0.45009920625 0.2359375 0.45625 0.23072916718749997 0.4576388890625 0.2302734375 0.46380208281249996 0.22522321406249998 0.46517857031250004 0.224609375 0.4713541671875 0.21971726249999998 0.47271825468750006 0.2189453125 0.47890625 0.214211309375 0.48025793749999995 0.21328125 0.48645833281249995 0.2087053578125 0.48779761875 0.2078125 0.49791666718750005 0.2031994046875 0.4953373015625 0.1921875 0.5104166671875 0.190625 0.5166666671875 0.19583333281249998 0.525 0.190625 0.5333333328125 0.1921875 0.5395833328124999