0 0.602 0.23518750000000002 0.59878125 0.2823333328125 0.615921875 0.2966041671875 0.699484375 0.3551875 0.776625 0.3851875 0.79590625 0.3608958328125 0.8173281250000001 0.30804166718750003 0.808765625 0.256625 0.790546875 0.2323333328125 0.763765625 0.2051875 0.72090625 0.1809166671875 0.6641250000000001 0.18804166718749998 0.6255625 0.196625 0.602 0.23518750000000002
1 0.416296875 0.25775000000000003 0.44157812500000004 0.25775000000000003 0.461796875 0.24874999999999997 0.461796875 0.2127916671875 0.45168749999999996 0.1903333328125 0.44157812500000004 0.1611041671875 0.43314062499999995 0.1408958328125 0.411234375 0.1408958328125 0.40112500000000006 0.1386458328125 0.37078125 0.152125 0.367421875 0.1611041671875 0.36067187500000003 0.1858333328125 0.37078125 0.2307708328125 0.38090625 0.24425 0.39270312500000004 0.25325000000000003 0.416296875 0.25775000000000003
1 0.47975 0.21368749999999997 0.499234375 0.22712500000000002 0.522078125 0.242375 0.5449375 0.26745833281250003 0.567109375 0.27999999999999997 0.5745 0.2567083328125 0.58525 0.2361041671875 0.606765625 0.2101041671875 0.62490625 0.1975625 0.633640625 0.1823333328125 0.6329687500000001 0.1617291671875 0.631625 0.14737499999999998 0.629609375 0.12408333281249999 0.618859375 0.10974999999999999 0.58121875 0.0963125 0.5610625 0.0918333328125 0.54225 0.0954166671875 0.528796875 0.1231875 0.528796875 0.1428958328125 0.528796875 0.1653125 0.5093125 0.1581458328125 0.49251562499999996 0.1599375 0.47503124999999996 0.1653125 0.462265625 0.1796458328125 0.46293749999999995 0.2020416671875 0.4683125 0.20652083281250003 0.47975 0.21368749999999997
1 0.348140625 0.3237291671875 0.351 0.34122916718749996 0.364125 0.35543749999999996 0.380109375 0.3608958328125 0.39321875 0.3603541671875 0.42067187500000003 0.3559791671875 0.43624999999999997 0.3461458328125 0.44403125 0.3390416671875 0.45304687499999996 0.3275625 0.46001562500000004 0.3095208328125 0.45796875000000004 0.2893125 0.45059375 0.2734583328125 0.4399375 0.2625416671875 0.427234375 0.25433333281250003 0.41165624999999995 0.2537916671875 0.39773437500000003 0.2570625 0.384203125 0.2614375 0.366171875 0.27291666718749996 0.355109375 0.2832916671875 0.345265625 0.30133333281249997 0.34362499999999996 0.2936875 0.344859375 0.3007916671875 0.348140625 0.3237291671875
1 0.32356250000000003 0.27189583281249996 0.331234375 0.2748125 0.339453125 0.2784791671875 0.35535937500000003 0.2813958328125 0.366875 0.272625 0.37893750000000004 0.2565416671875 0.37015625 0.2448333328125 0.368515625 0.2360625 0.36303125 0.2294791671875 0.357 0.2170625 0.351515625 0.21414583281250002 0.335625 0.21560416718750003 0.32410937500000003 0.2375416671875 0.31259375 0.2623958328125 0.32356250000000003 0.27189583281249996
3 0.054828125000000005 0.3065833328125 0.079296875 0.3436458328125 0.077078125 0.3747708328125 0.084859375 0.3634791671875 0.102640625 0.3471666671875 0.127109375 0.3427083328125 0.11821875 0.30416666718749996 0.127109375 0.2819375 0.177140625 0.1974166671875 0.201609375 0.1826041671875 0.220515625 0.20187499999999997 0.2483125 0.24041666718750002 0.260546875 0.25525000000000003 0.305015625 0.2715416671875 0.350609375 0.1751875 0.35171874999999997 0.1396041671875 0.31946875 0.1203333328125 0.278328125 0.0891875 0.23942187499999998 0.0936458328125 0.224953125 0.11587499999999999 0.224953125 0.09066666718750001 0.20828125000000003 0.0921458328125 0.196046875 0.1010416671875 0.174921875 0.1203333328125 0.13378125000000002 0.1292291671875 0.08596875000000001 0.1677708328125 0.07040625 0.22356250000000003 0.0615 0.271 0.054828125000000005 0.3065833328125
3 0.200390625 0.3282083328125 0.2265 0.280875 0.235890625 0.2432916671875 0.235890625 0.2196458328125 0.19621875 0.1806666671875 0.174296875 0.197375 0.122109375 0.3045416671875 0.1315 0.3462916671875 0.146109375 0.37552083281250004 0.1774375 0.3643958328125 0.200390625 0.3282083328125
0 0.813109375 0.1446875 0.77871875 0.1605 0.7478906249999999 0.1905208328125 0.7609375 0.20475 0.7953281249999999 0.23795833281249998 0.8142968749999999 0.27116666718750004 0.8142968749999999 0.2980416671875 0.8190312499999999 0.28854166718749996 0.8498749999999999 0.28381249999999997 0.851046875 0.26008333281249996 0.838015625 0.2126666671875 0.813109375 0.1446875
0 0.7490625 0.1900625 0.7599843749999999 0.17862499999999998 0.7638906249999999 0.1640416671875 0.77715625 0.1536458328125 0.802125 0.140125 0.792765625 0.11514583281249999 0.781046875 0.0953958328125 0.7638906249999999 0.075625 0.74515625 0.09331249999999999 0.7264375000000001 0.11410416718750001 0.712390625 0.140125 0.70225 0.1775833328125 0.705375 0.17862499999999998 0.7404843750000001 0.1952708328125 0.7490625 0.1900625
0 0.63996875 0.1941041671875 0.7048593750000001 0.1829166671875 0.704296875 0.1530833328125 0.7423437500000001 0.0919166671875 0.739546875 0.0822291671875 0.698140625 0.0926666671875 0.685828125 0.099375 0.652265625 0.1523333328125 0.63996875 0.1941041671875
0 0.87728125 0.3558541671875 0.8889687500000001 0.33729166718750003 0.905109375 0.3269166671875 0.9429531250000001 0.3165208328125 0.9602187499999999 0.3105833328125 0.96521875 0.3202291671875 0.9707812499999999 0.3365625 0.975796875 0.3387708328125 0.9774687500000001 0.3283958328125 0.973015625 0.3083541671875 0.9624375000000001 0.2890625 0.94184375 0.2682916671875 0.920703125 0.2519583328125 0.894546875 0.24602083281249998 0.867828125 0.24156249999999999 0.8628125000000001 0.2504791671875 0.85446875 0.2660625 0.851125 0.282375 0.8516875 0.2994583328125 0.8500156249999999 0.29870833281250003 0.868390625 0.3395208328125 0.87728125 0.3558541671875
0 0.98221875 0.3946666671875 0.9770312499999999 0.3567083328125 0.9653906250000001 0.3245 0.958921875 0.3112708328125 0.9028437500000001 0.3285208328125 0.89075 0.3371458328125 0.883421875 0.3469375 0.8778124999999999 0.3555625 0.8808281250000001 0.3739791671875 0.8808281250000001 0.3998541671875 0.879546875 0.4228541671875 0.879546875 0.42458333281250005 0.8911875 0.4418333328125 0.965828125 0.4447291671875 0.9809218749999999 0.4090625 0.98221875 0.3946666671875
0 0.8496874999999999 0.45102083281249994 0.8787499999999999 0.4285208328125 0.87921875 0.40852083281249996 0.87921875 0.3847708328125 0.87734375 0.3585 0.8703125 0.34475 0.8534375000000001 0.30724999999999997 0.8403124999999999 0.296625 0.8346875 0.30225 0.82203125 0.350375 0.8215625 0.41539583281250003 0.84828125 0.4347708328125 0.8478125000000001 0.44789583281249995 0.8496874999999999 0.45102083281249994
0 0.7733749999999999 0.3804166671875 0.74815625 0.3948333328125 0.762046875 0.42641666718750004 0.767203125 0.45525000000000004 0.7656562499999999 0.4772083328125 0.782640625 0.49916666718749997 0.790875 0.49368749999999995 0.80684375 0.48612500000000003 0.848015625 0.45456250000000004 0.8495625 0.44699999999999995 0.8469843750000001 0.43533333281250003 0.7733749999999999 0.3804166671875
0 0.8501406250000001 0.48383333281249996 0.858671875 0.4964791671875 0.872875 0.5419583328125 0.8785624999999999 0.5192083328125 0.886140625 0.5122708328125001 0.8989375000000001 0.5084791671875 0.9159843750000001 0.511625 0.9131406249999999 0.4794166671875 0.8823593750000001 0.42827083281249995 0.8041874999999999 0.4882708328125 0.8401875000000001 0.4794166671875 0.8501406250000001 0.48383333281249996
0 0.73515625 0.5206041671875 0.753828125 0.5043124999999999 0.76675 0.48324999999999996 0.7653125000000001 0.4363541671875 0.753109375 0.40093750000000006 0.7373125 0.374125 0.7064375 0.3435 0.690640625 0.38275000000000003 0.715765625 0.44114583281249997 0.720796875 0.4717708328125 0.717921875 0.5043124999999999 0.73515625 0.5206041671875
0 0.8595312500000001 0.2555625 0.86546875 0.24681250000000002 0.8760937500000001 0.24347916718749998 0.89546875 0.24181249999999999 0.84921875 0.187625 0.8301562499999999 0.1905416671875 0.8439062500000001 0.2334791671875 0.8526562500000001 0.2705625 0.8535937499999999 0.2776458328125 0.8595312500000001 0.2555625
0 0.7637343750000001 0.16683333281249998 0.7604062500000001 0.179125 0.777390625 0.1623958328125 0.8135625 0.1441875 0.83090625 0.1929166671875 0.8526718750000001 0.18897916718750002 0.8604375 0.2017708328125 0.8866406250000001 0.1988125 0.871875 0.1604375 0.865234375 0.1496041671875 0.8667031250000001 0.1422291671875 0.833859375 0.1156458328125 0.817609375 0.1077708328125 0.8131875000000001 0.1003958328125 0.796578125 0.0989166671875 0.78625 0.0979375 0.78809375 0.10137499999999999 0.8035937499999999 0.1358333328125 0.796953125 0.1427083328125 0.7736875000000001 0.1565 0.7637343750000001 0.16683333281249998
0 0.823390625 0.3590833328125 0.8249531250000001 0.3423541671875 0.827875 0.31875 0.833015625 0.3065 0.8347031250000001 0.3032291671875 0.8364687500000001 0.298875 0.83728125 0.2954166671875 0.836875 0.28654166718749996 0.8257187500000001 0.28581249999999997 0.818109375 0.2881666671875 0.8144375 0.2914375 0.814578125 0.2977708328125 0.8133125 0.3163541671875 0.8124062500000001 0.32799999999999996 0.8034531250000001 0.3453333328125 0.819359375 0.3644583328125 0.823390625 0.3590833328125