1 0.7669547328124999 0.67334375 0.7686213984375 0.6763281250000001 0.7820781890624999 0.681015625 0.788806584375 0.6793125 0.7977777781250001 0.670375 0.7938477359375 0.6644062500000001 0.7860082296875001 0.65675 0.7759259265625 0.6503593750000001 0.7641358031250001 0.644828125 0.7568518515625 0.64396875 0.74283950625 0.644390625 0.737222221875 0.647375 0.7377983546875 0.6495 0.7478806578125 0.6618593749999999 0.7523662546875001 0.663984375 0.75965020625 0.66653125 0.7669547328124999 0.67334375
1 0.7186419749999999 0.7010156249999999 0.757901234375 0.697703125 0.7557201640625 0.691078125 0.7382716046875 0.681125 0.729547325 0.670359375 0.7251851859375 0.653796875 0.7186419749999999 0.643859375 0.7033744859375 0.64634375 0.696831275 0.66125 0.6979218109375 0.678640625 0.707736625 0.6960468750000001 0.7186419749999999 0.7010156249999999
1 0.8556995890625 0.67696875 0.874485596875 0.679296875 0.8836625515625001 0.679296875 0.8906378593750001 0.676640625 0.8906378593750001 0.6696718749999999 0.88102880625 0.663046875 0.8639917703125001 0.655078125 0.85351851875 0.653421875 0.850452675 0.66071875 0.84170781875 0.66603125 0.8465226343750001 0.6753125 0.84783950625 0.675984375 0.8556995890625 0.67696875
1 0.0250205765625 0.56140625 0.03532921875 0.579015625 0.0443415640625 0.579015625 0.045617284375 0.573140625 0.050781893749999994 0.56825 0.057222221875 0.582921875 0.0623662546875 0.582921875 0.0713786015625 0.5878125 0.080411521875 0.579015625 0.08555555625 0.566296875 0.0868518515625 0.547703125 0.0906995890625 0.5584687500000001 0.1010082296875 0.557484375 0.1023045265625 0.553578125 0.11131687187499999 0.5653125 0.1177572015625 0.563359375 0.1151851859375 0.5545625000000001 0.1177572015625 0.5389062499999999 0.11388888906250001 0.51934375 0.130637859375 0.53303125 0.1345061734375 0.546734375 0.146090534375 0.546734375 0.146090534375 0.537921875 0.14738683125000002 0.529125 0.14481481406250002 0.506625 0.15382716093749998 0.5203125 0.1692798359375 0.51346875 0.161543209375 0.504671875 0.16283950625000002 0.48706250000000006 0.14995884843750001 0.47043749999999995 0.161543209375 0.47434374999999995 0.165411521875 0.47140624999999997 0.16798353906250002 0.462609375 0.164135803125 0.445984375 0.1757201640625 0.44109375 0.183456790625 0.43521875000000004 0.18730452656250002 0.436203125 0.1963374484375 0.43326562500000004 0.19374485624999999 0.42446875000000006 0.18730452656250002 0.40979687499999995 0.1963374484375 0.398046875 0.18989711874999998 0.39021875 0.18602880625 0.381421875 0.17314814843749998 0.37065625 0.1886008234375 0.374578125 0.198909465625 0.367734375 0.18989711874999998 0.355984375 0.19761316874999998 0.35109375 0.18989711874999998 0.345234375 0.1911728390625 0.336421875 0.1757201640625 0.319796875 0.19761316874999998 0.3246875 0.20405349843749998 0.318828125 0.19374485624999999 0.31196875 0.20148148125 0.30415625 0.18989711874999998 0.29240625 0.19761316874999998 0.279703125 0.18602880625 0.271875 0.19374485624999999 0.269921875 0.198909465625 0.26110937500000003 0.1757201640625 0.244484375 0.146090534375 0.23176562500000003 0.16670781875000001 0.21709375 0.16283950625000002 0.208296875 0.122901234375 0.2073125 0.13578189375 0.193625 0.130637859375 0.18775 0.11131687187499999 0.18384375 0.0816872421875 0.195578125 0.0829835390625 0.186765625 0.07397119375 0.182859375 0.053353909374999994 0.186765625 0.037901234374999995 0.208296875 0.0237242796875 0.2014375 0.0250205765625 0.20340625 0.0198559671875 0.20242187500000003 0.0250205765625 0.56140625
1 0.5719547328125001 0.710796875 0.599135803125 0.69015625 0.6003703703125 0.707046875 0.6201440328125 0.707046875 0.6547530859374999 0.69859375 0.6918107 0.69859375 0.6992386828125 0.685453125 0.6980041156250001 0.6751406249999999 0.6980041156250001 0.652625 0.667098765625 0.643234375 0.6164403296875001 0.6507343750000001 0.5806172843749999 0.670453125 0.564547325 0.679828125 0.559609053125 0.70046875 0.5719547328125001 0.710796875
1 0.860164609375 0.616703125 0.83919753125 0.61015625 0.8009876546875001 0.616703125 0.7849588484375001 0.6288750000000001 0.7837242796874999 0.641046875 0.79728395 0.640109375 0.8724897125 0.6363749999999999 0.8848148140625 0.6316875 0.87987654375 0.6279375 0.860164609375 0.616703125
1 0.7160905343749999 0.635375 0.7152469140625 0.632140625 0.7118518515625001 0.6269843749999999 0.698251028125 0.612140625 0.6718930046875 0.599875 0.6498148140625 0.599875 0.601358025 0.606328125 0.5750205765625 0.61665625 0.5478189296875 0.6482812499999999 0.5512345671875 0.682484375 0.5520781890625 0.6857031250000001 0.5546296296875 0.690875 0.5835185187499999 0.66246875 0.6327983546875 0.643109375 0.6829423875 0.6444062500000001 0.6956995890625 0.6495625 0.698251028125 0.6495625 0.699938271875 0.6515 0.7084362140625 0.65021875 0.7093004109375001 0.6482812499999999 0.7135390953125 0.643109375 0.7160905343749999 0.635375
1 0.7663991765625 0.613078125 0.7534979421875 0.6240625 0.75090535 0.636984375 0.758127571875 0.645609375 0.774135803125 0.6385468750000001 0.7870164609375 0.6244531249999999 0.8035390953125001 0.615046875 0.8221193421875 0.613484375 0.8184979421874999 0.6036875 0.7988888890625 0.6021093750000001 0.7663991765625 0.613078125
1 0.770061728125 0.6131562500000001 0.8027160500000001 0.60221875 0.8171193421874999 0.60003125 0.8132921812499999 0.59565625 0.7883127578125 0.592 0.7556378593749999 0.600765625 0.7345061734375 0.6131562500000001 0.72874485625 0.6365000000000001 0.750843621875 0.633578125 0.7566049375 0.618265625 0.770061728125 0.6131562500000001
0 0.9795061734375 0.939328125 0.961769546875 0.9303437499999999 0.9084979421874999 0.9303437499999999 0.825637859375 0.92809375 0.78716049375 0.937078125 0.7605349796875001 0.959546875 0.7634979421875 0.9887656249999999 0.958806584375 0.986515625 0.9765637859374999 0.9752812499999999 0.9795061734375 0.939328125
1 0.9215020578124999 0.258234375 0.9202674890625 0.26321875 0.91738683125 0.26134375 0.9112345671875 0.248265625 0.910411521875 0.24578125 0.9034567906250001 0.24328124999999998 0.89442386875 0.24515625000000002 0.87965020625 0.24484374999999997 0.8854115218749999 0.251390625 0.885 0.25387499999999996 0.8808847734375 0.25325000000000003 0.8772016453125 0.250453125 0.8747325109374999 0.2529375 0.8718724281249999 0.2535625 0.8710493828124999 0.258859375 0.8685802468749999 0.259484375 0.8665432093750001 0.256984375 0.8653086421875 0.247640625 0.8640740734374999 0.24484374999999997 0.8554526750000001 0.24578125 0.8509465015625001 0.249515625 0.851358025 0.2554375 0.8493004109375001 0.26228125 0.8657201640625001 0.26945312499999996 0.8505349796875 0.2750625 0.834547325 0.279734375 0.8226543203125001 0.287828125 0.8189506171875 0.29312499999999997 0.8189506171875 0.295921875 0.821419753125 0.29903124999999997 0.8275720171875 0.29840625 0.8431481484375001 0.29996875 0.8333127578124999 0.304328125 0.8275720171875 0.3115 0.8226543203125001 0.31803125 0.8189506171875 0.32146875 0.8205967078124999 0.32675 0.82306584375 0.328625 0.8304526750000001 0.325828125 0.8304526750000001 0.32925 0.8275720171875 0.33671875 0.8320781890625 0.33734375 0.838230453125 0.33796875000000004 0.838230453125 0.34357812499999996 0.83125514375 0.350109375 0.82510288125 0.35571875 0.82306584375 0.361015625 0.8201851859374999 0.366625 0.8152674890625 0.370359375 0.8156790125000001 0.37659375 0.8243004109375001 0.37659375 0.8243004109375001 0.380328125 0.8226543203125001 0.3821875 0.8222427984375 0.388109375 0.8263374484374999 0.389671875 0.8226543203125001 0.396203125 0.8201851859374999 0.4030625 0.8201851859374999 0.40959375 0.8189506171875 0.41303124999999996 0.8181481484375001 0.41832812500000005 0.82306584375 0.4214375 0.8279835390624999 0.418640625 0.83125514375 0.416453125 0.8357818937499999 0.41676562500000003 0.8271604937499999 0.427046875 0.82510288125 0.43234374999999997 0.82306584375 0.4385625 0.8189506171875 0.44479687500000004 0.8201851859374999 0.44946875000000003 0.8259259265625 0.45103125000000005 0.8349588484374999 0.446359375 0.8361934156249999 0.44821875 0.8333127578124999 0.45257812499999994 0.8296296296874999 0.462859375 0.8255144031249999 0.46753125000000006 0.8283950625 0.473453125 0.8324897124999999 0.474078125 0.84193415625 0.470015625 0.8431481484375001 0.47625 0.838641975 0.48403124999999997 0.83125514375 0.4955625 0.8308436218749999 0.50428125 0.8300411515624999 0.5120625000000001 0.8271604937499999 0.5145625 0.8292181062499999 0.5179843749999999 0.8337242796875 0.520484375 0.838230453125 0.5173593750000001 0.8411111109375 0.5145625 0.8468518515625 0.5098906249999999 0.8468518515625 0.519546875 0.8464403296875 0.530125 0.847263375 0.535421875 0.849711934375 0.539171875 0.8480864203125 0.5485 0.851358025 0.553484375 0.8583333328125 0.5513125 0.8595679015625001 0.545703125 0.8734979421875 0.535734375 0.8731069953124999 0.5432187500000001 0.8804732515625 0.552875 0.8792592593749999 0.562828125 0.888683128125 0.565015625 0.8936008234375 0.562515625 0.8940123453125001 0.554109375 0.9038477359374999 0.555984375 0.9099999999999999 0.544453125 0.9157613171874999 0.537296875 0.9255967078125 0.518609375 0.9255967078125 0.533875 0.9333950625 0.5447656249999999 0.93421810625 0.5519375 0.9403703703125 0.555046875 0.947325103125 0.554421875 0.9485596703124999 0.5513125 0.9481481484375 0.5447656249999999 0.9555349796874999 0.5369843750000001 0.9526543203125 0.5304375 0.9502057609375001 0.518609375 0.9448765437500001 0.508640625 0.945288065625 0.50459375 0.9493827156249999 0.50240625 0.9514403296875 0.48809375 0.9530658437499999 0.46878125 0.9547119343749999 0.45071874999999995 0.9559465015624999 0.42610937499999996 0.9555349796874999 0.42175 0.9567695468749999 0.41987500000000005 0.9629218109375 0.423921875 0.9707201640625 0.42610937499999996 0.977263375 0.42331250000000004 0.976872428125 0.359765625 0.9776748968750001 0.297796875 0.9764609046875 0.2355 0.9670164609375 0.242671875 0.9653703703125001 0.2541875 0.969485596875 0.26540625 0.9600411515625 0.268203125 0.95512345625 0.272875 0.9469135796874999 0.27131249999999996 0.9407613171874999 0.271625 0.9407613171874999 0.27131249999999996 0.93216049375 0.25760937500000003 0.9255967078125 0.2545 0.923127571875 0.258234375 0.9215020578124999 0.258234375