2 0.58770240625 0.902953125 0.571969365625 0.875421875 0.561750546875 0.8641875000000001 0.5487746171875 0.86446875 0.5401094093750001 0.870078125 0.5377461703125 0.8728906249999999 0.545229759375 0.87934375 0.5593873078125 0.91053125 0.57393873125 0.9212031250000001 0.5865207875 0.9237343750000001 0.59557986875 0.918390625 0.5967614875 0.913625 0.58770240625 0.902953125
2 0.695492340625 0.92809375 0.6577242890624999 0.88090625 0.6105251640625 0.8427031250000001 0.5727571109375 0.8022500000000001 0.5066739609375001 0.7955 0.45317286718750005 0.7955 0.3619037203125 0.784265625 0.298971553125 0.8157343750000001 0.2675054703125 0.8067343749999999 0.198271334375 0.817984375 0.1793873078125 0.838203125 0.2108533921875 0.9146093750000001 0.298971553125 0.9887656249999999 0.7017943109375 0.9887656249999999 0.7804595187500001 0.968546875 0.723829321875 0.9550625 0.695492340625 0.92809375
2 0.5338949671875 0.532875 0.528468271875 0.53353125 0.5230415749999999 0.5425625000000001 0.55557986875 0.55934375 0.566411378125 0.55546875 0.5700437640625 0.549015625 0.5338949671875 0.532875
2 0.5552078781249999 0.52090625 0.560787746875 0.5140781249999999 0.5472428890625001 0.512375 0.5353172859375 0.52090625 0.5146170671875 0.531140625 0.5170021874999999 0.535109375 0.5552078781249999 0.52771875 0.5552078781249999 0.52090625
2 0.6050109406249999 0.48435937500000004 0.588008753125 0.48240625000000004 0.5775929984375 0.48475 0.5540043765625 0.48396875 0.5402844640625 0.48631250000000004 0.5375273515625001 0.493375 0.5507002187500001 0.49846874999999996 0.5847264765625 0.497671875 0.5967833703125 0.495328125 0.6017286656249999 0.491015625 0.6050109406249999 0.48435937500000004
2 0.5842231953125 0.5207499999999999 0.593041575 0.520203125 0.605492340625 0.5177968749999999 0.6177024062500001 0.5172343749999999 0.6397592999999999 0.51371875 0.64002188125 0.51259375 0.6394967171875 0.508703125 0.6319693656250001 0.505 0.6223632390625 0.5098281250000001 0.616389496875 0.511859375 0.6085995625 0.514453125 0.5995186 0.514640625 0.5842231953125 0.5155624999999999 0.5821444203125 0.5172343749999999 0.5824070015625 0.51909375 0.5842231953125 0.5207499999999999
2 0.653829321875 0.535671875 0.653829321875 0.5334531250000001 0.652450765625 0.5295 0.652450765625 0.5255625 0.6393435453125 0.5250625 0.6241356671875 0.538125 0.6161925609375001 0.544296875 0.64210065625 0.5435625 0.6503938734375 0.54084375 0.653829321875 0.535671875
2 0.45778993437500004 0.537015625 0.46851203437500005 0.537015625 0.475010940625 0.533796875 0.478949671875 0.5293593750000001 0.47726477031250003 0.52353125 0.47190372031249994 0.522921875 0.45045951874999995 0.53259375 0.44989059062500003 0.5329843750000001 0.4487746171875 0.5374218749999999 0.45778993437500004 0.537015625
2 0.4751641140625 0.561171875 0.4903938734375 0.55775 0.4937855578125 0.55171875 0.495470459375 0.54446875 0.48757111562500005 0.5412343749999999 0.486170678125 0.54184375 0.4799562359375 0.546078125 0.4751641140625 0.561171875
2 0.52746170625 0.5549375000000001 0.5167614875 0.5515156250000001 0.501531728125 0.5485 0.4953172859375 0.54990625 0.49221006562499997 0.55675 0.4747264765625 0.5611875000000001 0.4727571109375 0.563796875 0.4668271328125 0.564 0.4738730859375 0.56984375 0.4758643328125 0.5702499999999999 0.4989934359375 0.5682343750000001 0.51533916875 0.5642031249999999 0.53 0.563796875 0.53142231875 0.5605781249999999 0.5308533921875 0.55815625 0.52746170625 0.5549375000000001
2 0.389890590625 0.479984375 0.38021881875 0.48265624999999995 0.35584245000000003 0.49787499999999996 0.374288840625 0.496625 0.38682713281250003 0.493953125 0.3995623625 0.48657812500000003 0.40199124687500004 0.48392187499999995 0.39978118125 0.479671875 0.389890590625 0.479984375
2 0.5238074390625 0.4888125 0.5197593 0.48845312500000004 0.512691465625 0.4891875 0.4980525171875 0.49459375000000005 0.4924945296875 0.498546875 0.4924945296875 0.5017968749999999 0.4955361046875 0.503234375 0.503610503125 0.504328125 0.5026039390625 0.5046875 0.5177461703125 0.502515625 0.527330415625 0.49818749999999995 0.5278555796875 0.494953125 0.5238074390625 0.4888125
2 0.5951859953125 1 0.61487965 0.996875 0.7396061265625 1 0.7483588625 0.990625 0.772428884375 0.984375 0.7789934359374999 0.978125 0.7789934359374999 0.971875 0.7702407 0.965625 0.5929978124999999 0.5578125 0.5995623625000001 0.5546875 0.601750546875 0.5453125 0.5951859953125 0.5390625 0.577680525 0.5390625 0.579649890625 0.53515625 0.5382932171875 0.4859375 0.55142231875 0.4765625 0.5492341359374999 0.4671875 0.54485776875 0.4640625 0.52954048125 0.4640625 0.5251641140625 0.4671875 0.503282275 0.4671875 0.496717725 0.471875 0.496717725 0.48541666718750004 0.47483588593750004 0.4859375 0.472647703125 0.4765625 0.457330415625 0.465625 0.43763676093750004 0.465625 0.42669584218749995 0.4734375 0.42669584218749995 0.484375 0.431072209375 0.490625 0.422319475 0.490625 0.40043763749999994 0.5046875 0.371991246875 0.5125 0.3654266953125 0.50625 0.3566739609375 0.5046875 0.3566739609375 0.496875 0.339168490625 0.4796875 0.3216630203125 0.4796875 0.31509846874999997 0.484375 0.301969365625 0.4859375 0.29540481406249997 0.490625 0.29540481406249997 0.503125 0.301969365625 0.5078125 0.3326039390625 0.509375 0.33698030625 0.5203125 0.3413566734375 0.5234375 0.3676148796875 0.5234375 0.3704706453125 0.5266154656250001 0.2822757109375 0.9921875 0.2888402625 0.996875 0.36105032812500004 0.9953125 0.376367615625 1 0.5951859953125 1