3 0.4649375 0.9665833328125 0.478890625 0.9851875 0.486796875 0.9922291671875 0.49585937500000005 0.9967708328124999 0.5113125000000001 0.9942500000000001 0.536578125 0.9771458328125 0.541859375 0.9344166671874999 0.53771875 0.9127916671875 0.52640625 0.8946875000000001 0.5071718749999999 0.883125 0.49284375 0.8796041671875001 0.4675625 0.8977083328125 0.463796875 0.9147916671875 0.46115625 0.9379375 0.4649375 0.9665833328125
3 0.34550000000000003 0.9483124999999999 0.310109375 0.9483124999999999 0.289890625 0.9550625 0.286515625 0.9842708328124999 0.365734375 0.9820208328125 0.364046875 0.9707916671874999 0.34550000000000003 0.9483124999999999
3 0.475078125 0.7030833328125 0.481765625 0.7188749999999999 0.486390625 0.7236666671875 0.49154687499999994 0.7250416671875 0.509046875 0.7236666671875 0.526546875 0.7175 0.5358125 0.6914166671875 0.535296875 0.6769999999999999 0.529125 0.6605208328125001 0.5224375 0.6495416671875 0.512140625 0.6413125 0.5008125 0.63925 0.481765625 0.6474791671875 0.47609375 0.6522916671875 0.46889062499999995 0.6625833328125 0.4663125 0.6735625 0.466828125 0.6859166671875 0.47146875 0.6941666671875 0.475078125 0.7030833328125
3 0.593375 0.5432083328124999 0.574609375 0.5175416671875 0.56028125 0.5175416671875 0.5509062499999999 0.5188541671875 0.5429999999999999 0.5234583328125 0.537578125 0.5300416671875 0.53609375 0.5484791671875 0.536578125 0.5761458328125 0.5583125 0.5998333328125 0.574109375 0.6024791671874999 0.59584375 0.5893125 0.5963437500000001 0.5873333328125 0.5992968750000001 0.5478333328125 0.593375 0.5432083328124999
3 0.599140625 0.6827916671875001 0.5762343750000001 0.6759999999999999 0.5541875 0.6805208328125001 0.538078125 0.7053958328125 0.540625 0.7291458328125 0.56690625 0.7585416671874999 0.611859375 0.7347916671875 0.611859375 0.7201041671875 0.599140625 0.6827916671875001
3 0.34181249999999996 0.9119375 0.359 0.9377291671875 0.36615625 0.9520416671874999 0.40912499999999996 0.9539583328125 0.421296875 0.9300833328125 0.42917187500000004 0.9023958328124999 0.42917187500000004 0.88425 0.43562500000000004 0.8632500000000001 0.444921875 0.8298125000000001 0.438484375 0.8078541671874999 0.43060937499999996 0.7992708328125 0.411984375 0.7878125 0.40125 0.7849375000000001 0.396953125 0.7744375 0.370453125 0.76775 0.342515625 0.784 0.32604687499999996 0.8250416671874999 0.29812500000000003 0.8393750000000001 0.29025 0.860375 0.28809375 0.8823333328125 0.293109375 0.9109791671874999 0.303859375 0.9205416671875 0.32246874999999997 0.9253125000000001 0.34181249999999996 0.9119375
3 0.49265625 0.7743958328125 0.5215156249999999 0.7730416671875 0.5548124999999999 0.762625 0.554125 0.7386250000000001 0.5500468749999999 0.7268541671875 0.540203125 0.7137083328125 0.5252656250000001 0.7078333328124999 0.514390625 0.7196041671875 0.49571875 0.7300208328125 0.486546875 0.7440625 0.48382812499999994 0.7436041671875 0.48687500000000006 0.7685208328125 0.49265625 0.7743958328125
3 0.5882968749999999 0.6765 0.59828125 0.682125 0.60365625 0.6918541671875 0.6071093750000001 0.7000416671874999 0.612484375 0.7174375000000001 0.62975 0.7051458328125 0.6420312499999999 0.682625 0.6378125 0.6503958328125 0.6274375 0.6360625 0.61784375 0.6304375 0.601734375 0.6283958328125 0.5921406250000001 0.6283958328125 0.585609375 0.633 0.58446875 0.6381249999999999 0.582546875 0.6575624999999999 0.5806250000000001 0.6637083328125 0.5779375 0.6729166671875 0.5882968749999999 0.6765
3 0.459171875 0.6595416671875001 0.48321875 0.6435 0.49390625000000005 0.6167708328125 0.49390625000000005 0.5918333328125 0.46584375 0.5615416671875 0.43378125 0.5829166671875 0.42307812499999997 0.6149791671875 0.42976562500000004 0.6470625 0.447140625 0.664875 0.459171875 0.6595416671875001
3 0.40651562500000005 0.7132291671875 0.41371874999999997 0.6904583328125 0.42570312499999996 0.6768541671875 0.44429687500000004 0.6724583328125 0.44309374999999995 0.662875 0.432296875 0.6372916671875 0.421203125 0.6268958328124999 0.404421875 0.6252916671875 0.3909375 0.6308958328125 0.37534375 0.6484791671875 0.37324999999999997 0.6704583328125 0.37234375000000003 0.6768541671875 0.377734375 0.69725 0.3879375 0.7080416671875 0.40412499999999996 0.7136250000000001 0.40651562500000005 0.7132291671875
3 0.5745625000000001 0.6723541671875 0.58534375 0.6359583328125 0.570265625 0.6082083328125 0.55303125 0.59575 0.533640625 0.6024583328124999 0.522875 0.613 0.52071875 0.6235208328125 0.5192812499999999 0.6417083328125 0.5372343749999999 0.677125 0.550875 0.68575 0.5745625000000001 0.6723541671875
3 0.536921875 0.542875 0.518171875 0.5393958328124999 0.5033593749999999 0.542875 0.494203125 0.5585625000000001 0.510765625 0.5789166671875 0.5251406249999999 0.6091249999999999 0.5478125 0.5905416671875 0.535609375 0.5795 0.536921875 0.542875
3 0.3703125 1 0.371875 0.9791666671874999 0.36875 0.96875 0.3609375 0.9583333328125001 0.353125 0.95625 0.3283219 0.91195799375 0.323046875 0.9088541671874999 0.32336128125 0.90309959375 0.3283854171875 0.9010416671874999 0.328604734375 0.89458393125 0.3337239578125 0.8932291671874999 0.33384818906249997 0.8860682687500001 0.3390625 0.8854166671874999 0.3390916421875 0.8775526062499999 0.3444010421875 0.8776041671874999 0.34433509687499997 0.86903694375 0.3497395828125 0.8697916671874999 0.3495785515625 0.8605212812499999 0.355078125 0.8619791671874999 0.3548220046875 0.85200561875 0.3604166671875 0.8541666671874999 0.36575520781250004 0.8463541671874999 0.360065459375 0.84348995625 0.3653089125 0.83497429375 0.37109375 0.8385416671874999 0.37643229218749996 0.8307291671874999 0.3705523671875 0.8264586312500001 0.375795821875 0.8179429703125001 0.3817708328125 0.8229166671874999 0.387109375 0.8151041671874999 0.381039275 0.8094273078124999 0.3862827296875 0.8009116453124999 0.3924479171875 0.8072916671874999 0.419140625 0.7682291671875 0.4203125 0.76875 0.4244791671875 0.7604166671875 0.42734375 0.7739583328124999 0.434375 0.7791666671875 0.4625 0.7770833328125 0.4671875 0.7708333328125 0.475 0.7708333328125 0.478125 0.7666666671875 0.484375 0.7354166671875 0.484375 0.7229166671875 0.471484375 0.6963541671875 0.47252604218750005 0.6901041671875 0.5045572921875 0.6432291671875 0.5078125 0.6416666671875 0.5098958328125 0.6354166671875 0.5140625 0.6375 0.53515625 0.6820833328125 0.53125 0.7104166671875001 0.5375 0.7145833328125 0.53671875 0.70375 0.5390625 0.7041666671875 0.546875 0.69375 0.5484375 0.6854166671875 0.5375 0.6791666671875001 0.534375 0.67154761875 0.534375 0.6513888890625 0.5328125 0.6504761890624999 0.53203125 0.6399404765625001 0.53359375 0.6395833328125 0.53125 0.6294047625 0.5328125 0.6277777765625 0.53046875 0.6188690484375 0.53203125 0.6159722234375 0.5259114578124999 0.6119791671875 0.5296875 0.6083333328125 0.53125 0.6041666671875 0.575 0.6020833328124999 0.5765625 0.6208333328125 0.584375 0.6354166671875 0.5921875 0.6291666671875 0.6078125 0.6291666671875 0.61875 0.63125 0.6328125 0.6416666671875 0.6375 0.63125 0.6578125 0.6041666671875 0.6578125 0.58125 0.6546875 0.5770833328125 0.6484375 0.5770833328125 0.64375 0.5708333328124999 0.6359375 0.5708333328124999 0.621875 0.5583333328125 0.60625 0.5583333328125 0.603125 0.5625 0.5984375 0.5625 0.538715278125 0.5995370375 0.521875 0.6013888890625 0.5125 0.5833333328125 0.4953125 0.5604166671875 0.496875 0.5520833328125 0.4859375 0.5333333328125 0.4671875 0.53125 0.45625 0.5458333328125 0.45 0.55 0.4390625 0.55 0.4171875 0.5729166671875 0.3984375 0.5791666671875 0.39375 0.5854166671875001 0.384375 0.5854166671875001 0.3855769234375 0.5980769234375 0.378125 0.59375 0.390625 0.63125 0.378125 0.6458333328125 0.3770833328125 0.66805555625 0.36875 0.6666666671875 0.3609375 0.6729166671875 0.35625 0.68125 0.35625 0.7166666671875 0.365625 0.7375 0.375 0.7479166671875 0.3083333328125 0.9159722234375 0.313376525 0.9195630078124999 0.3123697921875 0.9244791671874999 0.30838414687500004 0.9277947140625 0.3046296296875 0.9253086421875001 0.30703125 0.9322916671874999 0.288414634375 0.9607215437500001 0.2796875 0.9708333328125001 0.278429878125 0.9771849578125 0.275 0.9791666671874999 0.2734375 0.9854166671875 0.27870370312500004 0.99066358125 0.275 1 0.3703125 1