3 0.40426 0.3430666671875 0.44258 0.38304 0.47922000000000003 0.3974933328125 0.52252 0.41303999999999996 0.57998 0.4185866671875 0.6233 0.41634666718749996 0.64162 0.41079999999999994 0.6549400000000001 0.3974933328125 0.64994 0.37194666718749997 0.6432800000000001 0.34530666718749997 0.6349400000000001 0.3241866671875 0.62412 0.31309333281249996 0.58248 0.302 0.52668 0.2653333328125 0.48838 0.24647999999999998 0.47922000000000003 0.2431466671875 0.4509 0.2242666671875 0.41841999999999996 0.20872000000000002 0.41092000000000006 0.19872 0.39844 0.20093333281249998 0.38178 0.2498133328125 0.37262 0.27312 0.38094 0.3119733328125 0.40426 0.3430666671875
3 0.39056 0.40648 0.47519999999999996 0.4621866671875 0.53842 0.49504000000000004 0.5898399999999999 0.50648 0.63698 0.4921866671875 0.67448 0.42933333281249997 0.6530400000000001 0.42648 0.5759000000000001 0.41647999999999996 0.49984 0.39792 0.37128 0.3136266671875 0.34022 0.3550666671875 0.34878 0.37648000000000004 0.39056 0.40648
3 0.38678 0.5088 0.38527999999999996 0.5067999999999999 0.37782 0.49088000000000004 0.37334 0.48688000000000003 0.34942 0.4510133328125 0.33896000000000004 0.4151733328125 0.33896000000000004 0.3813066671875 0.33748 0.3593866671875 0.30908 0.36536 0.27172 0.37333333281250003 0.25678 0.3773066671875 0.25379999999999997 0.3773066671875 0.24034 0.38328 0.23435999999999998 0.38527999999999996 0.22242 0.40122666718750005 0.22242 0.40917333281249996 0.22242 0.42912 0.2239 0.44704 0.22690000000000002 0.4530133328125 0.2284 0.46496000000000004 0.23138 0.4829066671875 0.23736000000000002 0.5008266671875 0.24184 0.5187733328124999 0.24481999999999998 0.5267466671875 0.2523 0.5366933328125 0.26276 0.5426666671875 0.28518 0.5566133328125 0.31356 0.5685866671875 0.34196 0.57256 0.36736 0.5645866671875 0.37334 0.5606133328125 0.38380000000000003 0.5606133328125 0.38678 0.5088
3 0.1833 0.3685066671875 0.18914 0.3896533328125 0.25257999999999997 0.3685066671875 0.33772 0.36184 0.33521999999999996 0.3395733328125 0.32101999999999997 0.3284533328125 0.29098 0.3128533328125 0.22669999999999998 0.27392 0.20166 0.29952 0.18580000000000002 0.3329066671875 0.1833 0.3685066671875
3 0.34316 0.3349066671875 0.36262 0.3066133328125 0.36616 0.2901066671875 0.36970000000000003 0.2782933328125 0.37676 0.2617866671875 0.38916 0.2240533328125 0.398 0.1886666671875 0.36262 0.19576 0.24409999999999998 0.26416 0.24588000000000002 0.2782933328125 0.25472 0.2901066671875 0.34316 0.3349066671875
3 0.5748599999999999 0.29328 0.653 0.2867733328125 0.74414 0.28896 0.7588 0.23253333281250002 0.74414 0.22599999999999998 0.68392 0.22599999999999998 0.57812 0.22599999999999998 0.50488 0.2346933328125 0.5113800000000001 0.25421333281249997 0.5472 0.2824266671875 0.5748599999999999 0.29328
1 0.5929599999999999 0.7727733328124999 0.62774 0.7795733328125001 0.67072 0.7795733328125001 0.71062 0.7536533328125 0.72904 0.7332 0.73722 0.7018133328125 0.73722 0.6636266671875 0.7177800000000001 0.6240533328125 0.69732 0.60768 0.64924 0.5940533328125001 0.61546 0.5954133328125 0.5991 0.6049599999999999 0.57864 0.6172266671875 0.5602199999999999 0.63496 0.5561200000000001 0.6377066671875 0.52952 0.6663466671875 0.53464 0.7181866671875 0.55306 0.7509333328125 0.5929599999999999 0.7727733328124999
1 0.7280800000000001 0.6567466671875 0.75168 0.6657333328124999 0.80562 0.6410133328125001 0.8309 0.5690933328125001 0.82248 0.47695999999999994 0.75842 0.42528 0.6927 0.4207733328125 0.6606799999999999 0.4432533328125 0.62866 0.50392 0.61516 0.5556266671875 0.6354 0.5870666671875 0.65394 0.60056 0.69606 0.6028 0.7280800000000001 0.6567466671875
1 0.9117599999999999 0.4953066671875 0.96028 0.46410666718750004 0.9637600000000001 0.4514133328125 0.9758800000000001 0.41789333281249996 0.98802 0.3901866671875 0.9854200000000001 0.3717066671875 0.9611599999999999 0.3543733328125 0.9005000000000001 0.3532266671875 0.8511200000000001 0.36245333281250003 0.77748 0.3855733328125 0.77574 0.43986666718749995 0.81906 0.48144 0.8450599999999999 0.48722666718749996 0.9117599999999999 0.4953066671875
1 0.9522 0.35261333281249996 0.9588800000000001 0.34669333281250003 0.9722200000000001 0.3318666671875 0.97 0.3185333328125 0.9655400000000001 0.31704 0.95666 0.30072 0.94664 0.29775999999999997 0.93886 0.30221333281249996 0.91884 0.2992533328125 0.89994 0.28887999999999997 0.8832599999999999 0.2799733328125 0.8221 0.2577333328125 0.7932 0.2488533328125 0.77764 0.25032 0.75428 0.27848 0.75984 0.30517333281250003 0.76206 0.31704 0.77208 0.3274133328125 0.8421200000000001 0.3630133328125 0.84658 0.36152 0.8788199999999999 0.35856 0.9522 0.35261333281249996
1 0.898 0.22485333281250003 0.8967 0.17584 0.86912 0.12856 0.8428599999999999 0.11104 0.79426 0.1268 0.74174 0.1548266671875 0.73254 0.17232 0.73254 0.1968533328125 0.75224 0.2423733328125 0.8047599999999999 0.2546133328125 0.8481 0.23536 0.898 0.22485333281250003
1 0.7455 0.16442666718750001 0.7712600000000001 0.14208 0.79866 0.12408 0.79784 0.1191733328125 0.7945800000000001 0.10935999999999998 0.78108 0.1011733328125 0.76964 0.0978933328125 0.74018 0.09736 0.71156 0.0984533328125 0.69848 0.10336000000000001 0.6862199999999999 0.11261333281250001 0.68008 0.1497066671875 0.6915199999999999 0.16552 0.70094 0.1704266671875 0.71156 0.16933333281250001 0.72056 0.1774933328125 0.7336400000000001 0.1671466671875 0.73856 0.1774933328125 0.7455 0.16442666718750001
1 0.66574 0.02696 0.62866 0.0382133328125 0.5966199999999999 0.0809066671875 0.56292 0.1573066671875 0.57304 0.1617866671875 0.6235999999999999 0.1640533328125 0.68258 0.1415733328125 0.68932 0.09888 0.68426 0.07192 0.66574 0.02696
1 0.5213 0.6627733328125001 0.48094000000000003 0.6403466671875 0.44058 0.6224266671875001 0.3935 0.6157066671875 0.375 0.5888 0.34474 0.5618933328125 0.28588 0.5439466671875001 0.24552000000000002 0.52152 0.2186 0.6067199999999999 0.22198 0.6538133328125 0.28081999999999996 0.6627733328125001 0.35314 0.68968 0.37836 0.7076266671875 0.47253999999999996 0.7322933328125 0.51962 0.7367733328125 0.5431600000000001 0.7278133328124999 0.53476 0.68072 0.5213 0.6627733328125001
1 0.10432 0.6324533328124999 0.12390000000000001 0.6288533328125 0.14684 0.6360533328125 0.21908 0.6261599999999999 0.2184 0.6054666671875 0.22852 0.56856 0.24406 0.5271466671875 0.20626000000000003 0.5208533328125 0.17992 0.5235466671875 0.14078 0.53976 0.0834 0.55416 0.05638 0.57216 0.07124 0.6189600000000001 0.08474000000000001 0.6234666671875 0.10432 0.6324533328124999
1 0.19214 0.44720000000000004 0.17865999999999999 0.4202133328125 0.13652 0.4089866671875 0.09102 0.4202133328125 0.0455 0.4404533328125 0.02866 0.4696533328125 0.0236 0.5078666671875001 0.04214 0.54832 0.07078 0.5685333328125 0.11798 0.54832 0.17865999999999999 0.5213599999999999 0.19382 0.4943733328125 0.19214 0.44720000000000004
1 0.16812 0.3482666671875 0.17824 0.3189866671875 0.16474 0.2784533328125 0.16304000000000002 0.2671733328125 0.22216 0.25592000000000004 0.23567999999999997 0.2424 0.23906 0.24016 0.24582 0.2176266671875 0.27959999999999996 0.22664 0.28803999999999996 0.22664 0.3252 0.21989333281249998 0.35053999999999996 0.19061333281249998 0.36068 0.1725866671875 0.36238000000000004 0.1635733328125 0.3877 0.1928533328125 0.41474 0.1996 0.44684 0.2176266671875 0.51778 0.19512000000000002 0.56846 0.1816 0.57858 0.1613333328125 0.58028 0.1185333328125 0.5751999999999999 0.0870133328125 0.52284 0.06898666718749999 0.47892 0.078 0.47553999999999996 0.08250666718750001 0.46542000000000006 0.1185333328125 0.4671 0.12304 0.42994000000000004 0.1162666671875 0.43332 0.06448000000000001 0.33872 0.0982666671875 0.33028 0.1342933328125 0.28298 0.13656 0.25257999999999997 0.1500533328125 0.23399999999999999 0.1816 0.20865999999999998 0.1816 0.15628 0.2086133328125 0.11912 0.2221333328125 0.08703999999999999 0.25368 0.058320000000000004 0.2761866671875 0.0448 0.31448 0.03466 0.3325066671875 0.00596 0.3414933328125 0.00426 0.49240000000000006 0.02116 0.48338666718749995 0.08703999999999999 0.42034666718749997 0.10562 0.4135733328125 0.12082 0.37077333281249997 0.16812 0.3482666671875
3 0.5191399999999999 0.2355466671875 0.60072 0.2300533328125 0.7175 0.23474666718749998 0.74802 0.22224 0.7321799999999999 0.17450666718750002 0.704 0.16589333281250002 0.65588 0.16197333281249998 0.6418 0.16197333281249998 0.62068 0.1729333328125 0.58018 0.1690133328125 0.53088 0.2034666671875 0.52032 0.2230133328125 0.5191399999999999 0.2355466671875
3 0.38868 0.5117066671875 0.53126 0.5820266671875001 0.56054 0.5638133328125 0.56836 0.51432 0.50586 0.4752533328125 0.36132 0.38151999999999997 0.32812 0.3737066671875 0.3457 0.4492266671875 0.38868 0.5117066671875
3 0.71094 0.4226666671875 0.74578 0.4226666671875 0.77052 0.4373333328125 0.77878 0.40189333281249995 0.7852 0.38842666718749996 0.8264400000000001 0.3701066671875 0.8163600000000001 0.3566666671875 0.79802 0.34687999999999997 0.76502 0.3285333328125 0.72652 0.32610666718750003 0.69536 0.32120000000000004 0.68526 0.31877333281250003 0.6816 0.3407733328125 0.64952 0.32976 0.6431 0.3346666671875 0.64768 0.3395466671875 0.64952 0.39088 0.63852 0.45933333281250005 0.6696799999999999 0.43 0.71094 0.4226666671875
3 0.62904 0.3165866671875 0.63548 0.3232533328125 0.6469400000000001 0.35669333281250004 0.64838 0.3423733328125 0.64622 0.33376 0.6498 0.3289866671875 0.68204 0.33853333281250003 0.6849000000000001 0.31848 0.76654 0.3289866671875 0.79948 0.3471466671875 0.8002 0.3414133328125 0.76438 0.32232 0.76152 0.30989333281250003 0.75794 0.2946133328125 0.7515 0.28602666718749997 0.73932 0.28602666718749997 0.69564 0.28887999999999997 0.6362 0.28602666718749997 0.57462 0.2908 0.5696 0.2936533328125 0.57962 0.3003466671875 0.62904 0.3165866671875
3 0.88086 0.2313866671875 0.9228 0.2250933328125 0.9204399999999999 0.2382933328125 0.9138400000000001 0.2596533328125 0.90442 0.2917066671875 0.9275 0.29672 0.9336399999999999 0.30047999999999997 0.9444800000000001 0.3030133328125 0.9515399999999999 0.3023733328125 0.9571999999999999 0.30488 0.9638 0.3155733328125 0.9656800000000001 0.3067733328125 0.9638 0.28416 0.9633200000000001 0.2565066671875 0.9553 0.2269866671875 0.9444800000000001 0.2037333328125 0.92986 0.20184000000000002 0.89828 0.20688 0.8949999999999999 0.20688 0.8940400000000001 0.20688 0.88086 0.2313866671875