1 0.3773125 0.592417840625 0.384125 0.576338028125 0.387046875 0.54051643125 0.38559375 0.529553990625 0.381203125 0.5427230046875 0.37439062500000003 0.57194835625 0.366609375 0.592417840625 0.367578125 0.5960798125 0.37196875 0.5968075125000001 0.3773125 0.592417840625
1 0.47459375000000004 0.681502346875 0.45668749999999997 0.6366666671875 0.44921875 0.64786385 0.44475 0.6770187796875 0.479078125 0.7330751171875 0.5104062500000001 0.721854459375 0.496984375 0.70840375625 0.47459375000000004 0.681502346875
1 0.5123593750000001 0.66873239375 0.48039062499999996 0.66126760625 0.46440625 0.64802816875 0.460546875 0.646361503125 0.49251562499999996 0.7126291078125 0.52615625 0.705985915625 0.5333125 0.66873239375 0.5123593750000001 0.66873239375
1 0.733109375 0.433474178125 0.741140625 0.4721126765625 0.736328125 0.47934272343749995 0.7323125 0.49382629062500005 0.71303125 0.513145540625 0.6849062499999999 0.52640845 0.672859375 0.5276291078125 0.6672343749999999 0.5421126765625 0.659203125 0.5553755875 0.6744687500000001 0.5626291078125 0.697765625 0.5662441312500001 0.6800937499999999 0.5771126765625 0.676875 0.5927934265625 0.6921406250000001 0.5879812203125 0.686515625 0.598826290625 0.6929375 0.6072769953125 0.70740625 0.6072769953125 0.705796875 0.6193427234375 0.71303125 0.6193427234375 0.7210625 0.6253990609375 0.727484375 0.629014084375 0.7315 0.6326291078125 0.735515625 0.6483098593750001 0.7556093749999999 0.6326291078125 0.7700625 0.598826290625 0.7732812499999999 0.5722769953125 0.769265625 0.5577934265625 0.766046875 0.5565962437499999 0.7756875 0.5324413140625001 0.77809375 0.559014084375 0.7813125000000001 0.5602112671875 0.7909531249999999 0.5408920187499999 0.7909531249999999 0.52159624375 0.7805156249999999 0.47453051718749995 0.7644375 0.449178403125 0.752390625 0.44314554062499995 0.748375 0.42985915468749997 0.748375 0.44192488281250003 0.7443593749999999 0.42262910781249996 0.733109375 0.433474178125
1 0.5410625 0.57859155 0.543390625 0.5932394359375001 0.551296875 0.60232394375 0.563375 0.609295775 0.565703125 0.6037089203125 0.561984375 0.5974413140625 0.556875 0.5841784031249999 0.554546875 0.5702112671874999 0.554078125 0.5562441312499999 0.5559375 0.548568075 0.56059375 0.5415727703125001 0.5675625 0.5338967140624999 0.568953125 0.5303990609375 0.5666249999999999 0.5262206578125 0.5666249999999999 0.5269248828124999 0.55546875 0.5303990609375 0.5485 0.5387793421875 0.54153125 0.5576291078125 0.5410625 0.57859155
1 0.94690625 0.6992723 0.9463437499999999 0.6852112671875 0.9420781249999999 0.675 0.936140625 0.6664788734375 0.93103125 0.6562676062499999 0.9174218749999999 0.6553990609375 0.9145937500000001 0.6562676062499999 0.9145937500000001 0.6694600937499999 0.92225 0.6728638499999999 0.9349999999999999 0.689037559375 0.9386875 0.6992723 0.9409531250000001 0.6992723 0.94690625 0.6992723
1 0.58265625 0.5143427234375 0.596671875 0.510821596875 0.60484375 0.510821596875 0.6130312499999999 0.5143427234375 0.6328750000000001 0.502065728125 0.6398906249999999 0.521361503125 0.6468906249999999 0.50732394375 0.658578125 0.49854460156249997 0.649234375 0.48802816875 0.6620781250000001 0.482746478125 0.6620781250000001 0.4634507046875 0.664421875 0.4581924875 0.66559375 0.4581924875 0.649234375 0.451173709375 0.634046875 0.4494131453125 0.62003125 0.421338028125 0.6106874999999999 0.4125586859375 0.6013437500000001 0.421338028125 0.58265625 0.4687089203125 0.574484375 0.50732394375 0.574484375 0.5090845078124999 0.57915625 0.521361503125 0.58265625 0.5143427234375
1 0.6105 0.6206103281249999 0.6168750000000001 0.6131455406249999 0.60765625 0.6088967140625 0.582125 0.6088967140625 0.551640625 0.6067605640625 0.55021875 0.6142253515625 0.570078125 0.63232394375 0.583546875 0.6227464781250001 0.595609375 0.63126760625 0.6105 0.6206103281249999
1 0.592171875 0.6284976531249999 0.542125 0.6216666671875 0.53340625 0.6262206578125 0.532640625 0.65697183125 0.534546875 0.673497653125 0.5580468749999999 0.69230046875 0.587625 0.6797652578125 0.5933125 0.670093896875 0.592171875 0.6284976531249999
1 0.48128125 0.72713615 0.44506249999999997 0.6689671359375 0.4363125 0.6595774640625 0.419453125 0.7139906109374999 0.46504687499999997 0.7730985921875 0.48753124999999997 0.765610328125 0.48128125 0.72713615
1 0.6457499999999999 0.7981690140625 0.6480625 0.7818544593750001 0.659703125 0.7771830984375 0.660484375 0.77659624375 0.668625 0.7672769953125 0.668625 0.7602816906250001 0.667078125 0.75446009375 0.6538906250000001 0.73697183125 0.638765625 0.7276525828125 0.6290625000000001 0.7130985921875 0.613546875 0.695610328125 0.6038593750000001 0.6973474171875 0.59221875 0.701431925 0.58484375 0.7154225359375 0.5836875 0.7410563375 0.5856250000000001 0.7824413140625001 0.595703125 0.7929107984375 0.60346875 0.7946713609375 0.6345 0.8103990609375 0.6457499999999999 0.7981690140625
1 0.4025546875 0.6340884203125 0.40570312499999994 0.6435328640625 0.42234375 0.6427934265624999 0.4196015625 0.630105634375 0.428125 0.6281142421875 0.42978125 0.6308450703124999 0.43475 0.6204225359375 0.4366484375 0.626122846875 0.4426875 0.6263849765625 0.4426875 0.6338497656250001 0.45014062499999996 0.62713615 0.44517187500000005 0.6241314546875001 0.43921875000000005 0.616690140625 0.424984375 0.6211658843750001 0.41521875 0.6219092328125 0.41107812499999996 0.6320970265625 0.405453125 0.6226525828125 0.393046875 0.6368309859375 0.393546875 0.6405633796875 0.397015625 0.6442723 0.4025546875 0.6340884203125
1 0.9914999999999999 0.8711032859375001 0.996703125 0.8111971828125 0.9932343749999999 0.7487089203124999 0.963765625 0.7174413140625 0.94296875 0.7044366203125 0.9239062499999999 0.792957746875 0.885765625 0.8450469484375001 0.925640625 0.8711032859375001 0.9516406249999999 0.8684976531249999 0.9914999999999999 0.8711032859375001
1 0.303125 0.7370892015625 0.309375 0.7558685453125 0.3234375 0.7769953046875 0.3359375 0.7863849765625 0.3671875 0.7934272296875 0.40625 0.7934272296875 0.4140625 0.7887323937499999 0.43125 0.7863849765625 0.453125 0.7652582156250001 0.4640625 0.7816901406250001 0.4828125 0.7934272296875 0.5515625 0.7910798125 0.5703125 0.7793427234375 0.584375 0.7605633796875 0.5859375 0.7136150234375 0.5921875 0.701877934375 0.5953125 0.701877934375 0.596875 0.6924882625000001 0.6125 0.6807511734375 0.628125 0.652582159375 0.624470765625 0.6458427984374999 0.63046875 0.6408450703125 0.6323084671875 0.6449341203125 0.679334678125 0.6394820546875 0.784375 0.654929578125 0.8292410718750001 0.6770623734375001 0.825390625 0.6907277 0.784375 0.6995305171874999 0.7890625 0.7253521125 0.7984375 0.7511737093749999 0.815625 0.7769953046875 0.8375 0.7957746484375 0.86875 0.8122065734374999 0.884375 0.8145539906250001 0.9 0.8262910796874999 0.9234375 0.7957746484375 0.9359375 0.7370892015625 0.94140625 0.732394365625 0.99375 0.7582159625 0.9953125 0.7535211265624999 0.9984375 0.7394366203125 0.9984375 0.5023474171875 0.9875 0.48591549218749996 0.971875 0.4718309859375 0.9578125 0.4647887328125 0.9484375 0.4647887328125 0.9203125 0.4460093890625 0.896875 0.443661971875 0.875 0.45070422499999996 0.8515625 0.4718309859375 0.8359375 0.4976525828125 0.825 0.525821596875 0.815625 0.572769953125 0.7984375 0.59859155 0.7890625 0.6267605640625 0.6871723796875 0.638573375 0.6328125 0.62910798125 0.6328125 0.605633803125 0.628125 0.57981220625 0.621875 0.56338028125 0.6078125 0.542253521875 0.590625 0.5305164312499999 0.5640625 0.5281690140624999 0.5609375 0.5234741781250001 0.54375 0.516431925 0.51875 0.5211267609375 0.5 0.539906103125 0.4890625 0.539906103125 0.4796875 0.5352112671875 0.453125 0.5352112671875 0.434375 0.542253521875 0.4203125 0.53286385 0.403125 0.5305164312499999 0.3796875 0.542253521875 0.3671875 0.5586854453125001 0.3578125 0.5845070421874999 0.353125 0.6267605640625 0.3421875 0.62910798125 0.325 0.6408450703125 0.3125 0.6572769953125001 0.3078125 0.67018779375 0.3109627015625 0.6821899124999999 0.303125 0.6830985921875 0.303125 0.7370892015625