0 0.8430781250000001 0.8337149531250001 0.84909375 0.7707943921875 0.84909375 0.6988785046875 0.78746875 0.602242990625 0.739375 0.5752803734375 0.6897968750000001 0.566285046875 0.64921875 0.5820327109375001 0.629671875 0.6157242984375 0.610140625 0.674158878125 0.5921093749999999 0.7797663546875 0.61615625 0.8202336453125 0.65071875 0.8202336453125 0.679265625 0.8606775703125 0.7378750000000001 0.9101168218750001 0.761921875 0.9123598124999999 0.7679375 0.91684579375 0.8039999999999999 0.8943925234375 0.8430781250000001 0.8337149531250001
0 0.10721875 0.57661215 0.130671875 0.56918224375 0.1555625 0.57661215 0.18682812499999998 0.59257009375 0.20603125000000003 0.6010747656250001 0.224515625 0.5989485984375 0.23090625 0.5914953265625 0.243703125 0.5787383171875 0.25010937499999997 0.559602803125 0.252234375 0.530911215625 0.267875 0.4852102796875 0.274984375 0.4607476640625 0.277828125 0.44056074843750004 0.27071875 0.40971962656249994 0.252234375 0.3895327109375 0.21953125 0.3502102796875 0.193234375 0.344883178125 0.1576875 0.342757009375 0.142046875 0.3491355140625 0.11859375000000001 0.3852803734375 0.088734375 0.43843457968750005 0.08446875000000001 0.495841121875 0.0986875 0.5713084109375 0.10721875 0.57661215
0 0.382859375 0.517102803125 0.40160937499999994 0.5141355140625 0.39371875 0.474299065625 0.3858125 0.42411215 0.37693750000000004 0.40343457968749996 0.34435937499999997 0.40049065468749995 0.29796875 0.418200934375 0.27526562499999996 0.4388785046875 0.273296875 0.4595327109375 0.254546875 0.53331775625 0.253546875 0.5525233640625 0.25553125 0.579088784375 0.2624375 0.5938317750000001 0.27625 0.6115654203124999 0.287109375 0.5864719625 0.3295625 0.534813084375 0.382859375 0.517102803125
0 0.20589062500000002 0.8696728968749999 0.24946875 0.8202336453125 0.259984375 0.8179672890624999 0.31709375 0.8157242984374999 0.3636875 0.8651635515624999 0.3711875 0.8674065421874999 0.38171875 0.8359579437500001 0.41478125 0.7977570093749999 0.413265625 0.766285046875 0.41176562499999997 0.7528037390625 0.405765625 0.730327103125 0.396734375 0.710116821875 0.389234375 0.6876401875 0.3696875 0.6471962609374999 0.35917187500000003 0.642686915625 0.329109375 0.6314719625 0.3035625 0.6247196265625 0.290046875 0.6247196265625 0.259984375 0.6337149531249999 0.243453125 0.6449532703124999 0.20437500000000003 0.6943925234375 0.18484375 0.7730373828125 0.18184375 0.8179672890624999 0.18784375 0.8471962609375 0.175828125 0.8314719625 0.201375 0.874158878125 0.20589062500000002 0.8696728968749999
0 0.579390625 0.63007009375 0.589890625 0.651799065625 0.61571875 0.5805841125 0.622171875 0.5226401875 0.612484375 0.4755841125 0.589078125 0.43574766406250004 0.55921875 0.41161215 0.528546875 0.404369159375 0.49948437500000004 0.4176401875 0.46557812500000006 0.45023364531250004 0.43975 0.503341121875 0.4300625 0.5455841125 0.4300625 0.587827103125 0.43410937499999996 0.6179906546875 0.442171875 0.628855140625 0.46396875 0.6047196265625 0.509171875 0.5890186921875 0.5543750000000001 0.60109813125 0.579390625 0.63007009375
0 0.707828125 0.5389485984375 0.72284375 0.5411915890625 0.734875 0.5411915890625 0.773953125 0.55918224375 0.7949843750000001 0.5951401875 0.797984375 0.5793925234375 0.8009999999999999 0.55242990625 0.8085156250000001 0.49626168281250005 0.81603125 0.44906542031249996 0.8039999999999999 0.42210280312500004 0.773953125 0.3749065421875 0.7438906249999999 0.36815420625 0.710828125 0.37714953281249997 0.68378125 0.38390186875 0.65521875 0.4175934578125 0.6371875 0.4580607484375 0.6281718749999999 0.4580607484375 0.659734375 0.4895093453125 0.707828125 0.5389485984375
0 0.637140625 0.24214953281249998 0.595171875 0.292616821875 0.57875 0.33355140156249996 0.5924375000000001 0.39904205625 0.622546875 0.44406542031249996 0.6353125000000001 0.45088785 0.684578125 0.38404205625 0.7420625000000001 0.36492990625 0.74296875 0.3239953265625 0.701921875 0.2380607484375 0.697359375 0.2339719625 0.6617656249999999 0.22985981249999998 0.637140625 0.24214953281249998
0 0.538 0.8041121499999999 0.5680625 0.8041121499999999 0.595109375 0.797383178125 0.595109375 0.75242990625 0.607140625 0.673785046875 0.574078125 0.6175934578125 0.527484375 0.59287383125 0.45534375000000005 0.60411215 0.413265625 0.7052336453125 0.41778125 0.7951401875 0.42229687499999996 0.8041121499999999 0.43581250000000005 0.78390186875 0.538 0.8041121499999999
0 0.072140625 0.59962616875 0.045078125000000004 0.637827103125 0.042078125 0.7052336453125 0.04659375 0.7569392515625 0.055609375 0.8108644859374999 0.08115625 0.84007009375 0.111203125 0.8580607484374999 0.138265625 0.8647897203125 0.18484375 0.873785046875 0.18784375 0.801869159375 0.18334375 0.7479439250000001 0.208890625 0.6917523359375 0.2359375 0.6625467296875 0.21640625 0.6086214953125 0.14728125 0.5749065421874999 0.10218750000000001 0.5793925234375 0.072140625 0.59962616875
0 0.468875 0.43558411250000006 0.49743750000000003 0.4153504671875 0.5650625 0.426588784375 0.578578125 0.42210280312500004 0.578578125 0.4153504671875 0.5725625 0.381658878125 0.55153125 0.345700934375 0.5289843750000001 0.3344626171875 0.5004375 0.3075 0.471875 0.2985046734375 0.44182812499999996 0.3075 0.396734375 0.35918224374999996 0.38321875 0.38390186875 0.38321875 0.4086214953125 0.40275 0.5075000000000001 0.4343125 0.5411915890625 0.43131250000000004 0.5209813078125001 0.443328125 0.469299065625 0.468875 0.43558411250000006
0 1 0.6217757015625 0.997859375 0.5633644859375 0.993359375 0.543130840625 0.95578125 0.5274065421875 0.9212187500000001 0.5274065421875 0.8971718750000001 0.5296495328125 0.844578125 0.5723364484375 0.8325625000000001 0.6128037390625 0.826546875 0.6599766359375 0.8340624999999999 0.6892056078125 0.8475781250000001 0.7656074765625001 0.868625 0.8172897203125 0.8836562499999999 0.8150467296875 0.894171875 0.794813084375 0.91671875 0.743130840625 0.9632968749999999 0.7341355140625 1 0.74537383125 1 0.71168224375 1 0.6217757015625
0 0.18315625 0.33051401875 0.22584374999999998 0.295186915625 0.2694375 0.2748364484375 0.274890625 0.25308411249999996 0.264890625 0.20962616875 0.237640625 0.185186915625 0.19678125 0.1729672890625 0.158625 0.183831775 0.135921875 0.23815420625 0.12865625 0.32507009375 0.135921875 0.32780373906250004 0.16953125 0.3372897203125 0.18315625 0.33051401875
0 0.36934374999999997 0.281285046875 0.40845312500000003 0.2767757015625 0.41371874999999997 0.271168225 0.41446875 0.23855140156250002 0.422 0.20030373906249999 0.419734375 0.1755607484375 0.405453125 0.15418224375 0.388890625 0.1440654203125 0.3588125 0.1418224296875 0.32421875 0.1530607484375 0.300140625 0.190186915625 0.302390625 0.250911215625 0.3136875 0.2992757015625 0.333984375 0.31502336406250003 0.334734375 0.316144859375 0.33849999999999997 0.30154205625 0.36934374999999997 0.281285046875
0 0.9984375 1 0.9984375 0.55911215 0.9953125 0.5537383171875 0.9984375 0.5471962609375 0.9984375 0.5233644859375 0.9828125 0.5210280375 0.971875 0.504672896875 0.965625 0.5023364484374999 0.946875 0.474299065625 0.9296875 0.4649532703125 0.9328125 0.45093457968750006 0.9453125 0.422897196875 0.9453125 0.3528037390625 0.9359375 0.3154205609375 0.9421875 0.2710280375 0.9421875 0.21261682187500003 0.9328125 0.18457943906250002 0.93125 0.1635514015625 0.9234375 0.1331775703125 0.9203125 0.123831775 0.9125 0.11448598125000001 0.9125 0.10747663593750001 0.921875 0.0817757015625 0.921875 0.03037383125 0.9109375 0.0023364484375000003 0.190625 0.0023364484375000003 0.1859375 0.023364485937500002 0.18125 0.07009345781250001 0.1640625 0.0911214953125 0.146875 0.126168225 0.1375 0.1635514015625 0.128125 0.18457943906250002 0.1203125 0.224299065625 0.1125 0.24299065468749997 0.1015625 0.2827102796875 0.071875 0.3457943921875 0.0546875 0.3948598125 0.0421875 0.46028037343749995 0.0390625 0.5023364484374999 0.0359375 0.50934579375 0.0375 0.5210280375 0.0234375 0.5327102796875 0.0171875 0.542056075 0.0171875 0.556074765625 0.0125 0.567757009375 0.0125 0.5817757015625 0.0046875 0.59345794375 0.003125 0.6051401875 0.003125 0.6378504671874999 0.010526315625000001 0.661214953125 0.003125 0.6658878500000001 0.0015625 0.7009345796875001 0.003125 0.7523364484374999 0.0078125 0.75934579375 0.0078125 0.7686915890625 0.0015625 0.7780373828125 0.0046875 0.8130841125 0.0078125 0.8200934578125001 0.003125 0.8551401875 0.0015625 0.8971962609374999 0.0015625 0.9766355140625 0.0046875 1 0.190625 1 0.2015625 0.876168225 0.2484375 0.82242990625 0.265625 0.8177570093750001 0.31875 0.8177570093750001 0.3609375 0.86448598125 0.3703125 0.8691588781249999 0.38125 0.8387850468750001 0.3875 0.8294392515625001 0.4140625 0.7990654203124999 0.4234375 0.8037383171875 0.4359375 0.7850467296875 0.5375 0.8060747656249999 0.56875 0.8060747656249999 0.59375 0.7990654203124999 0.5984375 0.792056075 0.6171875 0.82242990625 0.6515625 0.82242990625 0.68125 0.86448598125 0.728125 0.9042056078125 0.7375 0.9112149531249999 0.7625 0.9135514015625 0.7671875 0.9182242984375 0.803125 0.8971962609374999 0.8421875 0.8364485984375 0.8453125 0.8107476640625 0.8589062500000001 0.8023364484375 0.8625 0.8037383171875 0.865625 0.8107476640625 0.8617968749999999 0.81331775625 0.9109375 1 0.9984375 1