3 0.62022 0.6914399999999999 0.65168 0.66672 0.6764 0.6173 0.67416 0.5858399999999999 0.66516 0.54538 0.65168 0.52516 0.6426999999999999 0.51842 0.61348 0.49817999999999996 0.6 0.4892 0.57304 0.48696 0.54606 0.48696 0.5236 0.48696 0.49661999999999995 0.49144 0.47640000000000005 0.5139199999999999 0.4427 0.55662 0.45393999999999995 0.62178 0.47416 0.65998 0.52584 0.7071799999999999 0.5618000000000001 0.7071799999999999 0.5955 0.70268 0.62022 0.6914399999999999
3 0.11956 0.5448000000000001 0.08566 0.55736 0.05806 0.57744 0.04174 0.60506 0.032940000000000004 0.6414799999999999 0.036699999999999997 0.66532 0.0455 0.68918 0.0819 0.7268399999999999 0.12458 0.73688 0.1723 0.7230800000000001 0.20116 0.7029799999999999 0.2313 0.66282 0.23632 0.6264000000000001 0.22877999999999998 0.59754 0.19866 0.5536 0.15345999999999999 0.53728 0.11956 0.5448000000000001
3 0.65696 0.91418 0.70216 0.89158 0.726 0.85016 0.72978 0.8187599999999999 0.7209800000000001 0.77484 0.71094 0.7447 0.6871 0.7221 0.6469199999999999 0.7045399999999999 0.61302 0.70328 0.5816399999999999 0.7120599999999999 0.54774 0.72838 0.5339400000000001 0.75224 0.52514 0.7823599999999999 0.53142 0.8463800000000001 0.55152 0.8777799999999999 0.56908 0.89032 0.60926 0.91668 0.6356200000000001 0.9192 0.65696 0.91418
3 0.4382 0.8468199999999999 0.41348 0.8288399999999999 0.40449999999999997 0.8266 0.37304 0.8153600000000001 0.3528 0.8108599999999999 0.30338 0.8266 0.26292 0.84906 0.24044 0.8985 0.27866 0.98164 0.38201999999999997 0.99064 0.4337 0.94794 0.44943999999999995 0.8939999999999999 0.4382 0.8468199999999999
3 0.30710000000000004 0.462 0.30438 0.43608 0.28528 0.39242 0.24708000000000002 0.37606 0.21842 0.37606 0.17204 0.3856 0.15022 0.40198 0.13656 0.41425999999999996 0.11883999999999999 0.44154 0.11202000000000001 0.46746 0.11883999999999999 0.49202 0.13794 0.52202 0.16794 0.54522 0.1925 0.5520400000000001 0.23206000000000002 0.5506800000000001 0.26072 0.54386 0.28528 0.52748 0.28392 0.52748 0.30028 0.49748000000000003 0.30710000000000004 0.462
3 0.91012 0.8561799999999999 0.89438 0.82696 0.8629200000000001 0.78652 0.81798 0.7640399999999999 0.77078 0.7730400000000001 0.74382 0.8 0.7101200000000001 0.86068 0.7056199999999999 0.91012 0.7550600000000001 0.9707800000000001 0.80224 0.9797800000000001 0.86068 0.9730399999999999 0.8629200000000001 0.96404 0.90112 0.91686 0.91012 0.8561799999999999
3 0.29662 0.82922 0.27866 0.73932 0.21124 0.72134 0.18652 0.7078599999999999 0.1618 0.7168599999999999 0.11012 0.7460600000000001 0.09888 0.77528 0.09888 0.80898 0.11686 0.86516 0.15506 0.9146000000000001 0.15955999999999998 0.91236 0.21124 0.90786 0.23596 0.90786 0.25394 0.8472 0.29662 0.82922
3 0.23010000000000003 0.37792 0.2526 0.38476 0.28292 0.39649999999999996 0.30052 0.40237999999999996 0.31324 0.38282 0.32106 0.34368 0.32008000000000003 0.3075 0.31226 0.28206000000000003 0.29856 0.2537 0.27314 0.23803999999999997 0.23889999999999997 0.23218 0.21248 0.23218 0.1714 0.24098000000000003 0.14206000000000002 0.26348 0.13326 0.2889 0.1313 0.32314 0.13813999999999999 0.35541999999999996 0.15086 0.37694 0.16162 0.39552 0.1714 0.3877 0.20564 0.37595999999999996 0.23010000000000003 0.37792
3 1 0.38652000000000003 0.9573 0.3618 0.90786 0.36854 0.86068 0.38876 0.8561799999999999 0.45618 0.85394 0.4382 0.82248 0.37978 0.78652 0.37304 0.7348399999999999 0.5528 0.61574 0.48764 0.6045 0.50112 0.66742 0.54158 0.67866 0.62472 0.63146 0.69214 0.65842 0.7146 0.6988800000000001 0.73932 0.7168599999999999 0.7618 0.73708 0.82022 0.77078 0.76854 0.8247199999999999 0.7663 0.8404400000000001 0.7730400000000001 0.8674200000000001 0.78426 0.87416 0.78876 0.9146000000000001 0.85842 0.9146000000000001 0.8764 0.89438 0.93258 0.85394 0.9730399999999999 0.75956 0.9730399999999999 0.72134 0.93932 0.70112 0.89438 0.62248 0.9191 0.59102 0.90786 0.5191 0.8674200000000001 0.45393999999999995 0.89214 0.42922000000000005 0.95956 0.40224000000000004 0.98652 1 0.9887600000000001 1 0.38652000000000003
3 0.97054 0.25858 0.9871800000000001 0.23902 0.99304 0.20088 0.97054 0.14512 0.9314199999999999 0.1187 0.90404 0.11578 0.9099 0.15882000000000002 0.89132 0.19304 0.86392 0.21261999999999998 0.8414400000000001 0.22240000000000001 0.86198 0.25468 0.8923 0.27715999999999996 0.9412 0.28108 0.97054 0.25858
3 0.0045 0.31012 0.029220000000000003 0.30338 0.08988 0.30562 0.10786 0.29214 0.14157999999999998 0.25168 0.17978 0.22921999999999998 0.21347999999999998 0.22696 0.2472 0.22696 0.29438 0.23370000000000002 0.31686000000000003 0.25168 0.34606 0.33708 0.39326 0.29438 0.41124 0.23596 0.44494 0.17078 0.52584 0.00674 0.47866 0 0.2045 0.0045 0.1618 0.0045 0.09437999999999999 0.01124 0.06516 0.0472 0.09214 0.06966 0.03146 0.08764 0.01574 0.11910000000000001 0.01574 0.1663 0.01348 0.17978 0.00674 0.19776 0.0045 0.31012
3 0.37528 0.50338 0.31686000000000003 0.49438000000000004 0.25617999999999996 0.54158 0.23146 0.5685399999999999 0.23596 0.63146 0.2472 0.65618 0.28988 0.6854 0.33483999999999997 0.68764 0.40449999999999997 0.6336999999999999 0.41798 0.6067400000000001 0.41574 0.5573 0.37528 0.50338
3 0.01602 0.30762 0 0.31582 0.00022 0.33540000000000003 0.01348 0.34298 0.034960000000000005 0.35246 0.05454 0.37646 0.06717999999999999 0.40046 0.07286000000000001 0.4232 0.08738 0.41814 0.10444 0.41181999999999996 0.10569999999999999 0.38594 0.10128 0.35814 0.09054 0.33794 0.06906 0.32277999999999996 0.06464 0.31836000000000003 0.0495 0.31078 0.01602 0.30762
3 0.998 1 0.998 0.99 0.8619999999999999 0.99 0.868 0.96 0.8939999999999999 0.9339999999999999 0.8939999999999999 0.9259999999999999 0.898 0.922 0.8881428578125 0.925571428125 0.892 0.93 0.8859999999999999 0.9359999999999999 0.8782857140625 0.9291428578125001 0.76 0.9720000000000001 0.746 0.962 0.722 0.932 0.7196 0.9252 0.712 0.9199999999999999 0.7128 0.9156000000000001 0.7 0.8960000000000001 0.706 0.8859999999999999 0.6940000000000001 0.898 0.62 0.9199999999999999 0.61 0.916 0.61525 0.9088749999999999 0.639 0.7165 0.636 0.706 0.644 0.706 0.64 0.7 0.64275 0.686125 0.638 0.6839999999999999 0.828 0.392 0.86 0.398 0.8640000000000001 0.388 0.9119999999999999 0.368 0.96 0.364 0.976 0.372 0.998 0.354 0.942 0.282 0.966 0.264 0.986 0.242 0.992 0.2 0.97 0.146 0.9359999999999999 0.122 0.922 0.118 0.9227272718749999 0.10327272812499999 0.998 0.046 0.982 0.03 0.944 0.01 0.9099999999999999 0.01 0.892 0.016 0.884 0.022 0.8560000000000001 0.008 0.606 0.028000000000000004 0.616 0.052000000000000005 0.64 0.074 0.662 0.08199999999999999 0.6839999999999999 0.08199999999999999 0.6980000000000001 0.092 0.714 0.098 0.748 0.098 0.756 0.10400000000000001 0.76 0.136 0.756989009375 0.14303296875 0.30002197812500003 0.225934065625 0.294 0.23399999999999999 0.284 0.23399999999999999 0.2801538453125 0.2295384625 0.27999999999999997 0.23199999999999998 0.27 0.23199999999999998 0.254 0.22799999999999998 0.18 0.22999999999999998 0.142 0.252 0.134 0.262 0.13114285781249999 0.256571428125 0.002 0.27999999999999997 0.002 0.306 0.006 0.31 0.006 0.314 0.002 0.316 0.01096551875 0.33420689531250003 0.008 0.33999999999999997 0.002 0.33799999999999997 0.002 0.99 0.006 1 0.604 1 0.606 0.9880000000000001 0.796 0.9880000000000001 0.8560000000000001 0.99 0.8560000000000001 1 0.998 1