3 0.595328125 0.6153521125 0.575875 0.5973708921875 0.547453125 0.579389671875 0.516046875 0.579389671875 0.47865624999999995 0.6108685453125 0.47267187499999996 0.653568075 0.49809374999999995 0.774906103125 0.52053125 0.779389671875 0.571390625 0.763661971875 0.6013124999999999 0.7007511734375 0.5998125 0.640070421875 0.595328125 0.6153521125
3 0.49989062500000003 0.4730985921875 0.49253125000000003 0.4635446015625 0.481140625 0.45650234687499996 0.46240625 0.448474178125 0.4413125 0.4524882625 0.419234375 0.46657277031250005 0.4035 0.4886854453125 0.395125 0.5198591546875 0.395796875 0.5535446015625001 0.40182812500000004 0.5746713609375 0.415546875 0.5968075125000001 0.42525 0.6043427234375 0.43764062499999995 0.6143896718749999 0.439640625 0.61338028125 0.445 0.6058450703125 0.4600625 0.592769953125 0.477125 0.5892488265625 0.49018750000000005 0.5957981218749999 0.49185937500000004 0.59730046875 0.489515625 0.574178403125 0.492859375 0.55053990625 0.49787499999999996 0.5324413140625001 0.50590625 0.5163380281250001 0.5129374999999999 0.5057981218750001 0.5129374999999999 0.50126760625 0.5075937500000001 0.48467136093749996 0.49989062500000003 0.4730985921875
3 0.403859375 0.8606807515625 0.40984375 0.78875586875 0.391890625 0.7550469484375 0.370953125 0.7303286390625 0.32309375 0.7146009390625 0.30215625 0.721338028125 0.281203125 0.75730046875 0.269234375 0.8157277000000001 0.27971875 0.8741549296875 0.31262500000000004 0.89213615 0.3545 0.9033802812499999 0.36646875 0.9101173703125 0.38292187499999997 0.8943896718750001 0.403859375 0.8606807515625
3 0.7763125 0.80448356875 0.773328125 0.743826290625 0.7793125 0.7101173703125 0.773328125 0.683145540625 0.761359375 0.6606807515625001 0.7314375 0.640446009375 0.69703125 0.6471830984375 0.680578125 0.656173709375 0.670109375 0.67640845 0.6641250000000001 0.7011267609375 0.65515625 0.7460563375 0.6536562499999999 0.764037559375 0.67909375 0.78875586875 0.7105 0.8494366203125001 0.7359218750000001 0.8584272296875 0.76434375 0.8359624406249999 0.7763125 0.80448356875
3 0.701 0.598309859375 0.70490625 0.553309859375 0.684734375 0.491690140625 0.665203125 0.4730985921875 0.63784375 0.46917840312500003 0.612453125 0.4779812203125 0.59553125 0.4955868546875 0.594875 0.4975586859375 0.6105 0.51124413125 0.620265625 0.5396244125 0.62353125 0.5640610328125 0.62221875 0.5885211265625 0.617015625 0.6119953046875 0.6150625 0.6296009390624999 0.612453125 0.6413380281250001 0.641765625 0.6511267609375 0.668453125 0.6442723 0.6899375 0.61981220625 0.701 0.598309859375
3 0.483140625 0.7078638500000001 0.49210937499999996 0.6898826296875 0.474171875 0.6539436624999999 0.47565625 0.6292018781250001 0.490625 0.60448356875 0.474171875 0.5932629109375 0.45023437499999996 0.60448356875 0.43228125000000006 0.6179812203124999 0.4203125 0.6471830984375 0.42331250000000004 0.6719014078125001 0.4218125 0.7303286390625 0.438265625 0.7280985921875 0.462203125 0.7123708921875 0.483140625 0.7078638500000001
3 0.616890625 0.7037089203125 0.64175 0.7006572765625 0.642765625 0.6853990609375 0.639203125 0.6671126765625 0.62246875 0.6503521125 0.60775 0.640446009375 0.591515625 0.6579812203125 0.595078125 0.69302816875 0.59203125 0.7250469484375001 0.616890625 0.7037089203125
3 0.24828125 0.5557511734375 0.27446875 0.56213615 0.28507812499999996 0.5663849765625 0.30489062499999997 0.5982629109375 0.309125 0.595070421875 0.31832812499999996 0.5759389671874999 0.32328125 0.5387323937499999 0.313375 0.49410798125 0.28790625 0.4526525828125 0.2645625 0.44201877968750003 0.23484375000000002 0.4547652578125 0.212203125 0.5026056343749999 0.20582812499999997 0.529178403125 0.21573437499999998 0.5663849765625 0.22917187499999997 0.573826290625 0.23342187499999997 0.5631924875000001 0.24828125 0.5557511734375
3 0.319359375 0.7070187796875 0.315453125 0.670821596875 0.295921875 0.6434272296875 0.268578125 0.6277934265625 0.236671875 0.6346244125 0.22040625 0.649295775 0.221046875 0.6825586859375 0.21389062499999997 0.7119014078125 0.22560937499999997 0.715821596875 0.24384375 0.7246244125 0.266625 0.7471126765625 0.273140625 0.7774413140624999 0.2855 0.7510328640624999 0.304390625 0.7265727703125 0.319359375 0.7070187796875
3 0.7915 0.5789201875 0.803625 0.5988028171875001 0.8322968749999999 0.593826290625 0.8466250000000001 0.586361503125 0.8598593749999999 0.5623474171875 0.8692343749999999 0.5300469484375 0.8692343749999999 0.4944366203125 0.8648125 0.45551643124999996 0.8471718750000001 0.42072770000000004 0.8168593749999999 0.3917370890625 0.77715625 0.4049765265625 0.760625 0.43065727656249997 0.739671875 0.47206572812500003 0.739671875 0.5168075125 0.756765625 0.5631690140625001 0.756765625 0.564014084375 0.778265625 0.566502346875 0.7915 0.5789201875
3 0.751859375 0.6506807515624999 0.78078125 0.6948826296874999 0.787375 0.6849765265625 0.81171875 0.661361503125 0.8122343750000001 0.633145540625 0.8096875000000001 0.6125821593749999 0.79853125 0.5919953046875001 0.782296875 0.566854459375 0.770125 0.5653286390625001 0.74678125 0.564553990625 0.723953125 0.575985915625 0.706203125 0.60267605625 0.69809375 0.64230046875 0.715328125 0.63697183125 0.7320781249999999 0.6384976531250001 0.751859375 0.6506807515624999
3 0.522859375 0.5783333328125 0.55115625 0.581525821875 0.580171875 0.5996009390625 0.5957343749999999 0.61767605625 0.6028125 0.646361503125 0.6091875 0.646361503125 0.61484375 0.6208450703125 0.623328125 0.582582159375 0.622625 0.5464553984375 0.6112968750000001 0.514553990625 0.59928125 0.4996713609375 0.585828125 0.489037559375 0.558234375 0.48267605625 0.5235624999999999 0.4954225359375 0.50234375 0.5198826296875 0.49031250000000004 0.56769953125 0.49173437499999995 0.5974647890625 0.49384375 0.5985211265625 0.517203125 0.5783333328125 0.522859375 0.5783333328125
3 0.8592187499999999 0.64626760625 0.8413906250000001 0.6470657281250001 0.820109375 0.652253521875 0.80121875 0.6674413140625 0.77859375 0.69983568125 0.771953125 0.73140845 0.771953125 0.7473943656250001 0.7740781250000001 0.7753755875 0.788703125 0.8149530515625001 0.796953125 0.828145540625 0.8187656249999999 0.848122065625 0.8344687499999999 0.8529107984375001 0.86453125 0.8525117375000001 0.8975312499999999 0.8273474171874999 0.907640625 0.797769953125 0.9153593750000001 0.7605868546875 0.9140937499999999 0.72232394375 0.9057656250000001 0.6913849765625 0.890859375 0.6703051640625 0.89140625 0.6726525828125001 0.879703125 0.658661971875 0.8592187499999999 0.64626760625
3 0.4828125 0 0.4734375 0.0140845078125 0.471875 0.039906103124999995 0.4453125 0.04694835625 0.4453125 0.009389671875 0.440625 0.0023474171875 0.3609375 0.0023474171875 0.3799325984375 0.040458435937499995 0.315625 0.11032863906249998 0.2625 0.11032863906249998 0.2359375 0.082159625 0.234375 0.061032864062500004 0.2296875 0.04694835625 0.2515625 0.0046948359375 0.2484375 0.009389671875 0.2359375 0.0046948359375 0.2296875 0.0187793421875 0.2265625 0.0187793421875 0.21875 0.0023474171875 0.184375 0.0023474171875 0.1796875 0.007042253125 0.1546875 0.0023474171875 0.0015625 0.0023474171875 0.0015625 0.042253521875 0.00914351875 0.046165884375 0 0.0657277 0.00707720625 0.07072631874999999 0 0.0845070421875 0.0078125 0.103286384375 0.00625 0.1173708921875 0.0015625 0.1173708921875 0 0.24413145468750003 0.0046875 0.2582159625 0.0171875 0.26525821562499996 0.0265625 0.2793427234375 0.028125 0.3028169015625 0.03125 0.3122065734375 0.04375 0.330985915625 0.04375 0.34037558749999997 0.0375 0.3497652578125 0.04375 0.37323943593750003 0.0328125 0.37323943593750003 0.028125 0.380281690625 0.0203125 0.37323943593750003 0.009375 0.37323943593750003 0.0015625 0.3920187796875 0.025 0.3920187796875 0.0265625 0.3990610328125 0.0296875 0.3990610328125 0.071875 0.50904190625 0.0015625 0.56338028125 0 0.8826291078124999 0.003125 1 0.440625 1 0.446875 0.960093896875 0.446875 0.9319248828125 0.44375 0.9084507046875 0.4453125 0.9061032859375 0.4609375 0.90375586875 0.46875 0.9061032859375 0.478125 0.9154929578125 0.4953125 0.90375586875 0.5 0.90375586875 0.503125 0.8990610328124999 0.50625 0.9014084499999999 0.5234375 0.896713615625 0.5359375 0.88732394375 0.55625 0.90375586875 0.5609375 0.9014084499999999 0.565625 0.8920187796875 0.584375 0.8920187796875 0.6078125 0.9014084499999999 0.6296875 0.896713615625 0.671875 0.9084507046875 0.6890625 0.9014084499999999 0.7015625 0.8849765265625 0.715625 0.8732394359375 0.725 0.8568075125 0.7484375 0.8521126765625 0.75625 0.8521126765625 0.7734375 0.8615023468749999 0.8140625 0.8591549296875 0.8265625 0.8826291078124999 0.8546875 0.910798121875 0.875 0.9178403749999999 0.8890625 0.927230046875 0.9078125 0.9295774640625 0.915625 0.9342722999999999 0.965625 0.9342722999999999 0.9828125 0.927230046875 0.9984375 0.9154929578125 0.9114919359375 0.789413903125 0.9140625 0.767605634375 0.9140625 0.7230046953125 0.9046875 0.6901408453125 0.8796875 0.6596244125 0.8609375 0.6478873234375 0.8390625 0.6478873234375 0.8203125 0.652582159375 0.809375 0.61267605625 0.8046875 0.605633803125 0.80625 0.59859155 0.83125 0.59624413125 0.8453125 0.589201878125 0.8578125 0.5680751171875 0.86875 0.53286385 0.86875 0.490610328125 0.8640625 0.4553990609375 0.84375 0.41784037500000004 0.81875 0.39436619687499996 0.81875 0.305946790625 0.8354166671875 0.31011997812500003 0.8390625 0.3122065734375 0.8390625 0.3169014078125 0.9984375 0.377934271875 0.9890625 0.361502346875 0.9890625 0.34037558749999997 0.984375 0.330985915625 0.9640625 0.330985915625 0.9578125 0.32159624375 0.9453125 0.31924882656250003 0.903125 0.3169014078125 0.903125 0.3075117375 0.9109375 0.30046948281249997 0.9140625 0.281690140625 0.928125 0.26525821562499996 0.9359375 0.2605633796875 0.9609375 0.2629107984375 0.965625 0.2605633796875 0.9703125 0.251173709375 0.971875 0.2065727703125 0.9609375 0.1877934265625 0.9546875 0.169014084375 0.9546875 0.138497653125 0.946875 0.12206572812500001 0.9484375 0.11032863906249998 0.9578125 0.0938967140625 0.9578125 0.0704225359375 0.9609375 0.0539906109375 0.9609375 0.028169014062499997 0.95 0.0023474171875 0.796875 0.0023474171875 0.7890625 0.009389671875 0.74375 0.016431925 0.7375 0.0187793421875 0.7328125 0.025821596875000002 0.6984375 0.0211267609375 0.696875 0.0023474171875 0.5328125 0.0046948359375 0.5234375 0 0.4828125 0