0 0.44325000000000003 0.781779859375 0.43001562499999996 0.82740046875 0.43001562499999996 0.8452459015624999 0.45251562500000003 0.9007728343749999 0.504109375 0.8987822015625 0.523953125 0.874988290625 0.535859375 0.8472131140625001 0.52925 0.795667446875 0.5054375 0.7718735359375 0.47896875000000005 0.7639344265625 0.481609375 0.76194379375 0.475 0.75997658125 0.44325000000000003 0.781779859375
0 0.517375 0.7818032781250001 0.53453125 0.811803278125 0.547875 0.7989461359375001 0.560265625 0.7603981265625 0.564078125 0.7161124125 0.55359375 0.6889695546875 0.531671875 0.6703981265625 0.49640625 0.674683840625 0.47925000000000006 0.6903981265625 0.47257812499999996 0.7261124125 0.46971875 0.7503981265624999 0.47162499999999996 0.7589695546875 0.497359375 0.7660889937500001 0.517375 0.7818032781250001
0 0.36290625 0.7531381734375 0.36290625 0.801007025 0.379234375 0.826604215625 0.427515625 0.8555503515625 0.4341875 0.8344028109374999 0.436421875 0.8110304453125 0.45053124999999994 0.7731850109375 0.46834375 0.759836065625 0.471328125 0.75648711875 0.46240625 0.717540984375 0.44829687500000004 0.6986182671875001 0.4223125 0.6852459015625 0.40003124999999995 0.690819671875 0.3725625 0.7208665109375 0.36290625 0.7531381734375
3 0.825796875 0.696955503125 0.8289843749999999 0.7128571421875 0.8369375 0.7231850109375 0.8560156250000001 0.7366744734374999 0.8862187499999999 0.741451990625 0.911125 0.7247540984375 0.927546875 0.6874707265625 0.93390625 0.6636533953125 0.9270156249999999 0.63744730625 0.920125 0.6151990625 0.901578125 0.5897892265625 0.8676718749999999 0.57548009375 0.8438281249999999 0.5897892265625 0.825796875 0.6215456671874999 0.82209375 0.6516861828125 0.82315625 0.679484778125 0.825796875 0.696955503125
2 0.383046875 0.4423419203125 0.31240625 0.4329508203125 0.24646875000000001 0.4305854796875 0.20407812500000003 0.42824355937499997 0.17896875 0.42824355937499997 0.1868125 0.4823419203125 0.19309375 0.48 0.304546875 0.47058547968750003 0.362640625 0.45882903906249994 0.383046875 0.4541217796875 0.383046875 0.4423419203125
2 0.32809374999999996 0.47058547968750003 0.23704687500000002 0.4823419203125 0.218203125 0.48470725937500003 0.2260625 0.5035363 0.24332812499999998 0.508243559375 0.362640625 0.48941452031250005 0.39246875000000003 0.468243559375 0.38460937500000003 0.4541217796875 0.32809374999999996 0.47058547968750003
2 0.307671875 0.4997892265625 0.28717187499999997 0.5018266984374999 0.250953125 0.5079859484375 0.220890625 0.5048946140624999 0.181265625 0.5048946140624999 0.170328125 0.5161592500000001 0.169640625 0.530515221875 0.17579687500000002 0.5427868859375 0.201765625 0.5376814984375 0.244125 0.5376814984375 0.29674999999999996 0.52128805625 0.31996875 0.5018266984374999 0.317921875 0.4997892265625 0.307671875 0.4997892265625
2 0.36928125 0.43803278749999996 0.38732812499999997 0.445339578125 0.39659374999999997 0.4482669796875 0.40196875 0.44461358281249996 0.4029375 0.431451990625 0.39123437499999997 0.41536299843749996 0.3180625 0.41536299843749996 0.281 0.40440281093749997 0.24295312500000002 0.4036533953125 0.20831249999999998 0.4102341921875 0.18782812499999998 0.4226697890625 0.185390625 0.4351053859375 0.231734375 0.42997658124999993 0.36928125 0.43803278749999996
3 0.819515625 0.5468852453124999 0.8234843749999999 0.5218032781249999 0.8234843749999999 0.5026463703124999 0.82259375 0.47030445 0.8151093749999999 0.4438875875 0.8067500000000001 0.42936768125 0.7979375 0.41353629999999997 0.795296875 0.4122014046875 0.77371875 0.4122014046875 0.7609375 0.4141920375 0.7464062499999999 0.4194613578125 0.72834375 0.43861826718749997 0.719984375 0.4584309140625 0.7146874999999999 0.5 0.71778125 0.5270726 0.729234375 0.549508196875 0.7508125 0.571311475 0.772828125 0.577236534375 0.8085000000000001 0.5666744734375 0.819515625 0.5468852453124999
3 0.6077656250000001 0.68810304375 0.6174999999999999 0.70836065625 0.641828125 0.7278220140625 0.6596875 0.7221545671875 0.6813125 0.71810304375 0.692671875 0.7067447312499999 0.701859375 0.68810304375 0.7061875 0.6605386421875 0.704578125 0.6313583140625 0.696453125 0.6078454328125 0.687265625 0.59163934375 0.662390625 0.5770491796874999 0.6429218750000001 0.5803044500000001 0.6250625000000001 0.59002341875 0.6099218750000001 0.6062295078125 0.602890625 0.6370257609375 0.600734375 0.652435596875 0.6018125000000001 0.6662295078125 0.6077656250000001 0.68810304375
3 0.617015625 0.5955503515625 0.601796875 0.6411943796874999 0.60871875 0.68583138125 0.64471875 0.7273302109374999 0.65440625 0.72836065625 0.693875 0.716955503125 0.70840625 0.6744028109375 0.738875 0.7418501171874999 0.77903125 0.745995315625 0.8018750000000001 0.731475409375 0.822640625 0.6723419203125001 0.8427187500000001 0.735620609375 0.88425 0.73770491875 0.9133281249999999 0.7200702578125 0.9250937499999999 0.687892271875 0.9340937500000001 0.654683840625 0.925796875 0.6173302109375001 0.9008749999999999 0.5862060890625 0.8614062499999999 0.5716861828125 0.8454843750000001 0.5270726 0.827484375 0.5094145203125 0.83025 0.4637704921875 0.80740625 0.42536299843750003 0.7845625 0.41498829062500003 0.7561718749999999 0.41810304374999996 0.7347187500000001 0.434707259375 0.7215625 0.4637704921875 0.7125625 0.4886651046875 0.715328125 0.5000936765625 0.687640625 0.5125292734375 0.653015625 0.563372365625 0.655796875 0.5748009374999999 0.617015625 0.5955503515625