3 0.22145312499999997 0.3745208328125 0.236359375 0.4026666671875 0.26742187500000003 0.4142708328125 0.2854375 0.41841666718750004 0.313390625 0.4109583328125 0.333265625 0.39191666718749996 0.34568750000000004 0.3546458328125 0.338234375 0.3206875 0.32084375 0.2941666671875 0.3053125 0.2792708328125 0.27115625 0.275125 0.25625 0.2776041671875 0.23139062500000002 0.2958333328125 0.216484375 0.3231666671875 0.21525 0.3397291671875 0.22145312499999997 0.3745208328125
3 0.296359375 0.1982916671875 0.2990625 0.2440416671875 0.32796875000000003 0.3030625 0.369515625 0.3163125 0.40203125 0.3030625 0.4255 0.2741458328125 0.43364062499999995 0.23802083281250003 0.43364062499999995 0.1766041671875 0.406546875 0.1308541671875 0.3631875 0.12120833281250001 0.34603125 0.1260416671875 0.313515625 0.1525208328125 0.296359375 0.1982916671875
3 0.549109375 0.1035 0.5165 0.0995 0.487875 0.11327083281250001 0.461921875 0.1505416671875 0.45726562499999995 0.1869166671875 0.45559374999999996 0.21000000000000002 0.45959374999999997 0.24104166718750003 0.47257812499999996 0.269 0.5071875 0.2960625 0.520828125 0.2978541671875 0.54878125 0.2978541671875 0.573078125 0.2787708328125 0.591046875 0.2548125 0.596359375 0.22331249999999997 0.60003125 0.1944583328125 0.591375 0.1540833328125 0.5797343749999999 0.1327916671875 0.549109375 0.1035
3 0.5975937499999999 0.2850625 0.6081562500000001 0.3074166671875 0.6230625 0.3289583328125 0.6435625 0.3397291671875 0.660953125 0.34220833281249996 0.667796875 0.3331041671875 0.675859375 0.3264791671875 0.6889062499999999 0.3223333328125 0.7025781249999999 0.31902083281250004 0.71003125 0.3049375 0.721828125 0.2784375 0.72121875 0.2568958328125 0.718734375 0.23122916718750003 0.713765625 0.20554166718750003 0.70071875 0.1873333328125 0.6839375000000001 0.16910416718750002 0.661578125 0.1624791671875 0.63984375 0.1674583328125 0.61809375 0.1807083328125 0.6025625 0.19975 0.59821875 0.2072083328125 0.5913906250000001 0.24695833281250001 0.592 0.2635208328125 0.5975937499999999 0.2850625
3 0.6390625 0.40335416718749995 0.64053125 0.4258541671875 0.656671875 0.4767291671875 0.686015625 0.49824999999999997 0.7006875 0.4972708328125 0.725640625 0.4874791671875 0.7498437499999999 0.4874791671875 0.76671875 0.46889583281249997 0.77771875 0.4327083328125 0.77771875 0.3877083328125 0.7696562499999999 0.3573958328125 0.749109375 0.3260833328125 0.721234375 0.3182708328125 0.691890625 0.3172916671875 0.666953125 0.3339166671875 0.65740625 0.3485833328125 0.647875 0.3720625 0.6500781250000001 0.3710833328125 0.6412656250000001 0.38575 0.6390625 0.40335416718749995
3 0.58621875 0.7321875 0.5888125 0.7691666671874999 0.60440625 0.8176875000000001 0.645125 0.8488749999999999 0.687578125 0.8500208328125 0.718765625 0.8176875000000001 0.73003125 0.7795625 0.7335 0.7356666671875 0.71703125 0.6882916671875 0.69625 0.6675 0.678921875 0.6547916671875 0.6503281249999999 0.6501875 0.62 0.6640416671875 0.6018125000000001 0.681375 0.6009375 0.6825208328125 0.59140625 0.7079375 0.58621875 0.7321875
3 0.45859375 0.78525 0.44982812499999997 0.8245833328125001 0.45859375 0.8617916671874999 0.479328125 0.8979166671875 0.5024375 0.9170624999999999 0.534328125 0.9149375 0.554265625 0.9043125 0.582171875 0.8724166671875 0.5909375 0.8288333328125 0.5845625 0.7884375 0.5678124999999999 0.7554791671875 0.535921875 0.7363541671875 0.49207812500000003 0.7363541671875 0.482515625 0.7491041671875001 0.47056250000000005 0.7565416671875 0.45859375 0.78525
3 0.300109375 0.46950000000000003 0.29396875 0.4545 0.28271875 0.4326666671875 0.26940624999999996 0.4122083328125 0.268390625 0.4122083328125 0.2376875 0.40675 0.21415625 0.4081041671875 0.192671875 0.42175 0.19165625 0.42175 0.1824375 0.42993750000000003 0.1711875 0.4545 0.16299999999999998 0.48314583281249995 0.1660625 0.5390833328125 0.1824375 0.5759166671875 0.199828125 0.5881875 0.234625 0.5895625 0.256109375 0.5895625 0.26940624999999996 0.5772708328125 0.29500000000000004 0.5390833328125 0.301125 0.5049791671875 0.301125 0.4899583328125 0.300109375 0.46950000000000003
3 0.23162500000000003 0.6083541671875 0.222921875 0.6186666671875 0.217109375 0.6302916671875 0.213234375 0.6445000000000001 0.20840625 0.6619166671875 0.20598437500000003 0.6896666671875 0.21081249999999999 0.7174166671875 0.224859375 0.7419374999999999 0.23840625000000001 0.7587083328124999 0.2640625 0.7671041671875 0.292609375 0.7606458328125 0.318265625 0.7496875000000001 0.33084375 0.728375 0.3415 0.7135416671875 0.34585937499999997 0.6941875 0.346828125 0.6773958328125 0.345375 0.6502916671875 0.3356875 0.6212500000000001 0.323109375 0.6038333328125 0.30859375 0.5896458328125 0.28875 0.5825416671875 0.26745312499999996 0.5844791671875 0.249546875 0.5928541671875001 0.23985937499999999 0.6012500000000001 0.23162500000000003 0.6083541671875
3 0.311546875 0.8124375 0.327078125 0.8538333328125001 0.350703125 0.8844375 0.378390625 0.8871249999999999 0.40335937499999996 0.8853333328125 0.431046875 0.869125 0.44521875 0.8349375 0.452640625 0.8079166671875001 0.452640625 0.7827291671875 0.450609375 0.7467291671875 0.427671875 0.7143125 0.3891875 0.6918124999999999 0.36015625 0.6972083328124999 0.33923437500000003 0.716125 0.316953125 0.7530208328125 0.318984375 0.7539166671875 0.31628124999999996 0.7719166671875 0.311546875 0.8124375
3 0.743765625 0.6838958328125 0.7870781250000001 0.6587916671875 0.8040156250000001 0.6361875 0.8134375 0.5784374999999999 0.7927187499999999 0.5144166671875 0.7569375 0.48931250000000004 0.717390625 0.4930833328125 0.688203125 0.5093958328125 0.66090625 0.5809583328125 0.673140625 0.6324166671875 0.673140625 0.6336875 0.693859375 0.6688333328125 0.743765625 0.6838958328125