0 0.0047058828125 0.5670588234375 0.025882353125 0.5694117640624999 0.0447058828125 0.5270588234375 0.0729411765625 0.477647059375 0.157647059375 0.4894117640625 0.1952941171875 0.46823529375 0.225882353125 0.46352941249999996 0.29176470625 0.49176470625 0.317647059375 0.48 0.3294117640625 0.454117646875 0.32 0.397647059375 0.3294117640625 0.30823529375000003 0.3835294125 0.197647059375 0.3788235296875 0.1294117640625 0.334117646875 0.07764705937500001 0.23764705937500002 0 0.0047058828125 0.002352940625 0.0047058828125 0.5670588234375
2 0.4741503265625 0.768169934375 0.49437908437500006 0.788382353125 0.51460784375 0.768169934375 0.5617973859375 0.7479411765624999 0.626960784375 0.7569281046875 0.64944444375 0.786143790625 0.6943790843750001 0.7726633984375 0.721356209375 0.7749019609375 0.773039215625 0.8063725484375001 0.941568628125 0.8243464046875 0.9685457515625 0.8108660125 0.98202614375 0.752434640625 0.9797712421875 0.6917647062500001 0.9191013078125 0.6782843140625 0.7887581703125 0.667042484375 0.6719117640625 0.6355882359375 0.5730392156249999 0.63107843125 0.4966339875 0.6445751640624999 0.4831535953125 0.6513071890625 0.4741503265625 0.7097385625 0.4741503265625 0.768169934375
2 0.35055555625 0.9078594765625001 0.3685457515625 0.905620915625 0.3685457515625 0.808986928125 0.2741503265625 0.4831535953125 0.258431371875 0.4719117640625 0.2314542484375 0.45168300625 0.2224673203125 0.45168300625 0.21797385625 0.45168300625 0.2022549015625 0.45168300625 0.1955065359375 0.4561764703125 0.18202614374999998 0.47640522812499997 0.175277778125 0.505620915625 0.18202614374999998 0.505620915625 0.2134803921875 0.775277778125 0.2022549015625 0.8921405234374999 0.2224673203125 0.94831699375 0.35055555625 0.9078594765625001
2 1 0.49176470625 0.7685457515625 0.4153594765625 0.739330065625 0.46478758124999997 0.6898856203125 0.516486928125 0.9550490203124999 0.646813725 1 0.6895098046875 1 0.49176470625
2 0 0.998300653125 0.0716503265625 0.9650490203125001 0.07849673125 0.8907026140625 0.0638235296875 0.8173366015625 0.06284313750000001 0.657908496875 0.05501634062500001 0.5874836593749999 0 0.5767156859375 0.001225490625 0.5816013078125 0.0021895421875 0.8026633984375 0 0.998300653125
2 0.0629248359375 0.7865196078125 0.0808986921875 0.8966339874999999 0.07415032656250001 0.9640522875 0.06516339843749999 0.9887581703125001 0.1707843140625 0.9865196078125 0.19774509843750002 0.98426470625 0.16629085 0.8539379078125 0.10785947656249999 0.8179738562500001 0.0696568625 0.7168464046875 0.0629248359375 0.7865196078125
2 0.6065359484374999 0.9132843140625001 0.6402450984375 0.8503594765625 0.6492320265625 0.8705882359375 0.6537418296874999 1 0.80879085 0.9964379078125001 0.80879085 0.9627287578124999 0.7773366015625001 0.8413725484375 0.7683333328125 0.8054248359375 0.7076633984375 0.7717156859375 0.667222221875 0.7896895421875 0.617777778125 0.7559803921875 0.55710784375 0.75823529375 0.46496732031250004 0.8166666671874999 0.32563725468750004 1 0.5616013078125001 0.9964379078125001 0.5795751640625 0.9784640515625 0.6065359484374999 0.9132843140625001
2 0.4086928109375 0.6841013078125 0.3204901953125 0.6382026140625 0.3708986921875 0.8209150328125 0.40599673125 0.8119117640625 0.4375 0.8002124187499999 0.46450980468749997 0.7795098046875 0.47800653593750003 0.7615196078124999 0.47349673125 0.7399183 0.47349673125 0.7309150328125 0.46450980468749997 0.7210130718750001 0.4086928109375 0.6841013078125
2 0.48398692812500005 0.7031372546875 0.4840359484375 0.6591339875 0.5016503265625001 0.646405228125 0.519248365625 0.6366339875 0.5349019609375001 0.6307679734375 0.5642483656249999 0.6376143796875 0.634673203125 0.63857843125 0.6493464046875 0.63857843125 0.6033660125 0.6063071890625 0.5388235296875 0.593594771875 0.4390522875 0.575 0.3872058828125 0.5701143796875 0.322647059375 0.5583823531250001 0.3069934640625 0.5574019609375 0.30400326875 0.554460784375 0.3206372546875 0.6356535953125 0.3930228765625 0.6767320265625 0.42138888906250005 0.695326796875 0.48398692812500005 0.7031372546875
2 0.16179738593749998 0.48539215625 0.094379084375 0.4651633984375 0.058431371875000006 0.48539215625 0.0359477125 0.5101143796875001 0.042696078124999995 0.5348366015625 0.0696568625 0.68539215625 0.1011274515625 0.8157352937500001 0.1348366015625 0.8382026140625 0.1775326796875 0.83370915 0.20674836562499999 0.8112418296874999 0.21573529374999997 0.7910130718749999 0.19325163437499998 0.5101143796875001 0.16179738593749998 0.48539215625
2 0.8224673203125 0.5820261437500001 0.71460784375 0.5280882359375 0.678643790625 0.5348366015625 0.6292156859375 0.56629085 0.6022549015625 0.6022549015625 0.61797385625 0.6134803921875001 0.660669934375 0.6202287578125001 0.7303431375 0.6471895421875 0.7887581703125 0.660669934375 0.8449509796875001 0.6629248359375 0.9011274515625001 0.6764052281249999 0.9707843140625 0.6966339875 0.973039215625 0.6629248359375 0.9078594765625001 0.6314542484375 0.8224673203125 0.5820261437500001
3 0.5192810453125001 0.6047712421875 0.56297385625 0.6047712421875 0.7043627453125 0.512222221875 0.76349673125 0.41968954218750004 0.781486928125 0.2731535953125 0.76349673125 0.1986111109375 0.6889379078125 0.113774509375 0.65039215625 0.077777778125 0.5269934640625 0.070065359375 0.4575817 0.1060620921875 0.37789215625 0.1908986921875 0.3110620921875 0.3682679734375 0.323905228125 0.458251634375 0.38045751562499996 0.5662091499999999 0.5192810453125001 0.6047712421875