3 0.4853958328125 0.7595468750000001 0.5064000859375 0.7604639671875 0.506375 0.764046875 0.47341666718750003 0.8067343749999999 0.99475 0.8157343750000001 0.9970000000000001 0.7921328125 0.9872631328124999 0.7840214 0.9977499999999999 0.784265625 1 0.782015625 0.989497875 0.7815570796875 0.9988214296875 0.7736696421875 0.9929285703125 0.7319397328125 0.9813935687500001 0.724668478125 0.99175 0.72359375 0.9797708328124999 0.67640625 0.9857708328125 0.6674218749999999 0.9737916671875 0.640453125 0.9198541671875 0.59775 0.8978819437500001 0.6037395828125 0.8883906250000001 0.5988710937499999 0.8928750000000001 0.57528125 0.7640416671875 0.4494375 0.7310833328124999 0.42696875 0.7101041671874999 0.42696875 0.6891458328125 0.408984375 0.6621666671875001 0.406734375 0.5902708328124999 0.3955 0.4374583328125 0.3505625 0.3895208328125 0.34381249999999997 0.38053125 0.34943749999999996 0.3715416671875 0.3550625 0.3895208328125 0.413484375 0.37454166718750004 0.42696875 0.4853958328125 0.7595468750000001
3 0.5109375 1 0.5151458328125 0.98225 0.5088333328125 0.9680624999999999 0.48991666718750004 0.9507187500000001 0.47520833281249997 0.9491406250000001 0.45837500000000003 0.9491406250000001 0.45416666718750004 0.963328125 0.45837500000000003 0.9538593750000001 0.4667916671875 0.974359375 0.4667916671875 0.9869843749999999 0.45416666718750004 1 0.48150000000000004 1 0.5109375 1
1 0.9512708328124999 0.551890625 0.9666458328124999 0.5451718750000001 0.9826041671875 0.5387500000000001 0.9999791671875 0.5383281249999999 0.9996875 0.530640625 0.9979791671875 0.53 0.9780416671875001 0.5308437500000001 0.9780416671875001 0.52978125 0.9598125 0.5259375000000001 0.9404375 0.5376875 0.9330416671874999 0.5519999999999999 0.9313125 0.56396875 0.9427083328125001 0.56621875 0.9478541671875 0.560875 0.9512708328124999 0.551890625
1 0.9554583328125 0.5010625 0.9687083328125 0.503765625 0.9861666671875 0.504671875 0.9933958328125 0.50828125 0.9988125 0.507375 0.9994166671875 0.4613125 0.9885833328125001 0.46492187500000004 0.9693125 0.465375 0.960875 0.46764062500000003 0.9512499999999999 0.465375 0.9235416671875001 0.471703125 0.9157083328125 0.47440625000000003 0.9042708328125 0.48479687499999996 0.9072708328125 0.48479687499999996 0.9271458328125 0.4875 0.9325833328125 0.497 0.934375 0.507828125 0.9554583328125 0.5010625
1 0.8445208328125 0.48909375 0.8518333328125 0.494578125 0.8664583328125 0.48990625000000004 0.8653541671875 0.47784375 0.8664583328125 0.45317187499999995 0.8613333328125 0.45754687499999996 0.8525625 0.470171875 0.8478125000000001 0.47757812499999996 0.8445208328125 0.48909375
1 0.9489583328125001 0.624640625 0.9515208328125 0.581453125 0.9310416671875 0.5670468750000001 0.8836875 0.5565 0.8772916671875001 0.6073593749999999 0.9054375 0.598734375 0.92975 0.601609375 0.9489583328125001 0.624640625
1 0.8234999999999999 0.462 0.8187291671875 0.45840625 0.804375 0.45642187500000003 0.7900208328125 0.45721875 0.7809791671874999 0.46439062499999995 0.7947916671875 0.4735625 0.8091458328125001 0.49548437500000003 0.81925 0.5054531250000001 0.8203125 0.5050625 0.8458333328125001 0.49709375 0.8543333328125 0.49309375 0.8564583328125 0.48353124999999997 0.854875 0.47317187499999996 0.8522083328125 0.46559375000000003 0.8447708328125 0.462796875 0.8431666671875 0.462 0.8314791671874999 0.46001562500000004 0.8234999999999999 0.462
1 0.8266041671875 0.4576875 0.8446666671875 0.46168750000000003 0.8494583328124999 0.4680625 0.8574375 0.46606249999999994 0.8611458328125 0.459296875 0.867 0.466859375 0.8653958328125 0.48839062499999997 0.8717916671875001 0.48998437499999997 0.8994166671875 0.48759375 0.9036875 0.47325 0.9004791671874999 0.45490624999999996 0.8941041671875001 0.45171875000000006 0.8845416671875 0.4565 0.8792291671875001 0.450125 0.8701874999999999 0.44134375 0.8467916671875001 0.44693750000000004 0.8351041671875 0.44693750000000004 0.8159583328125001 0.44693750000000004 0.8021458328125 0.45609374999999996 0.8154375 0.4565 0.82075 0.45968749999999997 0.8266041671875 0.4576875
1 0.9333750000000001 0.597671875 0.9406041671875001 0.6116718750000001 0.9448333328125 0.6152968750000001 0.9538541671875 0.614390625 0.9635 0.6152968750000001 0.9815625000000001 0.614390625 0.9809583328124999 0.60625 0.9845625 0.5900000000000001 0.99 0.5741875000000001 0.986375 0.56740625 0.9737291671875001 0.5696718749999999 0.9664999999999999 0.572375 0.9520625 0.581421875 0.9484375 0.578703125 0.9406041671875001 0.5836718750000001 0.9333750000000001 0.597671875
1 0.997625 0.538015625 0.9858333328125 0.537390625 0.9487708328125001 0.553171875 0.9479374999999999 0.565171875 0.9344583328124999 0.56959375 0.9521458328125 0.583484375 0.9681458328125 0.5708593750000001 0.9841458328125 0.567703125 0.9959374999999999 0.57275 0.997625 0.572125 1 0.540546875 0.997625 0.538015625
1 0.8090624999999999 0.42095312500000004 0.8121041671875 0.41704687500000004 0.8125208328125 0.412515625 0.8047291671875 0.40667187499999996 0.7900208328125 0.41574999999999995 0.7869791671875 0.41640625 0.7783333328125 0.418359375 0.7688125 0.41640625 0.7475833328125 0.4258125 0.7354791671875 0.43751562499999996 0.7406666671875 0.44692187499999997 0.7402291671875 0.45146875 0.7501875 0.45959374999999997 0.76275 0.45893750000000005 0.7744375 0.46153125 0.7809166671875001 0.46510937500000005 0.7895833328124999 0.45764062499999997 0.7969375000000001 0.45568749999999997 0.7969375000000001 0.455359375 0.797375 0.44465625 0.797375 0.4323125 0.8064583328125 0.4255 0.8090624999999999 0.42095312500000004