1 0.815633803125 0.384359375 0.7907511734375 0.397609375 0.777065728125 0.43321875 0.7683568078125 0.519359375 0.8081690140625 0.57484375 0.84051643125 0.596390625 0.896525821875 0.6054999999999999 0.9052347421875 0.591421875 0.8878169015624999 0.575671875 0.9438028171875 0.58809375 0.9500234734375 0.577328125 0.9487793421875 0.572359375 0.9587323937500001 0.564078125 0.9686854453124999 0.5475156250000001 0.9985446015624999 0.567390625 0.9985446015624999 0.381046875 0.9736619718749999 0.36115624999999996 0.9450469484375 0.357015625 0.9288732390625001 0.35121875 0.9052347421875 0.333 0.8790845078125 0.32637499999999997 0.8604225359375001 0.352875 0.834295775 0.3561875 0.819366196875 0.3628125 0.815633803125 0.384359375
1 0.305281690625 0.553625 0.3286150234375 0.554953125 0.34795774687500003 0.544296875 0.3659389671875 0.544296875 0.365281690625 0.507921875 0.36194835625 0.4466875 0.3492723 0.4063125 0.327957746875 0.376578125 0.32661971875 0.348171875 0.307957746875 0.350390625 0.2999530515625 0.358828125 0.2986150234375 0.38456250000000003 0.297957746875 0.39654687499999997 0.297957746875 0.41075 0.297957746875 0.42982812499999995 0.29661971875000004 0.45689062500000005 0.293286384375 0.53809375 0.305281690625 0.553625
1 0.360610328125 0.51359375 0.384178403125 0.5582499999999999 0.418638496875 0.586015625 0.454906103125 0.586015625 0.4875352109375 0.579984375 0.5346948359375 0.569109375 0.5709389671875 0.5715312499999999 0.5709389671875 0.52325 0.538309859375 0.461703125 0.5401173703125 0.4266875 0.549201878125 0.40496875 0.5310563375 0.384453125 0.509295775 0.378421875 0.48028169062500004 0.379625 0.4639671359375 0.37479687500000003 0.431338028125 0.37117187500000004 0.4041314546875 0.3989375 0.3769248828125 0.429109375 0.362417840625 0.456875 0.360610328125 0.51359375
1 0.568122065625 0.359078125 0.554929578125 0.359953125 0.55140845 0.373421875 0.5456807515625 0.41410937499999995 0.538661971875 0.42610937499999996 0.5346948359375 0.447484375 0.5478873234375 0.48875 0.56373239375 0.532078125 0.566361503125 0.549359375 0.5821830984374999 0.562234375 0.605070421875 0.5666249999999999 0.6230985921875 0.5587187499999999 0.6332159625 0.5481874999999999 0.616502346875 0.499 0.5971361500000001 0.4565625 0.586150234375 0.41937499999999994 0.573826290625 0.40971875 0.5676760562500001 0.383953125 0.568122065625 0.359078125
1 0.452394365625 0.37303125000000004 0.45577464843750004 0.366296875 0.49629107968749997 0.393265625 0.5638028171875 0.364046875 0.5806807515625 0.307859375 0.6009389671875 0.296625 0.6009389671875 0.339328125 0.590821596875 0.361796875 0.6380751171875 0.37528125 0.665093896875 0.341578125 0.6414553984375 0.31460937499999997 0.5806807515625 0.22471875 0.5536854453125 0.17078125 0.5131690140625 0.1438125 0.4929107984375 0.12809375 0.48276995312500004 0.12809375 0.43213615 0.19775 0.40511737031250006 0.22696875 0.4017605640625 0.265171875 0.40511737031250006 0.3550625 0.418638496875 0.37753125 0.452394365625 0.37303125000000004
1 0.5748826296875 0.69940625 0.5748826296875 0.7830468749999999 0.5748826296875 0.797140625 0.6184272296875 0.795484375 0.62589201875 0.790515625 0.63213615 0.7780781250000001 0.6383568078125 0.7341875 0.6383568078125 0.6654375 0.62589201875 0.64390625 0.6146948359375 0.621546875 0.607230046875 0.601671875 0.573638496875 0.58096875 0.569906103125 0.5718593750000001 0.5475117375 0.56190625 0.526361503125 0.5726875 0.5226291078124999 0.588421875 0.5425352109375 0.61575 0.5549765265625 0.6232031250000001 0.567417840625 0.662125 0.5748826296875 0.69940625
1 0.3863145546875 0.659109375 0.3888028171875 0.6930625 0.39875586875 0.734484375 0.43359154999999994 0.805703125 0.452253521875 0.8073593750000001 0.4646948359375 0.82228125 0.4759154921875 0.7907968750000001 0.5020422531250001 0.79659375 0.5095070421875 0.77671875 0.5256807515624999 0.794109375 0.5605164312500001 0.7949375 0.579178403125 0.770921875 0.571713615625 0.71709375 0.5617605640625001 0.63509375 0.534389671875 0.6110781249999999 0.5269248828124999 0.57296875 0.4858685453125 0.5804218750000001 0.44105633749999995 0.596171875 0.4 0.632609375 0.3863145546875 0.659109375
1 0.3420892015625 0.755625 0.364741784375 0.7831406249999999 0.37140845 0.7995625000000001 0.384741784375 0.81775 0.410070421875 0.8208593750000001 0.4260798125 0.8137656249999999 0.424741784375 0.790234375 0.400070421875 0.7245781250000001 0.387417840625 0.6526875000000001 0.3967370890625 0.626515625 0.3880751171875 0.593234375 0.37542253593749997 0.57459375 0.36807511718749997 0.559515625 0.362746478125 0.5501875 0.352746478125 0.5590625 0.352746478125 0.577703125 0.34009389687499997 0.6061093750000001 0.3294131453125 0.66334375 0.3294131453125 0.7090468750000001 0.3420892015625 0.755625
1 0.0514553984375 0.796265625 0.07626760625 0.818953125 0.1692488265625 0.775625 0.1909389671875 0.67453125 0.184741784375 0.587875 0.16305164375 0.5755 0.14446009375 0.579625 0.07626760625 0.56725 0.020469482812500002 0.556921875 0.0049765265625 0.5527968750000001 0.0049765265625 0.794203125 0.0514553984375 0.796265625
1 0.5718309859375 0.179046875 0.5718309859375 0.210578125 0.6124413140625 0.266890625 0.683497653125 0.34796875 0.7207277000000001 0.37725 0.7613145546875 0.3795 0.7884037562499999 0.36148437499999997 0.8323708921874999 0.36825 0.8357746484374999 0.34121875 0.7613145546875 0.22409374999999998 0.697042253125 0.172296875 0.6733568078125 0.138515625 0.6631924875 0.140765625 0.615821596875 0.15653125 0.5718309859375 0.179046875
1 1 0.1530625 0.9885446015625 0.16148437499999999 0.9898591546875 0.1628125 0.9618779343750001 0.20807812499999997 0.9565492953125 0.23159375 0.9518779343749999 0.28528125000000004 0.9565492953125 0.30746875 0.9672065734374999 0.321671875 0.979201878125 0.3323125 0.9978638500000001 0.33365625 1 0.32832812499999997 1 0.16104687499999998 1 0.1530625
1 0.30448356875 0.370640625 0.252042253125 0.34525 0.0898826296875 0.48810937499999996 0.0660328640625 0.535734375 0.0803286390625 0.5579531249999999 0.1947887328125 0.535734375 0.1947887328125 0.5230312500000001 0.2806572765625 0.5008125 0.30448356875 0.370640625
1 0.6481690140625 0.6022031250000001 0.633638496875 0.62228125 0.6247183093750001 0.643109375 0.6403521125 0.68403125 0.6369953046875 0.70784375 0.649295775 0.7852187500000001 0.6582394359375 0.8067968750000001 0.6783568078125 0.8000937499999999 0.694014084375 0.8224218750000001 0.698474178125 0.8313437499999999 0.7130046953125 0.79190625 0.72640845 0.7815000000000001 0.7320187796875001 0.7755468750000001 0.7420657281249999 0.7926562500000001 0.767769953125 0.79190625 0.7789436624999999 0.778515625 0.789014084375 0.770328125 0.8158450703125 0.8023281250000001 0.8527230046875 0.8499375 0.88624413125 0.848453125 0.8918309859375 0.83878125 0.8527230046875 0.7658750000000001 0.8270187796874999 0.727921875 0.79124413125 0.686265625 0.8013145546875 0.6624531250000001 0.8046478875 0.623765625 0.7957277 0.601453125 0.7856572765625 0.579140625 0.76553990625 0.5731875 0.7409389671875 0.579875 0.7420657281249999 0.581359375 0.724178403125 0.585078125 0.707417840625 0.589546875 0.675 0.5888125 0.6481690140625 0.6022031250000001