2 0.6168627453125 0.6900326796875 0.6508660125 0.691094771875 0.6636274515625 0.6783333328125 0.67426470625 0.668774509375 0.6795751640625001 0.6496405234375 0.6094117640625 0.5858496734374999 0.5860294125000001 0.5603431375000001 0.5764705875 0.540147059375 0.559460784375 0.5337745093749999 0.53926470625 0.5284477125 0.511617646875 0.5369607843749999 0.4977941171875 0.545457515625 0.4903594765625 0.5582189546875 0.4903594765625 0.583725490625 0.4988725484375 0.6060457515625 0.51055555625 0.61986928125 0.53926470625 0.624117646875 0.5753921562500001 0.6145588234375 0.571143790625 0.6411274515625001 0.5881535953125 0.6730228765625 0.6168627453125 0.6900326796875
2 0.24323529375000003 0.27049019531249996 0.255800653125 0.22861111093750003 0.2320751640625 0.190931371875 0.1832189546875 0.197908496875 0.158104575 0.2244281046875 0.15392156875000002 0.2439705875 0.2334640515625 0.278856209375 0.24323529375000003 0.27049019531249996
2 0.8063235296875 0.5680228765625001 0.8150490203125 0.5800163406250001 0.8313888890625 0.5822058828125 0.849934640625 0.5822058828125 0.8739215687499999 0.5778431375 0.8815522874999999 0.5582189546875 0.8869934640625001 0.5407843140625 0.8608333328125 0.5178758171875 0.8303104578125 0.51460784375 0.80849673125 0.5407843140625 0.8052287578125 0.5418627453125 0.8052287578125 0.5571241828125 0.8063235296875 0.5680228765625001
2 0.065669934375 0.63763071875 0.0595098046875 0.65857843125 0.065669934375 0.685686275 0.0829248359375 0.7090849671874999 0.101405228125 0.7177124187499999 0.1112581703125 0.7115522875 0.1112581703125 0.7029248359375 0.0903104578125 0.663513071875 0.0829248359375 0.63763071875 0.06813725468750001 0.63763071875 0.065669934375 0.63763071875
2 0.7153104578125 0.2625980390625 0.7142810453124999 0.2786111109375 0.728725490625 0.284803921875 0.7612581703125 0.2703431375 0.7700326796875 0.25228758125 0.7710620921875 0.2197549015625 0.76073529375 0.20323529375 0.74370915 0.18671568593750001 0.7313071890625 0.1825817 0.7199509796875 0.1846568625 0.709117646875 0.1877450984375 0.6962091499999999 0.1980718953125 0.684330065625 0.20839869218749998 0.6776143796875 0.22233660156249999 0.67555555625 0.2336928109375 0.6879411765625 0.26828431406250003 0.7153104578125 0.2625980390625
2 0.925539215625 0.2048366015625 0.923300653125 0.194379084375 0.9210620921875 0.181699346875 0.9180882359375 0.175 0.906143790625 0.1600817 0.8971895421875 0.15037581718749998 0.8897385625 0.14516339843749998 0.8800326796875 0.139934640625 0.8688562093750001 0.135457515625 0.8613888890625001 0.1339705875 0.8442320265625 0.13694444374999998 0.8241013078125 0.1444117640625 0.8158986921875 0.1496241828125 0.8047058828125 0.155604575 0.793513071875 0.1660457515625 0.7883006531250001 0.176486928125 0.7883006531250001 0.19513071875000002 0.7994771234375 0.22348039218750002 0.8054411765625 0.23764705937500002 0.8143954250000001 0.250326796875 0.9046568625000001 0.2607679734375 0.92702614375 0.2212418296875 0.925539215625 0.2048366015625
2 0.07142156875 0.7832679734375 0.07142156875 0.7406862750000001 0.061960784375 0.7107189546875 0.0320098046875 0.6776143796875 0 0.6634150328125 0.0067810453125 0.8211111109375 0.0493464046875 0.80849673125 0.07142156875 0.7832679734375
2 0.5444934640625 0.43058823593750006 0.5491503265625 0.43001634062500005 0.561356209375 0.43001634062500005 0.581699346875 0.442222221875 0.5869281046875 0.461405228125 0.574722221875 0.48116013124999996 0.610751634375 0.49104575156249997 0.624117646875 0.491617646875 0.5869281046875 0.383513071875 0.563104575 0.3811928109375 0.5427614375 0.3846895421875 0.5311274515625 0.409673203125 0.5229901953125 0.41490196093750004 0.5311274515625 0.42303921562499996 0.5444934640625 0.43058823593750006
2 0.394722221875 0.1490359484375 0.40931372499999996 0.11499999999999999 0.40931372499999996 0.103643790625 0.4036274515625 0.083382353125 0.393905228125 0.066356209375 0.372826796875 0.053382353125000004 0.357434640625 0.050147059375000004 0.343643790625 0.049330065625 0.32176470625000003 0.057434640625 0.30960784375 0.08013071875 0.30879085 0.10526143750000001 0.312042484375 0.11661764687500001 0.36310457500000004 0.137696078125 0.394722221875 0.1490359484375
2 0.6825653593750001 0.7240849671875 0.71013071875 0.7102941171875 0.736879084375 0.7175980390625 0.7709150328125001 0.7297549015625 0.7530882359375 0.7070588234375 0.7271405234375 0.6908496734375 0.694722221875 0.6786764703125 0.654199346875 0.6794934640625 0.6712091499999999 0.7313725484375 0.669591503125 0.7370424843750001 0.679313725 0.7386764703125 0.6825653593750001 0.7240849671875
2 0.873251634375 0.52331699375 0.8918627453125 0.5413235296875001 0.8877941171874999 0.5442320265625 0.8988235296875 0.552957515625 0.9127777781249999 0.5605065359375 0.9284640515625 0.5663235296875 0.9342810453125001 0.5895751640625 0.9395098046875001 0.59073529375 0.9400980390625 0.5802777781249999 0.9366013078125001 0.5715522875 0.93370915 0.5622549015625 0.93370915 0.554117646875 0.931960784375 0.54366013125 0.9209150328125 0.5285457515624999 0.915686275 0.51168300625 0.9162581703124999 0.5052941171875001 0.92323529375 0.49658496718749995 0.93370915 0.49658496718749995 0.9430065359375 0.500065359375 0.9540359484375 0.504722221875 0.9528758171874999 0.48204248437499997 0.9325326796875 0.48379085 0.9215032687500001 0.4901797390625 0.9046405234374999 0.5082026140625 0.8918627453125 0.48379085 0.8651143796874999 0.46519607812499997 0.8552450984375 0.47740196093750004 0.8662908500000001 0.48785947656250006 0.8610457515625001 0.5052941171875001 0.851748365625 0.507042484375 0.8651143796874999 0.519248365625 0.873251634375 0.52331699375