1 0.2387297921875 0.38652000000000003 0.262078521875 0.3573 0.3295612015625 0.33033999999999997 0.41 0.32808000000000004 0.4722632796875 0.33483999999999997 0.5034180140625 0.3146 0.41778290937499996 0.27866 0.350323325 0.26067999999999997 0.25170900625 0.26292 0.225750578125 0.2764 0.1790531171875 0.3191 0.166073903125 0.33708 0.13752886875 0.3955 0.1790531171875 0.42695999999999995 0.17644341875 0.4337 0.22057736718749998 0.42248 0.2387297921875 0.38652000000000003
1 0.27551963125 0.36225999999999997 0.262078521875 0.38024 0.25108545000000004 0.40776 0.3195150109375 0.4194 0.347621246875 0.38236 0.36960739062500003 0.36438000000000004 0.41237875312499994 0.35484 0.4453810625 0.36225999999999997 0.46247113124999994 0.38872 0.48570438749999995 0.36225999999999997 0.55046189375 0.36438000000000004 0.601778290625 0.38342 0.6103464203125 0.40881999999999996 0.645773671875 0.42998000000000003 0.6518937640625 0.42786 0.6579907625 0.42257999999999996 0.6653348734375 0.41516000000000003 0.667759815625 0.39824000000000004 0.6518937640625 0.38448000000000004 0.59323325625 0.35908 0.5064665125000001 0.33792 0.3378291 0.33262 0.31584295625 0.3432 0.27551963125 0.36225999999999997
0 0.589930715625 0.599 0.6384295609375 0.5912200000000001 0.64921478125 0.59744 0.6599999999999999 0.6021 0.6671824484375 0.60522 0.690531178125 0.60056 0.7049191687499999 0.5912200000000001 0.7228868359375 0.57722 0.7372517328125 0.56166 0.7498383375000001 0.5352 0.7462355656249999 0.51964 0.7372517328125 0.4963 0.7426558890625 0.49474 0.7084988453125 0.47114 0.6995150109375 0.46336000000000005 0.6779676671875 0.4447 0.6135796765625 0.4467 0.6002771359375 0.45212 0.5846420328125 0.45956 0.5666512703125 0.47108 0.558060046875 0.4826 0.551016165625 0.49273999999999996 0.551016165625 0.52188 0.550392609375 0.53052 0.584526559375 0.60056 0.589930715625 0.599
0 0.16448036875 0.46807999999999994 0.16290993125 0.50862 0.1652655890625 0.5201 0.16838337187500002 0.51876 0.1746189375 0.51334 0.18163972343749998 0.5153800000000001 0.18475750625 0.5227999999999999 0.1769515015625 0.53498 0.1761893765625 0.54646 0.1871131640625 0.56402 0.20581986093750002 0.57618 0.2308083140625 0.58768 0.2518706703125 0.57484 0.259676675 0.57078 0.2932101609375 0.56132 0.31584295625 0.5593 0.33457274843749996 0.5626800000000001 0.35563510468750004 0.55592 0.3712471125 0.54444 0.3774826796875 0.5153800000000001 0.369676675 0.48294 0.3478291 0.4505 0.310392609375 0.42484 0.28307159375 0.41538 0.2378291 0.40996 0.2144110859375 0.41807999999999995 0.2151963046875 0.41807999999999995 0.1824249421875 0.43766 0.16448036875 0.46807999999999994
0 0.6258660515625001 0.37382 0.6554965359375 0.36526000000000003 0.6851039265625001 0.34531999999999996 0.6884064671875 0.31110000000000004 0.68676674375 0.27548 0.6604387984375 0.24982000000000001 0.635750578125 0.2427 0.6011778296875 0.2427 0.569930715625 0.24982000000000001 0.5518244796875 0.26836000000000004 0.54030023125 0.31396 0.5518244796875 0.34388 0.5600461890624999 0.35102 0.5929561203125 0.36954 0.6258660515625001 0.37382
0 0.7761893765625001 0.3987 0.8025173203125 0.41580000000000006 0.8189838343750001 0.393 0.8140415703125001 0.36591999999999997 0.7893533484375 0.3417 0.7630254046875 0.32744 0.7399769046875 0.32316 0.7218937640624999 0.32174 0.6972055421875 0.32602000000000003 0.688983834375 0.33456 0.682378753125 0.34882 0.6593533484375 0.36306 0.6478290999999999 0.39014000000000004 0.6725173203125 0.40582 0.70214780625 0.39158 0.74491916875 0.38730000000000003 0.7761893765625001 0.3987
0 0.6715935328125 0.26022 0.6817321015625 0.27033999999999997 0.6848729796875 0.28386 0.6872055421875001 0.2886 0.6926558890625001 0.30278 0.6918937640625 0.31764000000000003 0.6887528875 0.3359 0.70046189375 0.32644 0.7160739031250001 0.3217 0.7527482671875 0.3244 0.7581986140625 0.31968 0.759769053125 0.30684 0.758983834375 0.29738000000000003 0.7574364890624999 0.28588 0.7542956125 0.27102 0.7465127015624999 0.25954 0.7371362593749999 0.25414 0.7324480375 0.24803999999999998 0.7238799078125 0.244 0.7106004625 0.24264000000000002 0.6981293296875 0.23792 0.6825173203125 0.23925999999999997 0.6591224015625 0.2467 0.6598845265625 0.25007999999999997 0.662240184375 0.2521 0.6715935328125 0.26022
0 0.6682678984375 0.45393999999999995 0.6798152421875 0.45561999999999997 0.697136259375 0.46312 0.7134872984375 0.47644000000000003 0.72214780625 0.48228 0.731778290625 0.49978 0.7404387984375 0.51228 0.7490993078125 0.53062 0.7664203234375 0.53228 0.7760508078125 0.52644 0.788545034375 0.51728 0.793371825 0.5106200000000001 0.8087528875000001 0.50728 0.8116397234375 0.5039399999999999 0.818383371875 0.49562 0.829930715625 0.48894000000000004 0.829930715625 0.47562 0.8231870671875001 0.45144 0.8106697453124999 0.42896 0.793371825 0.41312 0.7731639718750001 0.39812 0.7414087765625 0.38561999999999996 0.7212009234375001 0.38896000000000003 0.7038799078125 0.39062 0.689445728125 0.39727999999999997 0.67692840625 0.40228 0.6586374140625 0.41646 0.641316396875 0.44478 0.6393995375 0.44728 0.6557505781249999 0.44894 0.6682678984375 0.45393999999999995
3 0.3435334875 0.70326 0.36127020781249997 0.73092 0.39909930781249997 0.74834 0.435773671875 0.7555 0.47362586562500003 0.75038 0.49727482656250005 0.7370599999999999 0.51736720625 0.7145400000000001 0.5256581984375 0.6786800000000001 0.5197459578125 0.6541 0.5067436484375001 0.63158 0.48071593593750006 0.6111 0.454688221875 0.5988 0.41685912187499996 0.59778 0.3624480375 0.62134 0.3518013859375 0.6377200000000001 0.337621246875 0.6746000000000001 0.3435334875 0.70326
3 0.7230254046875 0.8085800000000001 0.750993071875 0.8144600000000001 0.8010392609375 0.81738 0.829006928125 0.7814 0.829006928125 0.7461599999999999 0.8264665125 0.7278 0.8018706703125 0.70872 0.7798383375 0.69696 0.7450577375 0.6962200000000001 0.7230254046875 0.70356 0.714549653125 0.7116399999999999 0.745912240625 0.76378 0.714549653125 0.78654 0.716235565625 0.7968200000000001 0.7230254046875 0.8085800000000001
0 0.14683602812500002 0.40099999999999997 0.1498845265625 0.3812 0.152933025 0.36206 0.1674133953125 0.32508 0.1994226328125 0.2967 0.22457274843750002 0.27822 0.22533487343749997 0.27558 0.21161662812499998 0.26898 0.1978983828125 0.25446 0.161316396875 0.24786000000000002 0.154457275 0.2439 0.1216859125 0.25934 0.092702078125 0.28243999999999997 0.07898383437499999 0.2983 0.0667898390625 0.32008000000000003 0.0683140875 0.33658 0.0812702078125 0.36232000000000003 0.09422632812500001 0.38186 0.11711316406250001 0.39704 0.14683602812500002 0.40099999999999997
0 0.5454041578125 0.5125200000000001 0.526674365625 0.48613999999999996 0.496212471875 0.476 0.46106235624999997 0.47194 0.4306004625 0.476 0.40013856875 0.4902 0.3790531171875 0.5125200000000001 0.37203233281250003 0.54904 0.3790531171875 0.57136 0.40013856875 0.5815 0.42591224062500005 0.59572 0.4516859125 0.6058600000000001 0.47277136249999996 0.60992 0.49152425 0.61398 0.5149653578125 0.59166 0.538383371875 0.56528 0.5454041578125 0.53686 0.5454041578125 0.5125200000000001
0 0.36290993125000004 0.26494 0.42591224062500005 0.27792 0.48588914531249994 0.31428 0.5038799078125 0.2909 0.5038799078125 0.27012 0.4618937640625 0.24416000000000002 0.4109006921875 0.22078000000000003 0.36891455 0.23636 0.36290993125000004 0.26494
0 0.150831409375 0.48654000000000003 0.1601847578125 0.46952 0.159237875 0.45088 0.14893764375000001 0.42169999999999996 0.1283602765625 0.40306 0.10027713593750001 0.38764 0.087159353125 0.38278 0.06096997656249999 0.37468 0.0562817546875 0.49951999999999996 0.06937644375 0.49951999999999996 0.074064665625 0.49302 0.11618937656249999 0.48735999999999996 0.12274826718750001 0.48654000000000003 0.1461431875 0.49139999999999995 0.150831409375 0.48654000000000003
0 0.0587297921875 0.52076 0.0678752890625 0.58406 0.129237875 0.58972 0.15665127031249998 0.58746 0.17491916875 0.57842 0.1801616625 0.5422399999999999 0.18406466562499998 0.51736 0.1657967671875 0.5004 0.1422863734375 0.49135999999999996 0.1096535796875 0.4891 0.0757043875 0.49362000000000006 0.0587297921875 0.52076
3 0.5141801390625 0.64544 0.524018475 0.66944 0.5215704390625 0.70252 0.48769053125 0.74678 0.490762125 0.74678 0.5080138562500001 0.74466 0.5197228640625 0.74038 0.5381986140625 0.73238 0.5474364890625 0.71792 0.5357274828125 0.69444 0.5375750578125 0.66618 0.5554272515625 0.61764 0.5443418015625 0.6123000000000001 0.49323325625000003 0.61816 0.49138568125 0.6209 0.5 0.62678 0.5141801390625 0.64544
0 0.456535796875 0.44984 0.46861431875 0.46319999999999995 0.49612009218750003 0.47134 0.5088683609375 0.47714 0.531016165625 0.49341999999999997 0.543764434375 0.49573999999999996 0.5551732109375 0.48296 0.575981525 0.46552 0.5893995375000001 0.4568 0.6102078515625 0.44808000000000003 0.6202771359375 0.44634 0.6256581984375 0.4417 0.614249421875 0.40334000000000003 0.5947806 0.38068 0.56524249375 0.36672 0.53369515 0.36092 0.5196073906249999 0.35916000000000003 0.49745958437500004 0.36034 0.480692840625 0.37195999999999996 0.47196304843750003 0.37717999999999996 0.46727482656249997 0.38242 0.4578752890625 0.38764 0.46727482656249997 0.42078 0.45921478125000004 0.44344 0.456535796875 0.44984
3 0.927321015625 0.66576 0.9494688218749999 0.67158 0.9508083140625001 0.58498 0.9373903 0.5786 0.9185912234375 0.58382 0.890392609375 0.60126 0.8783140875000001 0.62044 0.8722863734375 0.63612 0.8716166281250001 0.6518200000000001 0.8742956124999999 0.6646 0.879676675 0.66634 0.8991224015625001 0.66518 0.927321015625 0.66576
3 0.3523556578125 0.46452 0.3543648953125 0.46509999999999996 0.35838337187499997 0.47207999999999994 0.3751732109375 0.48312 0.41676674374999995 0.47846 0.448983834375 0.45754 0.4577136265625 0.43836 0.46307159374999995 0.41512000000000004 0.46443417968749995 0.40118 0.4516628171875 0.37212 0.42953810625 0.3599 0.406697459375 0.35584 0.380531178125 0.35932 0.360392609375 0.36804000000000003 0.3409468828125 0.38780000000000003 0.3328868359375 0.41045999999999994 0.33154734375 0.4314 0.3288683609375 0.43314 0.3355658203125 0.44708 0.3523556578125 0.46452
3 0.8198383375 0.58034 0.8144341796875001 0.59596 0.8339030015625 0.60812 0.8548036953124999 0.62718 0.854087759375 0.6431 0.8699538109375 0.65154 0.8742725171875 0.63124 0.8872517328124999 0.60564 0.9063741343749999 0.5894 0.931616628125 0.57972 0.9370207859375 0.57846 0.9312471125 0.5659799999999999 0.883302540625 0.55004 0.8457967671875 0.55754 0.8198383375 0.58034
3 0.5415704390625 0.65618 0.534988453125 0.67712 0.534988453125 0.69428 0.542678984375 0.71236 0.5525866046875 0.7228399999999999 0.572378753125 0.7247399999999999 0.5910623562499999 0.7228399999999999 0.5811778296875 0.69618 0.57568129375 0.66856 0.5811778296875 0.64474 0.587759815625 0.6275999999999999 0.5932794453125 0.6161800000000001 0.59877598125 0.60666 0.6064665125 0.59998 0.61307159375 0.6114200000000001 0.6262586609375 0.64474 0.6438568124999999 0.67522 0.654849884375 0.6999799999999999 0.6614549656250001 0.7047399999999999 0.6702540421875 0.68284 0.68013856875 0.65808 0.6790531171875 0.63142 0.65046189375 0.60094 0.6218706703125 0.5914200000000001 0.61415704375 0.58952 0.572378753125 0.59998 0.5635796765625 0.61236 0.5481755203125 0.63712 0.5415704390625 0.65618
0 0.9094457281249999 0.53146 0.9304618937500001 0.56002 0.94524249375 0.56394 0.946374134375 0.50736 0.9475057734375 0.48276 0.9429561203124999 0.4793 0.9293302546875 0.48422 0.9139722859375 0.49554 0.9094457281249999 0.5113000000000001 0.9094457281249999 0.53146