1 0.7864375 0.9286041671874999 0.761921875 0.8591875 0.750703125 0.8210833328125 0.74559375 0.8551041671874999 0.769078125 0.9449375 0.781328125 0.95175 0.7895 0.9476666671875 0.7864375 0.9286041671874999
1 0.458828125 0.8872083328124999 0.44117187500000005 0.8942708328125001 0.41823437500000005 0.9154583328125 0.41470312500000006 0.9272083328124999 0.3970625 0.9295625 0.368828125 0.9319166671874999 0.36 0.9554583328125 0.36 0.9836874999999999 0.59646875 0.9860416671875001 0.711171875 0.9883958328125001 0.788828125 0.9578125 0.8117656249999999 0.9295625 0.804703125 0.8683958328125 0.788828125 0.8378125000000001 0.7729375 0.8142708328125 0.751765625 0.8166249999999999 0.7376406249999999 0.8236874999999999 0.7129375 0.8401666671875001 0.6882343750000001 0.8189791671875 0.6582343749999999 0.8283958328125 0.6405937500000001 0.8613333328125 0.60353125 0.8636874999999999 0.575296875 0.8707499999999999 0.561171875 0.8519166671875 0.541765625 0.8707499999999999 0.527640625 0.8872083328124999 0.5029375 0.8989791671875 0.47646875 0.8942708328125001 0.458828125 0.8872083328124999
0 0.944515625 0.627625 0.94996875 0.6203541671874999 0.944515625 0.6118958328125 0.937265625 0.6094791671875 0.9281874999999999 0.6143125 0.92365625 0.6179375 0.9218437500000001 0.634875 0.92365625 0.6372916671875 0.9309062499999999 0.6457708328125 0.940890625 0.6409166671875 0.944515625 0.6397083328125001 0.944515625 0.627625
0 0.8874062500000001 0.6465833328125 0.8690468750000001 0.6334791671875 0.8570781249999999 0.63575 0.8476874999999999 0.6403125000000001 0.8400000000000001 0.646 0.848546875 0.6528333328125 0.854515625 0.6722083328124999 0.8476874999999999 0.6989583328125 0.8511093750000001 0.7029583328125 0.8605 0.7006666671875 0.862203125 0.69725 0.86946875 0.687 0.8733124999999999 0.6904166671875 0.8852656250000001 0.6892916671875 0.899796875 0.7029583328125 0.9015000000000001 0.7171875 0.9015000000000001 0.737125 0.9108906250000001 0.7359791671875 0.9685625 0.7211666671875 0.970265625 0.7092083328125 0.9685625 0.6881458328125001 0.9651406250000001 0.6784583328125 0.95959375 0.6710625 0.9497656250000001 0.6625208328125 0.934390625 0.6596666671875 0.924984375 0.6619583328124999 0.90278125 0.6471458328125 0.8959531249999999 0.6471458328125 0.8874062500000001 0.6465833328125
0 0.718640625 0.5141875 0.713890625 0.5156458328125 0.710140625 0.5178541671875 0.7088125 0.525375 0.707484375 0.5296458328125 0.709796875 0.5337708328125 0.71190625 0.5358333328125 0.7130156249999999 0.53525 0.71765625 0.5345 0.721953125 0.5358333328125 0.725046875 0.5374583328125 0.7269375 0.5384791671875 0.7292500000000001 0.5351041671875 0.732125 0.5312708328125 0.73146875 0.5249375 0.72884375 0.5178958328125 0.72575 0.5145 0.72571875 0.5143333328125 0.7233906250000001 0.5140208328125 0.718640625 0.5141875
0 0.8988125 0.6158750000000001 0.9106875000000001 0.6113541671875 0.92425 0.6102291671875 0.9200156249999999 0.5898749999999999 0.90390625 0.5898749999999999 0.89371875 0.6011875 0.8988125 0.6158750000000001
0 0.7628125 0.53325 0.7645 0.5235624999999999 0.75890625 0.5138541671875 0.7482656249999999 0.5168333328125 0.7292500000000001 0.4952083328125 0.7175 0.47581249999999997 0.710234375 0.4787916671875 0.704078125 0.4735833328125 0.6828125 0.4735833328125 0.670515625 0.4676041671875 0.65428125 0.4728333328125 0.64309375 0.4683541671875 0.6375 0.4743333328125 0.635265625 0.487 0.656515625 0.47506250000000005 0.653171875 0.4967083328125 0.636390625 0.5146041671875 0.619046875 0.5146041671875 0.615125 0.5220625 0.617359375 0.5377291671875 0.690640625 0.5586041671875 0.699046875 0.554875 0.730921875 0.5489166671875 0.742671875 0.5474166671875 0.7577812500000001 0.554875 0.7600156250000001 0.5541458328125 0.75890625 0.5436875 0.7628125 0.53325
3 0.968796875 0.5032708328125 0.9662968749999999 0.49412500000000004 0.9572499999999999 0.49037499999999995 0.9323124999999999 0.4754166671875 0.92578125 0.46460416718750003 0.913625 0.455875 0.904890625 0.455875 0.9008437499999999 0.46460416718750003 0.901453125 0.48122916718750003 0.902703125 0.48912500000000003 0.904890625 0.487875 0.9260781250000001 0.4961875 0.9460312500000001 0.5028541671875 0.9585000000000001 0.5036875000000001 0.968796875 0.5032708328125
0 0.8997187500000001 0.6331041671875 0.90190625 0.6366666671875 0.9079843750000001 0.6386041671875 0.912359375 0.63925 0.918671875 0.6386041671875 0.924015625 0.6402291671875 0.9244999999999999 0.6360208328125 0.9235312499999999 0.6220833328125 0.927171875 0.6152916671875001 0.928875 0.6130208328125 0.9184218749999999 0.6088125 0.911875 0.6113958328125 0.9045781249999999 0.6146458328125 0.900453125 0.6211249999999999 0.8985 0.6272708328125 0.8997187500000001 0.6331041671875
0 0.94746875 0.6403958328125 0.9574843749999999 0.63575 0.9657656250000001 0.6345833328125 0.9723124999999999 0.6351666671875 0.9710000000000001 0.6154166671875 0.96271875 0.6107708328125 0.954875 0.6125 0.954875 0.6136666671875 0.9487656250000001 0.6200625 0.9461562499999999 0.6282083328125 0.9465937500000001 0.6380833328125 0.94746875 0.6403958328125
0 0.95471875 0.6125 0.959875 0.6108541671875 0.964609375 0.6116666671875 0.96646875 0.611125 0.96646875 0.607 0.968328125 0.6014999999999999 0.968734375 0.5968333328125001 0.967921875 0.5940833328124999 0.9654375 0.591875 0.9609062500000001 0.5858333328125 0.9586406249999999 0.585 0.9510156249999999 0.5872083328125 0.9472968749999999 0.5888541671875 0.942546875 0.5962708328125 0.93884375 0.5995833328125 0.9384375 0.600125 0.9365781249999999 0.6042500000000001 0.9365781249999999 0.6050833328125 0.9367812499999999 0.60975 0.94915625 0.6199166671875 0.95225 0.6171666671875 0.95471875 0.6125