1 0.579 0.578682634375 0.58228 0.575748503125 0.5875 0.5708682640625 0.58816 0.5630538921875 0.57508 0.5522754484375 0.57378 0.544461078125 0.5705199999999999 0.540538921875 0.56724 0.544461078125 0.56464 0.5464071859375 0.55876 0.5464071859375 0.54764 0.5454191609375 0.54242 0.5434730531249999 0.53392 0.537604790625 0.52542 0.540538921875 0.52086 0.5473952093750001 0.51366 0.56206586875 0.51366 0.5630538921875 0.5385 0.582604790625 0.579 0.578682634375
1 0.67416 0.47026946093750005 0.6751199999999999 0.466317365625 0.6739200000000001 0.4637724546875 0.6703 0.46559880312499996 0.66574 0.47062874218750006 0.6609200000000001 0.4760479046875 0.6549 0.4774850296875 0.65394 0.48107784374999996 0.65682 0.48757485 0.66236 0.4832634734375 0.6693399999999999 0.4756886234375 0.67272 0.47317365312500004 0.67416 0.47026946093750005
0 0.92336 0.6826347312500001 0.93524 0.6894910171874999 0.94712 0.6949401203125001 0.96994 0.6935928140625001 0.9726800000000001 0.6812874250000001 0.9882199999999999 0.69221556875 0.9900399999999999 0.6730838328125001 0.9945999999999999 0.656676646875 0.9873 0.648473053125 0.9854799999999999 0.6334131734375 0.96994 0.6306886234375 0.96356 0.6498203593749999 0.9526 0.6429940125 0.94528 0.656676646875 0.9361599999999999 0.6525748499999999 0.93158 0.659401196875 0.9242800000000001 0.6498203593749999 0.9114800000000001 0.6511976046875 0.9087400000000001 0.6621257484374999 0.89688 0.66350299375 0.89322 0.6771856281249999 0.90052 0.6826347312500001 0.91788 0.6730838328125001 0.92336 0.6826347312500001
3 0.92448 0.7017664671875 0.9261799999999999 0.688113771875 0.9156599999999999 0.679610778125 0.9023 0.6817365265625 0.8951800000000001 0.680898203125 0.8892200000000001 0.6851497 0.8869400000000001 0.6936526953125 0.8880800000000001 0.7072754484375 0.8852399999999999 0.71835329375 0.88324 0.720898203125 0.8875 0.7238922156250001 0.89178 0.7281437125 0.89178 0.731137725 0.8957599999999999 0.7345209578125 0.9105399999999999 0.731137725 0.91766 0.7315568859375 0.9205 0.7192215562500001 0.92448 0.7017664671875
3 0.88856 0.6828742515624999 0.8883599999999999 0.6800898203125 0.88724 0.6755688625 0.8866799999999999 0.6747305390625 0.8833 0.67278443125 0.88048 0.67221556875 0.8788 0.67278443125 0.87766 0.673323353125 0.8737199999999999 0.6752994015625 0.8729799999999999 0.678113771875 0.8729799999999999 0.682035928125 0.8729799999999999 0.6856886234374999 0.8743000000000001 0.6910179640624999 0.8761599999999999 0.6929940125 0.8863 0.6941317359375 0.8866799999999999 0.6915868265625 0.88704 0.6915868265625 0.88856 0.6828742515624999
3 0.87856 0.7139820359375 0.8774200000000001 0.709820359375 0.8739399999999999 0.70464071875 0.8679399999999999 0.7029041921875 0.86216 0.707754490625 0.86262 0.7198502999999999 0.87834 0.7219161671875 0.87926 0.7212275453125 0.87856 0.7139820359375
3 0.8584799999999999 0.706257484375 0.8547399999999999 0.703473053125 0.8515599999999999 0.703742515625 0.84802 0.7045808390625 0.8455999999999999 0.7054191609375 0.84634 0.711287425 0.84802 0.7132634734375001 0.85082 0.713532934375 0.8553000000000001 0.7160479046875 0.85642 0.718562875 0.85998 0.711287425 0.8584799999999999 0.706257484375
3 0.86952 0.70092814375 0.87438 0.6806586828125 0.8749399999999999 0.66607784375 0.86032 0.6498503 0.8462400000000001 0.6441916171875001 0.8251200000000001 0.6482335328125 0.80724 0.6376946109375 0.791 0.629610778125 0.778 0.6182335328125 0.75688 0.62392215625 0.73794 0.62392215625 0.73036 0.6466167671874999 0.73794 0.649041915625 0.75094 0.6563473046875 0.76556 0.67092814375 0.77746 0.67092814375 0.79208 0.6806586828125 0.80238 0.6895808390625 0.8202400000000001 0.696886228125 0.8381000000000001 0.7106586828125 0.8473200000000001 0.696886228125 0.85706 0.7066167671875 0.86952 0.70092814375
3 0.72146 0.67742515 0.71424 0.6754491015624999 0.70604 0.6813473046875 0.6985 0.6852694609375 0.6952200000000001 0.6891916171875 0.68932 0.688712575 0.68472 0.681826346875 0.67686 0.6877245515625 0.6703 0.697035928125 0.67292 0.70835329375 0.6808 0.7108083828125 0.68276 0.7019461078125 0.69128 0.7088323359375 0.7017800000000001 0.7088323359375 0.71456 0.7044011968749999 0.73392 0.7004790421875 0.73588 0.6906586828125 0.73326 0.681826346875 0.72538 0.6813473046875 0.72146 0.67742515
3 0.87668 0.709610778125 0.8779600000000001 0.711826346875 0.8787 0.7145508984375 0.8798 0.7170359281249999 0.8827400000000001 0.718682634375 0.8840199999999999 0.7167664671875 0.88568 0.711257484375 0.88752 0.7060479046875 0.88752 0.700538921875 0.8867800000000001 0.6975149703125 0.88514 0.696137725 0.882 0.69422155625 0.8798 0.69422155625 0.87576 0.6947604796875 0.87172 0.69778443125 0.8706200000000001 0.700538921875 0.8706200000000001 0.7041317359375 0.87392 0.7065868265625 0.87668 0.709610778125
0 0.93592 0.6532035921875 0.9371 0.653892215625 0.94134 0.6556586828125 0.9406399999999999 0.6532035921875 0.93804 0.6517664671875 0.9333199999999999 0.6493113765625 0.9311999999999999 0.65 0.9307399999999999 0.6563772453125 0.9311999999999999 0.658473053125 0.93356 0.65706586875 0.93592 0.6532035921875