2 0.2326875 0.4503333328125 0.2070625 0.4884583328125 0.2455 0.5383958328125 0.26818749999999997 0.5673125 0.280015625 0.5528541671875 0.29184375 0.56075 0.301703125 0.56075 0.3026875 0.5528541671875 0.305640625 0.5213125 0.281984375 0.4976458328125 0.24451562500000001 0.45558333281249996 0.2326875 0.4503333328125
2 0.367703125 0.4694166671875 0.367703125 0.48704166718749997 0.3655 0.5009791671875 0.369359375 0.512 0.373765625 0.5105208328125 0.37706249999999997 0.5068541671875 0.379828125 0.4987916671875 0.382578125 0.49143749999999997 0.384234375 0.4848333328125 0.3864375 0.4752916671875 0.38864062499999996 0.4679375 0.39028125 0.45618749999999997 0.3919375 0.4481041671875 0.39468749999999997 0.4444375 0.39854687499999997 0.43195833281249996 0.39854687499999997 0.4216875 0.40075000000000005 0.4091875 0.401296875 0.3996458328125 0.401296875 0.39010416718749996 0.40240625 0.3768958328125 0.404609375 0.365875 0.4035 0.36 0.39359375 0.3555833328125 0.386984375 0.35412499999999997 0.37871875 0.35485416718749996 0.373765625 0.3577916671875 0.37321875000000004 0.3651458328125 0.37321875000000004 0.3702708328125 0.37101562499999996 0.388625 0.3688125 0.40037500000000004 0.36715624999999996 0.4099375 0.366609375 0.4172708328125 0.366046875 0.42681250000000004 0.36440625 0.43637499999999996 0.364953125 0.45325 0.36275 0.44737499999999997 0.364953125 0.45397916718750003 0.367703125 0.4694166671875
2 0.358046875 0.4906041671875 0.34846875 0.47145833281250005 0.32753125 0.46985416718749995 0.319140625 0.4770416671875 0.323328125 0.540875 0.32453125 0.5440625 0.35745312500000004 0.5313125000000001 0.358046875 0.4906041671875
2 0.3688125 0.5163333328124999 0.3666875 0.5672291671874999 0.38859374999999996 0.5747708328125001 0.42182812500000005 0.4494166671875 0.41475 0.4249166671875 0.39425 0.43433333281250003 0.3688125 0.5163333328124999
2 0.37271875 0.359 0.382484375 0.3563958328125 0.38378125 0.3468541671875 0.3623125 0.3381875 0.33175 0.42752083281250003 0.3141875 0.4795416671875 0.3558125 0.4249166671875 0.364921875 0.4465833328125 0.37271875 0.359
2 0.41442187500000005 0.3776666671875 0.40253125 0.4306666671875 0.41200000000000003 0.4259791671875 0.41578125000000005 0.4292291671875 0.4211875 0.4490625 0.420109375 0.4577083328125 0.398203125 0.5186458328125 0.398203125 0.537375 0.4046875 0.5417083328125 0.40740625 0.5305416671875001 0.410640625 0.519 0.42551562499999995 0.4602291671875 0.427953125 0.45337500000000003 0.43659375 0.4112083328125 0.45309375 0.3589375 0.44551562499999997 0.3499166671875 0.420921875 0.33981249999999996 0.41442187500000005 0.3776666671875
2 0.42571875 0.5075416671874999 0.43414062500000006 0.4833125 0.442125 0.4649791671875 0.4416875 0.45847916718750004 0.4368125 0.45552083281250005 0.42971875 0.4614375 0.405765625 0.54125 0.41065625 0.5654791671875 0.411984375 0.5637083328125 0.423953125 0.5566041671875 0.42571875 0.5075416671874999
2 0.34049999999999997 0.5747083328125 0.337296875 0.5719583328125 0.33385937499999996 0.570125 0.33065625 0.567375 0.329046875 0.5643333328125 0.326765625 0.5606666671875 0.32356250000000003 0.557 0.321953125 0.5557708328125 0.319671875 0.5548541671875 0.31256249999999997 0.5496666671875 0.31096875 0.5484583328125 0.307765625 0.546 0.30456249999999996 0.54875 0.30340625 0.5545625000000001 0.30340625 0.5579166671875 0.302953125 0.5631041671875 0.30067187500000003 0.5649375 0.299515625 0.5695208328125 0.299296875 0.5731666671875 0.298140625 0.5780624999999999 0.29700000000000004 0.5829375 0.295859375 0.5884375000000001 0.29609375 0.5939375 0.299296875 0.596375 0.30203125000000003 0.5969791671875 0.303875 0.599125 0.30593750000000003 0.6015625 0.31051562499999996 0.6024791671874999 0.31371875 0.6024791671874999 0.31851562499999997 0.6021666671875 0.320578125 0.6018749999999999 0.3249375 0.6012708328125 0.326765625 0.6003541671875 0.33340625 0.58875 0.33615625 0.5844791671875 0.339359375 0.5795833328125 0.34049999999999997 0.5747083328125
2 0.31496875 0.47787499999999994 0.34634375 0.37952083281250004 0.32684375 0.376125 0.27596875 0.4846666671875 0.29885937500000004 0.5140625 0.297171875 0.48693749999999997 0.31496875 0.47787499999999994
2 0.36734374999999997 0.48472916718750003 0.366234375 0.44683333281250004 0.35553124999999997 0.4256666671875 0.31640625 0.4773333328125 0.317890625 0.4793125 0.329328125 0.46799999999999997 0.34853125 0.46947916718749994 0.357375 0.4916041671875 0.357015625 0.5280208328125 0.353328125 0.5354166671875 0.36771875 0.5427916671874999 0.370671875 0.5117916671875 0.366234375 0.5024375 0.36734374999999997 0.48472916718750003
2 0.36375 0.54225 0.352984375 0.5365208328125 0.327125 0.545125 0.32210937500000003 0.5604375 0.342921875 0.5700208328125 0.350109375 0.5690625 0.36375 0.5633125 0.36375 0.54225
2 0.29700000000000004 0.5128333328125 0.30070312499999996 0.5202291671875 0.30290625000000004 0.5281041671875 0.3055 0.542375 0.31840625 0.5512291671875 0.323578125 0.5458125 0.320265625 0.4961041671875 0.318046875 0.4813541671875 0.315453125 0.47789583281250003 0.296640625 0.48627083281249994 0.29700000000000004 0.5128333328125