2 0.816078125 0.3899292453125 0.780734375 0.3853537734375 0.77265625 0.3853537734375 0.773671875 0.401367925 0.7767031249999999 0.39983490625 0.8751562500000001 0.4417452828125 0.860515625 0.41964622656249995 0.8398125000000001 0.40974056562500005 0.816078125 0.3899292453125
2 0.70303125 0.3674056609375 0.728953125 0.378160378125 0.772375 0.3908726421875 0.8255156250000001 0.3752358484375 0.795703125 0.3537028296875 0.731546875 0.332193396875 0.699796875 0.335117925 0.699796875 0.3380660375 0.694609375 0.3488207546875 0.70303125 0.3674056609375
2 0.78609375 0.5046462265625 0.803984375 0.488443396875 0.808765625 0.48665094375000006 0.8135312499999999 0.48214622656249995 0.7950468749999999 0.46233490625 0.7789375 0.4299528296875 0.7574687499999999 0.4110377359375 0.74971875 0.39214622656250003 0.7360156250000001 0.382240565625 0.73303125 0.382240565625 0.723484375 0.3939386796875 0.7360156250000001 0.43264150937499996 0.752703125 0.4506367921875 0.766421875 0.4767452828125 0.78609375 0.5046462265625
2 0.8318125000000001 0.5500707546875 0.83434375 0.5645518875 0.8393906250000001 0.5683726421874999 0.8555468749999999 0.583608490625 0.870703125 0.5942688671874999 0.8570625 0.5645518875 0.83384375 0.5157783015625 0.819703125 0.535589621875 0.8212187500000001 0.5378773578125 0.8318125000000001 0.5500707546875
2 0.844125 0.5183962265625001 0.847484375 0.520707546875 0.851171875 0.52209905625 0.8542343750000001 0.52209905625 0.85975 0.5230188671875 0.86465625 0.5253301890625 0.87109375 0.5322641515625001 0.8741562500000001 0.527641509375 0.872625 0.52625 0.868953125 0.523490565625 0.8594375 0.5142216984375 0.852390625 0.508207546875 0.8376875 0.493867925 0.837375 0.49804245312499995 0.834609375 0.507759434375 0.8358437500000001 0.510990565625 0.8401406250000001 0.5160849062499999 0.844125 0.5183962265625001
2 0.851515625 0.4605188671875 0.8405156249999999 0.4511556609375 0.8283906249999999 0.4413443390625 0.812875 0.4341037734375 0.790875 0.4332547171875 0.785234375 0.436674528125 0.79059375 0.443490565625 0.80525 0.44646226406249995 0.8137187499999999 0.44985849062499994 0.825 0.45412735781249997 0.8376875 0.46264150937500004 0.845875 0.47158018906250004 0.86871875 0.481792453125 0.8594062499999999 0.47030660312499994 0.851515625 0.4605188671875
2 0.6521250000000001 0.3964858484375 0.6595 0.4212028296875 0.6644062500000001 0.44837264218749995 0.688953125 0.507641509375 0.7077656250000001 0.5249292453125001 0.706953125 0.4928301890625 0.697125 0.464410378125 0.6783125 0.3754952828125 0.65540625 0.371792453125 0.6513125 0.37672169843750003 0.6521250000000001 0.3964858484375
2 0.80115625 0.4355660375 0.797375 0.4489386796875 0.82146875 0.46443396249999996 0.82359375 0.4558726421875 0.8282031249999999 0.4655188671875 0.8338749999999999 0.464976415625 0.809421875 0.4355660375 0.808359375 0.428608490625 0.797734375 0.4093632078125 0.7754218749999999 0.4029481125 0.773296875 0.3916981125 0.75628125 0.3879716984375 0.753453125 0.39919811250000004 0.76125 0.41148584843749997 0.784625 0.4355660375 0.80115625 0.4355660375
2 0.704484375 0.5436084906249999 0.70359375 0.56165094375 0.7056250000000001 0.5807311328125 0.707875 0.57596698125 0.71690625 0.5200943390625 0.718484375 0.45879717031249995 0.715765625 0.42030660312499996 0.713515625 0.40974056562500005 0.700203125 0.3893160375 0.685078125 0.3808018875 0.68440625 0.39 0.68621875 0.4029481125 0.692078125 0.42780660312499996 0.6934375 0.4445047171875 0.70359375 0.46900943437500003 0.704265625 0.487075471875 0.704265625 0.5 0.704484375 0.5436084906249999
2 0.77690625 0.5123584906249999 0.765953125 0.488608490625 0.753640625 0.4571226421875 0.734140625 0.4343867921875 0.71328125 0.41839622656250003 0.712265625 0.42096698125 0.71534375 0.45660377343749997 0.7365468749999999 0.4824056609375 0.7440625 0.4999528296875 0.764921875 0.52834905625 0.773140625 0.5226650937499999 0.77690625 0.5123584906249999
2 0.7145937499999999 0.4841981125 0.7145937499999999 0.4924528296875 0.715625 0.524457546875 0.7262187499999999 0.5456367921874999 0.74571875 0.5508018875 0.75084375 0.545117925 0.72109375 0.47903301875000004 0.716984375 0.46922169843750006 0.71528125 0.469740565625 0.7145937499999999 0.4841981125
2 0.8342812500000001 0.431674528125 0.838828125 0.4378537734375 0.843375 0.44266509374999996 0.8479218749999999 0.44679245312500004 0.8515625 0.4515801890625 0.854296875 0.455023584375 0.8611093750000001 0.458443396875 0.87203125 0.4618867921875 0.8911250000000001 0.47080188749999996 0.8883906250000001 0.465306603125 0.8815781250000001 0.458443396875 0.8729374999999999 0.4488443390625 0.8652031250000001 0.44334905625000004 0.8592968750000001 0.4385377359375 0.8520156249999999 0.43375 0.833375 0.421391509375 0.827921875 0.418632075 0.828375 0.420707546875 0.8342812500000001 0.431674528125
2 0.6968125 0.3884198109375 0.70440625 0.4042688671875 0.711984375 0.42188679218749997 0.74934375 0.45096698125 0.73065625 0.4183726421875 0.7154843750000001 0.3919339625 0.6968125 0.3884198109375