3 0.667968396875 0.42532812499999995 0.667968396875 0.44699999999999995 0.669706546875 0.456640625 0.6818961625 0.467484375 0.7027765234375 0.479515625 0.7236343109375001 0.4915625 0.7514898421875 0.49396874999999996 0.7723476296875 0.49879687500000003 0.8193227984375 0.5 0.854130925 0.5 0.8854401812500001 0.48434375 0.8923927765625 0.46025 0.8993679453125001 0.431359375 0.8993679453125001 0.40726562499999996 0.8889164781250001 0.391609375 0.8680361171875 0.373546875 0.8471783296875 0.363921875 0.8158465015624999 0.353078125 0.7741083515625 0.34826562499999997 0.7741083515625 0.350671875 0.7288713312499999 0.350671875 0.697539503125 0.36512500000000003 0.67492099375 0.388 0.667968396875 0.42532812499999995
3 0.797110609375 0.5545312499999999 0.8010609484375 0.556109375 0.8253950343750001 0.5568906250000001 0.8435214453125001 0.5588437500000001 0.8367268625 0.5376875 0.8389841984374999 0.5259375000000001 0.8446501124999999 0.52396875 0.8548306999999999 0.5588437500000001 0.86559819375 0.5568906250000001 0.8961625281250001 0.562765625 0.9120090296875001 0.5494375 0.9097291203125 0.540046875 0.9142663656250001 0.52946875 0.927291196875 0.5157499999999999 0.9233182843750001 0.5157499999999999 0.8955756203125 0.5177031249999999 0.876343115625 0.5141875 0.8570880359374999 0.50790625 0.842370203125 0.50790625 0.8044695265625 0.5141875 0.7908803609375 0.524375 0.7784198640625 0.53925 0.7846501124999999 0.54121875 0.7914446953125001 0.544734375 0.797110609375 0.5545312499999999
3 0.660474040625 0.511671875 0.6480361171875 0.50853125 0.6350112859375 0.511671875 0.624266365625 0.516765625 0.615214446875 0.52146875 0.6174717828125 0.530078125 0.6384198640625 0.531265625 0.65198645625 0.530484375 0.66275395 0.526953125 0.664446953125 0.51715625 0.660474040625 0.511671875
3 0.647110609375 0.36917187500000004 0.6387810390625 0.35943749999999997 0.6257562078125 0.359796875 0.6153273140625 0.363765625 0.60544018125 0.3825 0.599187359375 0.384671875 0.591376975 0.389359375 0.5898194125 0.394765625 0.5903386 0.40160937499999994 0.60180586875 0.40665625 0.6142889390625 0.40449999999999997 0.6127313765625 0.399453125 0.615869075 0.395484375 0.6189841984375 0.3936875 0.637200903125 0.38971875 0.6507449203125 0.38070312500000003 0.6512641078125 0.373859375 0.647110609375 0.36917187500000004
3 0.6954176078125001 0.2734375 0.7039729125 0.27575 0.71336343125 0.27531249999999996 0.7183747171875 0.27315625 0.72232505625 0.268671875 0.72232505625 0.261453125 0.72232505625 0.25525000000000003 0.719187359375 0.2501875 0.71544018125 0.24715625000000002 0.703137696875 0.246 0.6939503390625 0.24846875000000002 0.6900000000000001 0.25207812500000004 0.6870654625 0.2566875 0.6851918734375 0.267234375 0.6862302484375 0.26882812500000003 0.6900000000000001 0.271125 0.6954176078125001 0.2734375
3 0.44988713281250003 0.44460937500000003 0.45209932343750003 0.44334375000000004 0.452460496875 0.44079687500000003 0.4528216703125 0.43723437499999995 0.4535665921875 0.43443750000000003 0.452460496875 0.431640625 0.449525959375 0.42859375 0.44620767499999997 0.4270625 0.4454853265625 0.42859375 0.44216704218749997 0.430125 0.440699775 0.429109375 0.43812641093750004 0.427328125 0.43336343125 0.4265625 0.42600451406250006 0.423515625 0.4219638828125 0.42503124999999997 0.4175620765625 0.427578125 0.41424379218749996 0.43342187499999996 0.4157110609375 0.43621875 0.417200903125 0.44029687500000003 0.42270880312500003 0.44359374999999995 0.4318961625 0.447921875 0.43923250625000004 0.447921875 0.44510157968749997 0.44665625000000003 0.44988713281250003 0.44460937500000003
3 0.56990970625 0.301265625 0.56990970625 0.29146875 0.56990970625 0.289015625 0.555733634375 0.284109375 0.529187359375 0.282890625 0.5220993234375 0.289015625 0.5167945828125 0.30371875 0.5274040624999999 0.320875 0.552189615625 0.320875 0.5539729125 0.323328125 0.5681264109375 0.311078125 0.56990970625 0.301265625
3 0.7081715578125001 0.211171875 0.6958013546874999 0.2085 0.6741760718750001 0.21278125 0.669525959375 0.22240625 0.669525959375 0.229890625 0.691173815625 0.23898437499999997 0.7035214453124999 0.2325625 0.7135665921875 0.22346875000000002 0.7081715578125001 0.211171875
3 0.32237020312500003 0.548140625 0.33939051875000004 0.542921875 0.3465237015625 0.5336093749999999 0.3453498875 0.52565625 0.3382167046875 0.5187968749999999 0.31801354375 0.5157812500000001 0.30652370156250003 0.5231874999999999 0.30176072187499997 0.5333281249999999 0.30374717812499996 0.5401875 0.3088939046875 0.5445781249999999 0.32237020312500003 0.548140625
3 0.2397291203125 0.539578125 0.2481264109375 0.543328125 0.26733634375 0.542078125 0.2751467265625 0.53709375 0.281760721875 0.532109375 0.281760721875 0.527109375 0.27934537187499997 0.51215625 0.2493227984375 0.51090625 0.242121896875 0.5125625 0.23191873593749998 0.5233749999999999 0.2397291203125 0.539578125
3 0.303453725 0.45940624999999996 0.3183747171875 0.466671875 0.33162528281250003 0.45940624999999996 0.3388036125 0.44907812500000005 0.3388036125 0.44678125 0.3382618515625 0.439515625 0.3332957109375 0.43646874999999996 0.33162528281250003 0.442203125 0.3167042890625 0.438 0.3089841984375 0.439140625 0.301241534375 0.4445 0.303453725 0.45940624999999996
3 0.6207449203125 0.48171875000000003 0.578916478125 0.48171875000000003 0.5845823921875 0.5033125 0.613656884375 0.5234375 0.604446953125 0.509203125 0.6313995484375 0.502828125 0.6349435671875 0.497421875 0.632799096875 0.485640625 0.6207449203125 0.48171875000000003
3 0.7974266359375 0.56103125 0.8137697515625 0.599421875 0.825869075 0.612203125 0.848623025 0.617625 0.8699548531250001 0.617625 0.884176071875 0.61121875 0.910474040625 0.600890625 0.9296614 0.58859375 0.9218510156249999 0.561515625 0.916862303125 0.5393749999999999 0.8926862296875001 0.52215625 0.86923250625 0.50984375 0.8358239281250001 0.510828125 0.8144921 0.515265625 0.7945823921875 0.523140625 0.7810835218750001 0.5393749999999999 0.792460496875 0.5438125 0.7995711062499999 0.550203125 0.7974266359375 0.56103125
3 0.3860045140625 0.3765625 0.3702031609375 0.3765625 0.3634311515625 0.38125 0.3634311515625 0.390625 0.36794582343750004 0.39375 0.3656884875 0.409375 0.37923250625 0.428125 0.3702031609375 0.42749155468750005 0.3431151234375 0.5217483109375001 0.347629796875 0.528125 0.3408577875 0.529603040625 0.3453724609375 0.5359375 0.33860045156249996 0.5374577703125001 0.33634311562499997 0.546875 0.35214446875 0.55 0.35214446875 0.559375 0.358916478125 0.5640625 0.3747178328125 0.564453125 0.38148984218750004 0.559375 0.3860045140625 0.5669921875 0.44243792343750005 0.5796875 0.4460374609375 0.585346284375 0.44243792343750005 0.5890625 0.44695259531250003 0.5921875 0.44481727812500005 0.7449746625 0.4401805875 0.75 0.4288939046875 0.7453125 0.395033859375 0.746875 0.3882618515625 0.7515625 0.3882618515625 0.7609375 0.395033859375 0.765625 0.4176072234375 0.765625 0.4243792328125 0.76875 0.43792325 0.76875 0.44243792343750005 0.765625 0.46275395 0.7703125 0.4672686234375 0.7953125 0.48306997812499997 0.80625 0.52370203125 0.80625 0.5304740406249999 0.7984375 0.5349887140625 0.78125 0.5282167046875 0.775 0.5304740406249999 0.7625 0.52370203125 0.75625 0.5191873593749999 0.75625 0.5191873593749999 0.7478125 0.51241535 0.7453125 0.53724605 0.73125 0.541760721875 0.71875 0.5667102296875 0.7156175234375 0.5667399296875 0.7078031546875 0.57287270625 0.7109375 0.5756207671875 0.7171875 0.566680528125 0.7234318921875 0.566591421875 0.746875 0.57336343125 0.7515625 0.5869074484375 0.7515625 0.591422121875 0.7484375 0.5959367953125 0.7359375 0.602708803125 0.7328125 0.604966140625 0.7234375 0.59819413125 0.7171875 0.5869074484375 0.7171875 0.5750564328125 0.709268465625 0.5743428374999999 0.7009440109375 0.5667696328125 0.6999887859375 0.5736292421875 0.6926195546875 0.566799334375 0.6921744171875 0.57291564375 0.6842951 0.5668290359375 0.6843600484375 0.5668587375 0.676545678125 0.572202046875 0.67597064375 0.566888440625 0.668731309375 0.5714884515625 0.6676461890625001 0.5669181421875 0.6609169406250001 0.57077485625 0.6593217328125001 0.56694784375 0.653102571875 0.570061259375 0.650997278125 0.566977546875 0.645288203125 0.5693476609375 0.642672821875 0.5670072484374999 0.6374738343749999 0.568634065625 0.6343483671875 0.5670369484375 0.6296594640625 0.566493278125 0.609375 0.56785945625 0.5859375 0.5660270875 0.5825639203125 0.5683148484375 0.578125 0.5654627546875 0.5746448859375 0.5687702421874999 0.5703125 0.5648984203125 0.5667258515625 0.5692256359375001 0.5625 0.5643340859375 0.55880681875 0.5696810296875 0.5546875 0.5637697515625 0.550887784375 0.570136421875 0.546875 0.6546275390625 0.55 0.6546275390625 0.559375 0.6613995484374999 0.5640625 0.6749435671875 0.5640625 0.6794582390625 0.5609375 0.6862302484375 0.5609375 0.6907449203125 0.5640625 0.706546275 0.5640625 0.724604965625 0.546875 0.726862303125 0.5375 0.7178329578125 0.5296875 0.7042889390625 0.5296875 0.6924379234375 0.5265625 0.7012791578125 0.5216145828125 0.6918735890625001 0.5171875 0.696137446875 0.5108072921875 0.6913092546875 0.5078125 0.6907449203125 0.4984375 0.702031603125 0.4984375 0.706546275 0.4953125 0.7088036125 0.4859375 0.8081264109375 0.5 0.8081264109375 0.5078125 0.8148984203125 0.5125 0.8205417609375001 0.499609375 0.8453724609375 0.498828125 0.835214446875 0.509375 0.8623024828125001 0.5109375 0.9472277171875 0.725941959375 0.9503386 0.7546875 0.9435665921874999 0.7546875 0.9367945828125 0.759375 0.9367945828125 0.76875 0.9435665921874999 0.7734375 0.957110609375 0.7734375 0.9638826187499999 0.765625 0.9616252828125 0.7578125 0.9548532734374999 0.7546875 0.9575620765625 0.746875 0.95029968125 0.7441540953125 0.9580135437499999 0.7390625 0.9502607609375 0.7336206890625 0.9584650109374999 0.73125 0.958916478125 0.7234375 0.9661399546875 0.7203125 0.9796839734375 0.7203125 0.9841986453124999 0.7171875 0.98645598125 0.7078125 0.9796839734375 0.7015625 0.9796839734375 0.696875 0.98871331875 0.69375 0.9909706546875 0.684375 0.9841986453124999 0.678125 0.970654628125 0.678125 0.9399548531249999 0.553125 0.9300225734374999 0.5515625 0.9380361171875 0.5453125 0.9322799093749999 0.534375 0.9322799093749999 0.515625 0.9142212187500001 0.503125 0.909706546875 0.4875 0.9051918734375001 0.484375 0.89164785625 0.484375 0.849510909375 0.3720833328125 0.8532731374999999 0.3671875 0.86681715625 0.3734375 0.8871331828125 0.390625 0.9006772015625 0.3765625 0.8984198640625 0.3640625 0.9051918734375001 0.3640625 0.9255079 0.35 0.9277652375000001 0.340625 0.920993228125 0.334375 0.8848758468750001 0.334375 0.8735891640625001 0.34375 0.8623024828125001 0.34375 0.846501128125 0.3578125 0.8043641828125001 0.3380208328125 0.8036117375 0.3328125 0.8081264109375 0.3296875 0.8103837468749999 0.3203125 0.8036117375 0.3140625 0.7900677203125 0.3140625 0.7832957109375001 0.31875 0.7808647343749999 0.3186298078125 0.698037853125 0.3597355765625 0.699774265625 0.365625 0.6888348671875 0.36430288437499997 0.6839729125 0.3625 0.6796318796875 0.3688701921875 0.67042889375 0.3734375 0.602708803125 0.3109375 0.5969042234375 0.3138392859375 0.5967429859375 0.30580357187499996 0.5891647859375 0.2984375 0.596581746875 0.2977678578125 0.5959367953125 0.265625 0.591422121875 0.25 0.5869074484375 0.246875 0.57336343125 0.246875 0.566591421875 0.2515625 0.5643340859375 0.2625 0.555304740625 0.2671875 0.5222414015625 0.26167279374999997 0.51241535 0.2640625 0.5112202890625 0.259834559375 0.5079006765625 0.25625 0.5001991765625 0.2579963234375 0.49209932343749996 0.25 0.4891780625 0.2561580875 0.47815694999999997 0.254319853125 0.47629796874999997 0.25 0.4671358375 0.2524816171875 0.46501128593749996 0.25625 0.4561147265625 0.2506433828125 0.4230513875 0.24512867656249998 0.419864559375 0.25 0.41422121875 0.24296875 0.41203027499999995 0.243290440625 0.408577878125 0.2359375 0.4010091625 0.24145220625000002 0.3905191875 0.23125 0.38998805000000003 0.23961397031249998 0.3789669375 0.23777573593749998 0.3747178328125 0.23125 0.36794582343750004 0.2359375 0.36794582343750004 0.25625 0.37697516875 0.2625 0.4176072234375 0.2625422296875 0.3860045140625 0.3765625