0 0.3738958328125 0.11325 0.3788125 0.10800000000000001 0.3795 0.098546875 0.3746041671875 0.09276562499999999 0.3661875 0.09276562499999999 0.3711041671875 0.093296875 0.3626875 0.093296875 0.35989583281250004 0.09959375000000001 0.35989583281250004 0.10853125 0.3738958328125 0.11325
0 0.2353541671875 0.145875 0.234625 0.14750000000000002 0.2313958328125 0.14937499999999998 0.2353541671875 0.15126562500000001 0.2339166671875 0.15423437499999998 0.234625 0.15557812499999998 0.2382291671875 0.15665625 0.2454166671875 0.15584375 0.2454166671875 0.15071874999999998 0.2486458328125 0.14937499999999998 0.2529583328125 0.15071874999999998 0.25833333281250004 0.15153125 0.25833333281250004 0.144796875 0.2565416671875 0.13940625 0.2515208328125 0.136984375 0.246125 0.13671875 0.2371458328125 0.14264062500000002 0.2332083328125 0.144265625 0.2353541671875 0.145875
0 0.3469166671875 0.09953125 0.346125 0.10415624999999999 0.3559166671875 0.1115 0.3615833328125 0.111109375 0.3597916671875 0.101265625 0.3600416671875 0.09353125 0.3536041671875 0.094125 0.34972916718749997 0.0964375 0.3469166671875 0.09953125
0 0.234875 0.19423437500000001 0.2390625 0.191234375 0.2457916671875 0.191515625 0.2479375 0.189328125 0.2493541671875 0.18571875 0.248125 0.178875 0.2443958328125 0.175046875 0.234875 0.171734375 0.2305208328125 0.172625 0.2264583328125 0.17521875 0.222875 0.182078125 0.2234583328125 0.183875 0.226625 0.186125 0.2296666671875 0.1896875 0.2312708328125 0.191765625 0.234875 0.19423437500000001
0 0.1477291671875 0.068453125 0.1395833328125 0.07075000000000001 0.1406041671875 0.07760937500000001 0.1467083328125 0.083703125 0.15687500000000001 0.089796875 0.1599166671875 0.0905625 0.1711041671875 0.08903124999999999 0.1751666671875 0.08446875000000001 0.17616666718750001 0.07760937500000001 0.1680416671875 0.0715 0.1639791671875 0.063890625 0.15787500000000002 0.06159375 0.1538125 0.0676875 0.1477291671875 0.068453125
0 0.23072916718749997 0.12240625000000001 0.23093750000000002 0.12468749999999999 0.2302916671875 0.12796875000000002 0.224625 0.127140625 0.2230833328125 0.126171875 0.2217708328125 0.126 0.22156250000000002 0.12746875 0.2189375 0.131234375 0.2182916671875 0.133203125 0.22331249999999997 0.13664062500000002 0.2326875 0.13696875 0.2374791671875 0.135484375 0.2422916671875 0.1320625 0.24358333281250003 0.127140625 0.24358333281250003 0.123875 0.239875 0.11896875 0.2374791671875 0.11667187500000001 0.23552083281249997 0.11471875000000001 0.2326875 0.113890625 0.22722916718750003 0.11471875000000001 0.22962500000000002 0.11750000000000001 0.22854166718750002 0.12028125 0.23072916718749997 0.12240625000000001
0 0.2555833328125 0.098328125 0.2464583328125 0.10034375 0.2413541671875 0.0999375 0.2325 0.09671874999999999 0.2295416671875 0.099734375 0.23060416718750001 0.1045625 0.23893749999999997 0.10759375 0.2418958328125 0.11060937500000001 0.2394791671875 0.11303125 0.24431250000000002 0.113421875 0.2483333328125 0.113421875 0.2523541671875 0.112625 0.2539791671875 0.11160937500000001 0.2537083328125 0.10859375 0.2550416671875 0.103765625 0.2555833328125 0.098328125
0 0.189625 0.0595625 0.1930208328125 0.05290625 0.1823333328125 0.050687499999999996 0.1796041671875 0.044890625 0.1755208328125 0.041999999999999996 0.1680208328125 0.044546875 0.1689166671875 0.0450625 0.16641666718749998 0.048296875 0.17075 0.058359375000000005 0.18075000000000002 0.06296874999999999 0.189625 0.0595625
0 0.20125 0.043125000000000004 0.1970625 0.039984375 0.1920208328125 0.038296875 0.1897708328125 0.035984375 0.1875416671875 0.03515625 0.1838958328125 0.037875 0.1802708328125 0.0395625 0.17689583281250001 0.0401875 0.181375 0.049640625 0.1908958328125 0.051937500000000004 0.1998541671875 0.049421875 0.20125 0.043125000000000004
0 0.2350208328125 0.0333125 0.2350208328125 0.028828125 0.2316458328125 0.024359375 0.2260625 0.021281249999999998 0.22233333281249998 0.019890625000000002 0.21897916718750002 0.019046874999999998 0.21525 0.018765625 0.2111458328125 0.019609375000000002 0.2055625 0.023796875000000002 0.20406249999999998 0.029390624999999997 0.2066666671875 0.035546875 0.21077083281250003 0.041984375000000004 0.2208333328125 0.042249999999999996 0.22756249999999997 0.041140625 0.2331458328125 0.0369375 0.2350208328125 0.0333125
0 0.29533333281249996 0.310828125 0.2974791671875 0.30867187500000004 0.2985625 0.308125 0.30143749999999997 0.30678125 0.30143749999999997 0.30489062499999997 0.30143749999999997 0.30328125 0.30143749999999997 0.301671875 0.302875 0.297359375 0.3007291671875 0.29304687500000004 0.2960416671875 0.29357812499999997 0.28958333281250004 0.29546875 0.285625 0.29681250000000003 0.28131249999999997 0.299234375 0.279875 0.305171875 0.279875 0.30840625 0.2809583328125 0.31271875 0.2863541671875 0.317296875 0.2906666671875 0.318109375 0.2967708328125 0.318109375 0.3036041671875 0.314875 0.29533333281249996 0.31540625 0.29460416718750004 0.31432812499999996 0.29533333281249996 0.310828125
0 0.1505416671875 0.27554687499999997 0.1521458328125 0.273875 0.155 0.272921875 0.1591041671875 0.270078125 0.1619583328125 0.27364062499999997 0.1632291671875 0.27696875 0.1654583328125 0.2774375 0.168625 0.277203125 0.168625 0.274828125 0.1695833328125 0.27149999999999996 0.16893750000000002 0.26579687500000004 0.1660833328125 0.26151562500000003 0.1629166671875 0.258171875 0.1591041671875 0.25770312500000003 0.1511875 0.25579687500000003 0.1457916671875 0.26175000000000004 0.1423125 0.26768749999999997 0.1461041671875 0.268640625 0.1505416671875 0.27554687499999997
0 0.2012083328125 0.163890625 0.20193750000000002 0.168265625 0.2026666671875 0.17346875 0.2048541671875 0.1775625 0.2106875 0.175921875 0.21725 0.171828125 0.2190833328125 0.1674375 0.2179791671875 0.161703125 0.2150625 0.15759375 0.2099583328125 0.155953125 0.20375000000000001 0.1556875 0.19537500000000002 0.15678125 0.19718750000000002 0.15759375 0.1982916671875 0.158421875 0.2012083328125 0.163890625
0 0.1703125 0.028125 0.1800347234375 0.0266927078125 0.17630208281249998 0.03515625 0.1829861109375 0.0346354171875 0.1822916671875 0.0421875 0.1859375 0.042578125 0.1914713546875 0.057421875 0.20026041718749998 0.06328125 0.19907407500000002 0.0657986109375 0.1946614578125 0.065625 0.2010416671875 0.08203125 0.20625 0.084375 0.19583333281249998 0.0890625 0.1875 0.0875 0.1770833328125 0.09375 0.1770833328125 0.1078125 0.1729166671875 0.1109375 0.1729166671875 0.1203125 0.17916666718750002 0.125 0.1916666671875 0.125 0.1979166671875 0.11875 0.1979166671875 0.1078125 0.20208333281250002 0.103125 0.2 0.0921875 0.20833333281250002 0.0859375 0.22291666718749997 0.0875 0.22916666718749998 0.08125 0.22916666718749998 0.075 0.26294642968750004 0.065334821875 0.2630952375 0.073571428125 0.2559294875 0.075 0.25753205156250003 0.0828125 0.2632440484375 0.0818080359375 0.26339285625 0.0900446421875 0.2591346140625 0.090625 0.2607371796875 0.0984375 0.2635416671875 0.09828125 0.26237980781250003 0.11484375 0.2638392859375 0.1147544640625 0.2639880953125 0.122991071875 0.26241987031249997 0.1234375 0.2624599359375 0.13203125 0.26875 0.1375 0.25833333281250004 0.14375 0.25833333281250004 0.153125 0.2645833328125 0.1578125 0.2770833328125 0.1578125 0.2833333328125 0.1515625 0.2833333328125 0.1453125 0.2770833328125 0.1390625 0.26279761874999996 0.0570982140625 0.2625 0.040625 0.2708333328125 0.0375 0.40416666718750005 0.0109375 0.40859375 0.0181640625 0.41041666718750003 0.0171875 0.4166666671875 0.021875 0.41302083281249996 0.025390625 0.43958333281249995 0.06875 0.43125 0.071875 0.4291666671875 0.084375 0.43541666718750005 0.0890625 0.4479166671875 0.0890625 0.45416666718750004 0.0828125 0.45104166718750005 0.0703125 0.46458333281249997 0.0703125 0.47083333281249995 0.075 0.5020833328125 0.078125 0.5104166671875 0.084375 0.5104166671875 0.0875 0.5 0.090625 0.49791666718750005 0.09375 0.49791666718750005 0.103125 0.5041666671875 0.1078125 0.5270833328125 0.10625 0.5354166671875 0.1140625 0.5541666671875001 0.11875 0.55625 0.1296875 0.5625 0.134375 0.5729166671875 0.134375 0.5916666671875 0.1421875 0.5916666671875 0.1640625 0.5791666671875 0.1671875 0.5770833328125 0.1703125 0.5770833328125 0.18125 0.5833333328125 0.1859375 0.6145833328125 0.19375 0.64375 0.19375 0.65 0.1875 0.6666666671875 0.18125 0.675 0.1890625 0.6875 0.1890625 0.6979166671875 0.1734375 0.6958333328124999 0.1625 0.7041666671875 0.1578125 0.7083333328125 0.1453125 0.7145833328125 0.14375 0.7208333328125 0.1375 0.7333333328125 0.1453125 0.7354166671875 0.1578125 0.7416666671875001 0.1625 0.7729166671875001 0.1625 0.7833333328125 0.1515625 0.7958333328125 0.1515625 0.8041666671875 0.1453125 0.8104166671874999 0.134375 0.8083333328125001 0.115625 0.8 0.1109375 0.79375 0.1109375 0.7791666671875 0.1171875 0.7770833328125 0.1203125 0.7625 0.1171875 0.7625 0.1015625 0.75625 0.0953125 0.7458333328125 0.09375 0.7416666671875001 0.0765625 0.7333333328125 0.071875 0.7125 0.071875 0.7020833328125 0.0765625 0.6979166671875 0.0546875 0.675 0.0421875 0.6479166671875001 0.0421875 0.6375 0.0484375 0.6229166671875 0.0421875 0.6083333328125 0.0421875 0.6020833328124999 0.0453125 0.5958333328125 0.040625 0.5875 0.0390625 0.5791666671875 0.03125 0.5666666671875 0.03125 0.5541666671875001 0.021875 0.5416666671875 0.025 0.5395833328124999 0.028125 0.525 0.0296875 0.51875 0.0234375 0.5020833328125 0.0203125 0.49791666718750005 0.0078125 0.4895833328125 0.003125 0.4770833328125 0.00625 0.475 0.009375 0.46875 0.0046875 0.4604166671875 0.003125 0.45 0.009375 0.44375 0.00625 0.43541666718750005 0.0078125 0.4270833328125 0.0015625 0.4166666671875 0.0028492640624999998 0.415625 0.0015625 0.40625 0.0041360296875 0.40416666718750005 0.0015625 0.3958333328125 0.00542279375 0.28125 0.01957720625 0.27291666718749996 0.028125 0.2708333328125 0.0208639703125 0.2625 0.0203125 0.2604166671875 0.0221507359375 0.25 0.0234375 0.1833333328125 0.00625 0.180324075 0.0064236109375 0.17916666718750002 0.0015625 0.1703703703125 0.00399305625 0.1604166671875 0.0015625 0.1583333328125 0.0046875 0.163425925 0.0123263890625 0.1583333328125 0.0140625 0.1703125 0.028125