2 0.7568125 0.7017252390625 0.729671875 0.6797763578125 0.703796875 0.6539616609375 0.67728125 0.6313738015625 0.655828125 0.6113738015625 0.6394062500000001 0.598466453125 0.635 0.61266773125 0.63625 0.6410543125 0.649515625 0.6494408953125 0.6615 0.6623482421875 0.672234375 0.684297125 0.68990625 0.7023642171875 0.724 0.7249520765625 0.75240625 0.7333386578125001 0.77828125 0.7223642171875 0.77259375 0.7146325874999999 0.7568125 0.7017252390625
2 0.17860937500000001 0.3210063890625 0.163625 0.3295207671875 0.156125 0.35337060625 0.164453125 0.36869009531249997 0.17903125 0.3703993609375 0.318125 0.36400958437500003 0.32937500000000003 0.3576198078125 0.338109375 0.35123003124999996 0.340609375 0.3303674125 0.32604687499999996 0.3150479234375 0.303546875 0.3124920125 0.22734375 0.31418530312500004 0.228171875 0.3150479234375 0.191109375 0.3167412140625 0.17860937500000001 0.3210063890625
2 0.30771875 0.5052396171875 0.28134375 0.37265175781250004 0.248375 0.37265175781250004 0.25496875 0.5187220453125 0.290140625 0.5299680515625 0.30771875 0.5052396171875
2 0.578078125 0.692140575 0.518734375 0.66517571875 0.47037500000000004 0.651693290625 0.45499999999999996 0.6853993609375 0.52753125 0.71910543125 0.562703125 0.73482428125 0.6308281250000001 0.7640415328125 0.6374375 0.759552715625 0.67259375 0.7235942484375 0.578078125 0.692140575
2 0.40223437500000003 0.597747603125 0.406640625 0.69662939375 0.43520312499999997 0.69662939375 0.43740625 0.586517571875 0.419828125 0.584265175 0.40223437500000003 0.597747603125
2 0.23110763906249998 0.380983315625 0.22632142812499997 0.36705157499999996 0.2341919640625 0.36726380625 0.23658506875000002 0.3742296765625 0.285578125 0.3155910546875 0.30007812500000003 0.2888977640625 0.30007812500000003 0.2740734828125 0.272515625 0.26517571875 0.226125 0.3155910546875 0.23940625 0.35882854218750004 0.2184508921875 0.36683934375 0.18696875 0.365990415625 0.178265625 0.38230031875 0.1695625 0.3986102234375 0.17681249999999998 0.42381789062499997 0.192765625 0.4282587859375 0.23110763906249998 0.380983315625
2 0.58359375 0.1230031953125 0.610609375 0.101677315625 0.6253437500000001 0.0979073484375 0.63515625 0.08659744375 0.6130625000000001 0.067779553125 0.611828125 0.067779553125 0.57621875 0.104185303125 0.5295625 0.1682108625 0.5037812500000001 0.20586262031250002 0.51728125 0.2272044734375 0.53446875 0.21968051093750002 0.561484375 0.1870287546875 0.58359375 0.1619329078125 0.5786718750000001 0.1430990421875 0.58359375 0.1230031953125
2 0.747359375 0.7350638984375 0.7263124999999999 0.725287540625 0.709078125 0.7164856234375 0.694734375 0.725287540625 0.620109375 0.8006070281250001 0.6210625000000001 0.8279872203125 0.615328125 0.84266773125 0.612453125 0.8583226843749999 0.6181875 0.862236421875 0.659328125 0.83484025625 0.7263124999999999 0.7624600640625 0.747359375 0.7350638984375
2 0.47545312500000003 0.7789297125 0.48668750000000005 0.7789297125 0.56346875 0.7664856234374999 0.58875 0.7502236421874999 0.552234375 0.734904153125 0.474515625 0.74447284375 0.45953125000000006 0.745431309375 0.45859375 0.7578754 0.46421875 0.7751118203125 0.47545312500000003 0.7789297125
2 0.7926562500000001 0.763642171875 0.777421875 0.7558466453125 0.703734375 0.80519169375 0.6300625 0.8493450484375 0.609734375 0.8987060703124999 0.660546875 0.86233226875 0.703734375 0.8415654953124999 0.7926562500000001 0.763642171875
2 0.779390625 0.33375399375 0.752578125 0.2874920125 0.7458750000000001 0.30805111875 0.742515625 0.3200479234375 0.765984375 0.35947284375 0.765984375 0.37317891406250003 0.7844218749999999 0.3714536734375 0.779390625 0.33375399375
2 0.6756249999999999 0.7293450484374999 0.68284375 0.7416453671875 0.7176875 0.7158306703124999 0.694859375 0.7060063890625 0.6756249999999999 0.7293450484374999
2 0.789671875 0.24464856250000003 0.6782812500000001 0.16547923281250002 0.6591875 0.164392971875 0.6538906250000001 0.1676357828125 0.652828125 0.185 0.652828125 0.193674121875 0.64221875 0.193674121875 0.768453125 0.28584664531250004 0.780125 0.2847763578125 0.791796875 0.25440894531249997 0.789671875 0.24464856250000003