1 0.10453125 0.6838173296875001 0.10007812499999999 0.6918266984375 0.10007812499999999 0.72386416875 0.105421875 0.7265339578125001 0.11165624999999998 0.7265339578125001 0.112546875 0.738548009375 0.11699999999999999 0.7438875875 0.12234375 0.7412177984375 0.126796875 0.749227165625 0.137484375 0.74255269375 0.1481875 0.74255269375 0.16065625 0.7171896953125 0.1838125 0.7065105390624999 0.191828125 0.679812646875 0.198953125 0.6450819671875 0.19271875 0.605035128125 0.181140625 0.5890163937499999 0.168671875 0.5876814984375 0.15887500000000002 0.5783372359375 0.150859375 0.566299765625 0.14996875 0.5542857140625 0.154421875 0.5422716624999999 0.1481875 0.5396018734375 0.126796875 0.5329273999999999 0.12056249999999999 0.5422716624999999 0.12946875 0.5422716624999999 0.12946875 0.5502810296875 0.114328125 0.547611240625 0.10453125 0.5676346609375 0.10007812499999999 0.5930210765624999 0.101859375 0.5903512875 0.0991875 0.6450819671875 0.10453125 0.6838173296875001
1 0.275765625 0.342763465625 0.27128125000000003 0.356932084375 0.269296875 0.3681264640625 0.274765625 0.3696018734375 0.286203125 0.36290398125 0.29317187499999997 0.3599063234375 0.3180625 0.3203747078125 0.333984375 0.2860655734375 0.333984375 0.2659250578125 0.32999999999999996 0.247283371875 0.322046875 0.24355971875 0.31656249999999997 0.24953161562499998 0.31159375 0.27414519843749996 0.302640625 0.29800936718750004 0.288203125 0.3241217796875 0.275765625 0.342763465625
1 0.280046875 0.5018735359375001 0.274296875 0.5153864171875 0.26446875 0.5301405156250001 0.258734375 0.5350585484375 0.259546875 0.548571428125 0.27184375 0.55224824375 0.273484375 0.55224824375 0.275125 0.5534894609375 0.27840625 0.5633021078125 0.287421875 0.5657611234375 0.29479687499999996 0.5571662765625 0.302171875 0.548571428125 0.306265625 0.542435596875 0.30709375 0.5387353625 0.30790625 0.5387353625 0.312015625 0.5448711937499999 0.32020312500000003 0.542435596875 0.32184375 0.5411943796875 0.33332812500000003 0.5338173296875001 0.33987500000000004 0.5252224828125 0.343984375 0.510468384375 0.348078125 0.478524590625 0.35053125 0.4600936765625 0.348078125 0.43676814999999997 0.344796875 0.42201405156250005 0.337421875 0.40604215468750005 0.32184375 0.3925292734375 0.31446874999999996 0.3962060890625 0.3038125 0.388852459375 0.301359375 0.391311475 0.303 0.3925292734375 0.29396875 0.401124121875 0.274296875 0.4674707265625 0.26775000000000004 0.498196721875 0.280046875 0.5018735359375001
1 0.65121875 0.21035128749999998 0.65046875 0.23297423906249998 0.6595156249999999 0.2578454328125 0.6685625 0.2770726 0.6783750000000001 0.28723653437499996 0.687421875 0.2759250578125 0.682140625 0.2657611234375 0.6663125 0.2408899296875 0.663296875 0.21487119375 0.6730937499999999 0.20358313749999998 0.6685625 0.19906323125 0.65725 0.202435596875 0.65121875 0.21035128749999998
1 0.44190625 0.275316159375 0.44070312500000003 0.32292740000000003 0.447109375 0.3428571421875 0.47251562500000005 0.3525058546875 0.48464062500000005 0.3360421546875 0.482984375 0.29454332499999997 0.467890625 0.26494145156250004 0.44190625 0.275316159375
1 0.71828125 0.43056206093749994 0.706828125 0.463372365625 0.701359375 0.4820374703125 0.7113125 0.48128805625000004 0.71828125 0.47903981250000005 0.72425 0.4626229515625 0.72375 0.47903981250000005 0.7302187499999999 0.47903981250000005 0.741171875 0.46487119374999997 0.750625 0.43278688593750003 0.753109375 0.39550351250000004 0.747140625 0.3783372359375 0.7356874999999999 0.377587821875 0.72375 0.37163934374999996 0.71628125 0.3843091328125 0.726234375 0.3977283375 0.71828125 0.43056206093749994
1 0.7677031249999999 0.6765339578125 0.767875 0.6866744734375 0.767875 0.70159250625 0.759765625 0.7160187359375 0.75184375 0.7247072593749999 0.747109375 0.7320374703125 0.74678125 0.74189695625 0.74896875 0.743676815625 0.750828125 0.7454332546875 0.754375 0.748992975 0.758921875 0.7479625296875 0.76315625 0.74163934375 0.768375 0.74163934375 0.775125 0.740140515625 0.7847500000000001 0.728243559375 0.789484375 0.722412178125 0.7947031250000001 0.70548009375 0.794203125 0.691311475 0.789984375 0.67840749375 0.7825624999999999 0.6700468390625 0.7791875 0.6675175640625 0.77428125 0.666252928125 0.7690625 0.6607025765625 0.7663593750000001 0.6654098359375 0.7677031249999999 0.6712412171875 0.7677031249999999 0.6765339578125
1 0.104125 0.4761124125 0.11282812499999999 0.4649414515625 0.12525 0.49100702500000004 0.14015625 0.5022014046875001 0.158796875 0.5022014046875001 0.1786875 0.487283371875 0.1786875 0.438875878125 0.16253125 0.38487119375 0.145140625 0.3718266984375 0.133953125 0.3718266984375 0.12898437499999998 0.36997658125 0.11159375 0.364379390625 0.092953125 0.39604215468750004 0.091703125 0.4686651046875 0.104125 0.4761124125
1 0.553578125 0.3270491796875 0.5598124999999999 0.357775175 0.576734375 0.3858079625 0.587421875 0.3764637 0.6034531249999999 0.3871428578125 0.618609375 0.381803278125 0.616828125 0.372459015625 0.623953125 0.361779859375 0.6132500000000001 0.3497423890625 0.601671875 0.3417330203125 0.592765625 0.3203747078125 0.58653125 0.3030210765625 0.591875 0.2923419203125 0.58296875 0.284332553125 0.5749531250000001 0.29634660468749996 0.5669375 0.29768149843749997 0.55803125 0.3056908671875 0.553578125 0.3270491796875
1 0.503328125 0.2687587828125 0.49387499999999995 0.27323185 0.490890625 0.28442622968750003 0.491375 0.3023185015625 0.501328125 0.33587822031250003 0.51228125 0.35454332499999996 0.528703125 0.3612412171875 0.523234375 0.34932084375 0.5172656250000001 0.3314051515625 0.508796875 0.3090398125 0.5063125 0.28367681562499997 0.51875 0.267259953125 0.516765625 0.2583138171875 0.514765625 0.2605620609375 0.503328125 0.2687587828125
1 0.50621875 0.2870726 0.508296875 0.30416861875 0.518671875 0.337611240625 0.5295625 0.360163934375 0.510890625 0.35548009375 0.49428124999999995 0.31194379375 0.48962500000000003 0.280843090625 0.49117187500000004 0.3274941453125 0.508296875 0.36093676874999997 0.517109375 0.364051521875 0.524890625 0.3749180328125 0.5295625 0.3749180328125 0.53734375 0.3834894609375 0.543578125 0.3834894609375 0.543578125 0.3710304453125 0.551359375 0.3718266984375 0.554984375 0.3655971890625 0.53215625 0.3368384078125 0.52546875 0.29667447343750003 0.53215625 0.289156909375 0.52128125 0.26658079687499997 0.5176406250000001 0.2699531609375 0.51296875 0.2847306796875 0.50621875 0.2870726
1 0.671640625 0.2502107734375 0.680828125 0.26004683906250003 0.68575 0.27185011718749996 0.6959375 0.2802107734375 0.702828125 0.285644028125 0.702828125 0.279227165625 0.6985625 0.2703747078125 0.69396875 0.2629976578125 0.6906718749999999 0.256604215625 0.68640625 0.25562060937500003 0.683453125 0.2531615921875 0.680828125 0.2487353625 0.6798437500000001 0.24182669843750002 0.679515625 0.238875878125 0.678203125 0.23100702499999998 0.67459375 0.22215456718749998 0.6736093750000001 0.2137939109375 0.672625 0.20836065625 0.671640625 0.20836065625 0.665390625 0.2133021078125 0.66309375 0.22264637031249998 0.666375 0.2413348953125 0.671640625 0.2502107734375
1 0.753765625 0.419156909375 0.7651875 0.41693208437499996 0.77859375 0.412459015625 0.7820625 0.397587821875 0.78603125 0.38271662812499996 0.7885156249999999 0.3663466046875 0.7905 0.351451990625 0.7875156249999999 0.3388056203125 0.780578125 0.3254332546875 0.7711406249999999 0.322435596875 0.7651875 0.3187353625 0.75625 0.31648711875 0.75725 0.32318501093749996 0.744828125 0.3700702578125 0.741859375 0.37674473124999996 0.75228125 0.4042857140625 0.753765625 0.419156909375
1 0.31875 0.320843090625 0.29375 0.3606557375 0.2796875 0.3676814984375 0.2796875 0.3840749421875 0.284375 0.391100703125 0.2953125 0.391100703125 0.294965278125 0.39604475625 0.31024305625 0.408014571875 0.30772058750000003 0.41245350625 0.3525735296875 0.4840887171875 0.346484375 0.4894613578125 0.340625 0.5245901640625 0.3328125 0.536299765625 0.321875 0.5433255265625 0.3140625 0.545667446875 0.309375 0.54098360625 0.309375 0.545667446875 0.3125 0.545667446875 0.3109375 0.5526932078125 0.31875 0.5644028109375 0.340625 0.56674473125 0.3671875 0.5386416859375001 0.375 0.5199063234375 0.358180146875 0.49304311875 0.3583333328125 0.46994535624999995 0.375 0.47775175625 0.371875 0.4660421546875 0.359375 0.4426229515625 0.378125 0.400468384375 0.396875 0.40281030468749995 0.40625 0.391100703125 0.4109375 0.391100703125 0.415625 0.3817330203125 0.415625 0.365339578125 0.65 0.3302107734375 0.653571428125 0.3412512546875 0.659375 0.34426229531249997 0.6609375 0.3489461359375 0.6571428578125 0.3522917359375 0.6642857140625 0.3743727 0.6703125 0.3793911 0.671875 0.3840749421875 0.667578125 0.3864168625 0.6734375 0.3934426234375 0.6705078125 0.3981264640625 0.6765625 0.400468384375 0.6765625 0.40749414531249994 0.671875 0.40983606562499997 0.66875 0.4168618265625 0.66328125 0.46370023437499996 0.6609375 0.47540983593749997 0.6546875 0.4847775171875 0.6546875 0.4988290390625 0.6609375 0.508196721875 0.6796875 0.5105386421875 0.69375 0.4941451984375 0.7015625 0.473067915625 0.7265625 0.4894613578125 0.721875 0.49648711875 0.721875 0.5878220140625 0.73125 0.5971896953125 0.7328125 0.62997658125 0.7375 0.6346604218749999 0.7453125 0.6346604218749999 0.753125 0.658079625 0.7671875 0.6604215453125 0.7765625 0.6440281031249999 0.7875 0.6440281031249999 0.80625 0.6159250578125001 0.8046875 0.5761124125 0.7953125 0.54098360625 0.7921875 0.536299765625 0.78125 0.536299765625 0.7765625 0.5433255265625 0.76875 0.5388545875 0.7671875 0.5273578875 0.7703125 0.52224824375 0.76875 0.5152224828125 0.7765625 0.4988290390625 0.7859375 0.4871194375 0.796875 0.482435596875 0.8046875 0.4707259953125 0.8125 0.45199063281249996 0.8140625 0.42622950781249996 0.803125 0.405152225 0.7859375 0.405152225 0.7765625 0.41451990624999996 0.75625 0.41920374687499995 0.753125 0.4238875875 0.7150390625 0.3817330203125 0.709375 0.3793911 0.70869140625 0.374707259375 0.703125 0.3676814984375 0.6984375 0.3676814984375 0.69599609375 0.3606557375 0.690625 0.3583138171875 0.6896484375 0.3536299765625 0.68330078125 0.346604215625 0.6859375 0.337236534375 0.6734375 0.3138173296875 0.6671875 0.30679156875 0.6642578125 0.3255269328125 0.65791015625 0.31850117031249997 0.65625 0.30679156875 0.6515625 0.31147540937499996 0.65 0.31615925 0.643715278125 0.3097059578125 0.3455208328125 0.242466821875 0.3453125 0.21779859531249998 0.340625 0.20843091406249997 0.3375 0.20843091406249997 0.33125 0.194379390625 0.321875 0.194379390625 0.315625 0.203747071875 0.309375 0.20608899374999998 0.3015625 0.21779859531249998 0.306284721875 0.23361956875 0.2984375 0.23185011718749998 0.2984375 0.2669789234375 0.3015625 0.278688525 0.3265625 0.30210772812500003 0.31875 0.320843090625