2 0.611375 0.7355035125 0.6089375 0.72967213125 0.6060156250000001 0.7274707265625 0.597234375 0.7165105390625001 0.58259375 0.7208899296875 0.57675 0.7223419203125 0.572359375 0.731124121875 0.569421875 0.7399063234375001 0.569921875 0.7596487125 0.582109375 0.7771896953125 0.5962500000000001 0.783044496875 0.6089375 0.7764637 0.6138125 0.7581733015625 0.611375 0.7355035125
2 0.6361718749999999 0.8555035125 0.637828125 0.8447306796875 0.637828125 0.8314754093750001 0.637828125 0.8132552687500001 0.63728125 0.8033255265625 0.635609375 0.7983372359375001 0.632859375 0.7958548015625 0.63175 0.7900702578125001 0.627328125 0.804964871875 0.627328125 0.818220140625 0.6251249999999999 0.8339578453125001 0.6251249999999999 0.8488758781250001 0.625671875 0.8505152218750001 0.627875 0.856323184375 0.6361718749999999 0.8555035125
2 0.522609375 0.76451990625 0.52840625 0.777892271875 0.526625 0.7885948484374999 0.52975 0.7926229515625 0.53778125 0.7859250578125 0.545375 0.781920375 0.5578593749999999 0.7812412171875 0.5614375 0.7759016390625 0.565453125 0.7631850109375 0.566796875 0.7498126468749999 0.566796875 0.740444965625 0.5645625 0.72840749375 0.558765625 0.7277283375 0.5395625 0.7303981265624999 0.52796875 0.741779859375 0.5270625 0.7431147546875 0.5239375 0.7571662765625 0.522609375 0.76451990625
2 0.52659375 0.68648711875 0.52946875 0.7040749421875 0.52659375 0.7099297421874999 0.53415625 0.713067915625 0.54225 0.7236065578125 0.553453125 0.722435596875 0.55371875 0.724004684375 0.5589375000000001 0.7255737703125 0.55971875 0.720491803125 0.5644218750000001 0.71969555 0.5644218750000001 0.7138407499999999 0.566234375 0.7114988296875 0.569890625 0.7071896953125 0.573796875 0.7013348953125 0.56859375 0.6896018734375 0.56571875 0.6849180328125 0.5680625 0.681007025 0.566765625 0.670843090625 0.555546875 0.661451990625 0.54825 0.6599063234375 0.545640625 0.652084309375 0.540421875 0.6645901640625 0.533125 0.6739578453124999 0.53390625 0.672412178125 0.530765625 0.6739578453124999 0.52659375 0.68648711875
2 0.520140625 0.5733021078125 0.520921875 0.5823185015625 0.52196875 0.5870023421874999 0.5248437499999999 0.5928805625 0.52771875 0.5956206093749999 0.5295468750000001 0.5928805625 0.531109375 0.592107728125 0.5355624999999999 0.5979859484375 0.54078125 0.5979859484375 0.542359375 0.5948477750000001 0.546015625 0.590140515625 0.548625 0.5854332546875 0.550203125 0.5725058546875 0.5465312499999999 0.54744730625 0.54078125 0.52002341875 0.538171875 0.54391100625 0.53425 0.54901639375 0.531109375 0.5470491796875 0.5269375000000001 0.5450819671875 0.5243125 0.5470491796875 0.518828125 0.54194379375 0.516484375 0.5509601875000001 0.5198750000000001 0.5642857140624999 0.520140625 0.5733021078125
2 0.509 0.5190163937500001 0.51590625 0.5364637 0.5311874999999999 0.5473770484375 0.53628125 0.5451990624999999 0.538828125 0.528852459375 0.541375 0.521756440625 0.546109375 0.5402810296875 0.551921875 0.5282903984375 0.555203125 0.51740046875 0.555203125 0.5086651046874999 0.558109375 0.50159250625 0.55665625 0.498852459375 0.5544687500000001 0.493395784375 0.5533750000000001 0.4890398125 0.5482812499999999 0.4912177984375 0.546109375 0.48250585468749996 0.540640625 0.484683840625 0.538828125 0.47868852500000003 0.533 0.48032786875 0.52828125 0.48250585468749996 0.516640625 0.4890398125 0.511546875 0.497775175 0.509 0.5190163937500001
2 0.532765625 0.44992974218750004 0.5228125 0.4409601875 0.515953125 0.4369789234375 0.51571875 0.4436299765625 0.519265625 0.4502576109375 0.527671875 0.45721311406250004 0.541625 0.4734660421875 0.54471875 0.4718266984375 0.543828125 0.46386416874999997 0.532765625 0.44992974218750004
2 0.550546875 0.43114754062499994 0.5529531249999999 0.43836065625 0.553546875 0.43836065625 0.5529531249999999 0.44915690937499997 0.55715625 0.457259953125 0.5607656249999999 0.461756440625 0.5625625000000001 0.46894613593749995 0.578171875 0.46536299843749995 0.588390625 0.4608665109375 0.5913906250000001 0.45545667500000003 0.591984375 0.444660421875 0.59078125 0.43386416875 0.588984375 0.4293442625 0.5901875000000001 0.4212412171875 0.5835781250000001 0.4257611234375 0.575171875 0.4176580796875 0.5715625 0.41494145156249995 0.56315625 0.42035128750000006 0.5625625000000001 0.4302576109375 0.555953125 0.4302576109375 0.550546875 0.43114754062499994
2 0.55321875 0.5606557375000001 0.5535 0.5789227171875 0.555484375 0.5814754093750001 0.555484375 0.58615925 0.55803125 0.5878454328125 0.55803125 0.5912412171875 0.556046875 0.5937939109375 0.5566093750000001 0.5984777515624999 0.559734375 0.598899296875 0.563984375 0.5950819671875001 0.567671875 0.5971896953125 0.565125 0.6035597187499999 0.5668124999999999 0.6061124125 0.571359375 0.6035597187499999 0.575609375 0.601451990625 0.5778749999999999 0.604847775 0.582125 0.602716628125 0.5841093749999999 0.5971896953125 0.5860937500000001 0.5955035125 0.588078125 0.5937939109375 0.5917656250000001 0.5903981265625 0.596296875 0.5797892265625 0.596296875 0.5657611234375 0.594875 0.557259953125 0.596296875 0.5521545671875 0.596296875 0.5474941453125 0.5920468750000001 0.5492037468750001 0.5917656250000001 0.5483372359375001 0.5954531249999999 0.541124121875 0.5954531249999999 0.5377283375 0.5892031249999999 0.5402810296875 0.5858125000000001 0.541124121875 0.5815625 0.5368618265625 0.5798593750000001 0.5322014046875 0.57503125 0.5360187359374999 0.571078125 0.5360187359374999 0.563421875 0.5398360656250001 0.562 0.5419672125 0.5563281250000001 0.5487587828125 0.55321875 0.5606557375000001
2 0.545734375 0.48290398124999995 0.5482812499999999 0.484004684375 0.54975 0.480163934375 0.5464687500000001 0.451756440625 0.544640625 0.42990632343749996 0.5388124999999999 0.43482435625000004 0.538078125 0.43482435625000004 0.539171875 0.4468384078125 0.539171875 0.44847775156249997 0.54390625 0.4692505859375 0.545734375 0.48290398124999995
2 0.533765625 0.6153161593750001 0.5316562499999999 0.6112412171875 0.53075 0.6225292734375001 0.5391874999999999 0.66229508125 0.54490625 0.6564168625 0.538875 0.6279625296875 0.533765625 0.6153161593750001
2 0.577171875 0.32067915625 0.5762343750000001 0.3196252921875 0.573171875 0.3189227171875 0.56540625 0.32456674531249996 0.55975 0.33585480156249997 0.559984375 0.3355035125 0.5623437499999999 0.340796253125 0.56421875 0.3379625296875 0.56728125 0.3344496484375 0.571984375 0.32775175624999997 0.577171875 0.32067915625
2 0.2265625 0.3629976578125 0.2390625 0.3629976578125 0.2453125 0.35597189687499997 0.2484375 0.346604215625 0.2453125 0.2997658078125 0.2390625 0.278688525 0.2390625 0.2599531609375 0.278125 0.2626032296875 0.5079545453125001 0.30381094375 0.50625 0.30913348906250004 0.50875 0.3147540984375 0.5140625 0.31615925 0.5115624999999999 0.326932084375 0.5176136359375 0.34937193906249997 0.5078125 0.365339578125 0.509375 0.40281030468749995 0.5171875 0.41920374687499995 0.5171875 0.4238875875 0.5109375 0.43325526875 0.5125 0.4707259953125 0.5171875 0.47775175625 0.5203125 0.47775175625 0.5234375 0.4871194375 0.5390625 0.4800936765625 0.54609375 0.4820452765625 0.546590909375 0.48605492968749997 0.5515625 0.4894613578125 0.5484375 0.4936247734375 0.5490056812499999 0.497445178125 0.5546875 0.526932084375 0.559375 0.5339578453125 0.5578125 0.5399427546875 0.571875 0.6042154562500001 0.565625 0.608899296875 0.553125 0.6042154562500001 0.55 0.599531615625 0.525 0.6018735359375 0.515625 0.608899296875 0.5109375 0.6229508203125 0.5109375 0.6393442625 0.5328125 0.672131146875 0.5359375 0.672131146875 0.540625 0.662763465625 0.546875 0.658079625 0.5546875 0.662763465625 0.5578125 0.653395784375 0.55625 0.6370023421875 0.565625 0.6393442625 0.5765625 0.6557377046874999 0.5765625 0.6604215453125 0.5703125 0.6674473062499999 0.5671875 0.68384075 0.571875 0.697892271875 0.5703125 0.7096018734375 0.5734375 0.7142857140625 0.5984375 0.7142857140625 0.5973011359375 0.725250159375 0.6045454546875 0.75942090625 0.6022727265625 0.77081115625 0.6069602265625 0.77081115625 0.60625 0.7822014046875 0.59375 0.7822014046875 0.5875 0.79391100625 0.5875 0.8079625296874999 0.590625 0.8196721312499999 0.5953125 0.8266978921874999 0.6 0.8266978921874999 0.60625 0.8384074937499999 0.625 0.8384074937499999 0.63125 0.7892271656250001 0.6265625 0.779859484375 0.61640625 0.7810304453125 0.6108072921875001 0.7681498828125 0.6102864578125 0.721311475 0.6171875 0.7096018734375 0.6203125 0.7142857140625 0.628125 0.7142857140625 0.6328125 0.721311475 0.64375 0.721311475 0.65 0.7096018734375 0.6546875 0.707259953125 0.6546875 0.697892271875 0.6609375 0.69320843125 0.6609375 0.68384075 0.65625 0.6814988296875 0.653125 0.6651053859375 0.64375 0.6557377046874999 0.6484375 0.6416861828125 0.6484375 0.6229508203125 0.646875 0.6065573765625001 0.6390625 0.5948477750000001 0.6375 0.5878220140625 0.6453125 0.5714285718750001 0.646875 0.5433255265625 0.64375 0.536299765625 0.63125 0.5339578453125 0.6328125 0.49648711875 0.6234375 0.47540983593749997 0.625 0.468384075 0.6296875 0.4613583140625 0.634375 0.4613583140625 0.6375 0.454332553125 0.6375 0.444964871875 0.634375 0.43793910937499997 0.6359375 0.40749414531249994 0.6328125 0.400468384375 0.61875 0.3981264640625 0.61875 0.3934426234375 0.63125 0.3793911 0.634375 0.37002341875 0.634375 0.35597189687499997 0.6203125 0.3302107734375 0.59375 0.3255269328125 0.5890625 0.33255269374999996 0.58125 0.320843090625 0.578125 0.320843090625 0.5734375 0.32786885312499997 0.5671875 0.31615925 0.5609375 0.3138173296875 0.5546875 0.3044496484375 0.5484375 0.3044496484375 0.5453125 0.31850117031249997 0.534375 0.3044496484375 0.5328125 0.292740046875 0.5234375 0.292740046875 0.515625 0.2810304453125 0.5046875 0.2903981265625 0.5046875 0.278688525 0.2390625 0.25982990156249997 0.2359375 0.2505854796875 0.2296875 0.24355971875 0.23125 0.2592752359375 0.2234375 0.25872057187499997 0.2171875 0.24355971875 0.215625 0.25816590625 0.2078125 0.257611240625 0.20729166718749997 0.2708821234375 0.20625 0.29742388750000004 0.2140625 0.320843090625 0.2171875 0.3489461359375 0.2265625 0.3629976578125