2 0.23090625 0.8202291671875 0.237640625 0.7820208328125 0.136515625 0.7842708328125 0.1449375 0.7685416671875 0.21404687500000003 0.7393333328125 0.168546875 0.7033750000000001 0.07415625 0.7707916671875 0.058984375 0.7797708328125 0.08595312499999999 0.8202291671875 0.23090625 0.8202291671875
2 0.57278125 0.6534791671875 0.5602968749999999 0.6515208328125001 0.552234375 0.7160833328125 0.5390312500000001 0.7023958328125001 0.54196875 0.680875 0.52803125 0.6916249999999999 0.5316875 0.7356458328125 0.558109375 0.7747708328125 0.5632343750000001 0.7689166671875001 0.567640625 0.7405416671875 0.57278125 0.6534791671875
2 0.144 0.3605416671875 0.18965625 0.2854583328125 0.210953125 0.24285416718750003 0.22009375000000003 0.20633333281250002 0.20029687499999999 0.1982083328125 0.14551562499999998 0.2976458328125 0.101390625 0.36866666718749996 0.101390625 0.40112500000000006 0.11204687499999999 0.4072083328125 0.144 0.3605416671875
2 0.520125 0.21025 0.533734375 0.1911458328125 0.5232812499999999 0.163625 0.5131875 0.1420208328125 0.478578125 0.09075 0.459359375 0.1146666671875 0.4581875 0.1173125 0.49243750000000003 0.1649166671875 0.520125 0.21025
2 0.749578125 0.24681250000000002 0.756890625 0.2442291671875 0.758046875 0.2462916671875 0.7638125 0.2555208328125 0.7718906249999999 0.24783333281250003 0.776515625 0.24885416718750003 0.7761250000000001 0.2339791671875 0.77690625 0.16933333281250001 0.7718906249999999 0.1667708328125 0.759578125 0.1683125 0.7507343750000001 0.16575 0.7461249999999999 0.17293750000000002 0.7415 0.2119166671875 0.742265625 0.2406458328125 0.741890625 0.2406458328125 0.745734375 0.24681250000000002 0.749578125 0.24681250000000002
2 0.7179375 0.3165 0.7260625 0.3335416671875 0.74775 0.31443750000000004 0.74775 0.3067083328125 0.74775 0.2968958328125 0.738453125 0.2752083328125 0.7101875 0.21222916718749998 0.6993437499999999 0.1822916671875 0.69625 0.1858958328125 0.6885 0.1936458328125 0.6869531249999999 0.2044791671875 0.69703125 0.22718750000000001 0.705546875 0.23958333281250002 0.705546875 0.2432083328125 0.702453125 0.2555833328125 0.707484375 0.2736666671875 0.7086406249999999 0.2824375 0.71715625 0.3077291671875 0.7179375 0.3165
2 0.7065 0.4339583328125 0.72775 0.44839583281250006 0.753828125 0.44733333281250004 0.7618437499999999 0.40881249999999997 0.757828125 0.3906458328125 0.716515625 0.401875 0.6768125 0.4082916671875 0.673203125 0.4109583328125 0.702890625 0.4339583328125 0.7065 0.4339583328125
2 0.539359375 0.5152291671875 0.555875 0.5228958328125 0.600390625 0.5841666671875 0.619046875 0.5908541671875 0.624796875 0.5650208328125 0.6118750000000001 0.5420416671875 0.61475 0.5257708328125 0.5766875 0.4759791671875 0.570234375 0.47024999999999995 0.5486875 0.4846041671875 0.539359375 0.5152291671875
2 0.222078125 0.6337708328125 0.177265625 0.6909166671875 0.181171875 0.716875 0.21234375 0.7142916671874999 0.280515625 0.5818125000000001 0.296109375 0.55325 0.27273437500000003 0.5246666671875 0.222078125 0.6337708328125
2 0.36539062499999997 0.5925 0.35175 0.5542083328125 0.341703125 0.5503750000000001 0.33523437500000003 0.5570833328125 0.326625 0.5580416671874999 0.292875 0.5829166671875 0.29359375 0.5963333328125 0.310109375 0.6135625 0.36539062499999997 0.5925
2 0.33375 0.1729583328125 0.34646875 0.17975000000000002 0.363421875 0.21818749999999998 0.37953125 0.22722916718750003 0.41345312500000003 0.17635416718750002 0.427015625 0.1333958328125 0.40412499999999996 0.10060416718750001 0.36257812500000003 0.1526041671875 0.37190625 0.14016666718749998 0.35325 0.154875 0.33375 0.1729583328125
2 0.64503125 0.8224375 0.655640625 0.8376666671875 0.675203125 0.8267916671875 0.707828125 0.8017916671875 0.723328125 0.7735208328125001 0.725765625 0.7485 0.7404531249999999 0.7256666671875001 0.720875 0.7278541671875 0.67765625 0.7691666671874999 0.633609375 0.7963541671875001 0.63525 0.7996041671875 0.63525 0.8115625 0.64503125 0.8224375
2 0.7557968749999999 0.43656249999999996 0.7659374999999999 0.446375 0.781609375 0.40952083281249996 0.74934375 0.3689791671875 0.7438281250000001 0.3616041671875 0.719859375 0.3825 0.725390625 0.3886458328125 0.7511875 0.3886458328125 0.7604062500000001 0.4021458328125 0.75671875 0.4291875 0.7557968749999999 0.43656249999999996
2 0.047222221875 0.3645833328125 0.0421875 0.36666666718749996 0.0421875 0.3770833328125 0.046875 0.38333333281250004 0.05625 0.38333333281250004 0.0614583328125 0.39131944375 0.0533168859375 0.3949378640625 0.062088815625 0.4529605265625 0.06875 0.4583333328125 0.0638980265625 0.46326754374999995 0.065625 0.475 0.0703125 0.48125 0.067516446875 0.4838815796875 0.0982730265625 0.6591008765625 0.10625 0.73125 0.0796875 0.7541666671875 0.0671875 0.75625 0.0625 0.7625 0.0625 0.775 0.065625 0.7770833328125 0.1189453125 0.740625 0.1125 0.7291666671875 0.1115513390625 0.7186011890625 0.1208333328125 0.7277777765625 0.1291666671875 0.7263888890625 0.1265625 0.7354166671875 0.1375 0.725 0.11060267812499999 0.7080357140625 0.10731907968750001 0.7106359640625 0.10455043906249999 0.7037646203125 0.10550986874999999 0.7003289484375 0.10965401718750001 0.6974702374999999 0.1037006578125 0.6900219296875 0.10867346874999999 0.6867772109375 0.1076929203125 0.6760841828124999 0.101891446875 0.6797149124999999 0.1000822375 0.66940789375 0.106712371875 0.66539115625 0.0890625 0.47291666718750003 0.1 0.45625 0.1015625 0.43958333281249995 0.096875 0.43125 0.0875 0.43125 0.0666666671875 0.39930555624999997 0.06015625 0.3729166671875 0.0640625 0.3625 0.0671875 0.3625 0.071875 0.3541666671875 0.0703125 0.3416666671875 0.19375 0.29375 0.2 0.3020833328125 0.225 0.30416666718749996 0.228125 0.3 0.2296875 0.2604166671875 0.22421875 0.25 0.2640625 0.2104166671875 0.2703125 0.2104166671875 0.2694866078125 0.21988095156249998 0.370602678125 0.5020238109374999 0.375 0.5 0.3796875 0.50625 0.3739732140625 0.5114285703125 0.394196428125 0.56785714375 0.40499999999999997 0.5597348484375 0.4015625 0.58125 0.39756696406250003 0.5772619046874999 0.394866071875 0.5788758125 0.3955357140625 0.58989448125 0.4 0.5914772734375 0.4043080359375 0.5960714296875 0.3962053578125 0.60091315 0.396875 0.61193181875 0.3671875 0.80625 0.346875 0.80625 0.3421875 0.8125 0.340625 0.8229166671874999 0.3328125 0.8229166671874999 0.328125 0.8291666671875 0.328125 0.84375 0.3375 0.8541666671874999 0.3453125 0.8708333328125001 0.35625 0.8708333328125001 0.3609375 0.8625 0.3703125 0.8625 0.38125 0.8520833328125 0.3828125 0.8270833328125 0.3892578125 0.8243489578125001 0.478125 0.89375 0.4703125 0.9333333328125001 0.4640625 0.9395833328125001 0.4640625 0.96875 0.46875 0.975 0.478125 0.975 0.4828125 0.9666666671874999 0.484375 0.9520833328125 0.4890625 0.9458333328125 0.4921875 0.9333333328125001 0.503125 0.93125 0.5078125 0.9229166671875 0.50625 0.9104166671874999 0.49375 0.8875 0.4875 0.8875 0.4875 0.8822916671875 0.4984375 0.8666666671875 0.509375 0.86875 0.5125 0.8729166671874999 0.5265625 0.8729166671874999 0.540625 0.8645833328125001 0.546875 0.8520833328125 0.5453125 0.8375 0.55 0.8291666671875 0.55 0.8104166671874999 0.5453125 0.8020833328125001 0.5359375 0.8020833328125001 0.525 0.8104166671874999 0.5140625 0.8125 0.5 0.8375 0.49194196406249996 0.8405952375 0.407678571875 0.6054761890625 0.406875 0.54844696875 0.4125 0.5145833328125 0.4265625 0.5166666671875 0.4359375 0.5104166671875 0.440625 0.5020833328125 0.4390625 0.4895833328125 0.428125 0.475 0.421875 0.475 0.4171875 0.46666666718750005 0.501502403125 0.2510416671875 0.5109375 0.2520833328125 0.515625 0.2770833328125 0.5203125 0.2833333328125 0.5296875 0.2833333328125 0.5328125 0.2791666671875 0.6984375 0.43541666718750005 0.70625 0.43541666718750005 0.6984375 0.45416666718750004 0.703125 0.4604166671875 0.7125 0.4604166671875 0.7171875 0.45416666718750004 0.725 0.45416666718750004 0.7244791671875 0.45856481406249994 0.7328125 0.47291666718750003 0.7453125 0.47291666718750003 0.7440104171875 0.475925925 0.7828125 0.5104166671875 0.7671875 0.5291666671875 0.7671875 0.54375 0.771875 0.55 0.7796875 0.5520833328125 0.7796875 0.5708333328124999 0.7859375 0.58125 0.8 0.5854166671875001 0.8078125 0.59375 0.81875 0.59375 0.8296875 0.575 0.8296875 0.55625 0.8234375 0.5458333328125 0.8171875 0.5458333328125 0.8140625 0.5354166671875 0.8208333328125 0.5277777765625 0.8203125 0.5208333328125 0.8296875 0.5208333328125 0.834375 0.5125 0.834375 0.4770833328125 0.8578749999999999 0.477 0.76075 0.30025 0.7609375 0.29375 0.7796875 0.275 0.7796875 0.25833333281250004 0.7765625 0.2541666671875 0.7671875 0.2541666671875 0.7578125 0.2604166671875 0.746875 0.275 0.552192540625 0.2388776875 0.5453125 0.23541666718749998 0.5390625 0.24583333281250003 0.5366179437499999 0.23598790468750003 0.5442708328125 0.22222222343750003 0.5421875 0.19583333281249998 0.5375 0.1875 0.5328125 0.1875 0.5328125 0.19375 0.521875 0.20833333281250002 0.51875 0.20833333281250002 0.5140625 0.20208333281250002 0.4794642859375 0.2029761890625 0.4734375 0.2 0.471875 0.1875 0.46875 0.1833333328125 0.4640625 0.1833333328125 0.4640625 0.1708333328125 0.46875 0.1625 0.4671875 0.15 0.4640625 0.1458333328125 0.4375 0.14375 0.4328125 0.15 0.4328125 0.16458333281249998 0.3303267046875 0.18797348593750002 0.3140625 0.1583333328125 0.303125 0.1583333328125 0.296875 0.16875 0.284375 0.1729166671875 0.278125 0.17916666718750002 0.279637096875 0.1883064515625 0.2718497984375 0.1868615578125 0.271875 0.1854166671875 0.2640625 0.1854166671875 0.25833333281250004 0.19288194375 0.2627455359375 0.20107142968749997 0.259375 0.20416666718749998 0.2526041671875 0.20034722343750003 0.22395833281250002 0.2376736109375 0.21875 0.23958333281250002 0.2182291671875 0.2451388890625 0.2125 0.23958333281250002 0.208203125 0.2484375 0.2125 0.2526041671875 0.20677083281250003 0.26006944375 0.20390625 0.25729166718749996 0.199609375 0.26614583281250004 0.2010416671875 0.2675347234375 0.1953125 0.275 0.0625 0.32719298281250003 0.0671875 0.3375 0.059375 0.3375 0.0546875 0.33026315781250004 0.046875 0.3333333328125 0.0421875 0.3395833328125 0.0439967109375 0.34989035 0.0421875 0.35625 0.047222221875 0.3645833328125