0 0.9207740578125 0.35059375 0.907280334375 0.350078125 0.8993096234375001 0.353171875 0.89066945625 0.35834375 0.893096234375 0.366875 0.90485355625 0.36712500000000003 0.9221548109375 0.36584374999999997 0.9207740578125 0.36584374999999997 0.9225104609375 0.35859375 0.9207740578125 0.35059375
0 0.9512133890625 0.27859375000000003 0.9497489546875 0.281890625 0.9520920500000001 0.286703125 0.9553138078125001 0.289328125 0.9644142265625 0.28495312500000003 0.9734937234375 0.280578125 0.9708577406250001 0.27465625 0.9603138078125 0.27246875 0.9594142265625001 0.27246875 0.954435146875 0.27531249999999996 0.9512133890625 0.27859375000000003
0 0.9474267781249999 0.36878125 0.9570711296875001 0.36878125 0.9657740578125 0.36589062499999997 0.9672175734374999 0.358328125 0.9623849375000001 0.35290625000000003 0.9532217578125 0.3493125 0.9445397484375 0.35146875 0.9445397484375 0.36228125 0.9435564859375001 0.367328125 0.9474267781249999 0.36878125
0 0.9588702921875001 0.34754687500000003 0.9683472796875 0.357859375 0.9692050203125 0.3694375 0.9821548109375 0.37009375 0.9873221750000001 0.36621875 0.9830125515624999 0.352703125 0.9855857734375 0.34368750000000003 0.98127615 0.337890625 0.9717991625 0.334671875 0.9597280328125001 0.34175 0.9562761500000001 0.341109375 0.9545606687499999 0.34368750000000003 0.9588702921875001 0.34754687500000003
0 1 0.3333125 0.9965481171875 0.3226875 0.9769874484375001 0.33065625 0.9763807531250001 0.331984375 0.98410041875 0.344390625 1 0.3435 1 0.3333125
0 0.9575313812499999 0.3 0.9586192468749999 0.305796875 0.9586192468749999 0.309921875 0.9623221750000001 0.3113125 0.967866109375 0.311859375 0.9733891218749999 0.3033125 0.9708159000000001 0.298078125 0.9623221750000001 0.29834375 0.9575313812499999 0.3
0 0.9222594140625 0.34409375 0.9214435140624999 0.347421875 0.9198326359375001 0.35285937500000003 0.9279288703124999 0.349828125 0.9461297078124999 0.351953125 0.9481380749999999 0.344703125 0.9420711296875 0.337453125 0.9428870296874999 0.33865625 0.9372175734375 0.34167187499999996 0.9222594140625 0.34409375
0 0.9526987453125001 0.31701562499999997 0.9472594140625 0.32023437499999996 0.94209205 0.323875 0.944372384375 0.33073437499999997 0.954142259375 0.33715625 0.9647489546875001 0.337375 0.9736401671875001 0.333734375 0.9767991625000001 0.326453125 0.9742050203125 0.320015625 0.9644560671875 0.314453125 0.9526987453125001 0.31701562499999997
0 0.9786820078125 0.309734375 0.9740794984375001 0.31809375 0.97671548125 0.3245 0.9773640171875 0.33040625 0.98790795 0.326953125 0.9991213390624999 0.31710937499999997 0.99648535625 0.30284374999999997 0.9905439328125001 0.30481250000000004 0.9865899578124999 0.307765625 0.9786820078125 0.309734375
0 0.9370292890625 0.31639062500000004 0.9429288703125 0.32051562499999997 0.9491841000000001 0.32025000000000003 0.9583682015624999 0.31584375 0.9583682015624999 0.3065 0.9561715484375 0.30375 0.94991631875 0.302921875 0.9414435140625 0.302375 0.9340794984375 0.30759375 0.9344560671875 0.31309375 0.930041840625 0.307875 0.930041840625 0.311453125 0.9370292890625 0.31639062500000004
3 0.8689121343749999 0.33220312500000004 0.8648744765625 0.344015625 0.8536610874999999 0.34745312500000003 0.860857740625 0.368078125 0.8786820078125 0.3665625 0.885 0.36378125 0.8933472796874999 0.354546875 0.9160669453124999 0.349609375 0.9215271968750001 0.34809375 0.9287238500000001 0.344234375 0.9416527203125 0.331984375 0.9476987453125 0.325125 0.9361924687500001 0.309875 0.9152092046875 0.293984375 0.8737866109375 0.29484374999999996 0.8749372390625 0.29484374999999996 0.8677615062499999 0.328984375 0.8689121343749999 0.33220312500000004