1 0.36512500000000003 0.6173541671875 0.37625000000000003 0.6082916671875 0.386140625 0.5992083328125 0.38553125 0.5950833328125 0.371921875 0.5917916671875 0.371921875 0.5909791671875 0.371921875 0.5852083328125001 0.36821875 0.5753125 0.35954687500000004 0.5744791671875 0.348421875 0.576125 0.33853125 0.576125 0.328640625 0.576125 0.31996875 0.576125 0.316265625 0.5777708328125 0.313171875 0.5876666671875 0.315640625 0.5992083328125 0.316890625 0.6099375 0.32801562500000003 0.6181875 0.342859375 0.6280833328125001 0.352125 0.6214791671875 0.36512500000000003 0.6173541671875
1 0.33871875 0.5659166671875 0.34378125000000004 0.5700416671874999 0.347984375 0.5700416671874999 0.35150000000000003 0.5665208328125 0.352390625 0.5638541671875 0.353265625 0.560625 0.35481250000000003 0.5571041671875 0.356578125 0.5559166671875 0.3623125 0.5576875 0.363640625 0.5562083328125 0.3651875 0.5532708328125 0.36584374999999997 0.5506249999999999 0.36717187500000004 0.5468124999999999 0.364296875 0.5432708328125 0.361875 0.5441666671875 0.35746875 0.545625 0.35548437499999996 0.5471041671875 0.353265625 0.5494583328125 0.35084375 0.5535625 0.349515625 0.5553333328125001 0.34775 0.5553333328125001 0.3464375 0.5550416671875 0.345109375 0.5541666671875001 0.344890625 0.5509166671875 0.34225 0.5521041671875 0.34114062500000003 0.5535625 0.340703125 0.5532708328125 0.33871875 0.5573958328125 0.33871875 0.5659166671875
1 0.30090625000000004 0.55025 0.30343749999999997 0.5459166671875 0.30778125 0.5444791671875 0.3135625 0.5444791671875 0.31971875 0.5430208328125 0.32225000000000004 0.5357916671875 0.325859375 0.53675 0.33165625 0.540625 0.33671875 0.53675 0.33671875 0.53 0.335984375 0.5261458328125 0.3305625 0.5237291671875 0.32153125 0.5276041671875 0.32153125 0.5271041671875001 0.32043750000000004 0.5203541671874999 0.31465624999999997 0.5208541671875 0.308140625 0.5328958328125 0.308140625 0.5218125 0.308140625 0.5150625 0.30453125000000003 0.5145833328125 0.30090625000000004 0.5184375 0.29765625 0.533375 0.2915 0.5377291671875 0.2864375 0.5357916671875 0.280296875 0.5396458328125 0.27921874999999996 0.544 0.28571875 0.5497708328125 0.2915 0.5555625 0.29367187499999997 0.5623125 0.297296875 0.5627916671875 0.30090625000000004 0.55025
1 0.415984375 0.5520208328125 0.42415624999999996 0.5493750000000001 0.43062500000000004 0.549 0.43823437500000006 0.545625 0.44020312500000003 0.5426249999999999 0.435703125 0.5306041671874999 0.41851562500000006 0.5351041671875 0.41090625000000003 0.5426249999999999 0.404421875 0.5535208328125 0.40582812500000004 0.5550208328124999 0.4100625 0.5542708328125 0.415984375 0.5520208328125
1 0.38664062499999996 0.583625 0.38664062499999996 0.5858541671874999 0.38496874999999997 0.5876458328124999 0.383296875 0.5898749999999999 0.385640625 0.5952291671875 0.38664062499999996 0.5965625 0.38696875 0.5974583328125 0.389984375 0.5987916671875 0.39465625000000004 0.5992291671875 0.4046875 0.5974583328125 0.41371874999999997 0.5943333328125 0.42040625 0.5907708328125 0.431109375 0.5831875 0.43178124999999995 0.5809583328125 0.42909375 0.5738333328125 0.42542187499999995 0.5689166671875 0.427765625 0.5586666671875 0.42374999999999996 0.5542083328125 0.417390625 0.5537708328125001 0.409375 0.5537708328125001 0.404359375 0.556875 0.4046875 0.5537708328125001 0.40134375 0.5515416671875 0.395671875 0.5524166671875 0.395328125 0.5564375 0.387640625 0.5675833328125 0.385640625 0.5702499999999999 0.38664062499999996 0.5782708328124999 0.38664062499999996 0.5809583328125 0.38664062499999996 0.583625
1 0.546703125 0.47408333281250004 0.54953125 0.47483333281249995 0.553203125 0.4737083328125 0.558296875 0.47068750000000004 0.5605625 0.4755833328125 0.56340625 0.4699375 0.56934375 0.46616666718750005 0.570484375 0.45785416718749994 0.56340625 0.4540833328125 0.558296875 0.4495416671875 0.55378125 0.45483333281249994 0.548390625 0.4537083328125 0.546984375 0.4567291671875 0.548109375 0.46275000000000005 0.545 0.46237500000000004 0.53934375 0.46125 0.5401875 0.47747916718749994 0.539625 0.4786041671875 0.5404687499999999 0.4842708328125 0.546703125 0.47408333281250004
1 0.512765625 0.4685833328125 0.51378125 0.4720833328125 0.5166875 0.4761458328125 0.518296875 0.47808333281250004 0.5228125 0.48256249999999995 0.52615625 0.484875 0.5290625 0.48604166718749997 0.5305156249999999 0.4854583328125 0.53284375 0.48081250000000003 0.528765625 0.4740208328125 0.5230937499999999 0.4681875 0.5168437499999999 0.4637291671875 0.5158125 0.46295833281250004 0.513484375 0.464125 0.512765625 0.4685833328125
1 0.5673125 0.4813333328125 0.566609375 0.47858333281250004 0.562328125 0.4791875 0.56446875 0.4844166671875 0.56446875 0.48775 0.56553125 0.4966666671875 0.5683906249999999 0.49916666718749997 0.570609375 0.4971458328125 0.573734375 0.49047916718750006 0.574359375 0.4846666671875 0.573375 0.4777708328125 0.5704374999999999 0.47681250000000003 0.5691875 0.4805 0.5673125 0.4813333328125
1 0.4855625 0.5031666671874999 0.4891875 0.49397916718749996 0.494265625 0.4809375 0.5040625000000001 0.4698125 0.5055 0.461125 0.49643750000000003 0.4654583328125 0.491 0.47127083281250004 0.48484375 0.48529166718749994 0.48303124999999997 0.4997916671875 0.48231250000000003 0.4997916671875 0.48520312499999996 0.5031666671874999 0.4855625 0.5031666671874999
1 0.4809375 0.5011041671875 0.481734375 0.5011041671875 0.48284374999999996 0.49731249999999994 0.48442187499999995 0.49077083281249995 0.48726562500000004 0.482125 0.49106249999999996 0.4730625 0.489171875 0.4737083328125 0.4850625 0.4756041671875 0.4803125 0.4793958328125 0.47667187499999997 0.4831875 0.47540625 0.4846666671875 0.474296875 0.4928958328125 0.473828125 0.4994166671875 0.4809375 0.5011041671875
1 0.534390625 0.4956041671875 0.538625 0.49808333281249995 0.541484375 0.49410416718750005 0.540109375 0.4808333328125 0.5335156249999999 0.4693958328125 0.52965625 0.46672916718749996 0.5251875 0.4675625 0.5246875 0.4695625 0.5328906250000001 0.4801666671875 0.52965625 0.48531250000000004 0.526546875 0.4861458328125 0.534390625 0.4956041671875
1 0.457 0.5354375 0.45971875000000006 0.5352291671875 0.466421875 0.5365 0.4728125 0.5356666671875 0.479375 0.5350208328125 0.480171875 0.5318125 0.47776562499999997 0.5296875 0.473453125 0.530125 0.467859375 0.5303333328125001 0.463390625 0.5313958328124999 0.45795312499999996 0.5316041671875 0.458109375 0.5316041671875 0.456359375 0.5345833328125 0.457 0.5354375
1 0.608515625 0.4915625 0.6131875 0.48683333281249996 0.61528125 0.47845833281249994 0.61528125 0.4756666671875 0.614796875 0.4677291671875 0.614484375 0.4621458328125 0.613359375 0.4526875 0.6120625000000001 0.4520416671875 0.609328125 0.45227083281249997 0.6070781249999999 0.4574166671875 0.60271875 0.4687916671875 0.597890625 0.47739583281250003 0.5901562499999999 0.4922083328125 0.5901562499999999 0.4960833328125 0.59225 0.49908333281250006 0.5974062499999999 0.5016666671875 0.608515625 0.4915625
1 0.31875 0.5770833328125 0.35625 0.575 0.3859375 0.5770833328125 0.3859375 0.5708333328124999 0.3984375 0.5520833328125 0.4015625 0.5520833328125 0.4046875 0.5583333328125 0.4171875 0.5541666671875001 0.425 0.55625 0.4265625 0.5708333328124999 0.43125 0.5791666671875 0.4390625 0.5729166671875 0.44375 0.5770833328125 0.4734375 0.575 0.4859375 0.5645833328125 0.496875 0.5645833328125 0.503125 0.55 0.5546875 0.5479166671875 0.559375 0.5375 0.5546875 0.51875 0.5625 0.51875 0.565625 0.5145833328125 0.5921875 0.5145833328125 0.596875 0.5104166671875 0.609375 0.5104166671875 0.61875 0.5 0.621875 0.4895833328125 0.621875 0.4770833328125 0.6171875 0.46666666718750005 0.6171875 0.45416666718750004 0.6125 0.4458333328125 0.5921875 0.4479166671875 0.578125 0.4604166671875 0.5703125 0.4625 0.5609375 0.475 0.5546875 0.47291666718750003 0.546875 0.475 0.54375 0.4791666671875 0.5390625 0.4791666671875 0.5359375 0.475 0.5390625 0.47083333281249995 0.521875 0.46666666718750005 0.5171875 0.4770833328125 0.5109375 0.4625 0.4953125 0.4625 0.4859375 0.47291666718750003 0.4859375 0.4770833328125 0.475 0.48541666718750004 0.4671875 0.475 0.4578125 0.475 0.453125 0.48125 0.453125 0.49375 0.4609375 0.5041666671875 0.4609375 0.5104166671875 0.45 0.5083333328124999 0.4421875 0.5020833328125 0.403125 0.49791666718750005 0.390625 0.50625 0.3859375 0.50625 0.378125 0.5145833328125 0.35625 0.51875 0.3390625 0.5166666671875 0.3359375 0.5208333328125 0.325 0.5208333328125 0.321875 0.5229166671875001 0.3234375 0.5270833328125 0.316015625 0.5369791671875 0.3171875 0.54375 0.3046875 0.5458333328125 0.3 0.5541666671875001 0.296875 0.5666666671875 0.3078125 0.58125 0.315625 0.58125 0.31875 0.5770833328125