2 0.6601250000000001 0.4058315796875 0.6753750000000001 0.39555789531249996 0.679734375 0.36324210468749996 0.6383281249999999 0.3537052625 0.621421875 0.359578946875 0.6208750000000001 0.3573684203125 0.6094375000000001 0.3984842109375 0.628515625 0.41905263125000003 0.659578125 0.41757894687499997 0.6601250000000001 0.4058315796875
2 0.137359375 0.487221053125 0.135953125 0.49475789531250003 0.14184375 0.5136421046875 0.145484375 0.523073684375 0.1485625 0.5294947375 0.151640625 0.538926315625 0.154171875 0.5464842109375 0.1566875 0.549873684375 0.15948437499999998 0.5596842109375 0.162578125 0.5630947374999999 0.17965625000000002 0.5612 0.184421875 0.554778946875 0.183859375 0.547978946875 0.178546875 0.5412 0.17545312500000002 0.5355368421875 0.17321875 0.5264631578125 0.17293750000000002 0.5204421046875 0.17350000000000002 0.5144 0.178828125 0.5087368421875 0.179375 0.5015578953125 0.177140625 0.48833684218749995 0.176015625 0.48418947343749996 0.17350000000000002 0.47400000000000003 0.17124999999999999 0.4690947375 0.15948437499999998 0.4702315796875 0.14884375 0.47400000000000003 0.14128125 0.4792842109375 0.137359375 0.487221053125
2 0.402921875 0.41974736874999996 0.38301562499999997 0.45090526249999996 0.375953125 0.47511578906249996 0.40934375 0.47686315781250005 0.432453125 0.49934736874999996 0.452359375 0.5036842109374999 0.454921875 0.492421053125 0.453 0.4682105265625 0.4363125 0.443978946875 0.43695312499999994 0.42667368437500003 0.444015625 0.421473684375 0.45428125 0.42322105312499997 0.455578125 0.41282105312499995 0.45428125 0.41023157968749996 0.438875 0.39985263125000003 0.422828125 0.3972631578125 0.402921875 0.4033052625 0.402921875 0.41974736874999996
2 0.42610937499999996 0.5835368421875 0.40514062500000003 0.585873684375 0.391171875 0.614126315625 0.39815625 0.621178946875 0.42085937500000004 0.6352842109375 0.4453125 0.6282315796875 0.44356249999999997 0.60705263125 0.42610937499999996 0.5835368421875
2 0.287453125 0.3440421046875 0.300734375 0.33574736875 0.30546875 0.3280631578125 0.309515625 0.31816842031250003 0.3130625 0.30185263125 0.29740625 0.294821053125 0.281984375 0.3165684203125 0.274875 0.32934736875000004 0.2805625 0.3392631578125 0.287453125 0.3440421046875
2 0.831265625 0.6289894734375 0.8301875000000001 0.6304421046875001 0.818796875 0.63774736875 0.8030625 0.6436 0.7943749999999999 0.646526315625 0.79003125 0.6531157890625 0.786234375 0.6574947375 0.777015625 0.6574947375 0.769421875 0.6531157890625 0.766703125 0.6596842109375001 0.76453125 0.6677263156250001 0.7639843749999999 0.6728421046874999 0.7618125 0.6794315796875 0.756390625 0.6867368421875 0.7525937500000001 0.6925894734375 0.74825 0.6962526312499999 0.7569375 0.7050105265625 0.76453125 0.7108631578125 0.775390625 0.7108631578125 0.786234375 0.702821053125 0.78515625 0.693326315625 0.786234375 0.6801684203125 0.7970937499999999 0.67505263125 0.8052343750000001 0.6706526312500001 0.8150000000000001 0.6648 0.8247656250000001 0.6538315796874999 0.8350781250000001 0.6341052625 0.8372343750000001 0.631178946875 0.8334374999999999 0.6275157890624999 0.831265625 0.6289894734375
2 0.635296875 0.3015157890625 0.5787656250000001 0.32976842031250003 0.609765625 0.3862947375 0.6234375 0.3604842109375 0.64259375 0.3543578953125 0.635296875 0.3015157890625
2 0.490234375 0.294926315625 0.490234375 0.293873684375 0.48053125 0.289978946875 0.471328125 0.28962105312499997 0.458203125 0.304821053125 0.456625 0.3189894734375 0.46476562499999996 0.3267578953125 0.47973437499999994 0.34197894687499997 0.489453125 0.34551578906249997 0.49365625 0.34515789531249996 0.49574999999999997 0.3349052625 0.49050000000000005 0.319326315625 0.48603125 0.3119157890625 0.48971875000000004 0.3023578953125 0.490234375 0.294926315625
2 0.380375 0.5797684203125 0.370140625 0.5424842109375 0.37374999999999997 0.5270947375 0.36653125000000003 0.5173684203125 0.350890625 0.5189894734375 0.3545 0.537621053125 0.353296875 0.5578947375000001 0.33765625 0.5716631578125 0.317203125 0.5749052625 0.31057812500000004 0.587873684375 0.308171875 0.6057052625 0.38278124999999996 0.6032842109375001 0.384578125 0.5976 0.386390625 0.5894947375 0.380375 0.5797684203125
2 0.7488125 0.3813052625 0.743265625 0.37905263125 0.70340625 0.38277894687499997 0.690125 0.38576842031249997 0.6779531249999999 0.39471578906250004 0.70340625 0.393221053125 0.716703125 0.41785263125 0.7189062500000001 0.45736842031249997 0.7360781249999999 0.44991578906249996 0.751578125 0.4238105265625 0.75434375 0.4074105265625 0.7488125 0.3813052625
2 0.6589375000000001 0.4744842109375 0.665 0.47345263125 0.669296875 0.45812631562500006 0.6607031250000001 0.440421053125 0.65615625 0.4387157890625 0.6465468750000001 0.4438315796875 0.640734375 0.447221053125 0.632390625 0.45675789531250005 0.62253125 0.4662947375 0.620515625 0.474821053125 0.6361875 0.477873684375 0.6589375000000001 0.4744842109375