2 0.24918749999999998 0.48007075468749993 0.291609375 0.45634433906250005 0.3151875 0.40653301875 0.32696875 0.353160378125 0.29946875 0.31403301875 0.258609375 0.2891273578125 0.191828125 0.298608490625 0.18396875 0.3258962265625 0.176890625 0.3768867921875 0.17375000000000002 0.41839622656250003 0.19103125 0.4622877359375 0.24918749999999998 0.48007075468749993
2 0.44476562499999994 0.145707546875 0.3941875 0.218325471875 0.41515625 0.29469339687499996 0.466984375 0.3803537734375 0.52990625 0.3133018875 0.502765625 0.2332311328125 0.44476562499999994 0.145707546875
2 0.42675 0.42294811250000003 0.462890625 0.4125471703125 0.4715 0.4047641515625 0.459453125 0.370990565625 0.42846875000000006 0.32165094375000003 0.3716875 0.3164386796875 0.36135937500000004 0.33983490625 0.3493125 0.451509434375 0.3940625 0.5008726421875 0.3940625 0.5086556609375 0.40954687500000003 0.474882075 0.42675 0.42294811250000003
2 0.1251875 0.2995518875 0.107671875 0.250707546875 0.107671875 0.24867924531250002 0 0.187641509375 0.0038906250000000004 0.4399056609375 0.01871875 0.40330188749999996 0.09418750000000001 0.40125 0.118453125 0.362617925 0.1251875 0.3341273578125 0.1251875 0.2995518875
2 0.37684375000000003 0.2181839625 0.36307812500000003 0.184410378125 0.31834375000000004 0.16103773593749998 0.29425 0.1532547171875 0.2684375 0.158443396875 0.251234375 0.1818160375 0.242625 0.2181839625 0.24434375 0.251957546875 0.247796875 0.2831132078125 0.287375 0.30648584843750004 0.308015625 0.332476415625 0.3424375 0.358443396875 0.359640625 0.3454481125 0.387171875 0.2649292453125 0.37684375000000003 0.2181839625
2 0 0.82596698125 0.036140624999999996 0.7636320750000001 0.142828125 0.748042453125 0.139390625 0.633773584375 0.096359375 0.5792216984375 0.0258125 0.6207783015625 0 0.6545518875 0 0.82596698125
2 0.5601406250000001 0.3961556609375 0.5875625 0.42153301875000004 0.609671875 0.45625 0.61940625 0.42153301875000004 0.6105625 0.38948113281249996 0.5875625 0.3280660375 0.569875 0.32004717031249996 0.546875 0.308042453125 0.5247499999999999 0.308042453125 0.4725625 0.369457546875 0.47698437499999996 0.404174528125 0.52653125 0.388160378125 0.5601406250000001 0.3961556609375
2 0.125609375 0.30648584843750004 0.113578125 0.3714386796875 0.17379687500000002 0.3714386796875 0.196171875 0.3012971703125 0.213375 0.2987028296875 0.23575 0.3012971703125 0.242625 0.2909198109375 0.246078125 0.2 0.26156250000000003 0.15584905625 0.309734375 0.15584905625 0.356203125 0.17143867968749998 0.32178125 0.11948113281249999 0.23575 0.0883018875 0.16003125 0.059740565625 0.125609375 0.0805188671875 0.07571875 0.1688207546875 0.046468749999999996 0.2051886796875 0.113578125 0.249339621875 0.125609375 0.30648584843750004
2 0 0.6106839625 0.021984375 0.64516509375 0.032640625 0.6129952828125 0.14228125 0.5394339625 0.15142187499999998 0.511839621875 0.105734375 0.4245047171875 0.095078125 0.410707546875 0.037203125 0.410707546875 0.005218749999999999 0.44058962187499995 0 0.4750707546875 0 0.6106839625
2 0.22370312499999997 0.48570754687499995 0.199609375 0.47792452812499997 0.16003125 0.49870282968749996 0.14454687500000002 0.5324764156249999 0.1066875 0.5688207546874999 0.1290625 0.61040094375 0.154875 0.7168867921875 0.19273437499999999 0.6207783015625 0.246078125 0.5844103781250001 0.22370312499999997 0.48570754687499995
2 0.377890625 0.5989386796875 0.393265625 0.533632075 0.374046875 0.481391509375 0.346171875 0.44221698125 0.28753125 0.445117925 0.25579687500000003 0.47125000000000006 0.23560937499999998 0.523490565625 0.2461875 0.5887735843749999 0.321171875 0.58153301875 0.377890625 0.5989386796875