2 0.69621875 1 0.695234375 0.953375 0.691296875 0.8692500000000001 0.685375 0.747 0.671578125 0.6352708328125 0.67059375 0.6260625 0.66565625 0.6181875 0.6469375 0.6195 0.6429843749999999 0.6287083328125 0.6469375 0.6786458328125 0.65678125 0.7456875000000001 0.662703125 0.8166666671874999 0.671578125 0.866625 0.682421875 0.9546875 0.69228125 1 0.69621875 1
2 0.58059375 0.2752916671875 0.5664687500000001 0.24235416718749997 0.54353125 0.24706250000000002 0.5329375 0.2635208328125 0.60090625 0.433125 0.643171875 0.5248333328125 0.6564687499999999 0.5129374999999999 0.6388281250000001 0.4682291671875 0.58059375 0.2752916671875
2 0.6251562500000001 0.3096875 0.582078125 0.205625 0.554203125 0.1427916671875 0.548125 0.142125 0.52278125 0.15562499999999999 0.537984375 0.19143749999999998 0.555734375 0.24279166718749998 0.570421875 0.2515833328125 0.58815625 0.2934791671875 0.635296875 0.37185416718750003 0.652015625 0.4056458328125 0.6459374999999999 0.3738958328125 0.635796875 0.3360416671875 0.6251562500000001 0.3096875
2 0.633140625 0.3260416671875 0.638109375 0.3475625 0.663578125 0.379875 0.69215625 0.4055416671875 0.694015625 0.39975 0.68159375 0.3624791671875 0.67103125 0.3450833328125 0.6524062500000001 0.32356250000000003 0.633765625 0.284625 0.617609375 0.2506666671875 0.582828125 0.19352083281250002 0.582203125 0.1993125 0.597125 0.2432083328125 0.633140625 0.3260416671875
2 0.617375 0.4019375 0.6224999999999999 0.415625 0.645984375 0.44691666718749995 0.6584531250000001 0.4576875 0.680453125 0.48604166718749997 0.7098125 0.538875 0.706140625 0.5281041671875 0.692203125 0.49387499999999995 0.681921875 0.4703958328125 0.669453125 0.43518749999999995 0.6533125 0.4136666671875 0.6313125 0.3735625 0.6085625 0.34227083281250004 0.59021875 0.3002083328125 0.590953125 0.3060625 0.602703125 0.3461666671875 0.617375 0.4019375
2 0.500796875 0.31022916718750004 0.514109375 0.33479166718750003 0.5427500000000001 0.3948125 0.559125 0.4330208328125 0.58675 0.482125 0.640984375 0.5517083328125 0.64775 0.5465416671875001 0.64728125 0.5329791671875 0.6288750000000001 0.5032916671875001 0.617265625 0.4839375 0.617265625 0.4723333328125 0.6119375 0.45618749999999997 0.595 0.4174791671875 0.5819375 0.38327083281249996 0.57321875 0.36906249999999996 0.5345 0.2645208328125 0.538375 0.2529166671875 0.539828125 0.24775 0.527234375 0.22258333281249998 0.5253593750000001 0.2242708328125 0.518203125 0.2242708328125 0.5079687500000001 0.227 0.5069375 0.2474791671875 0.500796875 0.31022916718750004
2 0.618546875 0.9838958328125 0.633703125 0.9883958328125001 0.6438125 0.9771458328125 0.638765625 0.6310833328125 0.635390625 0.6153541671875 0.618546875 0.6153541671875 0.6151718749999999 0.89625 0.6286562499999999 0.9614166671875 0.618546875 0.9838958328125
2 0.666109375 0.6207291671874999 0.670421875 0.6195625 0.673875 0.639125 0.674734375 0.6471666671875 0.6790468749999999 0.6494791671875 0.688546875 0.6897291671875 0.6945781249999999 0.7207708328125 0.718734375 0.7679166671875 0.7558125 0.8219791671875001 0.779109375 0.8495833328125 0.77996875 0.8553333328124999 0.796359375 0.8886666671875 0.808421875 0.9036250000000001 0.811875 0.9001666671875 0.811875 0.8967291671875 0.8075625000000001 0.8898333328125 0.8049843750000001 0.8737291671875 0.798078125 0.8449791671875 0.78428125 0.8254166671875 0.761859375 0.7909166671875 0.748046875 0.7529791671875 0.725625 0.7058125000000001 0.70234375 0.6575208328125 0.6790468749999999 0.610375 0.670421875 0.5908125 0.666109375 0.5896666671874999 0.660078125 0.5896666671874999 0.648 0.5724166671875001 0.644546875 0.5770208328125 0.655765625 0.5965625 0.65921875 0.6138125 0.666109375 0.6207291671874999
2 0.72875 0.8911250000000001 0.7650625 0.9369375 0.77715625 0.9614583328125 0.782 0.9776041671875 0.797484375 0.9853333328125 0.8052343750000001 0.9846875 0.7873281249999999 0.9588749999999999 0.7878125 0.9440416671875 0.764578125 0.9053125 0.736984375 0.8472291671875001 0.7181093749999999 0.8162708328124999 0.703109375 0.7923958328125 0.70359375 0.79625 0.716171875 0.843375 0.72875 0.8911250000000001
2 0.68453125 0.7621041671875 0.69421875 0.8608541671875001 0.69421875 0.9073125 0.6913125 0.9331250000000001 0.697125 0.953125 0.7063125 0.9996041671875 0.721796875 0.9996041671875 0.717453125 0.9660416671875 0.70921875 0.9066666671875 0.709703125 0.8711666671874999 0.70146875 0.8118124999999999 0.69615625 0.7414583328125001 0.6869531249999999 0.6788541671874999 0.6763125 0.6420833328125 0.6763125 0.6620833328125 0.681625 0.72275 0.68453125 0.7621041671875
2 0.640453125 0.6465 0.642140625 0.9094166671874999 0.665734375 0.9813333328124999 0.687640625 0.9835833328125 0.669296875 0.8444791671875 0.655421875 0.7774791671875 0.649359375 0.7451458328125 0.6505625 0.6824583328125 0.642140625 0.6038125 0.640453125 0.6465
2 0.7061875 0.9213541671875 0.746625 0.9887708328124999 0.758421875 0.9775208328125 0.6994374999999999 0.7910208328125 0.7061875 0.9213541671875