2 0.6090666671875 0.7397400000000001 0.59248 0.7503 0.5651200000000001 0.7758 0.58336 0.79134 0.6347733328125 0.7527999999999999 0.63312 0.74036 0.6090666671875 0.7397400000000001
2 0.7414933328125 0.76006 0.7540533328125 0.7581800000000001 0.76536 0.7534799999999999 0.7666133328125 0.74782 0.75656 0.7421599999999999 0.7377066671875 0.7346199999999999 0.7301866671874999 0.72142 0.71888 0.712 0.6912266671875 0.69882 0.6836800000000001 0.69882 0.6736266671875 0.69882 0.6673600000000001 0.7035199999999999 0.6635733328125 0.7148399999999999 0.6698666671875 0.7270800000000001 0.67992 0.73368 0.7037866671875 0.74688 0.7176 0.7563 0.7163466671875 0.7563 0.7301866671874999 0.76006 0.7414933328125 0.76006
2 0.45373333281250006 0.70554 0.43848000000000004 0.70872 0.4291466671875 0.7173 0.42191999999999996 0.7348 0.42064 0.75356 0.41301333281249997 0.77042 0.41005333281249995 0.77266 0.41768 0.77584 0.42872000000000005 0.77488 0.43888 0.7764800000000001 0.44821333281250003 0.7764800000000001 0.44992 0.77138 0.4494933328125 0.76598 0.45119999999999993 0.7433799999999999 0.45586666718749996 0.7287600000000001 0.45712 0.71348 0.45373333281250006 0.70554
2 0.6532533328125 0.65452 0.62712 0.6518200000000001 0.61 0.6552 0.6118133328125 0.66332 0.6208266671875 0.69574 0.6289333328125 0.69844 0.65144 0.68832 0.6532533328125 0.65452
2 0.24333333281249997 0.66604 0.2398933328125 0.674 0.24093333281249998 0.6837799999999999 0.24159999999999998 0.68996 0.2361333328125 0.69768 0.24367999999999998 0.70462 0.26392000000000004 0.7054 0.27592 0.7036 0.27557333281249996 0.6879 0.2810666671875 0.6771 0.29616 0.68044 0.3071466671875 0.68018 0.31434666718750004 0.67452 0.3201866671875 0.66474 0.35173333281249997 0.65394 0.36066666718749996 0.64442 0.3514133328125 0.64082 0.33768 0.6446799999999999 0.3201866671875 0.64854 0.3061066671875 0.65394 0.2838133328125 0.66166 0.27248 0.66166 0.25464000000000003 0.6614 0.2536266671875 0.65908 0.2512266671875 0.6603600000000001 0.24333333281249997 0.66604
2 0.6285066671874999 0.6364799999999999 0.6252366671875 0.646045 0.7755333328125 0.6762400000000001 0.78464 0.67062 0.7891966671875 0.6789850000000001 0.8301866671875 0.68722 0.8301866671875 0.6677 0.8197866671874999 0.6784399999999999 0.8145866671875 0.6735599999999999 0.81328 0.66184 0.8015733328125 0.66672 0.7963733328125 0.65598 0.7651466671875 0.6511199999999999 0.75864 0.66672 0.5842666671875001 0.61792 0.5777599999999999 0.62866 0.57904 0.6364799999999999 0.6115733328124999 0.6433 0.6285066671874999 0.6364799999999999
2 0.5108266671874999 0.60576 0.4997066671875 0.60492 0.49471999999999994 0.60492 0.5069333328125001 0.61368 0.5069333328125001 0.61658 0.53248 0.62242 0.54192 0.61742 0.5469333328125 0.61034 0.5108266671874999 0.60576
2 0.6315466671875 0.6380600000000001 0.6326933328125001 0.6355000000000001 0.6301333328125 0.63078 0.6198400000000001 0.6269199999999999 0.6029866671875 0.62008 0.5910133328125 0.61836 0.6081333328125 0.625 0.6255466671875001 0.63636 0.6315466671875 0.6380600000000001
2 0.5571733328125 0.77574 0.5377866671875 0.7871 0.5674666671875 0.7952600000000001 0.5753333328125 0.78572 0.562 0.7780199999999999 0.5571733328125 0.77574
2 0.47192 0.6924 0.47704 0.68818 0.48162666718749997 0.68434 0.48162666718749997 0.67974 0.47856 0.67552 0.47704 0.67476 0.47141333281250003 0.6732199999999999 0.4637333328125 0.67168 0.46168 0.6732199999999999 0.45914666718749997 0.6732199999999999 0.45095999999999997 0.67552 0.4606666671875 0.68702 0.4683466671875 0.6935399999999999 0.47192 0.6924
2 0.49383999999999995 0.7865599999999999 0.5004 0.78214 0.51024 0.78804 0.5168266671875 0.7841 0.5246933328125001 0.7905 0.5338666671875 0.78508 0.5378133328125 0.78804 0.5568266671875 0.77574 0.5738933328125 0.78508 0.56536 0.7752399999999999 0.5561866671875 0.77278 0.5844 0.75752 0.568 0.7403 0.47416 0.7722800000000001 0.47416 0.77278 0.48728 0.78262 0.49383999999999995 0.7865599999999999