1 0.1850933328125 0.49822 0.1833333328125 0.5088199999999999 0.18464 0.5144599999999999 0.19616 0.52176 0.20586666718750002 0.52342 0.2116266671875 0.52044 0.2133866671875 0.5147999999999999 0.20368 0.50916 0.1983466671875 0.50186 0.19792 0.49058 0.19616 0.48958 0.1890666671875 0.49158 0.1850933328125 0.49822
1 0.12223999999999999 0.5761000000000001 0.12693333281250002 0.59344 0.1316533328125 0.59728 0.14928 0.6037399999999999 0.1544 0.6037399999999999 0.1586933328125 0.5978600000000001 0.1551733328125 0.59404 0.1485066671875 0.5855 0.1441866671875 0.57874 0.1402666671875 0.5605 0.13477333281249998 0.56228 0.12616 0.56932 0.12223999999999999 0.5761000000000001
1 0.21448 0.67184 0.21088 0.67252 0.21088 0.6772400000000001 0.21088 0.6833199999999999 0.21088 0.69076 0.21176 0.7009000000000001 0.2126666671875 0.7062999999999999 0.21448 0.7117 0.21536 0.71712 0.2243733328125 0.71374 0.2352 0.7157600000000001 0.2361066671875 0.71374 0.23970666718750003 0.70832 0.2433066671875 0.70224 0.24421333281250002 0.69414 0.2433066671875 0.68738 0.23879999999999998 0.68198 0.2352 0.67522 0.22978666718750002 0.67454 0.2234933328125 0.67116 0.21986666718749998 0.67116 0.21448 0.67184
1 0.25789333281250004 0.57672 0.26944 0.5797 0.2853333328125 0.58186 0.3124 0.58404 0.31312 0.5788800000000001 0.3066133328125 0.57564 0.30047999999999997 0.57186 0.2802666671875 0.5621 0.2586133328125 0.5613 0.25104000000000004 0.56942 0.2514133328125 0.57456 0.25789333281250004 0.57672
1 0.2391733328125 0.6112599999999999 0.25610666718749997 0.61848 0.2624 0.61948 0.2664 0.61724 0.26671999999999996 0.612 0.25576 0.6008 0.23616 0.5950599999999999 0.2242133328125 0.59632 0.2255466671875 0.60304 0.23450666718750002 0.60902 0.2391733328125 0.6112599999999999
1 0.21776 0.59246 0.2264266671875 0.5967800000000001 0.2412266671875 0.60058 0.2563733328125 0.60274 0.28704 0.60354 0.2921066671875 0.60112 0.2938933328125 0.59516 0.2910133328125 0.59434 0.2769333328125 0.59462 0.26394666718750004 0.59434 0.25384 0.59272 0.2408533328125 0.58812 0.23290666718750003 0.58352 0.21957333281250002 0.5729599999999999 0.21488000000000002 0.57622 0.21416 0.58324 0.21776 0.59246
1 0.1729866671875 0.58148 0.1712 0.58594 0.1706133328125 0.59084 0.1717866671875 0.5962 0.17536000000000002 0.5984200000000001 0.17893333281249998 0.60334 0.1813066671875 0.60868 0.1842666671875 0.61314 0.18904 0.61894 0.19736 0.6216 0.20269333281250002 0.6202799999999999 0.20269333281250002 0.61448 0.20330666718749998 0.61092 0.20568 0.61358 0.2104266671875 0.61894 0.2134133328125 0.6224999999999999 0.21994666718749997 0.61894 0.21400000000000002 0.61314 0.21103999999999998 0.60734 0.22173333281250002 0.61224 0.23122666718749998 0.61358 0.2342133328125 0.6118 0.2282666671875 0.60466 0.2163733328125 0.5886199999999999 0.2152 0.57524 0.21280000000000002 0.5739 0.2080533328125 0.5699 0.19914666718750001 0.5699 0.1830933328125 0.57302 0.18010666718749999 0.57436 0.17594666718750002 0.57748 0.1729866671875 0.58148
1 0.1478933328125 0.55864 0.1478933328125 0.561 0.1478933328125 0.56364 0.14632 0.5660000000000001 0.1439733328125 0.56864 0.1431733328125 0.57216 0.14279999999999998 0.57512 0.14279999999999998 0.57982 0.1443733328125 0.58394 0.14672000000000002 0.58922 0.1486666671875 0.59128 0.1525866671875 0.59276 0.1569066671875 0.59658 0.15848 0.59894 0.1596533328125 0.6003999999999999 0.1608266671875 0.60128 0.16240000000000002 0.60216 0.16592 0.60422 0.16789333281250002 0.60512 0.1733866671875 0.6054 0.17613333281250002 0.60512 0.17613333281250002 0.6030599999999999 0.1757333328125 0.6003999999999999 0.17376 0.5971599999999999 0.17064 0.59422 0.16592 0.5904 0.1631733328125 0.5868800000000001 0.1604266671875 0.58216 0.15573333281249999 0.5757 0.1565066671875 0.55864 0.1553333328125 0.5574600000000001 0.1525866671875 0.5574600000000001 0.1478933328125 0.55864
0 0.2006133328125 0.6799999999999999 0.1991733328125 0.6825 0.19584 0.68392 0.1927466671875 0.68304 0.1898933328125 0.68214 0.1894133328125 0.67946 0.18560000000000001 0.67838 0.1813066671875 0.67946 0.1810933328125 0.68018 0.1810933328125 0.6832 0.18560000000000001 0.6876800000000001 0.18464 0.68928 0.1889333328125 0.69356 0.1822666671875 0.6944600000000001 0.17893333281249998 0.6950000000000001 0.17728 0.6990999999999999 0.1779733328125 0.70392 0.1786933328125 0.70946 0.1901333328125 0.71302 0.19584 0.7091000000000001 0.20298666718749997 0.7012400000000001 0.20893333281249998 0.69982 0.20869333281250002 0.69802 0.20869333281250002 0.6923199999999999 0.2094133328125 0.6900000000000001 0.2103733328125 0.68482 0.2103733328125 0.6785599999999999 0.20656 0.67588 0.2044 0.67696 0.2006133328125 0.6799999999999999
0 0.2420266671875 0.70226 0.2420266671875 0.71168 0.2502666671875 0.71244 0.25656 0.70896 0.26448 0.70152 0.26448 0.69756 0.2621866671875 0.6926 0.25392000000000003 0.68864 0.25128 0.6888799999999999 0.24565333281249999 0.68962 0.2423466671875 0.6826800000000001 0.2350666671875 0.67972 0.2370666671875 0.68838 0.2400266671875 0.69582 0.2420266671875 0.70226
3 0.2026666671875 0.80626 0.2233866671875 0.80876 0.2524 0.81186 0.2665066671875 0.81186 0.27728 0.80938 0.2830933328125 0.8044 0.28970666718750004 0.79196 0.29056000000000004 0.7863800000000001 0.2781066671875 0.7788999999999999 0.25656 0.7863800000000001 0.2441333328125 0.78264 0.23085333281249998 0.787 0.21760000000000002 0.7832600000000001 0.20432 0.7745599999999999 0.2068266671875 0.7689600000000001 0.18029333281249998 0.7702 0.18029333281249998 0.78264 0.18029333281249998 0.79508 0.1894133328125 0.8013 0.1827733328125 0.8044 0.17530666718750001 0.8193199999999999 0.18194666718750002 0.8156000000000001 0.1869066671875 0.8106199999999999 0.2026666671875 0.80626
3 0.13986666718750002 0.6771 0.1345866671875 0.67496 0.1215733328125 0.67588 0.1170933328125 0.6777 0.11221333281250001 0.68198 0.11098666718750001 0.68626 0.11178666718750001 0.6926599999999999 0.1178933328125 0.69542 0.1272533328125 0.6996800000000001 0.1386666671875 0.6960200000000001 0.1435466671875 0.6899200000000001 0.1447733328125 0.6826 0.1435466671875 0.68046 0.13986666718750002 0.6771
3 0.15424 0.78624 0.1636 0.7881400000000001 0.1610666671875 0.77842 0.15674666718750002 0.77408 0.14776 0.77084 0.13984000000000002 0.77408 0.14056 0.77408 0.1509866671875 0.7795 0.15424 0.78624
1 0.1974666671875 0.49798 0.1983466671875 0.5022800000000001 0.2003466671875 0.50828 0.2034933328125 0.51214 0.2186666671875 0.51838 0.2281066671875 0.51988 0.2335466671875 0.51946 0.2398666671875 0.51774 0.23928 0.5143 0.2261066671875 0.50786 0.22152 0.5055 0.21781333281249998 0.49754 0.2123733328125 0.49282000000000004 0.2097866671875 0.49046 0.21208 0.48701999999999995 0.21264 0.48057999999999995 0.2092266671875 0.47994000000000003 0.2034933328125 0.47972000000000004 0.1986133328125 0.48616000000000004 0.19805333281249998 0.49304 0.1974666671875 0.49754 0.1974666671875 0.49798
1 0.2976533328125 0.59478 0.2988 0.5984200000000001 0.3059466671875 0.5982000000000001 0.30424 0.59392 0.31223999999999996 0.59482 0.3124533328125 0.59148 0.312 0.5889800000000001 0.30733333281249997 0.58748 0.30312 0.58414 0.2962133328125 0.5829799999999999 0.28285333281249997 0.5818 0.2746133328125 0.58064 0.2741866671875 0.58064 0.2746133328125 0.5819799999999999 0.27384 0.58294 0.28813333281250003 0.58782 0.29050666718749996 0.59062 0.29447999999999996 0.5917399999999999 0.2976533328125 0.59478
0 0.4071733328125 0.56096 0.4058666671875 0.5584 0.4034933328125 0.5572 0.3977333328125 0.55682 0.39613333281249996 0.5578000000000001 0.39613333281249996 0.5621400000000001 0.4061333328125 0.5641 0.4069066671875 0.5623400000000001 0.4071733328125 0.56096
0 0.14402666718749998 0.67554 0.14485333281249999 0.6848799999999999 0.1518933328125 0.68894 0.16352 0.69018 0.1730933328125 0.68178 0.1681066671875 0.6718 0.1544 0.66806 0.14402666718749998 0.67554
0 0.16744 0.70416 0.1696266671875 0.69974 0.16992000000000002 0.6934400000000001 0.16712 0.69112 0.15626666718749999 0.68902 0.1506933328125 0.68902 0.1457066671875 0.68996 0.1410666671875 0.6927399999999999 0.1392 0.69624 0.1407466671875 0.69904 0.1478933328125 0.70556 0.1559466671875 0.70694 0.16744 0.70416
0 0.3492 0.5588 0.3512266671875 0.5634 0.36349333281249996 0.56494 0.37679999999999997 0.5630200000000001 0.3737333328125 0.55496 0.35584 0.5542 0.3660533328125 0.55534 0.35328 0.55458 0.3492 0.5588
0 0.09912 0.67896 0.1052533328125 0.6839000000000001 0.1137066671875 0.68108 0.11936 0.67366 0.11512 0.66414 0.10384 0.66026 0.1019466671875 0.6680200000000001 0.09912 0.67896
3 0.24567999999999998 0.68354 0.23896 0.68038 0.23557333281249998 0.7107 0.2490666671875 0.72018 0.27096 0.69806 0.26168 0.68796 0.24567999999999998 0.68354
0 0.1269866671875 0.66026 0.11981333281249999 0.66296 0.1194133328125 0.66804 0.1217866671875 0.67222 0.1257866671875 0.6746000000000001 0.1349333328125 0.6769999999999999 0.1429066671875 0.6782 0.1469066671875 0.6752 0.1461066671875 0.66564 0.1425066671875 0.66296 0.13376 0.66086 0.1269866671875 0.66026