1 0.3821329640625 0.2581875 0.330914128125 0.305546875 0.304293628125 0.3540625 0.31044321406250003 0.38871875 0.3206925203125 0.399125 0.3370637125 0.404890625 0.3247645421875 0.434921875 0.3227423828125 0.4684375 0.3452631578125 0.48575 0.3595844875 0.48575 0.390304709375 0.46265625000000005 0.4312742375 0.44070312500000003 0.427174515625 0.46381249999999996 0.4292243765625 0.47651562500000005 0.4333241 0.49384375 0.44969529062499997 0.5019375 0.47019390625 0.49846874999999996 0.4886149578125 0.48345312500000004 0.511135734375 0.46496875 0.523434903125 0.4684375 0.5295844875 0.49037499999999995 0.5418559562499999 0.5019375 0.5521052625 0.507703125 0.5787257625 0.506546875 0.5869252078125 0.49846874999999996 0.6094459828125001 0.47651562500000005 0.6278670359375 0.456875 0.63606648125 0.470734375 0.6381163437499999 0.48345312500000004 0.6401662046875 0.49037499999999995 0.656537396875 0.49384375 0.6893074796875001 0.49384375 0.7057063718750001 0.478828125 0.73437673125 0.42453124999999997 0.7486980609375 0.380640625 0.7445983375 0.32171875 0.7159279781250001 0.276671875 0.668836565625 0.25934375 0.644265928125 0.25009375 0.595096953125 0.247796875 0.5869252078125 0.222375 0.5418559562499999 0.213140625 0.5152354578125 0.2154375 0.48451523593749996 0.2246875 0.46199445937499994 0.23160937499999998 0.427174515625 0.232765625 0.3821329640625 0.2581875
1 0.6044321328125 0.628828125 0.53188365625 0.632921875 0.4810803328125 0.683390625 0.4230470921875 0.722953125 0.389168975 0.77615625 0.4738227140625 0.7870781250000001 0.510110803125 0.80890625 0.5899168968749999 0.7898125 0.640720221875 0.79253125 0.744709140625 0.76115625 0.7979224375 0.686125 0.7809972296875001 0.61790625 0.6745706375 0.576984375 0.6576454296875001 0.5647031250000001 0.63105263125 0.5660624999999999 0.6044321328125 0.628828125
1 0.0717174515625 0.5483125 0.011939057812499999 0.613484375 0.019916896875 0.714609375 0.1195290859375 0.710109375 0.406371190625 0.739328125 0.4820498609375 0.662921875 0.533850415625 0.6292187499999999 0.6095290859375 0.62021875 0.6454016625000001 0.57078125 0.6573407203125 0.561796875 0.7370360109375 0.588765625 0.8087534625 0.608984375 0.8525761765625001 0.62021875 0.8246814406249999 0.566296875 0.8167036015625 0.532578125 0.8366204984375001 0.48764062499999994 0.764903046875 0.505625 0.74498615 0.47865624999999995 0.6573407203125 0.49887499999999996 0.6374238234375 0.467421875 0.5617451531250001 0.5123593750000001 0.51393351875 0.46965625 0.4462049859375 0.501125 0.42628808906250004 0.4494375 0.3505817171875 0.483140625 0.3346537390625 0.47640625 0.32268698125 0.43370312499999997 0.2509972296875 0.45618749999999997 0.15138504218749999 0.49887499999999996 0.0717174515625 0.5483125
0 1 0.683875 0.9774238234375 0.658765625 0.9596121890625 0.6399375 0.8727977843750001 0.6349218750000001 0.84166205 0.6411875 0.794903046875 0.6537499999999999 0.7837950140625 0.680109375 0.7904709140625 0.702703125 0.8171745156249999 0.7265625 0.8705817171874999 0.754171875 0.9284487531250001 0.7642187500000001 0.9952077562499999 0.73409375 1 0.71903125 1 0.683875
0 0.9192243765624999 0.6019375 0.8541551249999999 0.590875 0.843462603125 0.598921875 0.8229639890625 0.622546875 0.8327700828125 0.6406562499999999 0.9441828250000001 0.639140625 0.9388365656250001 0.60646875 0.9192243765624999 0.6019375
0 0.91645429375 0.603046875 0.9604986156249999 0.59559375 0.9751800546875 0.57240625 0.9575623265625 0.5566718749999999 0.9193905812500001 0.5293281249999999 0.903240996875 0.526015625 0.8753462609374999 0.526015625 0.8606648203124999 0.52021875 0.8445152359374999 0.5566718749999999 0.8371468140625 0.551703125 0.8738781156250001 0.5939375 0.91645429375 0.603046875
0 0.9414127421874999 0.6382656250000001 0.95351800625 0.63996875 0.9585872578125001 0.637703125 0.9828254843750001 0.668453125 0.9979501390625 0.670734375 1 0.570484375 0.9959556781250001 0.5710468750000001 0.9717174515625 0.5812968749999999 0.9585872578125001 0.597828125 0.9454570640625001 0.6018125000000001 0.9414127421874999 0.6382656250000001
0 0.9652077562500001 0.3173125 0.9313573406250001 0.33142187500000003 0.9137119109375 0.348859375 0.9107479218750001 0.369609375 0.909279778125 0.387875 0.922520775 0.40115625 0.953434903125 0.41360937499999995 0.9725761765625001 0.4028125 0.996121884375 0.398671875 1 0.314 0.9652077562500001 0.3173125
0 0.9739612187500001 0.40657812499999996 0.9465096953125001 0.41496875 0.923628809375 0.43109374999999994 0.9133241 0.45304687499999996 0.92019390625 0.47175 0.9350692515624999 0.483375 0.9979778390625 0.46595312499999997 0.9968421046874999 0.3981875 0.9739612187500001 0.40657812499999996
0 1 0.23684375000000002 0.9885872578124999 0.24093749999999997 0.9377839328125 0.25184375000000003 0.9232686984375 0.26821875 0.9136011078124999 0.277765625 0.9063434906250001 0.3036875 0.92811634375 0.32825000000000004 0.949889196875 0.32415625000000003 1 0.317328125 1 0.23684375000000002
0 1 0.15342187499999999 0.9860941828125 0.15859375 0.9762880890625001 0.165171875 0.96831025 0.171390625 0.9621883656250001 0.180390625 0.962797784375 0.1835 0.9658448749999999 0.18971875 0.9701385046875 0.195953125 0.9842382265625 0.186953125 0.9940443218749999 0.181421875 1 0.17970312500000002 1 0.15342187499999999
0 0.974293628125 0.19424999999999998 0.9690304703124999 0.20315625 0.9795567859375 0.23700000000000002 1 0.23521874999999998 0.9974515234375 0.18296874999999999 0.9837673125 0.18890625 0.974293628125 0.19424999999999998
1 0.8346537390625001 0.428640625 0.872825484375 0.356515625 0.8518282546875 0.346828125 0.8022160671874999 0.375890625 0.7640166203125001 0.44479687500000004 0.76022160625 0.47279687499999995 0.75831025 0.49325 0.7678393359375 0.499703125 0.79648199375 0.498625 0.8193905812500001 0.470640625 0.8346537390625001 0.428640625
1 0.8782825484375 0.5300312500000001 0.8981163437499999 0.5300312500000001 0.911357340625 0.5218281250000001 0.9219390578125 0.4793125 0.9100277015625 0.417390625 0.9086980609375 0.3651875 0.911357340625 0.36145312500000004 0.9307756234375001 0.3283125 0.9187534625 0.31928125 0.9187534625 0.31248437500000004 0.8886703593749999 0.310234375 0.8626315796874999 0.30684374999999997 0.836565096875 0.311359375 0.8024930749999999 0.33284375 0.800498615625 0.339625 0.7483656515625 0.341890625 0.7544044328124999 0.38484375000000004 0.7082825484375 0.480953125 0.7403601109375 0.467375 0.752382271875 0.456078125 0.7764265921875 0.423296875 0.79648199375 0.3758125 0.86060941875 0.349796875 0.8806648203125 0.354328125 0.8320221609375 0.44349999999999995 0.828033240625 0.48975 0.8399445984374999 0.48826562500000004 0.83731301875 0.513625 0.8782825484375 0.5300312500000001
0 0.961578946875 0.4760625 0.9417451531250001 0.485765625 0.9377839328125 0.48875 0.9258725765625 0.49321875000000004 0.9205817171874999 0.4991875 0.919252078125 0.50440625 0.9179501390624999 0.512625 0.9219113578125 0.520828125 0.9219113578125 0.52753125 0.9219113578125 0.5335 0.935124653125 0.541703125 0.94437673125 0.5461875 0.9536565093749999 0.54990625 0.9642105265625001 0.554390625 0.9695013843750001 0.561109375 0.9734903046875001 0.564828125 0.9814127421875 0.570796875 0.991994459375 0.5722968749999999 0.9999168968750001 0.571546875 1 0.5678124999999999 0.9999168968750001 0.465625 0.9721606640625 0.47159375 0.965540165625 0.473828125 0.961578946875 0.4760625
0 0.9160110796875 0.8331875 0.9277008312499999 0.83846875 0.9979224375 0.852328125 0.9944044328125001 0.8470625 0.9791966765625 0.8365 0.9815512468750001 0.813390625 0.983878115625 0.797546875 0.9733518 0.797546875 0.932382271875 0.7869843750000001 0.901966759375 0.781046875 0.8691966765625001 0.7955625000000001 0.8773684203125001 0.8081093750000001 0.90897506875 0.82725 0.9160110796875 0.8331875
0 0.988227146875 0.793359375 0.9823822718749999 0.80546875 0.9823822718749999 0.8101406250000001 0.9814127421875 0.821953125 0.9872576171875 0.8434062499999999 0.998448753125 0.8494531249999999 0.9994459828125001 0.7884218749999999 0.9916343484375 0.7908906250000001 0.988227146875 0.793359375
0 0.9220221609375001 0.76715625 0.876371190625 0.7648906249999999 0.8891689749999999 0.773015625 0.9027977843749999 0.7825 0.943628809375 0.793796875 0.979667590625 0.79740625 0.9884764546874999 0.79334375 0.9980886421875 0.79109375 0.999695290625 0.734171875 0.9980886421875 0.736890625 0.9724653734375 0.7504375 0.95645429375 0.75946875 0.9420221609375 0.7644375 0.9220221609375001 0.76715625