1 0.3982679734375 0.298725490625 0.388643790625 0.27949346406250003 0.3802450984375 0.3047385625 0.3802450984375 0.3287581703125 0.40066993437500004 0.33116013125 0.4018627453125 0.3239542484375 0.3982679734375 0.298725490625
1 0.3890359484375 0.0562581703125 0.38155228750000003 0.06282679687500001 0.3712581703125 0.0843464046875 0.3721895421875 0.055326796874999994 0.3647058828125 0.044101307812500004 0.3534640515625 0.061879084375000004 0.3459803921875 0.045964051562500004 0.329117646875 0.054395425 0.31789215625 0.060016340625 0.3075980390625 0.07686274531250001 0.2944771234375 0.0955882359375 0.2888725484375 0.1152450984375 0.29823529375 0.12834967343749998 0.3066503265625 0.13116013124999998 0.3150817 0.14521241875 0.3515849671875 0.14426470625 0.3712581703125 0.1498856203125 0.3787418296875 0.15081699375 0.39277777812500003 0.1433333328125 0.40495097968750005 0.1217973859375 0.4021405234375 0.058137254687499994 0.3890359484375 0.0562581703125
1 0.3840522875 0.36666666718749996 0.3818627453125 0.365016340625 0.372565359375 0.361748365625 0.3692973859375 0.3710294125 0.37694444374999997 0.3857843140625 0.38349673125 0.4065522875 0.39169934687499997 0.41475490156249994 0.40153594843749996 0.41748365937500004 0.40699346406250003 0.41638888906249993 0.41300653593750003 0.41091503281249997 0.403725490625 0.40272875781249995 0.3944281046875 0.3857843140625 0.3889705875 0.3737581703125 0.3840522875 0.36666666718749996
1 0.37831699375 0.318300653125 0.3742320265625 0.2978758171875 0.3565359484375 0.2788235296875 0.3483660125 0.3142156859375 0.370147059375 0.3251143796875 0.3810457515625 0.3251143796875 0.37831699375 0.318300653125
1 0.4352614375 0.390408496875 0.43697712343750006 0.3742320265625 0.4344117640625 0.36357843125 0.427173203125 0.358905228125 0.42419934687499994 0.36145424843749996 0.4220751640625 0.3746568625 0.4195098046875 0.39679738593749997 0.42504902031249997 0.407434640625 0.4318627453125 0.4048856203125 0.435686275 0.400196078125 0.4352614375 0.390408496875
1 0.40133986874999994 0.30900326875 0.40565359531249995 0.3109640515625 0.4119117640625 0.3082189546875 0.41700980468750004 0.303120915625 0.424068628125 0.2905882359375 0.42642156875000004 0.2831372546875 0.4272058828125 0.27217320312500004 0.4256372546875 0.26393790781250004 0.42210784375 0.2596405234375 0.416225490625 0.2616013078125 0.4130882359375 0.2674673203125 0.4103594765625 0.2776633984375 0.398986928125 0.29372549062500003 0.3962418296875 0.294117646875 0.3978104578125 0.29607843125 0.40133986874999994 0.30900326875
1 0.433382353125 0.2897549015625 0.4290849671875 0.2886764703125 0.4244934640625 0.290016340625 0.4191013078125 0.301617646875 0.41129085 0.3115849671875 0.40509803906249997 0.3169771234375 0.3997058828125 0.321274509375 0.4018627453125 0.3272058828125 0.4095751640625 0.334313725 0.4258496734375 0.32073529375 0.43366013125 0.3088888890625 0.435539215625 0.2978431375 0.433382353125 0.2897549015625
1 0.376748365625 0.30934640468749997 0.3825980390625 0.292957515625 0.3855065359375 0.28200980468750003 0.3935294125 0.2878594765625 0.3964542484375 0.277647059375 0.3855065359375 0.2703431375 0.3862418296875 0.2542973859375 0.3745751640625 0.25065359531250003 0.3680065359375 0.2652450984375 0.36289215625 0.2440849671875 0.355604575 0.23897058750000003 0.3446568625 0.263774509375 0.3388235296875 0.2944117640625 0.348300653125 0.3111928109375 0.34903594843749997 0.303513071875 0.355604575 0.2801797390625 0.376748365625 0.30934640468749997
1 0.4723856203125 0.21039215625000002 0.48151960781250003 0.1846568625 0.4782026140625 0.1655718953125 0.465751634375 0.1539379078125 0.45993464062499995 0.1307026140625 0.4591013078125 0.1290359484375 0.4425 0.1116013078125 0.4134477125 0.12488562031249999 0.399330065625 0.12986928125 0.3943627453125 0.15312091562500002 0.40514705937500006 0.211225490625 0.43336601249999995 0.2220098046875 0.4516339875 0.22532679687499998 0.4723856203125 0.21039215625000002
1 0.4358986921875 0.2421568625 0.43137254843750006 0.2336111109375 0.42081699375000003 0.2225490203125 0.4122712421875 0.2215522875 0.41125817031249995 0.22557189531250002 0.41377450937500004 0.2336111109375 0.41830065312500003 0.2391503265625 0.42132352968750003 0.247696078125 0.424330065625 0.25875817031250004 0.42684640468749996 0.2733333328125 0.4384150328125 0.28289215625 0.44143790781250003 0.27081699375 0.442434640625 0.2597549015625 0.4358986921875 0.2421568625
1 0.42057189531250005 0.2408660125 0.410326796875 0.22833333281249998 0.3977941171875 0.22148692812499998 0.3966503265625 0.23573529375 0.408039215625 0.26478758125 0.423431371875 0.25795751562499997 0.423431371875 0.249983659375 0.42057189531250005 0.2408660125
1 0.461236384375 0.291416121875 0.4709041390625 0.3085348578125 0.46400326875 0.3148856203125 0.47807189531249994 0.3413888890625 0.47652165 0.3168484484375 0.48635620937499996 0.3157026140625 0.4760049015625 0.3086683 0.4778050109375 0.302184096875 0.4855310453125 0.3057679734375 0.48470588281250004 0.2958333328125 0.475488153125 0.300488153125 0.47445465625 0.28412785937499996 0.46758714531249995 0.2836819171875 0.4739379078125 0.2759477125 0.4565522875 0.23122549062500003 0.44081699375000005 0.24199346406250002 0.44081699375000005 0.285065359375 0.4548856203125 0.2991503265625 0.461236384375 0.291416121875
1 0.3555228765625 0.326617646875 0.3368627453125 0.32767973906250003 0.330457515625 0.331960784375 0.333120915625 0.3399509796875 0.3352614375 0.35168300625 0.344852940625 0.3543627453125 0.36513071875 0.3730228765625 0.36993464062500003 0.376225490625 0.375800653125 0.363431371875 0.37900326875 0.3591666671875 0.37045751562499996 0.3298202609375 0.3555228765625 0.326617646875
1 0.3262527234375 0.3578431375 0.3235294125 0.367647059375 0.32516339843750003 0.3954248359375 0.3333333328125 0.40359477187500004 0.34150326875000003 0.40359477187500004 0.3513071890625 0.41013071874999996 0.37581699375 0.40849673124999997 0.3807189546875 0.40196078437500005 0.37581699375 0.385620915625 0.3959694984375 0.38180827968750003 0.3970588234375 0.3921568625 0.40359477187500004 0.40359477187500004 0.41339869218749997 0.41339869218749997 0.4166666671875 0.41339869218749997 0.421568628125 0.4068627453125 0.421568628125 0.40196078437500005 0.4166666671875 0.3888888890625 0.41448801875 0.37145969375 0.436274509375 0.37581699375 0.436274509375 0.3954248359375 0.439542484375 0.3986928109375 0.44934640468750003 0.3986928109375 0.454248365625 0.3921568625 0.4526143796875 0.3790849671875 0.455882353125 0.37418300625 0.455882353125 0.367647059375 0.4509803921875 0.3611111109375 0.44117647031249996 0.3611111109375 0.436274509375 0.366013071875 0.4326797390625 0.36013071874999997 0.415686275 0.358169934375 0.41339869218749997 0.36274509843749997 0.40849673124999997 0.35620915000000003 0.40718954218750003 0.3571895421875 0.3986928109375 0.35620915000000003 0.39379084999999997 0.3611111109375 0.3897058828125 0.3545751640625 0.3537581703125 0.348039215625 0.3447712421875 0.3545751640625 0.3447712421875 0.34640522812499996 0.33169934687499997 0.33823529375 0.3267973859375 0.3431372546875 0.328976034375 0.348039215625 0.3357843140625 0.3447712421875 0.3349673203125 0.3513071890625 0.3262527234375 0.3578431375