1 0.30975 0.29921135625 0.3125 0.29921135625 0.31709375 0.29689274375 0.31984375 0.29272870625 0.31984375 0.28995268125 0.32121875 0.28763406874999997 0.32809374999999996 0.2917981078125 0.33587500000000003 0.30012618281250003 0.34046875 0.30105678281250003 0.34046875 0.29550473125 0.344125 0.2959621453125 0.34184375 0.29134069375 0.34184375 0.28440063125 0.34550000000000003 0.28208201875 0.34367187499999996 0.2797791796875 0.331296875 0.28116719218749997 0.31984375 0.2788485796875 0.313421875 0.28347003125 0.30884375 0.29782334375 0.30975 0.29921135625
1 0.49946875 0.27708201875 0.49720312499999997 0.28242902187499996 0.49796874999999996 0.287776025 0.49871875 0.287776025 0.514609375 0.28624605625 0.529734375 0.2832018921875 0.540328125 0.2832018921875 0.550921875 0.283958990625 0.5683281250000001 0.28624605625 0.582703125 0.28624605625 0.594046875 0.28473186093749997 0.593296875 0.2786119875 0.58496875 0.274794953125 0.575890625 0.2671608828125 0.56378125 0.261041009375 0.54865625 0.25875394375 0.519140625 0.2686908515625 0.5176406250000001 0.2671608828125 0.5100625 0.27097791875 0.49946875 0.27708201875
1 0.29325 0.274652996875 0.29115625 0.27791798125 0.291734375 0.279842271875 0.2930625 0.2802208203125 0.296109375 0.27944795 0.30257812500000003 0.27791798125 0.310953125 0.2690694 0.30676562500000004 0.264463721875 0.30525 0.264652996875 0.299921875 0.2688801265625 0.29325 0.274652996875
1 0.34785937499999997 0.29634069375 0.3524375 0.2974921140625 0.35357812499999997 0.2974921140625 0.36503125000000003 0.299810725 0.366171875 0.3009621453125 0.37990625 0.3021135640625 0.386765625 0.29865930625 0.39134375 0.29634069375 0.392484375 0.295189275 0.392484375 0.28479495312499997 0.392484375 0.28247634062500004 0.399359375 0.27555205 0.39478125 0.2570662453125 0.37646875 0.2535962140625 0.37303125000000004 0.25591482656250003 0.36503125000000003 0.2570662453125 0.3524375 0.2570662453125 0.3524375 0.2674605671875 0.35357812499999997 0.2709306 0.344421875 0.28132492187499997 0.35471875 0.289416403125 0.344421875 0.289416403125 0.344421875 0.2917192421875 0.34785937499999997 0.29634069375
1 0.458 0.292287065625 0.45634375 0.287287065625 0.45162500000000005 0.2856151421875 0.44406249999999997 0.2803785484375 0.44146875 0.279416403125 0.43296875 0.2779968453125 0.42612500000000003 0.2791798109375 0.42115625 0.287523659375 0.42517187500000003 0.2944321765625 0.42990625 0.2973028390625 0.4325 0.301829653125 0.44123437499999996 0.29801261874999996 0.4461875 0.29968454218749996 0.453984375 0.297776025 0.458 0.292287065625
1 0.41296875 0.262760253125 0.41046875 0.2664037859375 0.408234375 0.2717507890625 0.41353125 0.29 0.420484375 0.28859621406249997 0.41546874999999994 0.2700630921875 0.42715625 0.2734227125 0.42993750000000003 0.2689432171875 0.43578124999999995 0.2630441640625 0.43690625 0.248706625 0.4305 0.24899053593749998 0.42771875000000004 0.2478706625 0.41881250000000003 0.2515141953125 0.414921875 0.2585488953125 0.41574999999999995 0.26162460625 0.41325 0.262476340625 0.41296875 0.262760253125
1 0.317421875 0.2765772875 0.313484375 0.270946371875 0.309875 0.27227129375 0.30034375 0.27856466874999997 0.290484375 0.27889589843749996 0.28917187499999997 0.285205046875 0.28917187499999997 0.290851734375 0.29114062500000004 0.2981388015625 0.29507812499999997 0.3024605671875 0.30428125 0.30014195625 0.308546875 0.2981388015625 0.3125 0.2905205046875 0.3138125 0.285205046875 0.317421875 0.2765772875
1 0.345375 0.2808675078125 0.352703125 0.2808675078125 0.35728125 0.27476340625 0.360953125 0.2660725546875 0.36315624999999996 0.25738170312499997 0.360765625 0.253864353125 0.347953125 0.2475867515625 0.3428125 0.248328075 0.33768750000000003 0.2503627765625 0.33365625 0.25091482656249997 0.330546875 0.252760253125 0.327796875 0.257018928125 0.32614062499999996 0.2620031546875 0.324859375 0.2664511046875 0.322671875 0.2738485796875 0.321203125 0.27772870625 0.3245 0.27847003125 0.334390625 0.2788328078125 0.345375 0.2808675078125
1 0.4146875 0.319889590625 0.41765625 0.3188801265625 0.419140625 0.3153785484375 0.419140625 0.3128706625 0.416671875 0.3128706625 0.41021875 0.312381703125 0.404265625 0.31487381718749996 0.3993125 0.3153785484375 0.396828125 0.31588328125 0.393859375 0.31337539375 0.390875 0.3153785484375 0.39584375 0.3178864359375 0.397328125 0.32189274375 0.40725 0.322381703125 0.4146875 0.319889590625
1 0.466703125 0.29736593125 0.46968750000000004 0.29736593125 0.46948437500000006 0.2955678234375 0.46829687499999995 0.2917507890625 0.46829687499999995 0.287334384375 0.46492187500000004 0.28473186093749997 0.459546875 0.2869400625 0.455578125 0.3003785484375 0.462734375 0.30318612031250003 0.46312499999999995 0.30378548906249997 0.4653125 0.301971609375 0.466703125 0.29736593125
1 0.29021875 0.305189275 0.2910625 0.29662460625 0.29276562500000003 0.28634069375000004 0.287453125 0.28162460624999996 0.280453125 0.2801261828125 0.27535937499999996 0.28698738125 0.269625 0.28763406874999997 0.266453125 0.2921293375 0.263046875 0.298769715625 0.26368749999999996 0.3043375390625 0.26475 0.3126971609375 0.26749999999999996 0.3154731859375 0.27917187499999996 0.31162460625 0.28978125 0.3088328078125 0.29021875 0.305189275
1 0.406921875 0.29485804375 0.407625 0.299463721875 0.411484375 0.302665615625 0.41218750000000004 0.30302839062500003 0.41007812499999996 0.3079968453125 0.408328125 0.3104731859375 0.41465625 0.3126025234375 0.418875 0.31225552031250003 0.4255625 0.31331230312499997 0.43365625 0.30231861250000003 0.43118749999999995 0.3001735015625 0.430125 0.298406940625 0.43118749999999995 0.298406940625 0.423453125 0.29449526875 0.41746875 0.29236593125 0.41007812499999996 0.293075709375 0.406921875 0.29485804375
1 0.45090624999999995 0.28736593125 0.45610937500000004 0.2867034703125 0.46782812500000004 0.28736593125 0.469125 0.29851735 0.46196875000000004 0.303769715625 0.449609375 0.303123028125 0.430734375 0.3011514203125 0.430734375 0.3188801265625 0.437890625 0.32282334375 0.453515625 0.31624605625 0.470421875 0.31559936875 0.48473437500000005 0.3136277609375 0.491890625 0.29326498437500004 0.49709375 0.278817034375 0.48864062500000005 0.2650315453125 0.48539062499999996 0.24927444843750002 0.46846875 0.2486119875 0.45676562499999995 0.25124605624999996 0.45285937499999995 0.2623974765625 0.44765625 0.26569400625 0.437890625 0.27750788593750003 0.45090624999999995 0.28736593125