1 0.5593958328124999 0.5213281249999999 0.52975 0.516875 0.5000833328125001 0.5213281249999999 0.4842708328125 0.5331875 0.46647916718750004 0.5628437500000001 0.47439583281250003 0.6073125 0.49020833281250004 0.62065625 0.5060208328125 0.6369687500000001 0.5238125 0.64734375 0.5435833328124999 0.65475 0.5435833328124999 0.6443749999999999 0.5376458328125 0.623625 0.5257916671875 0.5969375 0.5238125 0.5687656249999999 0.5336875 0.55690625 0.5534583328125 0.548015625 0.5633541671875 0.53615625 0.5771875 0.53615625 0.5850833328125 0.528734375 0.5791666671875 0.525765625 0.5593958328124999 0.5213281249999999
1 0.6973541671875 0.39582812500000003 0.6809999999999999 0.40034375000000005 0.6689583328125 0.402921875 0.6560416671875 0.40421874999999996 0.6500208328125 0.404859375 0.6431458328125 0.40809375000000003 0.6414166671875 0.4113125 0.6422708328125 0.41518750000000004 0.6491666671874999 0.415828125 0.6681041671875 0.42228125 0.6801458328125001 0.421 0.6930416671875 0.41840625 0.7085416671875 0.41325 0.7274583328124999 0.40679687500000006 0.7438125 0.399703125 0.7506875 0.393890625 0.7601666671875 0.3855 0.769625 0.37840625 0.7722083328125 0.37517187500000004 0.7825416671875 0.368078125 0.7868333328125 0.3596875 0.7902708328125 0.347421875 0.7902708328125 0.34162499999999996 0.7894166671875 0.338390625 0.7868333328125 0.32806250000000003 0.78425 0.32484375 0.78425 0.323546875 0.7816666671875 0.32806250000000003 0.7205833328125 0.38679687500000004 0.6973541671875 0.39582812500000003
1 0.1797708328125 0.72740625 0.19175 0.77459375 0.21872916718750002 0.7948125 0.23970833281249998 0.8038125 0.2546875 0.8060625 0.2636666671875 0.8060625 0.2546875 0.788078125 0.23970833281249998 0.77009375 0.22770833281249997 0.754375 0.2217291671875 0.72740625 0.21872916718750002 0.713921875 0.23370833281249997 0.6869531249999999 0.2486875 0.66896875 0.2486875 0.657734375 0.2456875 0.65325 0.22472916718749997 0.659984375 0.20972916718749998 0.666734375 0.1887708328125 0.6937031250000001 0.1797708328125 0.72740625
1 0.6222291671875 0.318453125 0.6101666671875 0.3245 0.6068125 0.33606250000000004 0.602125 0.34309375000000003 0.602125 0.34964062500000004 0.6074791671875001 0.35465625 0.6175416671875 0.35315625 0.6470416671875 0.348125 0.677875 0.33103125 0.7087083328125 0.304875 0.7321875 0.279734375 0.738875 0.25459375 0.7355416671875 0.24353125000000003 0.7301666671875 0.23348437500000002 0.7167708328125 0.23046875 0.7 0.22996875 0.6973125 0.23146874999999997 0.6919583328125001 0.24856250000000002 0.6738541671875 0.27018749999999997 0.6470416671875 0.295328125 0.6222291671875 0.318453125
1 0.5558958328125 0.32959375 0.5605625 0.33309375 0.5768541671875 0.338328125 0.5955 0.33309375 0.6350833328125 0.305140625 0.6770208328125 0.26146875 0.7003125 0.22478125000000002 0.6723541671875 0.210796875 0.658375 0.210796875 0.5978125000000001 0.2736875 0.5558958328125 0.32959375
1 0.638625 0.182828125 0.6257291671874999 0.1860625 0.6016250000000001 0.20284375 0.5422708328125 0.27125 0.5319375 0.297703125 0.5319375 0.31448437500000004 0.5413958328125 0.31642187499999996 0.5697916671875001 0.30609375 0.5964791671875 0.27446875 0.6726875 0.20001562499999997 0.661 0.19896875 0.6558333328125 0.188640625 0.638625 0.182828125
1 0.5121666671875 0.2384375 0.5304375 0.21006249999999999 0.56825 0.17876562499999998 0.5565208328125 0.171921875 0.5356458328125 0.175828125 0.5121666671875 0.1905 0.4834791671875 0.21398437499999998 0.45999999999999996 0.26778124999999997 0.4613125 0.304953125 0.4769583328125 0.305921875 0.4913125 0.3000625 0.4952083328125 0.275609375 0.5121666671875 0.2384375
1 0.41189583281250003 0.26956250000000004 0.4417083328125 0.31429687500000003 0.4494375 0.312640625 0.46268750000000003 0.307671875 0.4615833328125 0.307671875 0.45827083281250003 0.26625 0.4803541671875 0.217390625 0.5300625 0.17928125 0.5322708328125 0.17679687500000002 0.5322708328125 0.175140625 0.5090833328125 0.168515625 0.4814583328125 0.16934375 0.42735416718749997 0.21573437499999998 0.41189583281250003 0.26956250000000004
1 0.4005833328125 0.39284375 0.4100625 0.38868749999999996 0.3895208328125 0.379203125 0.3974375 0.378625 0.401375 0.373875 0.3879583328125 0.357875 0.3966458328125 0.35846875 0.40533333281250006 0.356109375 0.40454166718750006 0.33654687499999997 0.41481250000000003 0.338921875 0.41639583281250003 0.33595312499999996 0.41639583281250003 0.31878125 0.4353541671875 0.324703125 0.43929166718749996 0.31759375 0.41481250000000003 0.27315625 0.41954166718749997 0.24293749999999997 0.4345625 0.21153125 0.45904166718750006 0.1836875 0.4100625 0.20915625000000002 0.3832083328125 0.223390625 0.35002083281249996 0.24885937500000002 0.33264583281250004 0.279671875 0.3373958328125 0.31759375 0.35002083281249996 0.330625 0.3539791671875 0.346625 0.35950000000000004 0.35728125 0.3547708328125 0.37625000000000003 0.3579375 0.39284375 0.3721458328125 0.40646875 0.381625 0.4046875 0.3942708328125 0.411203125 0.39979166718750003 0.41001562500000005 0.4084791671875 0.398171875 0.4005833328125 0.39284375
1 0.5936041671875001 0.62596875 0.612375 0.645015625 0.63225 0.6765 0.6421875 0.69471875 0.6466041671875 0.700515625 0.6598541671875 0.6624218749999999 0.6565416671875 0.6325937500000001 0.6300416671875 0.596984375 0.5936041671875001 0.57296875 0.5659791671875001 0.56965625 0.545 0.57296875 0.5262291671875 0.57628125 0.5218125 0.57959375 0.5229166671875001 0.5920156249999999 0.5472083328124999 0.5920156249999999 0.5759166671875 0.610234375 0.5936041671875001 0.62596875
1 0.23975 0.58884375 0.2130208328125 0.6116406249999999 0.1733125 0.6310781249999999 0.13360416718749998 0.643234375 0.11456249999999998 0.654484375 0.11941666718749999 0.6626875 0.1331875 0.668765625 0.1550625 0.670890625 0.1968125 0.6605624999999999 0.23733333281250002 0.643234375 0.27977083281250004 0.610953125 0.2931458328125 0.59484375 0.2959791671875 0.581171875 0.2951666671875 0.571453125 0.2854375 0.562515625 0.27937500000000004 0.55796875 0.27014583281250004 0.55534375 0.2567708328125 0.57121875 0.23975 0.58884375
1 0.7234791671874999 0.37725 0.7852291671875 0.324984375 0.7861666671875 0.306140625 0.7759166671875 0.290765625 0.7661666671875 0.309765625 0.7373125 0.33610937500000004 0.7104375 0.355421875 0.6865 0.36928125 0.6680833328125 0.3743125 0.6570208328125 0.3813125 0.6381458328125 0.38571875 0.6381458328125 0.394109375 0.668875 0.400390625 0.7234791671874999 0.37725
1 0.29952083281249997 0.47582812499999994 0.2744583328125 0.47390625000000003 0.26116666718750003 0.47620312499999995 0.2499166671875 0.4811875 0.24020833281249998 0.49193749999999997 0.2376458328125 0.513015625 0.24020833281249998 0.52184375 0.2483958328125 0.534109375 0.26425 0.5490625 0.29133333281249996 0.56440625 0.3245625 0.57590625 0.3486041671875 0.5774375 0.3665 0.57590625 0.3649583328125 0.562484375 0.3583125 0.556734375 0.3373541671875 0.5452343749999999 0.30514583281249996 0.5264375 0.29031250000000003 0.512640625 0.2949166671875 0.50190625 0.2985 0.48693749999999997 0.30975 0.48848437499999997 0.3117916671875 0.47696875 0.29952083281249997 0.47582812499999994
1 0.21875 0.5484375 0.21875 0.5515625 0.19583333281249998 0.5921875 0.1770833328125 0.609375 0.1770833328125 0.628125 0.17916666718750002 0.6296875 0.16833333281250001 0.6443749999999999 0.1727272734375 0.64786931875 0.1629166671875 0.65171875 0.1659090921875 0.6539772734375 0.1575 0.6590625 0.14791666718750002 0.6703125 0.1416666671875 0.6703125 0.1375 0.68125 0.1270833328125 0.6875 0.125 0.690625 0.1304166671875 0.69578125 0.125 0.703125 0.1395833328125 0.7140625 0.1583333328125 0.7140625 0.1729166671875 0.709375 0.1875 0.696875 0.20833333281250002 0.66875 0.22291666718749997 0.6609375 0.22291666718749997 0.65625 0.25 0.646875 0.26875 0.6640625 0.26875 0.6890625 0.2604166671875 0.7125 0.25 0.728125 0.2270833328125 0.7453125 0.22916666718749998 0.7578125 0.25 0.78125 0.2666666671875 0.7734375 0.2833333328125 0.771875 0.2958333328125 0.7625 0.30416666718749996 0.746875 0.3125 0.7421875 0.3291666671875 0.7125 0.3333333328125 0.671875 0.5208333328125 0.646875 0.5302083328125 0.65078125 0.5229166671875001 0.6578125 0.5416666671875 0.6828125 0.55 0.70625 0.5395833328124999 0.721875 0.5208333328125 0.7359375 0.5229166671875001 0.7859375 0.51875 0.790625 0.5166666671875 0.8078125 0.525 0.815625 0.55 0.8171875 0.5520833328125 0.8296875 0.56875 0.8421875 0.575 0.8609375 0.6166666671875001 0.896875 0.625 0.9 0.6416666671875 0.9 0.6520833328125 0.89375 0.65625 0.8875 0.65625 0.871875 0.65 0.8546875 0.5979166671875 0.796875 0.59375 0.784375 0.6083333328125 0.7765625 0.625 0.75625 0.63125 0.759375 0.6520833328125 0.759375 0.6583333328125 0.75625 0.6625 0.7484375 0.6625 0.728125 0.65625 0.7109375 0.6458333328125 0.7 0.6520833328125 0.6859375 0.632007575 0.68025568125 0.6125 0.6453125 0.5833333328125 0.61875 0.5862704921875 0.6174692625 0.5795081953125 0.5901127046875 0.5776639359375 0.5866290984375 0.5722222234375 0.58350694375 0.5772540984375001 0.5809938531250001 0.5755122953125 0.5789190578125 0.575 0.571875 0.5958333328125 0.5734375 0.6104166671875 0.56875 0.6125 0.565625 0.6229166671875 0.5640625 0.6333333328124999 0.5578125 0.6395833328125 0.5515625 0.64375 0.5375 0.64375 0.496875 0.6645833328124999 0.4953125 0.6708333328125 0.4921875 0.6854166671875 0.4796875 0.7020833328125 0.459375 0.7291666671875 0.4453125 0.7666666671875 0.4109375 0.775 0.40625 0.7895833328124999 0.3828125 0.7802083328125 0.3765625 0.7791666671875 0.371875 0.7833333328125 0.3671875 0.7895833328124999 0.3671875 0.7854166671875 0.3625 0.7875 0.3578125 0.7666666671875 0.34375 0.76875 0.3390625 0.7458333328125 0.3296875 0.7645833328125 0.3125 0.7770833328125 0.29375 0.78125 0.275 0.7770833328125 0.2640625 0.7625 0.25 0.75625 0.246875 0.7375 0.246875 0.6291666671875 0.1859375 0.6291666671875 0.1828125 0.6208333328125 0.1765625 0.6041666671875 0.1703125 0.5697916671875001 0.171484375 0.5645833328125 0.178125 0.5583333328125 0.171875 0.5575 0.18875 0.5291666671875 0.2125 0.5125 0.2390625 0.49583333281249997 0.275 0.49513888906250003 0.2833333328125 0.4883638203125 0.280602134375 0.24933943125 0.4598704265625 0.24375 0.465625 0.23125 0.465625 0.23440040624999997 0.47107469531249996 0.22693089375 0.4766768296875 0.2208333328125 0.475 0.21946138125 0.48227896406250004 0.2125 0.4796875 0.21199187031250002 0.487881096875 0.20416666718749998 0.484375 0.2045223578125 0.49348323125000004 0.196875 0.49453125 0.1970528453125 0.49908536562499994 0.1895833328125 0.5046875 0.1895833328125 0.5296875 0.1979166671875 0.5390625 0.20833333281250002 0.546875 0.21875 0.5484375