1 0.043421875 0.5709133484375 0.0589375 0.5504215453125 0.0635 0.5162295078125 0.06440625 0.5093911 0.0680625 0.488875878125 0.0589375 0.46836065624999995 0.067140625 0.4273536296875 0.067140625 0.3931615921875 0.061671875 0.3412177984375 0.056203125 0.31932084375 0.046171875 0.308384075 0.02975 0.2988290390625 0.027015624999999998 0.2988290390625 0.002375 0.2988290390625 0.00146875 0.5859718968750001 0.019703125 0.58323185 0.043421875 0.5709133484375
1 0.17781249999999998 0.369484778125 0.17715625 0.3777985953125 0.178328125 0.3868618265625 0.179484375 0.3953629984375 0.1819375 0.403091334375 0.18528125 0.40831381718750004 0.1906875 0.40946135781250004 0.193140625 0.40444964843750003 0.19378125 0.397868853125 0.191203125 0.38030445 0.189140625 0.3744964875 0.18103125 0.368524590625 0.178328125 0.36620608906249996 0.17806249999999998 0.367564403125 0.17781249999999998 0.369484778125
1 0.370625 0.49355971875 0.36675 0.4828805625 0.359828125 0.47402810312500004 0.35575 0.47189695625 0.354734375 0.47737704843750006 0.35534374999999996 0.48014051562500004 0.364109375 0.4929508203125 0.366546875 0.5091334890625 0.371234375 0.508220140625 0.370625 0.49355971875
1 0.34215625 0.27686182656249997 0.334671875 0.28669789218749997 0.334671875 0.30351288125 0.339359375 0.305620609375 0.34590624999999997 0.30491803281249996 0.34964062500000004 0.29370023437500004 0.351515625 0.2789695546875 0.34778125000000004 0.27686182656249997 0.34215625 0.27686182656249997
1 0.40896875 0.4559250578125 0.41342187499999994 0.46613583125 0.41421875 0.4826229515625 0.41918749999999994 0.48735362968749996 0.422859375 0.486955503125 0.428359375 0.48224824374999997 0.430984375 0.47674473125 0.44067187499999994 0.47674473125 0.44356249999999997 0.46927400468749997 0.44460937500000003 0.450819671875 0.44225000000000003 0.43079625312500003 0.430984375 0.42648711875 0.42443749999999997 0.43002341875 0.41421875 0.42688524531249994 0.40609375 0.42922716562499996 0.4055625 0.44060889999999997 0.40896875 0.4559250578125
1 0.299125 0.5981967218750001 0.303375 0.6088290390625 0.31189062500000003 0.6109601875 0.3154375 0.6279625296875 0.3239375 0.6279625296875 0.32890625 0.632224825 0.332453125 0.623723653125 0.332453125 0.6173302109375001 0.34167187499999996 0.637540984375 0.3523125 0.6332786890625 0.355859375 0.6290398125000001 0.36153124999999997 0.6205152218750001 0.36790625 0.607775175 0.371453125 0.5939578453125 0.37571875 0.5652459015625 0.364375 0.5503747078125001 0.3565625 0.5492974234375 0.343796875 0.5492974234375 0.33387500000000003 0.551428571875 0.330328125 0.5577985953125 0.3218125 0.5556908671875 0.311171875 0.5716159249999999 0.29700000000000004 0.580140515625 0.299125 0.5981967218750001
1 0.315546875 0.5213583140625 0.31696875 0.5119906328125 0.318109375 0.5060187359375 0.32037499999999997 0.497939109375 0.3235 0.48899297500000005 0.32634375000000004 0.48430913281250004 0.322078125 0.481756440625 0.316125 0.4834660421875 0.31015625 0.49751756406250003 0.3073125 0.5132786890625 0.31015625 0.5285948484375 0.31242187499999996 0.53030445 0.314125 0.5264637 0.315546875 0.5213583140625
1 0.518703125 0.40578454375 0.514453125 0.42278688593749997 0.51375 0.44086651093749996 0.51728125 0.44405152187499997 0.52225 0.44086651093749996 0.528640625 0.44405152187499997 0.53359375 0.44405152187499997 0.5371406249999999 0.433419203125 0.542109375 0.4323653390625 0.547078125 0.4323653390625 0.54990625 0.4323653390625 0.553453125 0.4174707265625 0.5513281250000001 0.397283371875 0.546359375 0.38346604218749997 0.520125 0.386651053125 0.518 0.38451990625 0.5215468750000001 0.397283371875 0.518703125 0.40578454375
1 0.5666562500000001 0.7299063234375 0.57140625 0.725152225 0.572984375 0.7144964875 0.577328125 0.7150819671875001 0.58128125 0.721007025 0.5880156249999999 0.7358313812499999 0.59828125 0.741147540625 0.60778125 0.7358313812499999 0.6133124999999999 0.726932084375 0.61646875 0.719812646875 0.61646875 0.7026463703125 0.6208125 0.708571428125 0.6235937500000001 0.6967213109375 0.6235937500000001 0.6741920375 0.620421875 0.6564168625 0.616078125 0.647540984375 0.6061875 0.6398360656250001 0.595125 0.6351053859375 0.584453125 0.6344964875 0.57615625 0.6386416859375 0.569421875 0.643395784375 0.561921875 0.647540984375 0.554796875 0.64932084375 0.543734375 0.6528805625 0.5378125 0.6588056203125 0.5334531250000001 0.6825058546875 0.5350312500000001 0.7103512875 0.5465 0.7263466046875 0.546109375 0.7299063234375 0.557171875 0.7299063234375 0.5666562500000001 0.7299063234375
1 0.307140625 0.44067915625 0.307609375 0.450444965625 0.309 0.45744730625 0.30853125000000003 0.4581264640625 0.310859375 0.4581264640625 0.31365625 0.45674473125 0.317859375 0.44416861875 0.32018749999999996 0.43229508125000005 0.3234375 0.42323184999999997 0.32623437499999997 0.42044496562499994 0.322515625 0.4176346609375 0.31878125 0.4176346609375 0.31553125 0.42044496562499994 0.30946875 0.431615925 0.307140625 0.44067915625
1 0.7330625000000001 0.51255269375 0.740375 0.50997658125 0.74165625 0.5041920375 0.744671875 0.49259953124999994 0.74725 0.47519906250000005 0.74725 0.4648946140625 0.746390625 0.4481733015625 0.746390625 0.432060890625 0.74553125 0.41274004687500004 0.74209375 0.41210772812499996 0.729203125 0.40437939062500006 0.7266250000000001 0.403747071875 0.725765625 0.5144964875 0.7330625000000001 0.51255269375
1 0.36453125000000003 0.5444262296875 0.36515624999999996 0.53740046875 0.3625 0.5325292734375 0.358625 0.5276346609375 0.3578125 0.5303981265625 0.355984375 0.540468384375 0.3561875 0.54932084375 0.358421875 0.5499297421875 0.36535937500000004 0.5511475406249999 0.36453125000000003 0.5444262296875
1 0.154640625 0.321615925 0.154640625 0.39451990625 0.2345625 0.3632786890625 0.21023437500000003 0.321615925 0.154640625 0.321615925
1 0.1465144234375 0.3853359765625 0.1421875 0.3887587828125 0.1451923078125 0.39776616875 0.1421875 0.40866510468749995 0.1438701921875 0.4101963609375 0.1421875 0.4238875875 0.1453125 0.43091334843749995 0.1412259609375 0.43505674687500007 0.137259615625 0.472347325 0.140625 0.47540983593749997 0.1359375 0.4847775171875 0.1359375 0.5105386421875 0.14375 0.54098360625 0.1515625 0.5526932078125 0.1703125 0.5526932078125 0.175 0.5480093671875 0.1828125 0.56674473125 0.1875 0.5714285718750001 0.196875 0.5714285718750001 0.203125 0.5784543328125 0.221875 0.5761124125 0.2296875 0.5597189703125001 0.2296875 0.536299765625 0.2390625 0.536299765625 0.246875 0.5199063234375 0.246484375 0.508196721875 0.264605978125 0.516648 0.2578125 0.5386416859375001 0.2578125 0.5690866515625 0.2640625 0.6112412171875 0.26875 0.6206089 0.284375 0.6229508203125 0.290625 0.6135831375 0.2953125 0.6182669796875 0.3015625 0.6393442625 0.3125 0.6557377046874999 0.3234375 0.662763465625 0.3453125 0.662763465625 0.3625 0.6463700234374999 0.3703125 0.6510538640625 0.3859375 0.64871194375 0.396875 0.6814988296875 0.3859375 0.6955503515625 0.384375 0.7189695546875 0.39375 0.7330210765625 0.40625 0.7330210765625 0.425 0.7189695546875 0.4375 0.73067915625 0.4703125 0.73067915625 0.4765625 0.7236533953125 0.4796875 0.7142857140625 0.5296875 0.7119437937499999 0.534375 0.707259953125 0.5359375 0.6674473062499999 0.53125 0.662763465625 0.521875 0.662763465625 0.5171875 0.653395784375 0.509375 0.64871194375 0.5126736109375 0.6247723140625 0.5078125 0.6182669796875 0.5203125 0.6065573765625001 0.5359375 0.5831381734375001 0.5484375 0.5480093671875 0.55 0.536299765625 0.5828125 0.5526932078125 0.5908088234375 0.551591128125 0.5890625 0.562060890625 0.5953125 0.5714285718750001 0.6109375 0.5690866515625 0.6328125 0.6182669796875 0.6265625 0.6276346609375001 0.615625 0.62997658125 0.609375 0.6416861828125 0.61875 0.653395784375 0.625 0.6955503515625 0.6296875 0.7002341921874999 0.6453125 0.7002341921874999 0.65 0.6955503515625 0.6578125 0.7002341921874999 0.6703125 0.7002341921874999 0.6765625 0.69320843125 0.68125 0.679156909375 0.6890625 0.672131146875 0.6953125 0.658079625 0.7015625 0.653395784375 0.7125 0.6697892265625 0.7234375 0.6768149890624999 0.7453125 0.6768149890624999 0.753125 0.672131146875 0.76875 0.64871194375 0.775 0.6135831375 0.7828125 0.6182669796875 0.8046875 0.6182669796875 0.8125 0.6135831375 0.8265625 0.5948477750000001 0.834375 0.56674473125 0.840625 0.5573770484375 0.846875 0.56674473125 0.8578125 0.5737704921875 0.8796875 0.5737704921875 0.8875 0.5690866515625 0.9 0.5526932078125 0.9078125 0.5245901640625 0.9078125 0.5058548015625 0.9 0.47775175625 0.89375 0.468384075 0.8796875 0.4566744734375 0.8671875 0.4566744734375 0.865625 0.41920374687499995 0.8625 0.40749414531249994 0.853125 0.391100703125 0.8390625 0.3793911 0.8171875 0.3793911 0.803125 0.391100703125 0.8 0.3864168625 0.8 0.3676814984375 0.7953125 0.346604215625 0.7859375 0.3302107734375 0.771875 0.31850117031249997 0.7453125 0.320843090625 0.7234375 0.3489461359375 0.7078125 0.31850117031249997 0.696875 0.3044496484375 0.6890625 0.2997658078125 0.6890625 0.2716627640625 0.6765625 0.2529274 0.6609375 0.2529274 0.653125 0.2599531609375 0.6484375 0.26932084375 0.64375 0.26932084375 0.640625 0.257611240625 0.6296875 0.24355971875 0.6125 0.24355971875 0.603125 0.2529274 0.5984375 0.2669789234375 0.5984375 0.28571428593750003 0.6015625 0.2997658078125 0.5953125 0.31615925 0.5953125 0.3676814984375 0.6 0.3817330203125 0.60625 0.3887587828125 0.60625 0.3934426234375 0.6046875 0.40749414531249994 0.596875 0.40983606562499997 0.5859375 0.4355971890625 0.58515625 0.44730679218749997 0.5780106703125 0.435711428125 0.5700838421875 0.43582567031249997 0.5625 0.4402810296875 0.5625 0.40281030468749995 0.55625 0.3840749421875 0.55 0.374707259375 0.5359375 0.3629976578125 0.509375 0.365339578125 0.5015625 0.3723653390625 0.4890625 0.3934426234375 0.484375 0.3934426234375 0.4734375 0.3840749421875 0.459375 0.34426229531249997 0.46875 0.2950819671875 0.46875 0.2669789234375 0.465625 0.24355971875 0.453125 0.20843091406249997 0.4328125 0.18032786875 0.40625 0.16393442656249999 0.375 0.16393442656249999 0.35 0.17798594843749999 0.3328125 0.19906323125 0.3203125 0.22482435625 0.3125 0.2599531609375 0.3125 0.30210772812500003 0.321875 0.3489461359375 0.315557065625 0.35169534687500004 0.3171875 0.35597189687499997 0.315625 0.3606557375 0.31216032656250003 0.3626921890625 0.3125 0.3676814984375 0.3053668484375 0.384685878125 0.3046875 0.39578454375 0.301970109375 0.395682721875 0.303125 0.405152225 0.29857337031250003 0.4066795640625 0.3015625 0.4168618265625 0.2984375 0.4238875875 0.29517662968749997 0.41767640781250004 0.291779890625 0.42867325 0.2953125 0.4355971890625 0.2926448171875 0.43982407031250004 0.2875 0.43793910937499997 0.2847179875 0.4399383109375 0.28125 0.428571428125 0.2767911578125 0.44005255 0.2765625 0.44730679218749997 0.26875 0.4437939109375 0.26875 0.428571428125 0.2609375 0.4402810296875 0.24739583281250002 0.428571428125 0.240625 0.42622950781249996 0.2421875 0.41920374687499995 0.2338541671875 0.4168618265625 0.2270833328125 0.41100702499999997 0.2390625 0.3981264640625 0.2203125 0.3770491796875 0.2 0.3770491796875 0.2 0.387587821875 0.1953125 0.3864168625 0.1932291671875 0.3817330203125 0.159375 0.352459015625 0.153125 0.32318501093749996 0.1526041671875 0.346604215625 0.1458333328125 0.3407494140625 0.14375 0.3255269328125 0.1390625 0.3348946140625 0.140625 0.3676814984375 0.1478365390625 0.37290578281250003 0.1454427078125 0.3778298203125 0.1465144234375 0.3853359765625