2 0.44759374999999996 0.5776458328125 0.442171875 0.5686875 0.437375 0.5635833328125 0.43896875 0.5546458328125 0.43832812499999996 0.53975 0.43321875 0.5384583328125 0.42907812500000003 0.52825 0.42907812500000003 0.5095208328124999 0.422375 0.50525 0.41375 0.50525 0.40065625000000005 0.5099375 0.38628125 0.5205833328125 0.37893750000000004 0.5388958328125 0.380859375 0.5567708328125 0.38725 0.5746458328124999 0.388203125 0.6133958328125 0.39775 0.6112291671875 0.3933125 0.6155208328125 0.44759374999999996 0.58275 0.44759374999999996 0.5776458328125
2 0.8026562500000001 0.6085833328125 0.8265625 0.6542916671875 0.8305468749999999 0.6149583328125 0.8377343749999999 0.5894375000000001 0.836125 0.5522291671875 0.8313437499999999 0.5384166671874999 0.7970625 0.5171666671875 0.7747499999999999 0.56075 0.777140625 0.56075 0.7755468750000001 0.5788125 0.8026562500000001 0.6085833328125
2 0.641109375 0.1233958328125 0.682109375 0.112625 0.702 0.12256249999999999 0.7398906249999999 0.1325 0.75790625 0.11510416718750001 0.760390625 0.0919166671875 0.75790625 0.070375 0.74609375 0.048854167187500006 0.728703125 0.03725 0.708203125 0.038083332812499995 0.6777656249999999 0.0513333328125 0.616890625 0.083625 0.638625 0.12420833281250002 0.641109375 0.1233958328125
2 0.467359375 0.0884791671875 0.44964062499999996 0.0678958328125 0.40046875000000004 0.1746041671875 0.47478125000000004 0.0953333328125 0.46849999999999997 0.09 0.467359375 0.0884791671875
2 0.26354687499999996 0.6370625000000001 0.289203125 0.6422291671875 0.326953125 0.6486666671875 0.34534375 0.6680416671875 0.350671875 0.619625 0.344859375 0.5970416671875001 0.315828125 0.5899375 0.29114062500000004 0.5880208328125 0.26065625 0.6060833328124999 0.261125 0.6060833328124999 0.259203125 0.6370625000000001 0.26354687499999996 0.6370625000000001
2 0 0.6134791671875 0.08090625 0.6404583328125 0.082578125 0.6134791671875 0.0471875 0.5640416671875 0.057296875000000004 0.4808958328125 0.02359375 0.4606666671875 0.0033750000000000004 0.4606666671875 0 0.6134791671875
2 0.956859375 0.4787916671875 0.923515625 0.4528541671875 0.8975781250000001 0.42445833281249995 0.88646875 0.410875 0.881828125 0.4046875 0.856828125 0.410875 0.8447812499999999 0.43433333281250003 0.833671875 0.45904166718750006 0.8382968749999999 0.48991666718750004 0.845703125 0.5047291671874999 0.856828125 0.5158541671875 0.856828125 0.514625 0.970765625 0.5331458328124999 0.9716875 0.5170833328125 0.9661250000000001 0.492375 0.956859375 0.4787916671875
2 0.49759374999999995 0.5901666671875 0.515546875 0.6016458328125001 0.5263125 0.5872916671875 0.5629375 0.5509166671875 0.62109375 0.5116666671875 0.608171875 0.49347916718749996 0.58375 0.4838958328125 0.541390625 0.5145208328125 0.48754687499999994 0.5719791671875 0.49759374999999995 0.5901666671875
2 0.17465625 0.7059375 0.1330625 0.6309166671875001 0.115125 0.6504791671875 0.08495312499999999 0.6841875 0.08657812499999999 0.6841875 0.151 0.7483541671875 0.16895312499999998 0.733125 0.18035937500000002 0.7342083328125 0.17465625 0.7059375
2 0.337390625 0.2091458328125 0.317578125 0.21091666718750002 0.28454687500000003 0.2223541671875 0.283875 0.23733333281250002 0.295109375 0.2461458328125 0.32484375 0.2540833328125 0.34004687499999997 0.26729166718749997 0.345328125 0.3016458328125 0.3565625 0.29900000000000004 0.39025 0.316625 0.392890625 0.27697916718750004 0.36315624999999996 0.224125 0.337390625 0.2091458328125
2 0.127234375 0.8048958328125 0.14265624999999998 0.8048958328125 0.149078125 0.7791875 0.138796875 0.7414791671875001 0.10795312500000001 0.6969375 0.068109375 0.6849375 0.017984375 0.6900833328125 0.0038593750000000004 0.7003541671875 0 0.7449166671875 0.025703125 0.7620416671875 0.06168749999999999 0.7860416671875 0.10409375000000001 0.7946041671875 0.127234375 0.8048958328125