2 0.4063125 0.5763084109375 0.42085937500000004 0.581168225 0.42571875 0.581168225 0.42976562500000004 0.5690654203125 0.433 0.5569626171875 0.436234375 0.5497196265625 0.44675000000000004 0.543668225 0.45240625 0.543668225 0.47182812500000004 0.535186915625 0.47264062500000004 0.5194626171875 0.46696875000000004 0.5110046734375 0.45321875 0.5013317749999999 0.430578125 0.4868224296875 0.42895312499999994 0.48801401875000006 0.415203125 0.5037383171875 0.40954687500000003 0.5158411218750001 0.40226562499999996 0.5339953265624999 0.4063125 0.5557476640625 0.40226562499999996 0.5424532703125 0.39821875 0.564228971875 0.4063125 0.5763084109375
2 0.580078125 0.9191121499999999 0.58909375 0.91684579375 0.5921093749999999 0.914602803125 0.5921093749999999 0.8719158874999999 0.58159375 0.8337149531250001 0.55153125 0.8247196265625 0.52146875 0.840443925 0.49292187500000006 0.8876401875000001 0.491421875 0.9011214953125 0.5335 0.9123598124999999 0.580078125 0.9191121499999999
2 0.5516875 0.5936214953125 0.56928125 0.5906775703125 0.58053125 0.565841121875 0.57515625 0.549742990625 0.5560937499999999 0.5307476640625 0.534078125 0.51904205625 0.5130625 0.5124532703125 0.512078125 0.5146495328125 0.5018125 0.535116821875 0.5023125 0.5563317750000001 0.50865625 0.574602803125 0.5516875 0.5936214953125
2 0.5417500000000001 0.6333644859375 0.551015625 0.60911215 0.5487031250000001 0.595257009375 0.5255156249999999 0.5813785046875 0.520109375 0.5836915890625 0.51084375 0.60911215 0.51625 0.6275934578125 0.5270625 0.6368224296875 0.5417500000000001 0.6333644859375
2 0.60009375 0.6549766359375 0.58078125 0.68007009375 0.571546875 0.69640186875 0.566515625 0.6989018687499999 0.56903125 0.720257009375 0.57490625 0.75037383125 0.596734375 0.76418224375 0.61771875 0.74911215 0.637875 0.737827103125 0.6538125 0.722757009375 0.658015625 0.69640186875 0.6420625 0.656214953125 0.6555 0.6524532703125 0.621078125 0.64742990625 0.60009375 0.6549766359375
2 0.685828125 0.429602803125 0.73096875 0.40906542031250004 0.73228125 0.40612149531249997 0.73096875 0.39831775625 0.7283593749999999 0.3826635515625 0.726390625 0.37581775624999997 0.71003125 0.3650467296875 0.68125 0.348411215625 0.67471875 0.35331775625 0.64396875 0.38364485937500004 0.6478906249999999 0.41787383125 0.653125 0.4237383171875 0.679953125 0.4432943921875 0.685828125 0.429602803125
2 0.591125 0.41109813125 0.598359375 0.4048364484375 0.598359375 0.40712616874999996 0.5975937499999999 0.42021027968749997 0.598734375 0.43502336406250003 0.60103125 0.44186915937500004 0.607125 0.4395794390625 0.613984375 0.42761682187499994 0.620078125 0.41509345781249996 0.6265468750000001 0.4128037390625 0.6265468750000001 0.4082476640625 0.6193125 0.40198598125 0.6166406249999999 0.41053738281249996 0.612453125 0.4139485984375 0.612828125 0.387757009375 0.607890625 0.356425234375 0.599890625 0.342172896875 0.58121875 0.3399065421875 0.564828125 0.34731308437499997 0.560640625 0.360397196875 0.556453125 0.39345794375 0.5709375 0.40654205625 0.584265625 0.41565420625 0.591125 0.41109813125
2 0.7557343750000001 0.584813084375 0.765765625 0.5360514015625 0.76409375 0.527313084375 0.728984375 0.518574765625 0.705578125 0.526074765625 0.692203125 0.5735514015625001 0.71728125 0.574813084375 0.728984375 0.574813084375 0.7557343750000001 0.584813084375
2 0.909203125 0.68088785 0.8971718750000001 0.6674065421875001 0.8836562499999999 0.6516822437500001 0.8626093750000001 0.6449532703124999 0.8385624999999999 0.6314719625 0.8280468750000001 0.6516822437500001 0.826546875 0.6719158875 0.8280468750000001 0.6966355140625 0.867125 0.7191121500000001 0.88815625 0.725841121875 0.9107031250000001 0.7191121500000001 0.909203125 0.68088785
2 0.502125 0.62434579375 0.50284375 0.6222196265625 0.50284375 0.6169158875 0.49715625 0.6031074765625 0.49431250000000004 0.5892757015625001 0.49074999999999996 0.5892757015625001 0.490046875 0.5903504671875 0.4488125 0.6126635515625 0.41184374999999995 0.633925234375 0.409 0.6275467296875 0.418953125 0.678574765625 0.502125 0.62434579375
2 0.7774375 0.8438785046874999 0.757953125 0.8130373828125 0.7533593749999999 0.8558644859375001 0.73159375 0.8387383171874999 0.7098125 0.821588784375 0.65825 0.821588784375 0.621578125 0.8061682250000001 0.61240625 0.886728971875 0.64678125 0.9021495328125001 0.652515625 0.9227102796875 0.718984375 0.9021495328125001 0.7774375 0.8798598125 0.7774375 0.8438785046874999
2 0.546171875 0.8213785046875 0.5685156250000001 0.8213785046875 0.5806250000000001 0.7949299062499999 0.5964375000000001 0.7657009343750001 0.594578125 0.7601401875 0.5787656250000001 0.7517757015625001 0.573171875 0.7531775703125 0.561078125 0.7601401875 0.5275624999999999 0.7837850468750001 0.5015 0.8032943921875001 0.509875 0.846425234375 0.51825 0.8436448593750001 0.546171875 0.8213785046875
2 0.479 0.5958644859375 0.49456249999999996 0.5896962609374999 0.49548437500000003 0.5794392515625 0.49548437500000003 0.5787616828125 0.496390625 0.5794392515625 0.508765625 0.6068224296875 0.518375 0.5835514015625 0.51334375 0.5780607484375 0.507390625 0.5719158875 0.5000625000000001 0.53904205625 0.512421875 0.5109813078125 0.5197499999999999 0.5109813078125 0.542640625 0.519883178125 0.536234375 0.500700934375 0.5220312500000001 0.4678504671875 0.52753125 0.4500467296875 0.521125 0.4445794390625 0.520203125 0.42404205624999997 0.50096875 0.4069158875 0.477625 0.41581775624999995 0.45748437500000005 0.4705841125 0.47717187499999997 0.47607476562500006 0.46846875 0.48771027968749997 0.46618750000000003 0.49112149531249993 0.46984375 0.5123598125 0.459765625 0.501658878125 0.437796875 0.486588784375 0.43321875 0.4852102796875 0.401171875 0.52287383125 0.401171875 0.537242990625 0.37553125 0.544088784375 0.377359375 0.5721495328125 0.377359375 0.573271028125 0.395671875 0.5760046734375 0.41215624999999995 0.6164018687499999 0.42176562500000003 0.6253037390625 0.479 0.5958644859375
2 0.4203125 0.7219626171875 0.4296875 0.7219626171875 0.4359375 0.712616821875 0.4609375 0.703271028125 0.4765625 0.682242990625 0.4828125 0.6799065421875 0.484375 0.6658878500000001 0.4796875 0.6542056078125 0.4837053578125 0.65053404375 0.49918154687499994 0.644526034375 0.575 0.63551401875 0.58125 0.640186915625 0.590625 0.65654205625 0.6015625 0.65654205625 0.615625 0.6495327109375 0.6453125 0.651869159375 0.646875 0.6471962609374999 0.6453125 0.6074766359375 0.640625 0.5911214953124999 0.6125 0.5911214953124999 0.59375 0.6051401875 0.5796875 0.609813084375 0.5765625 0.61448598125 0.5069196421875 0.6415220296874999 0.475 0.6425233640625 0.47596726250000004 0.6535380515625 0.4682291671875 0.65654205625 0.467633928125 0.6475300390625 0.4602678578125 0.6525367156249999 0.46049107187500005 0.6595460609375 0.4529017859375 0.657543390625 0.4527529765625 0.6625500671875 0.4455357140625 0.6625500671875 0.44501488125 0.665554071875 0.4381696421875 0.66755674375 0.430803571875 0.67256341875 0.429538690625 0.67156208125 0.4234375 0.67757009375 0.4218005953125 0.6745660890625 0.4140625 0.67757009375 0.4109375 0.682242990625 0.4109375 0.7009345796875001 0.4140625 0.712616821875 0.4203125 0.7219626171875