3 0.593859375 0.3913411765625 0.59571875 0.392047059375 0.5961875 0.39484705937500003 0.6013124999999999 0.397647059375 0.605046875 0.39484705937500003 0.6078281249999999 0.38924705937500004 0.609234375 0.38432941249999997 0.609234375 0.3787294125 0.6064375 0.3738117640625 0.604578125 0.3731058828125 0.5980624999999999 0.3703058828125 0.593390625 0.374517646875 0.59153125 0.3808235296875 0.59246875 0.38783529375 0.593859375 0.3913411765625
3 0.48801562499999995 0.2205411765625 0.48584375 0.22590588281250001 0.485453125 0.234847059375 0.486640625 0.2396235296875 0.4911875 0.24110588281249998 0.495140625 0.2396235296875 0.49909375 0.2330588234375 0.4996875 0.22352941249999997 0.497515625 0.21816470625 0.49178125 0.2157882359375 0.48801562499999995 0.2205411765625
3 0.6248750000000001 0.3842117640625 0.625921875 0.38136470624999996 0.626125 0.3785411765625 0.62571875 0.37505882343749997 0.6255 0.36905882343749996 0.625921875 0.3703058828125 0.63053125 0.3703058828125 0.6336875 0.3703058828125 0.637046875 0.3684235296875 0.6385156249999999 0.367482353125 0.6374531250000001 0.3649411765625 0.6374531250000001 0.36242352968749997 0.637671875 0.3542117640625 0.637046875 0.35136470625 0.635578125 0.349152940625 0.633265625 0.3475764703125 0.6290625000000001 0.3459764703125 0.6275937500000001 0.34630588281249997 0.627390625 0.3488235296875 0.62928125 0.353247059375 0.6278125 0.3529411765625 0.62696875 0.3500941171875 0.6248750000000001 0.3469411765625 0.62109375 0.34536470625 0.61815625 0.34503529374999997 0.613546875 0.3488235296875 0.61228125 0.3526117640625 0.61165625 0.35736470625 0.612703125 0.36463529375000003 0.61396875 0.367482353125 0.61375 0.36936470625 0.613546875 0.37094117656250003 0.614171875 0.373482353125 0.61165625 0.37472941249999997 0.61103125 0.37663529375000004 0.61103125 0.380117646875 0.61228125 0.3842117640625 0.6154375 0.3873882359375 0.620046875 0.38832941249999997 0.620046875 0.388 0.62340625 0.3864235296875 0.6248750000000001 0.3842117640625
3 0.5632343750000001 0.348352940625 0.5635625 0.3508235296875 0.564546875 0.355247059375 0.566828125 0.3567294125 0.5700937500000001 0.3567294125 0.5723906249999999 0.355247059375 0.573703125 0.3532705875 0.5743437499999999 0.348847059375 0.575328125 0.34343529375 0.574015625 0.33703529374999996 0.567484375 0.3340941171875 0.5665 0.3345882359375 0.56553125 0.336047059375 0.5629062499999999 0.3380235296875 0.5632343750000001 0.3429411765625 0.5632343750000001 0.348352940625
3 0.5665 0.5270588234375 0.5671875 0.5145647062500001 0.5547500000000001 0.5083294125 0.549921875 0.5156 0.5540625 0.5124941171875 0.548546875 0.5270588234375 0.550609375 0.53016470625 0.561671875 0.5332941171875001 0.5665 0.5270588234375
3 0.688578125 0.2455058828125 0.6872812500000001 0.25084705937499996 0.692609375 0.24404705937500001 0.69453125 0.24136470625 0.69340625 0.2331294125 0.689546875 0.2268235296875 0.6856718749999999 0.2270588234375 0.682609375 0.2289882359375 0.6790625 0.2357882359375 0.67809375 0.23675294062500002 0.678578125 0.24404705937500001 0.6814843749999999 0.2496235296875 0.686796875 0.24524705937500002 0.688578125 0.2455058828125
3 0.726390625 0.3103294125 0.72371875 0.2996705875 0.712203125 0.3049882359375 0.712203125 0.31435294062499997 0.717515625 0.32369411718749996 0.7201875 0.32503529375 0.72815625 0.3156705875 0.726390625 0.3103294125
3 0.645671875 0.326447059375 0.64196875 0.3304941171875 0.6428125 0.33303529374999996 0.6465156249999999 0.3297411765625 0.649875 0.3297411765625 0.65071875 0.326447059375 0.647359375 0.324682353125 0.645671875 0.326447059375
3 0.519140625 0.5459058828125001 0.5148906249999999 0.5377882359374999 0.50871875 0.5377882359374999 0.5060156250000001 0.54183529375 0.505625 0.554047059375 0.5168125 0.5627764703125 0.51875 0.5639294125000001 0.520296875 0.558117646875 0.519140625 0.5459058828125001
3 0.47757812499999996 0.481552940625 0.47625 0.4835764703125 0.475796875 0.4869411765625 0.483390625 0.5010588234375 0.48428125 0.5010588234375 0.488953125 0.48760000000000003 0.4845 0.479882353125 0.479140625 0.479552940625 0.47757812499999996 0.481552940625
3 0.44318749999999996 0.44743529375 0.447171875 0.44743529375 0.45209374999999996 0.445317646875 0.4535 0.43896470625 0.45303125 0.43296470625000005 0.44857812499999994 0.42625882343750005 0.44178125 0.429082353125 0.438734375 0.4322588234375 0.439671875 0.44002352968749997 0.43943750000000004 0.43825882343749994 0.43896875 0.44355294062499995 0.44318749999999996 0.44743529375
3 0.337375 0.45169411718749997 0.34182812500000004 0.43350588281249997 0.33546875 0.4258588234375 0.3265625 0.4239294125 0.32465625 0.42776470624999996 0.323390625 0.43543529375 0.32275 0.444047059375 0.337375 0.45169411718749997
3 0.39456250000000004 0.36564705937499997 0.394953125 0.3576235296875 0.39159375 0.34929411718750003 0.38528125 0.3475294125 0.380140625 0.3496 0.37698437500000004 0.3579294125 0.377578125 0.3683294125 0.3835 0.37367058750000004 0.385078125 0.3733882359375 0.39021875 0.370117646875 0.39456250000000004 0.36564705937499997
3 0.1109375 0.6235294125 0.109375 0.6094117640625 0.1375 0.5518339109375 0.19375 0.48083045 0.1984375 0.49176470625 0.203125 0.4988235296875 0.2078125 0.4988235296875 0.209375 0.505882353125 0.2140625 0.5129411765625 0.2171875 0.5129411765625 0.2171875 0.5294117640625 0.2109375 0.534117646875 0.209375 0.5529411765625001 0.2140625 0.5599999999999999 0.2234375 0.5599999999999999 0.228125 0.5505882359375 0.228125 0.5411764703124999 0.234375 0.5388235296875 0.2421875 0.52 0.2421875 0.5105882359375 0.234375 0.4964705875 0.2359375 0.4870588234375 0.24375 0.4870588234375 0.246875 0.48235294062499995 0.2546875 0.48235294062499995 0.2546875 0.4964705875 0.2578125 0.5035294125 0.2625 0.5105882359375 0.2703125 0.5105882359375 0.26875 0.545882353125 0.2734375 0.5529411765625001 0.278125 0.5929411765625 0.271875 0.5976470593750001 0.2703125 0.6164705875000001 0.275 0.6235294125 0.284375 0.6235294125 0.2921875 0.637647059375 0.3015625 0.637647059375 0.30625 0.62823529375 0.31124999999999997 0.6367058828125 0.328125 0.6470588234375 0.328125 0.6611764703125 0.3328125 0.66823529375 0.3421875 0.66823529375 0.3453125 0.6635294125 0.3515625 0.6635294125 0.35625 0.654117646875 0.35625 0.6447058828125 0.3515625 0.6352941171875 0.3625 0.625882353125 0.3671875 0.6329411765625 0.3765625 0.6329411765625 0.38125 0.6235294125 0.38125 0.614117646875 0.3765625 0.6047058828125 0.3703125 0.602352940625 0.3640625 0.6070588234375001 0.365625 0.557647059375 0.375 0.557647059375 0.378125 0.5529411765625001 0.3796875 0.5388235296875 0.371875 0.5270588234375 0.3734375 0.5129411765625 0.3828125 0.5129411765625 0.3875 0.50823529375 0.3921875 0.4988235296875 0.3921875 0.4894117640625 0.384375 0.477647059375 0.3703125 0.4870588234375 0.365625 0.46352941249999996 0.3721875 0.4484705875 0.3703125 0.442352940625 0.37906249999999997 0.43952941250000005 0.3859375 0.43058823593750006 0.390625 0.437647059375 0.4 0.437647059375 0.4046875 0.42823529374999997 0.4296875 0.4611764703125 0.4296875 0.47529411718750003 0.434375 0.48235294062499995 0.43359375 0.4870588234375 0.4375 0.4988235296875 0.4359375 0.5035294125 0.43958333281249995 0.5152941171875 0.4359375 0.517647059375 0.440625 0.5270588234375 0.44322916718750005 0.5270588234375 0.446875 0.5388235296875 0.4375 0.5529411765625001 0.4359375 0.57176470625 0.440625 0.5788235296875001 0.45 0.5788235296875001 0.45 0.5976470593750001 0.453125 0.6070588234375001 0.45 0.614117646875 0.45 0.62823529375 0.4546875 0.6470588234375 0.4640625 0.6494117640625 0.465625 0.6611764703125 0.4703125 0.66823529375 0.4828125 0.66823529375 0.4875 0.6588235296875 0.4875 0.6494117640625 0.484375 0.642352940625 0.489375 0.6371764703125 0.515625 0.6329411765625 0.5203125 0.64 0.5341836734375 0.6397599031250001 0.553125 0.7670588234375 0.5453125 0.7764705875 0.5453125 0.7905882359375 0.55 0.797647059375 0.5609375 0.797647059375 0.5640625 0.7929411765625 0.565625 0.7788235296875 0.5625 0.77176470625 0.5673611109375 0.7654901953125 0.69375 0.7341176468749999 0.6984375 0.7411764703125 0.7078125 0.7411764703125 0.71875 0.7152941171875 0.7846028640625 0.7430294125 0.784375 0.7552941171875001 0.7875 0.76 0.7890625 0.774117646875 0.79375 0.7811764703125 0.803125 0.7811764703125 0.8078125 0.77176470625 0.8078125 0.76 0.8015625 0.7388235296875 0.7921875 0.73176470625 0.7848307296875 0.73076470625 0.7922063703125 0.72 0.78505859375 0.7184999999999999 0.7922252421875 0.7082352937499999 0.7852864578125 0.70623529375 0.7855143234375 0.6939705875 0.7922441124999999 0.6964705875 0.7922629828125001 0.6847058828125 0.7857421875 0.6817058828125 0.7859700515625 0.6694411765625 0.792281853125 0.6729411765625 0.792300725 0.6611764703125 0.7861979171875 0.6571764703125 0.788043478125 0.6494117640625 0.7923195953125 0.6494117640625 0.7884510875 0.637647059375 0.792338465625 0.637647059375 0.7888586953125001 0.625882353125 0.7923573375 0.625882353125 0.7892663046874999 0.614117646875 0.7923762078125 0.614117646875 0.7872395828125 0.6091764703125 0.7896739125 0.602352940625 0.8484375 0.61176470625 0.8525 0.610117646875 0.859375 0.6188235296875 0.859375 0.6309803921875 0.8552734375 0.6285294125 0.853125 0.6341176468749999 0.85546875 0.6411764703125 0.8534375000000001 0.646117646875 0.8556640625 0.6538235296875 0.85375 0.658117646875 0.859375 0.66745098125 0.8550000000000001 0.6749411765625 0.85625 0.6917647062500001 0.85 0.6964705875 0.8484375 0.7152941171875 0.85625 0.7247058828124999 0.865625 0.7247058828124999 0.8703125 0.7152941171875 0.8703125 0.705882353125 0.865625 0.6964705875 0.859375 0.6917647062500001 0.859375 0.6796078421875 0.8785456734375 0.6695022640625 0.8890625 0.7505882359375 0.8875 0.7694117640625 0.8921875 0.7764705875 0.9015625 0.7764705875 0.90625 0.7670588234375 0.9046875 0.7529411765625 0.8918154765624999 0.7392717078125 0.941369046875 0.53557423125 0.9453125 0.5317647062499999 0.95 0.5388235296875 0.959375 0.5388235296875 0.9640625 0.5294117640625 0.9625 0.5152941171875 0.95625 0.50823529375 0.946875 0.5129411765625 0.9441220234375001 0.524257703125 0.8635216343750001 0.5536651578125 0.859375 0.5505882359375 0.86201923125 0.5420814468749999 0.859375 0.5380392171875 0.8605168265625001 0.5304977359375 0.859375 0.5254901953125 0.859375 0.5129411765625 0.8575120187499999 0.5073303171875 0.859375 0.5003921578125 0.8560096156249999 0.4957466078125 0.859375 0.4878431359375 0.8545072109375 0.484162896875 0.849375 0.49011764687500003 0.8490624999999999 0.478117646875 0.853125 0.47529411718750003 0.865625 0.47529411718750003 0.86875 0.4705882359375 0.8703125 0.45647058749999997 0.8625 0.4447058828125 0.85 0.44941176406250005 0.8302631578125 0.25721362187499996 0.8296875 0.24705882343750002 0.8390625 0.24705882343750002 0.84375 0.23764705937500002 0.8421875 0.22352941249999997 0.8359375 0.2164705875 0.8265625 0.2211764703125 0.827796053125 0.2331888546875 0.8234375 0.23294117656250002 0.825 0.24 0.8203125 0.2447058828125 0.7953125 0.3388235296875 0.796875 0.3529411765625 0.7921875 0.3505882359375 0.7890625 0.362352940625 0.7664583328125001 0.3513725484375 0.7609375 0.35764705937499996 0.7589236109375 0.34771241875 0.7513888890625 0.3440522875 0.74375 0.34588235312500004 0.7438541671875 0.3403921578125 0.73631944375 0.3367320265625 0.734375 0.3388235296875 0.728784721875 0.333071896875 0.6986458328125 0.318431371875 0.696875 0.31607843125 0.703125 0.3011764703125 0.7015625 0.2870588234375 0.70625 0.2831372546875 0.721875 0.22823529374999998 0.73125 0.22823529374999998 0.7359375 0.2188235296875 0.734375 0.2047058828125 0.7265625 0.197647059375 0.7265625 0.16 0.73125 0.15058823593749998 0.7296875 0.13647058750000002 0.7203125 0.1294117640625 0.7125 0.1388235296875 0.6890625 0.10823529375 0.6890625 0.0894117640625 0.6828125 0.08235294062500001 0.6765625 0.08235294062500001 0.671875 0.07764705937500001 0.6625 0.08235294062500001 0.6609375 0.0870588234375 0.6609375 0.10117647031250002 0.6671875 0.10823529375 0.6671875 0.12 0.6515625 0.1309803921875 0.64375 0.13176470625 0.6359375 0.12 0.6234375 0.12235294062499999 0.621875 0.10823529375 0.6234375 0.1035294125 0.628125 0.1035294125 0.63125 0.0988235296875 0.6328125 0.0847058828125 0.628125 0.0752941171875 0.621875 0.0729411765625 0.55 0.0729411765625 0.54375 0.07764705937500001 0.5421875 0.09647058750000001 0.546875 0.1035294125 0.55625 0.1035294125 0.5663541671875 0.11623529375 0.5238541671875 0.150117646875 0.5234375 0.157647059375 0.5171875 0.1552941171875 0.509375 0.1647058828125 0.4671875 0.1952941171875 0.4578125 0.18823529375 0.457534721875 0.201307190625 0.45 0.197647059375 0.3222470234375 0.27002801249999997 0.321875 0.27529411718749996 0.3147321421875 0.274285715625 0.3140625 0.28470588281250003 0.3072172625 0.2785434171875 0.3 0.277647059375 0.29970238125000004 0.2828011203125 0.2921875 0.2870588234375 0.2921875 0.3011764703125 0.2873355265625 0.29684210625 0.21455592031249998 0.44359133125000005 0.215625 0.4588235296875 0.209703946875 0.4533746140625 0.2078125 0.46588235312500004 0.2048519734375 0.46315789374999994 0.10625 0.591280278125 0.103125 0.602352940625 0.1 0.5991695499999999 0.09375 0.6070588234375001 0.0921875 0.625882353125 0.096875 0.6329411765625 0.10625 0.6329411765625 0.1109375 0.6235294125