1 0.237546875 0.3576041671875 0.23953125000000003 0.35543749999999996 0.238265625 0.3425416671875 0.236125 0.340625 0.23504687500000002 0.340875 0.23557812500000003 0.3497083328125 0.23521874999999998 0.3537708328125 0.23521874999999998 0.3563958328125 0.237546875 0.3576041671875
1 0.13804687499999999 0.3219375 0.13821875 0.31883333281250004 0.13284374999999998 0.31814583281250003 0.13189062499999998 0.31966666718750003 0.13090625 0.31979166718749996 0.12734375 0.3221666671875 0.12590625 0.3252708328125 0.125375 0.3302708328125 0.12590625 0.3347708328125 0.125734375 0.337625 0.12859375 0.33929166718750003 0.1318125 0.33947916718750004 0.134484375 0.3418541671875 0.139828125 0.3418541671875 0.1420625 0.33175 0.14178125 0.3290625 0.140359375 0.32575 0.13804687499999999 0.3219375
1 0.059812500000000005 0.3375 0.057609375 0.3375 0.046640625000000005 0.3355625 0.037843749999999995 0.362875 0.056140625 0.362875 0.056874999999999995 0.3658125 0.060546875 0.358 0.059812500000000005 0.3375
1 0.12567187500000002 0.33718750000000003 0.12567187500000002 0.3345208328125 0.11768749999999999 0.3212291671875 0.10371875 0.3238958328125 0.10371875 0.33187500000000003 0.10371875 0.3504791671875 0.10571875 0.3664375 0.13564062500000001 0.3637916671875 0.133640625 0.3531458328125 0.133640625 0.3398541671875 0.12567187500000002 0.33718750000000003
1 0.21353125 0.35325 0.21478125 0.35389583281250003 0.217 0.35325 0.21715625 0.3576875 0.21857812499999998 0.3583125 0.22126562500000002 0.3595833328125 0.22174999999999997 0.359375 0.22443749999999998 0.3576875 0.226328125 0.35389583281250003 0.22743750000000001 0.3507291671875 0.226015625 0.3429166671875 0.2250625 0.34039583281249997 0.22459375 0.3393333328125 0.22396875 0.3380833328125 0.22379687499999998 0.3376458328125 0.2220625 0.3366041671875 0.22032812499999999 0.3368125 0.21984374999999998 0.3355416671875 0.21937500000000001 0.3349166671875 0.218265625 0.3353333328125 0.21653125 0.3353333328125 0.21604687500000003 0.33575 0.21621875 0.3370208328125 0.21621875 0.3380833328125 0.21335937500000002 0.3422916671875 0.212578125 0.3462916671875 0.212734375 0.34904166718749996 0.21353125 0.35325
1 0.228078125 0.3457083328125 0.22789062499999999 0.34729166718750004 0.22771875000000003 0.3485208328125 0.227984375 0.3510833328125 0.22698437500000002 0.3525625 0.226796875 0.3536458328125 0.22917187499999997 0.355375 0.231203125 0.3556041671875 0.23265625 0.3556041671875 0.23440625 0.355 0.2356875 0.3536458328125 0.235875 0.3515833328125 0.23542187499999997 0.3471666671875 0.23450000000000001 0.34522916718749996 0.2346875 0.3426458328125 0.234765625 0.3415416671875 0.23357812500000003 0.3403333328125 0.23174999999999998 0.3397083328125 0.231921875 0.33922916718749996 0.23146874999999997 0.33947916718750004 0.23009374999999999 0.3421666671875 0.22890625 0.34362499999999996 0.228078125 0.3457083328125
1 0.26015625 0.3400833328125 0.2614375 0.3379583328125 0.262390625 0.3307083328125 0.260796875 0.3200625 0.256328125 0.3200625 0.250890625 0.32645833281250003 0.248015625 0.3332708328125 0.24929687500000003 0.3371041671875 0.25440625 0.3396458328125 0.26015625 0.3400833328125
1 0.22296875 0.3367291671875 0.22374999999999998 0.3369583328125 0.224375 0.3363125 0.224375 0.337375 0.224375 0.338625 0.22595312500000003 0.3394583328125 0.226421875 0.3398958328125 0.22753125000000002 0.338625 0.2283125 0.3358958328125 0.228625 0.3342291671875 0.229109375 0.3350625 0.230203125 0.3369583328125 0.23115625 0.3369583328125 0.23271875 0.3365208328125 0.233203125 0.3365208328125 0.233984375 0.3344375 0.234296875 0.3329583328125 0.23493750000000002 0.33337500000000003 0.23665625 0.3325416671875 0.2368125 0.3304375 0.2361875 0.3272916671875 0.234765625 0.32497916718750003 0.233828125 0.3245625 0.23209375 0.3237291671875 0.2319375 0.3214166671875 0.230359375 0.3205625 0.228796875 0.3205625 0.2283125 0.321625 0.2270625 0.3226666671875 0.226109375 0.3243541671875 0.224375 0.32497916718750003 0.22265625 0.3258125 0.220609375 0.32877083281249997 0.21949999999999997 0.3315 0.2204375 0.33464583281250004 0.220609375 0.3358958328125 0.222015625 0.3367291671875 0.22296875 0.3367291671875
1 0.22309375 0.3653333328125 0.2270625 0.3653333328125 0.23064062500000002 0.3660208328125 0.23357812500000003 0.3690833328125 0.234484375 0.3672083328125 0.2355 0.3608958328125 0.23525000000000001 0.3552708328125 0.230765625 0.35612499999999997 0.2268125 0.35389583281250003 0.226421875 0.35322916718749997 0.22271875 0.358 0.22309375 0.3653333328125
1 0.204296875 0.3652083328125 0.21296875 0.3652083328125 0.21862499999999999 0.3662291671875 0.22315625 0.3652083328125 0.22353125000000001 0.3622083328125 0.21371875 0.34710416718750003 0.205421875 0.34460416718750003 0.20014062500000002 0.34962499999999996 0.196 0.3566666671875 0.19675 0.3622083328125 0.198640625 0.3652083328125 0.204296875 0.3652083328125
1 0.174046875 0.3179166671875 0.16821875 0.32179166718749996 0.16434375 0.3230833328125 0.16240625 0.32566666718750004 0.16240625 0.3379583328125 0.16628125 0.3418333328125 0.1735625 0.3405416671875 0.174046875 0.34118750000000003 0.17840625000000002 0.343125 0.18035937500000002 0.32566666718750004 0.1774375 0.3205 0.174046875 0.3179166671875
0 0.28540625 0.46243749999999995 0.27721874999999996 0.45560416718749996 0.275171875 0.45560416718749996 0.261859375 0.4801666671875 0.25571875 0.5156458328125 0.24651562500000002 0.5251875 0.24140625 0.517 0.25060937499999997 0.49243750000000003 0.257765625 0.45287499999999997 0.258796875 0.45152083281250005 0.26084375 0.4501458328125 0.257765625 0.45152083281250005 0.251640625 0.4447083328125 0.242421875 0.4215 0.23731249999999998 0.42014583281249995 0.22195312500000003 0.42014583281249995 0.21173437499999997 0.4337916671875 0.2015 0.44333333281250004 0.20046875000000003 0.44333333281250004 0.190234375 0.4487916671875 0.184109375 0.46243749999999995 0.173875 0.4719791671875 0.17284375000000002 0.4733541671875 0.163640625 0.4842708328125 0.159546875 0.49243750000000003 0.158515625 0.5101875 0.152390625 0.5197291671875 0.12884374999999998 0.5197291671875 0.12578125 0.533375 0.116578125 0.5702083328125 0.126796875 0.5879375 0.14215625 0.5947708328125 0.14521875 0.5947708328125 0.163640625 0.5947708328125 0.185125 0.5933958328125 0.18615625 0.5933958328125 0.199453125 0.5920416671875001 0.21990625000000003 0.5920416671875001 0.23321874999999997 0.5933958328125 0.271078125 0.5947708328125 0.29971875 0.5920416671875001 0.305859375 0.5879375 0.319171875 0.5783958328125001 0.328375 0.5633958328124999 0.3314375 0.54975 0.3365625 0.5374583328125 0.346796875 0.5238333328125 0.34781249999999997 0.4883541671875 0.346796875 0.4733541671875 0.346796875 0.4719791671875 0.349859375 0.45287499999999997 0.350890625 0.4351458328125 0.34065625 0.4256041671875 0.339625 0.4256041671875 0.315078125 0.4256041671875 0.314046875 0.4256041671875 0.297671875 0.4296875 0.29153125 0.4419791671875 0.290515625 0.4610625 0.28540625 0.46243749999999995
0 0.662296875 0.5718125 0.657375 0.5587083328125 0.64825 0.5558958328125 0.639125 0.5615208328125 0.637015625 0.5671458328125001 0.6384218749999999 0.584 0.64825 0.5858541671874999 0.656671875 0.5849375 0.662296875 0.5718125
0 0.537 0.5934583328125 0.554953125 0.5830416671875 0.5565 0.5653541671875 0.551046875 0.552875 0.545578125 0.5424791671875 0.547140625 0.5227083328125001 0.547921875 0.5102291671875 0.551828125 0.49775 0.551046875 0.48525 0.545578125 0.47902083281249996 0.543234375 0.47068750000000004 0.5416875 0.4613333328125 0.537 0.453 0.54090625 0.44364583281250003 0.5385625 0.43531250000000005 0.5323125 0.42699999999999994 0.522171875 0.42699999999999994 0.5096875 0.430125 0.494859375 0.4228333328125 0.477703125 0.4145208328125 0.46521875 0.4186666671875 0.453515625 0.4332291671875 0.454296875 0.4467708328125 0.454296875 0.456125 0.456625 0.4644583328125 0.456625 0.47485416718750006 0.4581875 0.48941666718750004 0.455859375 0.5029375 0.455859375 0.5123125 0.448828125 0.5279166671875 0.451171875 0.5424791671875 0.451953125 0.5580833328125 0.453515625 0.5643333328125 0.46209375 0.5830416671875 0.474578125 0.5872083328125 0.5175 0.5986458328125 0.537 0.5934583328125
0 0.7133125 0.42675 0.68828125 0.43110416718750005 0.67521875 0.42385416718749996 0.659984375 0.42820833281250004 0.653453125 0.4340208328125 0.6458437499999999 0.48189583281250004 0.6501875 0.5152708328125 0.661078125 0.5776666671874999 0.686109375 0.5921666671875 0.74378125 0.5907291671875 0.7601093750000001 0.579125 0.7688125 0.5631458328125001 0.74921875 0.5297916671875 0.7133125 0.42675
0 0.6525937500000001 0.42856249999999996 0.623375 0.40260416718750003 0.590265625 0.4 0.5396093750000001 0.42856249999999996 0.54740625 0.48570833281250003 0.5415625000000001 0.529875 0.55909375 0.5740208328125 0.64675 0.5922083328125 0.6350625 0.5714375 0.6545468750000001 0.5428541671875 0.6525937500000001 0.42856249999999996
0 0.4058125 0.418375 0.392765625 0.41256250000000005 0.38296874999999997 0.41547916718750005 0.360109375 0.4285208328125 0.360109375 0.43579166718750006 0.3579375 0.4575416671875 0.3525 0.4836666671875 0.35031249999999997 0.5025208328125 0.34704687500000003 0.5228541671875 0.329640625 0.559125 0.328546875 0.5750833328125 0.34704687500000003 0.5852291671875001 0.36990625 0.5910416671875 0.40254687499999997 0.5910416671875 0.42214062500000005 0.5866875 0.44390625000000006 0.5721875 0.447171875 0.5562083328125 0.448265625 0.5489583328125 0.448265625 0.5373541671875001 0.446078125 0.5097916671875 0.446078125 0.49672916718750004 0.446078125 0.4720625 0.440640625 0.44739583281249995 0.43520312499999997 0.4285208328125 0.43520312499999997 0.43579166718750006 0.4319375 0.43143750000000003 0.43084375 0.4212708328125 0.41778125 0.4212708328125 0.4058125 0.418375
0 0.938640625 0.4577291671875 0.9342656249999999 0.45091666718749995 0.9315312499999999 0.44945833281249997 0.92678125 0.4487291671875 0.9213125 0.44945833281249997 0.91803125 0.4536041671875 0.9174843750000001 0.4621041671875 0.919671875 0.4652708328125 0.921671875 0.4713541671875 0.9258749999999999 0.4764791671875 0.929515625 0.4745208328125 0.935359375 0.46966666718749994 0.938640625 0.4577291671875
0 0.8315312499999999 0.5914166671875 0.8585312500000001 0.5838333328124999 0.850484375 0.563 0.8490624999999999 0.5579375 0.856640625 0.5484791671875 0.85759375 0.5421458328125001 0.852375 0.5333125 0.8466875 0.5269999999999999 0.8400624999999999 0.5219375 0.835796875 0.5105833328125 0.8391093749999999 0.4947916671875 0.8339062500000001 0.48025 0.826796875 0.4726875 0.820640625 0.4587916671875 0.8173281250000001 0.44299999999999995 0.811171875 0.4246875 0.8007500000000001 0.41772916718750003 0.7912656250000001 0.40824999999999995 0.7756406250000001 0.4038333328125 0.767578125 0.40889583281249997 0.754796875 0.40889583281249997 0.744375 0.4152083328125 0.7377343749999999 0.42279166718749994 0.7282656249999999 0.4297291671875 0.7221093749999999 0.4341458328125 0.719734375 0.4411041671875 0.719734375 0.4531041671875 0.726375 0.4720416671875 0.733484375 0.48910416718749994 0.752421875 0.5377291671875 0.764265625 0.5547916671875 0.769484375 0.5775208328125 0.7917500000000001 0.5813125 0.79790625 0.5888958328125 0.8315312499999999 0.5914166671875
0 0.009390625 0.4222708328125 0.004359375 0.4252708328125 0.0015625 0.42675 0.00045312499999999997 0.5751875 0.00659375 0.5751875 0.013875000000000002 0.5833958328125 0.021703125 0.5945833328125001 0.048 0.5960833328125 0.07764062499999999 0.5975625 0.101703125 0.586375 0.10953125 0.5774375 0.11737500000000001 0.5595208328125 0.12351562499999999 0.5453541671875 0.12351562499999999 0.5363958328125 0.1285625 0.5222291671875 0.1391875 0.52 0.14645312500000002 0.5073125 0.14645312500000002 0.5006041671875 0.147015625 0.4849375 0.15596875 0.4640416671875 0.159890625 0.4439166671875 0.1604375 0.43645833281249996 0.15484375 0.4304791671875 0.147015625 0.4304791671875 0.1391875 0.4297291671875 0.13246875 0.42675 0.125765625 0.42824999999999996 0.118484375 0.4342083328125 0.113453125 0.4349583328125 0.101703125 0.4334583328125 0.097234375 0.4379375 0.08325 0.4386875 0.07540625 0.4446666671875 0.0698125 0.45062499999999994 0.059750000000000004 0.4536041671875 0.050234375 0.4453958328125 0.048 0.43570833281250004 0.049671875 0.4222708328125 0.038484375 0.4170625 0.028984375 0.42004166718749997 0.01890625 0.41481250000000003 0.009390625 0.4222708328125
0 1 0.49029166718750006 0.9999218750000001 0.4660208328125 0.994265625 0.4580208328125 0.9888125000000001 0.4538958328125 0.9838906250000001 0.4519375 0.9802500000000001 0.43981250000000005 0.972609375 0.4303541671875 0.9673281250000001 0.42864583281249996 0.963515625 0.4267083328125 0.959875 0.4242916671875 0.954953125 0.4228333328125 0.952234375 0.4223333328125 0.9487656250000001 0.4230625 0.9447656249999999 0.4274375 0.943671875 0.4284166671875 0.943671875 0.4322916671875 0.94203125 0.4347083328125 0.9393125 0.43616666718749997 0.9394843749999999 0.43131250000000004 0.9373125 0.4267083328125 0.934578125 0.42404166718749997 0.9311093749999999 0.42331250000000004 0.9280156249999999 0.4230625 0.9245625000000001 0.41772916718750003 0.922015625 0.41579166718750005 0.91928125 0.4145833328125 0.915828125 0.4150625 0.9116406250000001 0.4189375 0.907828125 0.42525 0.905265625 0.4274375 0.90090625 0.4368958328125 0.89671875 0.43835416718750003 0.89253125 0.4390833328125 0.891984375 0.44368749999999996 0.8938124999999999 0.4470833328125 0.8956250000000001 0.45025000000000004 0.89690625 0.4570416671875 0.9015000000000001 0.46683333281249995 0.9033749999999999 0.47087500000000004 0.9043125 0.4765 0.90290625 0.4799166671875 0.89940625 0.48333333281249996 0.898 0.48802083281249997 0.894734375 0.4848958328125 0.8942656250000001 0.4796041671875 0.892625 0.4743125 0.892625 0.4696458328125 0.890765625 0.4646458328125 0.89121875 0.458125 0.8905312500000001 0.45064583281250004 0.888421875 0.4462708328125 0.8858593750000001 0.44379166718749996 0.8828125 0.4431666671875 0.87790625 0.4450416671875 0.874171875 0.4481458328125 0.8687968749999999 0.4497083328125 0.8669375 0.44845833281249997 0.8674062499999999 0.44254166718750004 0.8657656250000001 0.43724999999999997 0.86296875 0.43537499999999996 0.858984375 0.434125 0.8568906249999999 0.42697916718749995 0.8543125 0.418875 0.8491875 0.41637500000000005 0.842875 0.4154375 0.8384375000000001 0.41574999999999995 0.8344687499999999 0.4173125 0.8297968750000001 0.4179375 0.824421875 0.42012499999999997 0.82559375 0.4307083328125 0.82325 0.4397291671875 0.8202187500000001 0.4416041671875 0.819984375 0.45218749999999996 0.8206875 0.4593541671875 0.822078125 0.47087500000000004 0.8265156250000001 0.4711875 0.8335312500000001 0.4827291671875 0.8384375000000001 0.4889583328125 0.8417031250000001 0.49050000000000005 0.841234375 0.4989166671875 0.841 0.5057708328125 0.8384375000000001 0.5138541671875 0.8407656250000001 0.5194791671875 0.84240625 0.5222708328125 0.846140625 0.5238333328125 0.8496406249999999 0.52725 0.850578125 0.5319375 0.85175 0.5369166671875 0.8538593750000001 0.5390833328125 0.8550156250000001 0.5406458328125 0.85571875 0.5428333328125 0.8550156250000001 0.548125 0.85409375 0.5521666671875 0.8512812500000001 0.5562291671875 0.8496406249999999 0.5596458328125 0.851984375 0.5655625 0.85315625 0.5696041671875001 0.85175 0.5749166671875 0.85665625 0.5811458328125 0.858984375 0.5783333328125 0.8590625 0.5781458328125 0.868359375 0.5689583328125 0.8725468749999999 0.5649583328125 0.874953125 0.5641666671875 0.8794531250000001 0.5661666671875001 0.88184375 0.5685625 0.8844218749999999 0.5719791671875 0.885703125 0.5779791671875001 0.8921250000000001 0.5749791671875 0.897265625 0.5704791671875 0.9011250000000001 0.5674791671875 0.9048281250000001 0.5709166671875 0.907234375 0.577125 0.9081875 0.5809791671875 0.907875 0.5848333328125 0.907875 0.5867708328125001 0.9104374999999999 0.5895416671875 0.9306875 0.5933958328125 0.9494843749999999 0.5936250000000001 0.95671875 0.5933958328125 0.95896875 0.5901875000000001 0.9628125000000001 0.5854791671874999 0.9636250000000001 0.5811875 0.9684375 0.5809791671875 0.973265625 0.580125 0.9771093750000001 0.5779791671875001 0.986265625 0.5791041671875 0.9997343750000001 0.5858958328125 1 0.5861458328125 1 0.5388124999999999 1 0.49029166718750006
1 0.23484375000000002 0.34025 0.240484375 0.35475 0.24265625000000002 0.3588125 0.25309375 0.3489583328125 0.250484375 0.3362083328125 0.241359375 0.3350416671875 0.23484375000000002 0.34025