2 0.7089218749999999 0.7870625 0.713171875 0.7636666671875 0.713453125 0.7855624999999999 0.7261875 0.7874583328125 0.7396874999999999 0.7883125 0.73828125 0.7112291671875 0.70703125 0.7255208328125 0.7033125 0.7392083328125 0.676265625 0.7572291671875 0.67721875 0.7731041671875001 0.680609375 0.7825416671875 0.6916562500000001 0.7829166671875 0.699296875 0.7810208328125 0.7089218749999999 0.7870625
2 0.5208437499999999 0.6301249999999999 0.5114062500000001 0.6162916671875001 0.507640625 0.6188125 0.483109375 0.6263541671875 0.47367187499999996 0.6427083328125 0.486890625 0.6628333328125 0.497265625 0.6439791671874999 0.508578125 0.6376875 0.5208437499999999 0.6301249999999999
2 0.71409375 0.8823124999999999 0.731046875 0.8714999999999999 0.73325 0.8538333328125001 0.73325 0.8518541671875001 0.7170468750000001 0.8410416671875 0.712625 0.8410416671875 0.708203125 0.8430208328125 0.694203125 0.8616875 0.690515625 0.8656041671875 0.70378125 0.8783749999999999 0.71409375 0.8823124999999999
2 0.575515625 0.5912291671875 0.573359375 0.6008125 0.57240625 0.6110416671875 0.5803125 0.6212708328125001 0.592296875 0.6270208328125 0.5978125000000001 0.5995416671875 0.579109375 0.5905833328125001 0.58103125 0.5902708328124999 0.5774375 0.5886666671875 0.575515625 0.5912291671875
2 0.625265625 0.6278125 0.619609375 0.5981458328125 0.609421875 0.5860624999999999 0.6 0.5860624999999999 0.598859375 0.6006458328125001 0.602640625 0.6142291671875 0.61659375 0.6343333328125 0.623375 0.6363541671874999 0.625265625 0.6278125
2 0.470046875 0.8755833328125 0.47248437499999996 0.8600625000000001 0.458890625 0.8464791671875 0.455015625 0.8561875000000001 0.4496875 0.865875 0.45259375 0.8749375 0.470046875 0.8755833328125
2 0.5478125 0.7525208328125 0.554453125 0.7634166671875 0.56084375 0.7634166671875 0.5715625 0.7569375 0.575140625 0.7501249999999999 0.5618593749999999 0.7286666671875001 0.5582812500000001 0.7276458328125 0.546796875 0.7300416671875001 0.5363125 0.7354791671875 0.532484375 0.7371875 0.53428125 0.7409375 0.5478125 0.7525208328125
2 0.6036406249999999 0.5805625 0.605359375 0.5744166671875 0.594140625 0.5725 0.584359375 0.5744166671875 0.5800468750000001 0.5886041671875 0.592703125 0.5978125000000001 0.5978749999999999 0.6054791671875 0.599328125 0.6047083328125 0.600765625 0.595125 0.6036406249999999 0.5805625
2 0.40192187500000004 0.6067291671875 0.389625 0.6119375 0.380671875 0.6201458328125 0.3761875 0.6328333328125 0.398015625 0.6507291671875 0.398015625 0.6492291671875 0.41423437500000004 0.6291041671875 0.41479687500000006 0.625375 0.408078125 0.6164166671875 0.40192187500000004 0.6067291671875
2 0.514265625 0.774875 0.517875 0.7517916671875 0.489734375 0.7219583328125 0.49117187500000004 0.7267708328125 0.48395312500000004 0.7469791671875 0.49334375 0.7469791671875 0.49478125000000006 0.7575624999999999 0.514265625 0.774875
2 0.58375 0.8428333328125 0.579625 0.8381458328125 0.576125 0.8359583328125 0.573859375 0.8365 0.57096875 0.8384375000000001 0.5703437499999999 0.8428333328125 0.56828125 0.8488749999999999 0.565609375 0.8483333328124999 0.5612812500000001 0.8384375000000001 0.557765625 0.8340416671875 0.5526093750000001 0.835125 0.5493125 0.8332083328125 0.54540625 0.8329375000000001 0.534890625 0.8367708328125 0.5313749999999999 0.8472291671875001 0.5431250000000001 0.8590416671875 0.5540625 0.8761041671875001 0.5616875 0.8931458328125 0.5781875000000001 0.8689375 0.578390625 0.8601458328125 0.58375 0.8428333328125
2 0.357796875 0.7723541671875 0.366953125 0.7839791671875 0.373921875 0.7973333328125001 0.37306249999999996 0.7909583328124999 0.389625 0.7711875 0.37959375 0.7502708328125001 0.36128125 0.75725 0.357796875 0.7723541671875
2 0.401859375 0.6461458328125 0.394125 0.6495833328125 0.386765625 0.6554583328125 0.39192187500000003 0.66725 0.40590624999999997 0.6721458328125001 0.4110625 0.6588958328125 0.413265625 0.6535 0.401859375 0.6461458328125