1 0.523859375 0.06943529375 0.530234375 0.0550588234375 0.533625 0.041317646875 0.535328125 0.0330117640625 0.535109375 0.0259764703125 0.5298125 0.0231058828125 0.5298125 0.022776470312499998 0.523234375 0.0409882359375 0.520046875 0.0528235296875 0.52025 0.0707294125 0.523859375 0.06943529375
1 0.344109375 0.1272235296875 0.35490625 0.0963294125 0.334390625 0.05891764687499999 0.31820312500000003 0.0426588234375 0.314953125 0.04103529375 0.3063125 0.018282353125 0.305234375 0.0020235296875 0.25125000000000003 0.0020235296875 0.252328125 0.015035293750000001 0.25125000000000003 0.015035293750000001 0.26853125 0.05729411718750001 0.302 0.10444705937500001 0.339796875 0.1272235296875 0.344109375 0.1272235296875
1 0.39509375 0.0510117640625 0.37134375 0.029858823437499998 0.368109375 0.0005882359375 0.335703125 0.0022352937499999998 0.335703125 0.0087294125 0.345421875 0.0623764703125 0.372421875 0.0900235296875 0.403734375 0.07214117656249999 0.39509375 0.0510117640625
1 0.755265625 0.002 0.733171875 0.00021176406250000002 0.724109375 0.0014117640625 0.73278125 0.022188235937500002 0.7521093750000001 0.0423764703125 0.765125 0.050682353125 0.7797031249999999 0.0495058828125 0.78640625 0.044752940625 0.787984375 0.036447059375 0.786015625 0.028117646875000003 0.7714218749999999 0.0120941171875 0.776546875 0.016235293749999997 0.76709375 0.0043764703125 0.755265625 0.002
1 0.66903125 0.058047059375 0.66203125 0.046 0.668359375 0.050517646875 0.6696875 0.031952940624999995 0.660359375 0 0.622390625 0.000352940625 0.62371875 0.011882353125 0.63071875 0.035952940625 0.63571875 0.0520235296875 0.65303125 0.0816235296875 0.659703125 0.0771058828125 0.661359375 0.0715764703125 0.66903125 0.058047059375
1 0.518625 0.08651764687499999 0.527328125 0.1100235296875 0.538953125 0.11383529375000001 0.554546875 0.112752940625 0.565078125 0.099647059375 0.575234375 0.0149411765625 0.573421875 0.009482353124999999 0.569796875 0.0116705875 0.538578125 0.030235293749999996 0.536046875 0.0285882359375 0.5244375 0.06903529375 0.518625 0.08651764687499999
1 0.2566875 0.13291764687500002 0.250265625 0.11548235312499999 0.24940625 0.09936470625 0.263109375 0.1058117640625 0.26568749999999997 0.10063529375 0.254546875 0.0677411765625 0.254546875 0.023858823437500003 0.250265625 0.0019058828125 0.203125 0.0006117640625000001 0.20826562499999998 0.018047059375 0.20826562499999998 0.036752940625 0.21212499999999998 0.0574117640625 0.21940624999999997 0.08192941249999999 0.23140624999999998 0.12322352968750001 0.2506875 0.143882353125 0.2506875 0.1425882359375 0.256265625 0.141952940625 0.2566875 0.13291764687500002
1 0.7239687499999999 0.050964706250000005 0.732234375 0.05807058750000001 0.741359375 0.056282353125 0.7484375 0.056282353125 0.749609375 0.0514117640625 0.748140625 0.0412 0.74165625 0.0283294125 0.735171875 0.0207764703125 0.72309375 0.0039294125 0.71159375 0.011905882812500001 0.709828125 0.021670587499999998 0.711890625 0.0367764703125 0.7239687499999999 0.050964706250000005
1 0.8553906250000001 0.0501411765625 0.85559375 0.03456470625 0.852546875 0.0003764703125 0.815453125 0 0.8227499999999999 0.022047059375 0.8403906250000001 0.06021176406249999 0.841 0.0596 0.8509375 0.0666117640625 0.8553906250000001 0.0501411765625
1 0.8116875 0.082117646875 0.8207656249999999 0.0798588234375 0.813578125 0.0895294125 0.812828125 0.10263529375 0.8343906249999999 0.0952235296875 0.8483906250000001 0.0764235296875 0.85746875 0.052517646875000004 0.866546875 0.02743529375 0.870328125 0.0063764703125 0.870703125 0.00009411718749999999 0.852921875 0.0018117640625 0.8567031249999999 0.0428235296875 0.8514062499999999 0.06618823593749999 0.8400624999999999 0.0599058828125 0.8272031249999999 0.0308705875 0.8253125000000001 0.030282353125 0.80828125 0.0451058828125 0.803375 0.0633411765625 0.805640625 0.0792705875 0.8116875 0.082117646875
3 0.5670625 0.59983529375 0.5601406250000001 0.5817176468749999 0.5447968750000001 0.577647059375 0.531875 0.5794588234375 0.52134375 0.5966588234375 0.524359375 0.6138588234375 0.524953125 0.6206588234375 0.527359375 0.6342588234375001 0.561640625 0.617482353125 0.566453125 0.6088941171875 0.5670625 0.59983529375
3 0.49134374999999997 0.7868235296874999 0.508421875 0.7902588234375 0.508421875 0.7542588234375 0.5209374999999999 0.7439764703125 0.535734375 0.7456941171875 0.53459375 0.72856470625 0.55165625 0.69943529375 0.555078125 0.7011294125 0.568734375 0.682282353125 0.59490625 0.670282353125 0.590359375 0.534917646875 0.55165625 0.564047059375 0.547109375 0.576047059375 0.516390625 0.6308705875 0.5209374999999999 0.6188941171875 0.473140625 0.670282353125 0.450375 0.726847059375 0.472 0.7354117640625 0.49134374999999997 0.7868235296874999
1 0.477125 0.04543529375 0.4799375 0.05136470625 0.482734375 0.056423529687499994 0.48442187499999995 0.06656470625000001 0.49171875 0.077552940625 0.506875 0.07416470625 0.510234375 0.0733411765625 0.51640625 0.0640235296875 0.522578125 0.0488235296875 0.523140625 0.0352941171875 0.523703125 0.0209411765625 0.524828125 0.0108 0.5197812500000001 0 0.48218750000000005 0.0032 0.4805 0.014188235937499998 0.47768750000000004 0.038682353125 0.477125 0.04376470625 0.477125 0.04543529375
1 0.9076562499999999 0 0.9172343749999999 0.0066117640625 0.92634375 0.0072941171875 0.9331875000000001 0.0168941171875 0.9404843749999999 0.021717646875 0.942765625 0.024447059375 0.942296875 0.031317646875 0.955515625 0.0484705875 0.9723906250000001 0.055341176562500004 0.9846875 0.06976470625 1 0.0724941171875 0.9997343750000001 0.0127764703125 0.9997343750000001 0 0.9076562499999999 0
1 0.377234375 0.02336470625 0.388953125 0.0403058828125 0.403234375 0.049835293749999995 0.42221875000000003 0.0540705875 0.436046875 0.049835293749999995 0.447765625 0.0410117640625 0.45034375000000004 0.0328941171875 0.446125 0.0268941171875 0.42995312500000005 0.0240705875 0.4264375 0.0191294125 0.41284375000000006 0.005717646875 0.41003125 0.0007764703125000001 0.36715624999999996 0.0007764703125000001 0.377234375 0.02336470625
1 0.0375 0 0.034375 0.0047058828125 0.0328668484375 0.0146496171875 0.0250407609375 0.013340153125 0.0244791671875 0.0047058828125 0.0172146734375 0.012030689062499999 0.014583332812499999 0.0047058828125 0.0093885875 0.010721228125 0.0046875 0.0047058828125 0.0015625 0.0094117640625 0.0015625 0.0470588234375 0.00625 0.0578151265625 0 0.065882353125 0 0.10588235312500001 0.015625 0.12235294062499999 0.015625 0.1411764703125 0.021875 0.1811764703125 0.0375 0.2094117640625 0.0828125 0.21176470625000002 0.0875 0.2 0.0953125 0.2 0.103125 0.1929411765625 0.1078125 0.1647058828125 0.1125 0.157647059375 0.121875 0.1552941171875 0.125 0.15058823593749998 0.146875 0.1552941171875 0.15625 0.1388235296875 0.1703125 0.1435294125 0.1890625 0.1388235296875 0.1921875 0.14823529375 0.2 0.157647059375 0.2171875 0.16 0.2171875 0.20235294062500003 0.221875 0.2094117640625 0.23125 0.2094117640625 0.2359375 0.2 0.24375 0.21176470625000002 0.2515625 0.2164705875 0.253125 0.2305882359375 0.259375 0.242352940625 0.2765625 0.242352940625 0.2828125 0.23294117656250002 0.2890625 0.23764705937500002 0.303125 0.23764705937500002 0.3109375 0.23529411718749998 0.315625 0.22823529374999998 0.33125 0.22823529374999998 0.35 0.2211764703125 0.3625 0.22352941249999997 0.3671875 0.2305882359375 0.3875 0.23294117656250002 0.390625 0.2611764703125 0.3953125 0.26823529375 0.403125 0.26823529375 0.4078125 0.27529411718749996 0.41875 0.27529411718749996 0.43125 0.25176470625 0.4375 0.2635294125 0.446875 0.2635294125 0.45625 0.25176470625 0.4796875 0.25176470625 0.4859375 0.2611764703125 0.5046875 0.2611764703125 0.51875 0.2447058828125 0.521875 0.23294117656250002 0.521875 0.2070588234375 0.5265625 0.20235294062500003 0.5296875 0.20235294062500003 0.5359375 0.21411764687499998 0.5421875 0.2188235296875 0.565625 0.22352941249999997 0.603125 0.2211764703125 0.6078125 0.225882353125 0.6234375 0.225882353125 0.6359375 0.2094117640625 0.65625 0.21176470625000002 0.6734375 0.19058823593750002 0.6890625 0.18823529375 0.696875 0.1764705875 0.7015625 0.174117646875 0.721875 0.1388235296875 0.7215625 0.12988235312500002 0.72578125 0.12823529375 0.7293885875 0.1311918171875 0.7450407609374999 0.133810740625 0.9 0.174117646875 0.8984375 0.18823529375 0.91328125 0.20176470625 0.8984375 0.2164705875 0.903125 0.23294117656250002 0.9046875 0.2564705875 0.909375 0.2635294125 0.946875 0.26588235312499997 0.9546875 0.25176470625 0.959375 0.254117646875 0.965625 0.26823529375 0.9890625 0.26823529375 0.9921875 0.2635294125 0.99375 0.13647058750000002 0.9890625 0.1152941171875 0.9859375 0.1105882359375 0.98125 0.1105882359375 0.975 0.094117646875 0.965625 0.094117646875 0.9609375 0.10117647031250002 0.959375 0.1129411765625 0.953125 0.1129411765625 0.946875 0.10117647031250002 0.9359375 0.10117647031250002 0.9265625 0.12235294062499999 0.9140625 0.12235294062499999 0.909375 0.1294117640625 0.9015625 0.16 0.7528668484375001 0.1351202046875 0.7463541671875 0.11607843124999999 0.7546875 0.1152941171875 0.7734375 0.10117647031250002 0.7921875 0.0988235296875 0.8015625 0.0870588234375 0.803125 0.065882353125 0.8078125 0.0470588234375 0.8140625 0.042352940625 0.8140625 0.0164705875 0.8078125 0 0.775 0 0.771875 0.0047058828125 0.7734375 0.0164705875 0.7828125 0.025882353125 0.79375 0.025882353125 0.79375 0.0329411765625 0.7828125 0.0494117640625 0.75 0.054117646875 0.7375 0.06352941250000001 0.728125 0.06352941250000001 0.725 0.0588235296875 0.7203125 0.0588235296875 0.7125 0.037647059375 0.7109375 0.0164705875 0.7140625 0.01176470625 0.7140625 0.0047058828125 0.7109375 0 0.6953125 0 0.690625 0.0070588234375 0.6875 0.0070588234375 0.6828125 0 0.66875 0 0.6640625 0.0070588234375 0.66875 0.030588235937500003 0.66875 0.0470588234375 0.6640625 0.0494117640625 0.6671875 0.06352941250000001 0.6578125 0.08 0.653125 0.08235294062500001 0.6359375 0.054117646875 0.621875 0 0.575 0 0.5703125 0.0070588234375 0.5703125 0.01176470625 0.5734375 0.01176470625 0.575 0.0188235296875 0.5650407609375 0.10369309374999999 0.5572146734375 0.10238363125000001 0.55625 0.1129411765625 0.546875 0.11411764687499999 0.5493885875 0.10107416875 0.5259103265625 0.09714578125 0.5203125 0.09176470625000001 0.5203125 0.0752941171875 0.515625 0.065882353125 0.509375 0.0752941171875 0.5015625 0.07764705937500001 0.502432065625 0.093217390625 0.486779890625 0.090598465625 0.490625 0.07764705937500001 0.484375 0.06823529375000001 0.478125 0.0494117640625 0.478125 0.0070588234375 0.475 0 0.421875 0 0.41875 0.0047058828125 0.41875 0.01176470625 0.4296875 0.025882353125 0.446875 0.02823529375 0.45 0.0329411765625 0.4484375 0.04 0.4296875 0.054117646875 0.3984375 0.054117646875 0.4015625 0.0752941171875 0.3928668484375 0.07488491093750001 0.3921875 0.0807843125 0.3850407609375 0.07357544687499999 0.3537364125 0.0683375953125 0.35078125 0.0752941171875 0.3453125 0.065882353125 0.33808423906249996 0.0657186703125 0.33984375 0.0564705875 0.334375 0.0470588234375 0.3390625 0.04 0.3390625 0.02823529375 0.334375 0.002352940625 0.33125 0 0.3125 0 0.3078125 0.0070588234375 0.21614583281250002 0.0027450984375000003 0.2109375 0 0.0375 0