0 0.48476297968750004 0.6994687500000001 0.4784650109375 0.7040625 0.4784650109375 0.7095625 0.4844243796875 0.717578125 0.48476297968750004 0.72559375 0.48609480781250003 0.7356874999999999 0.494356659375 0.73659375 0.516207675 0.73521875 0.5254853265625 0.7315625 0.5261399546875001 0.7173437500000001 0.521512415625 0.70909375 0.515553046875 0.701078125 0.5129119640625001 0.6985625 0.49733634374999997 0.6965 0.48476297968750004 0.6994687500000001
0 0.35119638750000004 0.632640625 0.37853273125000003 0.6515625 0.399435665625 0.68271875 0.4348081265625 0.687171875 0.45893905156250003 0.701640625 0.4750112859375 0.693859375 0.47180586875 0.6693749999999999 0.48144469531249995 0.703875 0.48144469531249995 0.731703125 0.46697516875 0.76396875 0.46537246093749995 0.8007031250000001 0.4557110609375 0.829640625 0.44927765312499995 0.8708281250000001 0.557020315625 0.8641406249999999 0.6132957109375 0.85746875 0.6277652375 0.81628125 0.6277652375 0.722796875 0.6374040625 0.6916249999999999 0.60042889375 0.6448750000000001 0.542550790625 0.6448750000000001 0.5184198640625 0.664921875 0.45893905156250003 0.6693749999999999 0.42516930000000003 0.629296875 0.399435665625 0.622625 0.3656659140625 0.610375 0.35119638750000004 0.632640625
1 0.4679006765625 0.450015625 0.464176071875 0.43842187499999996 0.46230248281249997 0.43328125 0.44927765312499995 0.44615625000000003 0.45300225781250003 0.46224999999999994 0.4734762984375 0.48865625 0.49207675 0.4835 0.47905191875 0.47190624999999997 0.4679006765625 0.450015625
1 0.40413092500000003 0.520421875 0.4097291203125 0.5288125 0.41717832968749996 0.53203125 0.4246501125 0.53203125 0.436772009375 0.53203125 0.447020315625 0.5326875 0.456343115625 0.5326875 0.47406320468749996 0.531390625 0.48246049687500003 0.531390625 0.48338600468750004 0.525578125 0.487110609375 0.51784375 0.48990970625 0.511390625 0.4908352140625 0.50428125 0.4908352140625 0.4971875 0.4908352140625 0.493953125 0.48338600468750004 0.491375 0.47126410781250005 0.490734375 0.4628668171875 0.491375 0.45354401875 0.4894375 0.4488939046875 0.481703125 0.43117381562499996 0.482984375 0.4153273140625 0.490734375 0.40785553124999996 0.497828125 0.40693002187499994 0.508796875 0.40413092500000003 0.520421875
1 0.5134762984375 0.444078125 0.514966140625 0.45287499999999997 0.5199322796875 0.46587500000000004 0.5346501124999999 0.478234375 0.5401805875 0.48817187500000003 0.5440406328125 0.48459375 0.5420090296875 0.479 0.5355079 0.46825 0.5218284421875 0.44778124999999996 0.5199322796875 0.44446874999999997 0.5151467265624999 0.44204687500000006 0.5134762984375 0.444078125
1 0.5283069984375001 0.45873437499999997 0.5379006765625001 0.47232812500000004 0.5474717828125 0.48262499999999997 0.5613769750000001 0.483609375 0.5618510156250001 0.47896875000000005 0.5556207671875 0.47400000000000003 0.5422121890625 0.465703125 0.5273589171874999 0.450109375 0.5244695265625 0.44546875 0.5244695265625 0.450765625 0.5283069984375001 0.45873437499999997
1 0.42189616250000006 0.397921875 0.42823927812499996 0.40721875 0.4297291203125 0.413171875 0.43645598124999996 0.419109375 0.44803611718749997 0.420140625 0.464085778125 0.423765625 0.464085778125 0.42040625 0.45288939062500005 0.41550000000000004 0.43309255156250004 0.401015625 0.43198645625000004 0.399984375 0.42749435625 0.3984375 0.42189616250000006 0.397921875
1 0.44302483125 0.398578125 0.453747178125 0.39826562499999996 0.444345371875 0.40727343749999995 0.4646275390625 0.42115625 0.4747629796875 0.42665625 0.4840406328125 0.42665625 0.5021218968750001 0.43184374999999997 0.49681715625 0.42115625 0.48313769687499997 0.41200000000000003 0.479616253125 0.404984375 0.47212189687499995 0.407421875 0.46668171562499994 0.401625 0.47433408593750004 0.399796875 0.464176071875 0.39246875000000003 0.46198645625 0.38696875 0.45051918750000003 0.389109375 0.44081264062500003 0.387890625 0.4368397296875 0.38879687500000004 0.44081264062500003 0.39490625 0.4328668171875 0.39765625 0.4355304734375 0.401625 0.44302483125 0.398578125
1 0.480474040625 0.39884375 0.47851015781250006 0.404453125 0.48325056406250005 0.411984375 0.5092099328125 0.42917187500000004 0.5242663656250001 0.43303125 0.5256659140625 0.42898437500000003 0.521760721875 0.42415624999999996 0.5133860046875001 0.42240625 0.49943566562499997 0.412171875 0.4938600453125 0.396140625 0.489954853125 0.389390625 0.48465011249999995 0.393640625 0.480474040625 0.39884375
1 0.5082167046875 0.41996874999999995 0.5328893906250001 0.436171875 0.53905191875 0.43446875 0.516862303125 0.41398437499999996 0.49835214375000003 0.389234375 0.49218961562499997 0.39051562500000003 0.4946501125 0.3960625 0.5002031609375 0.41015625 0.5082167046875 0.41996874999999995
1 0.48846501093750005 0.46978125000000004 0.5015124156249999 0.48070312499999995 0.5033182843749999 0.471890625 0.4966591421875 0.46517187499999996 0.4905869078125 0.4565625 0.48875846562499997 0.4506875 0.48785553125 0.446484375 0.48724605 0.44479687500000004 0.48663656875 0.44145312499999995 0.48756207656250006 0.439140625 0.48544018125 0.436828125 0.4811963875 0.44039062500000004 0.47207675 0.44753125000000005 0.47239277656249995 0.4506875 0.48846501093750005 0.46978125000000004
1 0.5126862296875 0.465609375 0.5098194125 0.47125000000000006 0.5045372453125 0.46892187500000004 0.49975169375000006 0.46892187500000004 0.5107900671875 0.47456250000000005 0.5241986453124999 0.48782812499999995 0.529954853125 0.4875 0.529954853125 0.4831875 0.5232505640625 0.476875 0.5035891640625 0.44104687499999995 0.495914221875 0.44437499999999996 0.49207675 0.453984375 0.49112866874999994 0.458296875 0.5074266359374999 0.454984375 0.505033859375 0.46195312499999996 0.5126862296875 0.465609375
0 0.9902257343749999 0.65059375 0.98507900625 0.64525 0.9833634312499999 0.63990625 0.9782167046874999 0.63575 0.9679006765624999 0.6315937500000001 0.9550338593750001 0.6292187499999999 0.9421670421874999 0.6274375 0.9301580140624999 0.6250625000000001 0.9215801359375 0.623875 0.9155756203125 0.6226875 0.901851015625 0.62090625 0.8915575625000001 0.62090625 0.882121896875 0.6203125 0.8709706546874999 0.6203125 0.8581038375000001 0.6214999999999999 0.850383746875 0.623875 0.8418058687500001 0.6250625000000001 0.8323702031250001 0.63575 0.834085778125 0.64346875 0.849525959375 0.6470312500000001 0.885553046875 0.65 0.9044243796875 0.6482187500000001 0.9284424375 0.6523749999999999 0.94302483125 0.65534375 0.9550338593750001 0.657125 0.969616253125 0.66128125 0.9893679453124999 0.6583125 0.991941309375 0.65653125 0.991941309375 0.65475 0.9902257343749999 0.65059375
0 0.38803611718750003 0.4421875 0.3903386 0.4330625 0.390135440625 0.428140625 0.38239277656250004 0.42192187499999995 0.3777878109375 0.421484375 0.3736117375 0.4229375 0.36670428906249997 0.431765625 0.367539503125 0.43928124999999996 0.38009029375000003 0.44290624999999995 0.38803611718750003 0.4421875
0 0.00758465 0.42917187500000004 0.14370203125 0.431765625 0.2201580140625 0.4336875 0.2537246046875 0.42659375 0.2676975171875 0.42271875000000003 0.266772009375 0.40335937499999996 0.2648984203125 0.40142187500000004 0.2257562078125 0.407234375 0.1651467265625 0.40465625000000005 0.110135440625 0.405296875 0.0430022578125 0.405953125 0.00198645625 0.40335937499999996 0 0.42659375 0.00758465 0.42917187500000004
0 0 0.3956875 0.13697516875 0.403296875 0.261331828125 0.401546875 0.265553046875 0.393640625 0.265553046875 0.378421875 0.2587810390625 0.378421875 0.1983069984375 0.378125 0.1576975171875 0.377546875 0.0079909703125 0.372859375 0 0.37110937499999996 0 0.3956875
0 0.0361851015625 0.343359375 0.014650112500000001 0.341703125 0.006275395312499999 0.348328125 0.006275395312499999 0.359921875 0.0158465015625 0.36571875 0.048148984374999995 0.369859375 0.08164785625 0.371515625 0.10320541718750001 0.367375 0.14507900625 0.37234375000000003 0.189345371875 0.37234375000000003 0.2060948078125 0.374 0.23241535 0.374 0.250383746875 0.374 0.2623476296875 0.3706875 0.268329571875 0.36571875 0.268329571875 0.36240625 0.2563656890625 0.35164062500000004 0.24440180625000002 0.353296875 0.22643340781250001 0.353296875 0.22045146718750003 0.35743749999999996 0.218058690625 0.353296875 0.19532731406249998 0.3508125 0.194130925 0.354953125 0.1857562078125 0.353296875 0.16541760781249998 0.348328125 0.1558465015625 0.354953125 0.139097065625 0.34915625 0.10918735937499999 0.34750000000000003 0.10081264062499999 0.35412499999999997 0.08525959375 0.343359375 0.0792550796875 0.341703125 0.057720090625 0.34584375 0.0361851015625 0.343359375
0 0.3423476296875 0.43820312499999997 0.3774266359375 0.443671875 0.4011512421875 0.44410937500000003 0.4160045140625 0.444546875 0.4242437921875 0.443671875 0.4223476296875 0.424640625 0.4118961625 0.424421875 0.3828216703125 0.42221875000000003 0.36794582343750004 0.42134375 0.35972912031250004 0.4180625 0.349300225 0.41915625 0.33505643281249997 0.41653124999999996 0.3170428890625 0.41478125 0.306930021875 0.41828125 0.3018735890625 0.41237500000000005 0.29871331875 0.41215624999999995 0.2971331828125 0.430984375 0.3423476296875 0.43820312499999997
0 0.0169525953125 0.4571875 0.035214446875 0.4571875 0.03853273125 0.459484375 0.0418735890625 0.460640625 0.043521445312500004 0.460640625 0.063453725 0.46409374999999997 0.0767494359375 0.46293749999999995 0.09004514687500001 0.460640625 0.09336343124999999 0.460640625 0.101670428125 0.461796875 0.11663656874999999 0.459484375 0.1249435671875 0.459484375 0.12990970625 0.459484375 0.1365688484375 0.460640625 0.1432054171875 0.461796875 0.15318284375 0.461796875 0.1648081265625 0.461796875 0.1697968390625 0.461796875 0.1781038375 0.45834374999999994 0.18309255156249998 0.459484375 0.18474040625000002 0.460640625 0.1947178328125 0.461796875 0.2013544015625 0.461796875 0.211331828125 0.461796875 0.2163205421875 0.46293749999999995 0.2196388265625 0.46293749999999995 0.2262753953125 0.46293749999999995 0.22961625312499997 0.46293749999999995 0.241241534375 0.460640625 0.247878103125 0.459484375 0.25618510156249996 0.459484375 0.26117381562499997 0.4571875 0.26117381562499997 0.454890625 0.26117381562499997 0.447984375 0.26117381562499997 0.444546875 0.25618510156249996 0.4399375 0.24288939062499998 0.444546875 0.23957110625000003 0.44223437499999996 0.23458239218750002 0.44223437499999996 0.22961625312499997 0.443390625 0.22462753906250002 0.443390625 0.2196388265625 0.44223437499999996 0.2163205421875 0.44109375 0.20801354375 0.44109375 0.199706546875 0.44109375 0.19636568906250002 0.443390625 0.19304740468749998 0.4456875 0.18309255156249998 0.4456875 0.174785553125 0.44109375 0.1681264109375 0.44223437499999996 0.15318284375 0.4456875 0.144875846875 0.44684375000000004 0.1398871328125 0.4456875 0.1332505640625 0.4399375 0.11995485312500001 0.438796875 0.10997742656250001 0.438796875 0.10334085781249999 0.4399375 0.095033859375 0.443390625 0.09004514687500001 0.4456875 0.0883747171875 0.4456875 0.0817381484375 0.44109375 0.0684424375 0.43648437500000004 0.0501805875 0.443390625 0.0418735890625 0.444546875 0.03853273125 0.444546875 0.0335665921875 0.443390625 0.0036568843750000002 0.43648437500000004 0.006975168750000001 0.456046875 0.010293453125000001 0.456046875 0.0169525953125 0.4571875
0 0.0059367953125 0.337171875 0.058916478125000005 0.337171875 0.2649435671875 0.342609375 0.2747629796875 0.324953125 0.06873589218750001 0.314078125 0.039300225 0.31271875 0.0039729125 0.316796875 0.0059367953125 0.337171875
3 0.7985778781249999 0.752484375 0.7985778781249999 0.7462187499999999 0.7923476296875 0.743484375 0.7878329578125001 0.743484375 0.78611738125 0.7454375 0.78611738125 0.7481718749999999 0.786681715625 0.75209375 0.7923476296875 0.755625 0.788961625 0.7560156250000001 0.7923476296875 0.7560156250000001 0.7985778781249999 0.752484375
3 0.8101805875 0.7866875 0.811512415625 0.7833281249999999 0.815033859375 0.78303125 0.8163656890625001 0.77753125 0.8167945828125 0.772953125 0.8167945828125 0.772640625 0.82164785625 0.767765625 0.82164785625 0.7653125000000001 0.8265011281250001 0.762875 0.8269300218750001 0.75615625 0.8300225734375 0.755859375 0.8344469531250001 0.755859375 0.8388487578125 0.75096875 0.8401805875000001 0.7494531249999999 0.8432505640624999 0.747 0.8388487578125 0.739375 0.8313544015625001 0.7363125 0.8242889390625001 0.73234375 0.8260496609375 0.7302187499999999 0.8265011281250001 0.728078125 0.819006771875 0.7204531249999999 0.8145823921875 0.721359375 0.8106320546875001 0.7164843750000001 0.79871331875 0.7152499999999999 0.789006771875 0.713421875 0.7859367953125 0.713734375 0.785033859375 0.71709375 0.77577878125 0.718 0.7726862296875 0.72471875 0.7678555312500001 0.7262500000000001 0.765643340625 0.727765625 0.7607900671875 0.73234375 0.7537246046875 0.73509375 0.7554853265625 0.736921875 0.8062076749999999 0.789734375 0.8101805875 0.7866875
1 0.5374717828125 0.62971875 0.5201128671874999 0.628 0.5201128671874999 0.61940625 0.505214446875 0.61940625 0.4952821671875 0.603953125 0.46302483125 0.5919218749999999 0.4431602703125 0.5953593749999999 0.40841986406249997 0.6108125 0.403453725 0.61940625 0.40593679531250004 0.6331562500000001 0.420812640625 0.657203125 0.4481264109375 0.667515625 0.46799097031250003 0.672671875 0.5027313765625 0.669234375 0.53250564375 0.653765625 0.539954853125 0.652046875 0.54492099375 0.6331562500000001 0.5374717828125 0.62971875
1 0.432460496875 0.434859375 0.425304740625 0.44201562499999997 0.4217381484375 0.45081249999999995 0.42492099375 0.46070312500000005 0.4312641078125 0.46675000000000005 0.4384198640625 0.470046875 0.44557562031250003 0.47307812499999996 0.4531151234375 0.474171875 0.452708803125 0.46895312499999997 0.44674943593750005 0.45740625 0.44715575625000004 0.44778124999999996 0.44835214375000004 0.440640625 0.4555079 0.43459375 0.45352144531249994 0.43239062500000003 0.44835214375000004 0.43128124999999995 0.44636568906249996 0.43156249999999996 0.43961625312499997 0.43376562500000004 0.432460496875 0.434859375
3 0.8862528218750001 0.7044374999999999 0.8917381484375 0.700640625 0.8917381484375 0.6940625 0.883318284375 0.6897656249999999 0.875643340625 0.6897656249999999 0.8723702031249999 0.695578125 0.8734537250000001 0.702671875 0.8734537250000001 0.7052031249999999 0.878577878125 0.705453125 0.8862528218750001 0.7044374999999999
1 0.5380812640625 0.434078125 0.5404514671875 0.43324999999999997 0.5376975171875 0.427515625 0.529006771875 0.41712499999999997 0.5179458234375 0.40125 0.5068623031249999 0.39578125000000003 0.5041083515625 0.39523437499999997 0.5139954859375 0.41165624999999995 0.5380812640625 0.434078125
0 0.331941309375 0.489515625 0.3345372453125 0.48621875000000003 0.33539503437499996 0.4814375 0.3332505640625 0.477859375 0.331512415625 0.475171875 0.32893905156250003 0.471578125 0.3254853265625 0.467703125 0.318577878125 0.46889062499999995 0.3133860046875 0.47128125 0.3095033859375 0.47428125000000004 0.3064785546875 0.478453125 0.3047629796875 0.48175 0.30302483125 0.486828125 0.31943566562500003 0.491609375 0.327200903125 0.491609375 0.331941309375 0.489515625
0 0.4497968390625 0.7079375 0.44934537187499995 0.7098125 0.44898419843750004 0.711765625 0.45097065468749997 0.713125 0.458916478125 0.714234375 0.466862303125 0.7191875 0.4672686234375 0.72028125 0.4692550796875 0.731546875 0.46528216718750004 0.739796875 0.4779909703125 0.73925 0.48514672656249996 0.732921875 0.48155756250000004 0.7189062500000001 0.48146726875 0.7130156249999999 0.47480812656250004 0.703515625 0.46284424375000005 0.7027187500000001 0.456546275 0.703578125 0.4529119640625 0.7052031249999999 0.4497968390625 0.7079375
1 0.4785553046875 0.471875 0.4898419859375 0.4828125 0.49887133125 0.4828125 0.505643340625 0.4921875 0.5349887140625 0.4921875 0.5395033859375 0.4890625 0.53724605 0.484375 0.541760721875 0.4765625 0.5327313765625 0.478125 0.52370203125 0.4703125 0.5146726859374999 0.4546875 0.505643340625 0.453125 0.505643340625 0.4453125 0.51241535 0.44375 0.4785553046875 0.44375 0.47629796874999997 0.4375 0.4672686234375 0.4375 0.4672686234375 0.4484375 0.47404063281250003 0.453125 0.469525959375 0.4546875 0.4785553046875 0.471875