0 0.48492187500000006 0.8330781249999999 0.49576562500000004 0.823453125 0.49214062500000005 0.7740781250000001 0.472875 0.7343437500000001 0.459640625 0.73675 0.44278125 0.72109375 0.424703125 0.717484375 0.419890625 0.690984375 0.41026562499999997 0.690984375 0.404234375 0.7090468750000001 0.41628125000000005 0.719890625 0.36931250000000004 0.72590625 0.33799999999999997 0.75721875 0.328375 0.8138125 0.350046875 0.846328125 0.388578125 0.8776406250000001 0.4186875 0.8728281250000001 0.43915625 0.846328125 0.48492187500000006 0.8330781249999999
0 0.7008593750000001 0.8012656249999999 0.692109375 0.7907656249999999 0.65709375 0.78025 0.6308281250000001 0.775 0.6115625 0.775 0.55903125 0.8012656249999999 0.54503125 0.815265625 0.54153125 0.83278125 0.54153125 0.8555468749999999 0.5292656250000001 0.873046875 0.5345156249999999 0.8905625 0.5345156249999999 0.909828125 0.54503125 0.925578125 0.55553125 0.9343281250000001 0.566046875 0.94134375 0.574796875 0.9465937500000001 0.5800468750000001 0.95709375 0.588796875 0.96409375 0.6045625 0.967609375 0.6185625 0.967609375 0.6360781249999999 0.969359375 0.65359375 0.969359375 0.66584375 0.969359375 0.67634375 0.965859375 0.6798437500000001 0.9623437499999999 0.68159375 0.9605937499999999 0.683359375 0.95884375 0.683359375 0.95709375 0.727125 0.915078125 0.7341249999999999 0.8783125 0.7341249999999999 0.848546875 0.7008593750000001 0.8012656249999999
0 0.7346874999999999 0.8674062499999999 0.728125 0.915265625 0.7290625000000001 0.915265625 0.77784375 0.9284062499999999 0.829453125 0.9659375000000001 0.831328125 0.9650000000000001 0.83415625 0.9621718749999999 0.8350937500000001 0.960296875 0.84165625 0.911515625 0.852921875 0.8861718749999999 0.84071875 0.872109375 0.832265625 0.8561562500000001 0.8078749999999999 0.833625 0.77596875 0.8205 0.7309375 0.8176875000000001 0.722484375 0.828 0.722484375 0.829875 0.735625 0.845828125 0.7346874999999999 0.8674062499999999
0 0.8110312499999999 0.7001875 0.809734375 0.670421875 0.7980937499999999 0.6465 0.78709375 0.636796875 0.7689843749999999 0.6251562500000001 0.750875 0.6245 0.734703125 0.623859375 0.719828125 0.6296875 0.706890625 0.64003125 0.6894375 0.65684375 0.679734375 0.6743125 0.68296875 0.6956562500000001 0.6971875 0.72346875 0.7107812499999999 0.733171875 0.728234375 0.740921875 0.7398906249999999 0.7454531249999999 0.749578125 0.741578125 0.761234375 0.738984375 0.7845156249999999 0.743515625 0.803921875 0.722171875 0.8110312499999999 0.7001875
0 0.3550625 0.937640625 0.310109375 0.910671875 0.211234375 0.9039375 0.17753125 0.92415625 0.141578125 0.9848281249999999 0.368546875 0.991578125 0.368546875 0.98034375 0.3550625 0.937640625
0 0.27334375 0.70228125 0.26640625 0.686109375 0.24562499999999998 0.66878125 0.23176562500000003 0.665328125 0.202875 0.66646875 0.17746875 0.6745625000000001 0.152046875 0.694203125 0.1428125 0.7288593750000001 0.150890625 0.758890625 0.16014062499999998 0.77621875 0.17862499999999998 0.798171875 0.24909374999999997 0.78315625 0.27334375 0.757734375 0.27912499999999996 0.723078125 0.27334375 0.70228125
0 0.267390625 0.8598750000000001 0.29290625000000003 0.8396874999999999 0.29078125 0.8226718749999999 0.26951562500000004 0.79715625 0.22593749999999999 0.78653125 0.195109375 0.79503125 0.15790625 0.820546875 0.14303125 0.8651875 0.16215625 0.8832656249999999 0.17385937499999998 0.9066562499999999 0.2089375 0.892828125 0.2365625 0.900265625 0.23762500000000003 0.882203125 0.267390625 0.8598750000000001
0 0.242171875 0.785046875 0.274609375 0.8030781250000001 0.29984375 0.835515625 0.32628124999999997 0.81628125 0.335890625 0.7598125 0.357515625 0.733375 0.34790625 0.715359375 0.323875 0.7033437499999999 0.29984375 0.70575 0.277015625 0.70815625 0.27821875 0.7129531250000001 0.277015625 0.755015625 0.242171875 0.785046875
0 0.54403125 0.718453125 0.563203125 0.699265625 0.5706562500000001 0.6673125 0.564265625 0.6427968749999999 0.5472187500000001 0.6214999999999999 0.52165625 0.6076406249999999 0.4875625 0.61190625 0.468375 0.625765625 0.44601562499999997 0.65771875 0.450265625 0.698203125 0.473703125 0.719515625 0.49074999999999996 0.72803125 0.5120625000000001 0.730171875 0.54403125 0.718453125
0 0.5100625 0.7852187500000001 0.5158437499999999 0.7863749999999999 0.5435625 0.76096875 0.563203125 0.7540312499999999 0.563203125 0.734390625 0.54471875 0.724 0.522765625 0.72053125 0.49389062499999997 0.7320781249999999 0.49273437500000006 0.7401718749999999 0.4811875 0.74940625 0.485796875 0.7713593750000001 0.49967187500000004 0.78290625 0.5100625 0.7852187500000001
0 0.593265625 0.5505625000000001 0.557296875 0.5505625000000001 0.52134375 0.557296875 0.5123593750000001 0.57978125 0.532578125 0.6045 0.5528125 0.62021875 0.57528125 0.6292187499999999 0.613484375 0.62471875 0.613484375 0.608984375 0.62021875 0.57528125 0.593265625 0.5505625000000001
0 0.550421875 0.52065625 0.5553125 0.508796875 0.5553125 0.49203125 0.5469375000000001 0.480171875 0.5350625 0.4731875 0.5273749999999999 0.471796875 0.5099218750000001 0.47528125 0.5064375 0.480171875 0.497359375 0.49273437500000006 0.49526562500000004 0.5018125 0.50434375 0.509484375 0.515515625 0.526953125 0.52459375 0.5255468750000001 0.5469375000000001 0.5220625 0.550421875 0.52065625
0 0.6003125 0.40575 0.585109375 0.409625 0.58153125 0.419765625 0.589578125 0.431078125 0.60715625 0.43823437500000006 0.619375 0.425125 0.61253125 0.41379687499999995 0.6003125 0.40575