0 0.5340416671875 0.549625 0.5324791671875 0.549390625 0.5278333328125 0.549390625 0.5244166671875 0.55125 0.521625 0.5521874999999999 0.521 0.5547500000000001 0.5241041671875 0.557765625 0.5259791671875 0.56009375 0.5268958328125 0.5607968750000001 0.5272083328125 0.5605625 0.5358958328125001 0.55940625 0.5358958328125001 0.554984375 0.5349791671874999 0.55171875 0.5340416671875 0.549625
0 0.5291041671875 0.562171875 0.544625 0.567109375 0.5770833328125 0.566765625 0.5761458328125 0.553359375 0.5714375 0.5448906250000001 0.5610833328125 0.536421875 0.5417916671875 0.537828125 0.5243958328125 0.5494687500000001 0.5342708328125 0.5505312499999999 0.536625 0.558640625 0.5291041671875 0.562171875
0 0.6070416671875 0.54471875 0.6058333328125001 0.537546875 0.5966875 0.531265625 0.5918958328125 0.53096875 0.5827291671875 0.5279843750000001 0.5747708328125001 0.530078125 0.5663958328125 0.5330625 0.5628124999999999 0.534859375 0.5640208328125 0.5399375 0.572375 0.546203125 0.5751666671875 0.554265625 0.5779583328125 0.5524843749999999 0.5875208328125 0.549484375 0.5974791671874999 0.5488906250000001 0.6046458328125001 0.5506875 0.6070416671875 0.54471875
0 0.5870416671875 0.53021875 0.5962083328125 0.5310312500000001 0.5962083328125 0.528015625 0.5855625 0.519765625 0.5760416671875 0.5181250000000001 0.5632083328124999 0.51675 0.5441458328125 0.518671875 0.5261875 0.52471875 0.5243541671874999 0.529390625 0.5283958328125 0.5313125000000001 0.5335208328125 0.53653125 0.5371875 0.5373593750000001 0.5481874999999999 0.5368125 0.5606458328125 0.53653125 0.5690833328125 0.532140625 0.5789791671875 0.529109375 0.5870416671875 0.53021875
0 0.48547916718749995 0.5608125 0.4962291671875 0.5603281250000001 0.49654166718750004 0.552265625 0.4962291671875 0.550078125 0.4884166671875 0.5486093750000001 0.48191666718750004 0.55421875 0.48289583281250004 0.557640625 0.48125 0.558859375 0.48125 0.5608125 0.48547916718749995 0.5608125
0 0.48674999999999996 0.55153125 0.4876666671875 0.545890625 0.4873541671875 0.5431250000000001 0.48581250000000004 0.5417500000000001 0.47922916718749997 0.54140625 0.47462499999999996 0.5423281249999999 0.4735416671875 0.55003125 0.47477083281250004 0.5533750000000001 0.4770833328125 0.5540625 0.48197916718749995 0.553828125 0.48674999999999996 0.55153125
0 0.47360416718750004 0.5510937499999999 0.47339583281250003 0.547109375 0.47027501718750003 0.5424437546875 0.46762499999999996 0.54178125 0.46606249999999994 0.5444375 0.46339583281249996 0.5484375 0.46606249999999994 0.55259375 0.47093749999999995 0.554421875 0.47360416718750004 0.5510937499999999
0 0.5473333328125001 0.50578125 0.5425208328125 0.506296875 0.5095208328124999 0.52125 0.5218958328125 0.525375 0.5301458328125 0.52228125 0.5542083328125 0.517125 0.5473333328125001 0.50578125
3 0.5484166671875 0.55540625 0.547375 0.550671875 0.5431666671875 0.548109375 0.5384375 0.5487031250000001 0.5363333328125 0.552640625 0.5384375 0.5587500000000001 0.5431666671875 0.559546875 0.5452708328125 0.558953125 0.5484166671875 0.55540625
0 0.6096250000000001 0.562125 0.61225 0.56696875 0.6169583328125 0.56696875 0.624 0.570265625 0.6251875 0.570046875 0.6281041671875001 0.56740625 0.6304583328125 0.560359375 0.6313333328125 0.551109375 0.629 0.546921875 0.6242916671875001 0.54471875 0.6204791671875001 0.54471875 0.6169583328125 0.54471875 0.6137291671875 0.5449375 0.6069791671875 0.547140625 0.6043333328125 0.5513281250000001 0.6049166671874999 0.555953125 0.6096250000000001 0.562125
0 0.5781666671875 0.5670625 0.5879583328125 0.5680625 0.60575 0.5690625 0.6115416671875 0.570734375 0.6124375 0.566390625 0.6093124999999999 0.5610625 0.6048541671875001 0.5540468749999999 0.6048541671875001 0.551703125 0.60175 0.5500468749999999 0.598625 0.5487031250000001 0.5839375 0.5503750000000001 0.5786041671875 0.5530468749999999 0.5772708328125 0.56071875 0.5781666671875 0.5670625
0 0.492625 0.5296406250000001 0.5015833328125 0.533671875 0.50875 0.5356875 0.5145833328125 0.53703125 0.5222083328125 0.538046875 0.5271458328125 0.54140625 0.5329583328124999 0.539046875 0.533875 0.536359375 0.5231041671875001 0.526953125 0.51325 0.5215625 0.5006875 0.524921875 0.492625 0.5296406250000001