0 0.5934062499999999 0.5659170312499999 0.630390625 0.6041266375000001 0.67059375 0.6131004359375 0.8217656249999999 0.2962445421875 0.8072968749999999 0.25805676875 0.7686875 0.23558952031249997 0.73653125 0.2153493453125 0.714015625 0.2153493453125 0.689890625 0.22434497812499998 0.67059375 0.23558952031249997 0.644859375 0.25131004375 0.622359375 0.2692794765625 0.596625 0.3209825328125 0.58375 0.410851528125 0.580546875 0.4872707421875 0.5821562499999999 0.485021834375 0.5821562499999999 0.5119868999999999 0.5934062499999999 0.5659170312499999
0 0.479234375 0.8108515281249999 0.532296875 0.8086244546874999 0.5419375 0.7749126640624999 0.871609375 0.45580786093750003 0.85553125 0.4086244546875 0.8442812500000001 0.3816375546875 0.8410624999999999 0.3749126640625 0.82659375 0.35242358125 0.812109375 0.338951965625 0.8072968749999999 0.3344541484375 0.67703125 0.6153493453125 0.657734375 0.6175982531249999 0.6287812500000001 0.6041266375000001 0.606265625 0.586135371875 0.588578125 0.5636681218749999 0.5789375 0.532205240625 0.5789375 0.4940174671875 0.5821562499999999 0.45580786093750003 0.5821562499999999 0.45131004375000006 0.5065625 0.55242358125 0.46475 0.637838428125 0.430984375 0.7119869 0.479234375 0.8108515281249999
0 0.36343749999999997 0.40637554531250003 0.31359375 0.33670305625 0.294296875 0.3209825328125 0.270171875 0.3119869 0.238 0.305240175 0.221921875 0.3074890828125 0.192984375 0.323231440625 0.172078125 0.35917030625 0.1608125 0.3883842796875 0.1495625 0.4265938859375 0.159203125 0.45131004375000006 0.202625 0.482772925 0.38434375 0.682772925 0.41971875000000003 0.6580567687500001 0.429375 0.5951310046875 0.400421875 0.45355895156250003 0.36343749999999997 0.40637554531250003
0 0.50609375 0.18805676875 0.501265625 0.15203056718750002 0.336859375 0.2038209609375 0.154734375 0.2781441046875 0.16278125000000002 0.2826637546875 0.167625 0.31868995624999996 0.27078125000000003 0.29390829687500003 0.4496875 0.224104803125 0.50609375 0.18805676875
0 0.5019218750000001 0.15543668125000001 0.49856249999999996 0.1507423578125 0.37098437500000003 0.089737990625 0.321296875 0.0831877734375 0.31056249999999996 0.11602620156250001 0.30653125000000003 0.18170305625 0.318609375 0.2079694328125 0.419328125 0.177008734375 0.478421875 0.16292576406249998 0.5019218750000001 0.15543668125000001
0 0.167625 0.548427946875 0.153125 0.5777074234375 0.1595625 0.625 0.45773437499999997 0.8074235812499999 0.46740624999999997 0.8051746718749999 0.47385937499999997 0.80067685625 0.431953125 0.7105895203125 0.3126875 0.6205021828125 0.2046875 0.5416593890625 0.167625 0.548427946875
0 0.818953125 0.2726855890625 0.823203125 0.291965065625 0.821078125 0.3038209609375 0.81365625 0.3201310046875 0.80940625 0.333471615625 0.841234375 0.36757641875 0.8698750000000001 0.3868558953125 0.89534375 0.3868558953125 0.9038281250000001 0.3868558953125 0.910203125 0.3690611359375 0.9144375 0.3290174671875 0.9176249999999999 0.3038209609375 0.8380468750000001 0.21338427968749998 0.80409375 0.2044759828125 0.727703125 0.207445415625 0.7362031250000001 0.2222707421875 0.7839375000000001 0.24155021875 0.818953125 0.2726855890625
0 0.38279687500000004 0.31888646249999997 0.513296875 0.289541484375 0.59846875 0.1998908296875 0.586296875 0.1581659390625 0.49781250000000005 0.17670305625 0.385 0.2586244546875 0.377265625 0.3018995640625 0.38279687500000004 0.31888646249999997
0 0.677546875 0.1944759828125 0.49626562500000004 0.0777074234375 0.46085937499999996 0.1113537125 0.52459375 0.168733625 0.58125 0.1568558953125 0.59965625 0.1944759828125 0.677546875 0.1944759828125
0 0.8619843749999999 0.64194323125 0.8890625 0.5772925765625 0.882296875 0.5142139734375 0.8619843749999999 0.45901746718750003 0.5415 0.7759825328125001 0.534734375 0.81067685625 0.657734375 0.78543668125 0.77396875 0.72393013125 0.8619843749999999 0.64194323125
0 0.5815625 0.2489737984375 0.649625 0.261135371875 0.72928125 0.23076419218750002 0.675703125 0.194344978125 0.59459375 0.200414846875 0.588796875 0.202445415625 0.558390625 0.2449344984375 0.5815625 0.2489737984375
0 0.166859375 0.3678820953125 0.194671875 0.3212445421875 0.16499999999999998 0.3238427953125 0.042640625 0.375655021875 0.05190625 0.40932314375 0.10010937499999999 0.40414847187499997 0.1371875 0.38082969375000003 0.166859375 0.3678820953125