1 0.38194379375 0.9071093749999999 0.42110070312500003 0.9207656249999999 0.44512880624999995 0.933234375 0.45313817343749996 0.935609375 0.4549180328125 0.9267031250000001 0.442459015625 0.914234375 0.4122014046875 0.8845468750000001 0.3605854796875 0.860203125 0.33030444999999997 0.8512968750000001 0.29470725937500003 0.8471249999999999 0.261779859375 0.8459375 0.246651053125 0.8512968750000001 0.247540984375 0.851890625 0.241311475 0.867328125 0.276908665625 0.882765625 0.31250585468750003 0.890484375 0.38194379375 0.9071093749999999
1 0.17978922656250002 0.722671875 0.2089461359375 0.722671875 0.2181498828125 0.7400781249999999 0.2273770484375 0.758515625 0.2565339578125 0.7779843750000001 0.2780327875 0.786171875 0.311803278125 0.794359375 0.331756440625 0.80153125 0.370140515625 0.817921875 0.38702576093749996 0.8168906249999999 0.40697892343750003 0.8158749999999999 0.4131147546875 0.8005156250000001 0.40236533906250005 0.773875 0.388548009375 0.74725 0.35939109999999996 0.723703125 0.33330210781249997 0.71653125 0.3609133484375 0.717546875 0.388548009375 0.718578125 0.40236533906250005 0.709359375 0.3992974234375 0.690921875 0.3793442625 0.678625 0.3517096015625 0.66634375 0.328688525 0.659171875 0.3394379390625 0.6540468749999999 0.34709601874999996 0.646875 0.3517096015625 0.635609375 0.33482435625 0.625375 0.2918501171875 0.619234375 0.2626697890625 0.619234375 0.22889929687500002 0.6264062499999999 0.2150819671875 0.63971875 0.1997423890625 0.655078125 0.19512880625 0.65303125 0.210491803125 0.625375 0.20435597187500001 0.6120625000000001 0.1859250578125 0.5895312500000001 0.1490866515625 0.58440625 0.1291334890625 0.590546875 0.13065573749999998 0.5997656250000001 0.11377049218749999 0.59259375 0.076932084375 0.5854375 0.050843090625 0.581328125 0.0185948484375 0.581328125 0.0047775171875 0.586453125 0.0093911 0.6018125000000001 0.000187353125 0.605921875 0.0017096015625 0.67453125 0.0093911 0.6817031250000001 0.0185948484375 0.6837500000000001 0.0185948484375 0.68478125 0.0155269328125 0.7021875 0.026276346875000002 0.708328125 0.0431615921875 0.717546875 0.0370257609375 0.7288125 0.026276346875000002 0.7339375 0.0185948484375 0.758515625 0.02320843125 0.773875 0.04163934375 0.791296875 0.06159250625 0.794359375 0.070796253125 0.785140625 0.08 0.781046875 0.0999531609375 0.77490625 0.1199063234375 0.7575000000000001 0.13679156875 0.7390625 0.14754098437500002 0.72575 0.15676815 0.7288125 0.159836065625 0.7288125 0.17978922656250002 0.722671875
1 0.338548009375 0.9362031249999999 0.26803278750000004 0.9785468749999999 0.2468618265625 0.9973750000000001 0.758220140625 0.9997187500000001 0.7970257609375 0.969140625 0.8040749421875001 0.91971875 0.7476580796875 0.8703125 0.7194379390625001 0.8420781249999999 0.6912177984375 0.8444375000000001 0.6771194375 0.8514843750000001 0.68416861875 0.875015625 0.603067915625 0.92678125 0.49021077343749997 0.93384375 0.44435597187500003 0.93384375 0.338548009375 0.9362031249999999
1 0.518899296875 0.917078125 0.5373302109375 0.892453125 0.5639812640625 0.8582812499999999 0.5762763468750001 0.839140625 0.568079625 0.814515625 0.5393911 0.7871718750000001 0.506580796875 0.7694062500000001 0.484051521875 0.772140625 0.47585480156250004 0.7844375 0.46969554999999996 0.798109375 0.506580796875 0.837765625 0.5086416859375 0.8951874999999999 0.4963466046875 0.917078125 0.518899296875 0.917078125
1 0.4052693203125 0.8819687500000001 0.45512880625 0.91525 0.4708899296875 0.909984375 0.4813817328125 0.902984375 0.4629976578125 0.87321875 0.3632786890625 0.8066875 0.3029274 0.8066875 0.289812646875 0.831203125 0.3055503515625 0.838203125 0.31079625312500003 0.8487031249999999 0.31604215468749997 0.8434531249999999 0.32915690937500003 0.8487031249999999 0.4052693203125 0.8819687500000001
1 0.033676815625 0.97303125 0.08421545625 0.97753125 0.107775175 0.9483124999999999 0.141451990625 0.910109375 0.0168384078125 0.808984375 0.0033723656249999997 0.8427031250000001 0.0134660421875 0.896625 0.033676815625 0.97303125
1 0.35320843125 0.454484375 0.32836065625 0.471875 0.3929274 0.46690624999999997 0.494707259375 0.4685625 0.5518266984375 0.45034375000000004 0.5294847781249999 0.416390625 0.4400936765625 0.42467187500000003 0.35320843125 0.454484375
1 0.4488056203125 0.6121875 0.48072599531250004 0.59928125 0.48555035156250004 0.57475 0.4710538640625 0.5599062499999999 0.4526697890625 0.54571875 0.354004684375 0.549578125 0.336604215625 0.570875 0.40721311406250005 0.6070156250000001 0.4488056203125 0.6121875
1 0.1268149890625 0.996109375 0.1874941453125 0.99825 0.24177985937500002 1 0.2226229515625 0.9812031250000001 0.2002576109375 0.9694843750000001 0.1986651046875 0.94284375 0.211451990625 0.9279375 0.2194379390625 0.8991718750000001 0.24337236562500003 0.8629374999999999 0.240187353125 0.8629374999999999 0.19067915625 0.8544218750000001 0.174707259375 0.8970312500000001 0.1587587828125 0.9130156250000001 0.13957845468750002 0.9247343750000001 0.115644028125 0.9098124999999999 0.1092505859375 0.9087500000000001 0.110843090625 0.9524374999999999 0.0725292734375 0.984390625 0.0677283375 0.991859375 0.1268149890625 0.996109375
1 0.8277985953125 0.721453125 0.9229976578124999 0.721453125 0.9671194375000001 0.692015625 0.971756440625 0.685828125 0.9856908671875001 0.63625 0.9485480093750001 0.52628125 0.913723653125 0.5510625 0.8835362999999999 0.57275 0.832459015625 0.599078125 0.7558313812499999 0.5944375 0.7047540984375 0.574296875 0.6234894609375 0.5588124999999999 0.6002810296875001 0.57584375 0.595644028125 0.62696875 0.618852459375 0.6595 0.6629742390625 0.7121562499999999 0.714051521875 0.715265625 0.75351288125 0.7245468749999999 0.8277985953125 0.721453125
1 0.4926932078125 0.91375 0.504847775 0.899578125 0.512435596875 0.8489531250000001 0.5002810296875 0.828703125 0.4744964875 0.8054218750000001 0.4441451984375 0.7892187500000001 0.40925058593749997 0.7811250000000001 0.41227166249999997 0.810484375 0.40772833750000004 0.8175625 0.435035128125 0.84490625 0.4805620609375 0.9046406250000001 0.4836065578125 0.9026093749999999 0.4805620609375 0.9097031250000001 0.4926932078125 0.91375
1 0.598688525 0.929875 0.6248009375 0.9095625 0.644355971875 0.8761875 0.653067915625 0.848609375 0.6313114750000001 0.8195937499999999 0.5900000000000001 0.8137812500000001 0.5203981265625 0.91971875 0.5247540984375 0.9255156250000001 0.54648711875 0.92696875 0.598688525 0.929875
1 0.74512880625 0.796796875 0.77224824375 0.79 0.776627634375 0.7756875 0.7371662765625 0.770828125 0.7129508203125 0.78321875 0.702763465625 0.788875 0.7248009375 0.8205312499999999 0.7536065578125 0.82165625 0.7739344265625 0.809234375 0.8129274000000001 0.8239218749999999 0.8112177984375 0.8250624999999999 0.8281733015625001 0.816015625 0.8078454328125 0.7911406249999999 0.758688525 0.8001875 0.74512880625 0.796796875
1 0.02810304375 0.81875 0.0374707265625 0.8265625 0.03325526875 0.8284375 0.039812646875 0.828125 0.0655737703125 0.8453125 0.07728337187499999 0.859375 0.140515221875 0.909375 0.1334894609375 0.9203125 0.13817330156250002 0.925 0.15925058593750002 0.9140625 0.1733021078125 0.9 0.1840749421875 0.874375 0.2271662765625 0.8875 0.21779859531249998 0.90625 0.2271662765625 0.9328125 0.20843091406249997 0.9328125 0.19906323125 0.94375 0.2014051515625 0.96875 0.22482435625 0.984375 0.26229508125 0.984375 0.337236534375 0.9375 0.4566744734375 0.934375 0.454332553125 0.9296875 0.45901639375 0.9296875 0.44730679218749997 0.9203125 0.45901639375 0.9171875 0.4496487125 0.9125 0.454745834375 0.9101102937500001 0.4566744734375 0.796875 0.53903200625 0.7953125 0.5433255265625 0.7921875 0.555035128125 0.8015625 0.5597189703125001 0.8015625 0.5690866515625 0.7953125 0.5874316937499999 0.7953125 0.599531615625 0.79983108125 0.6018735359375 0.8109375 0.6112412171875 0.8171875 0.62997658125 0.8203125 0.6440281031249999 0.834375 0.672131146875 0.8515625 0.679156909375 0.8515625 0.6908665109375 0.8453125 0.7189695546875 0.8421875 0.7447306796875 0.86875 0.8032786890624999 0.9203125 0.8032786890624999 0.9453125 0.796252928125 0.9703125 0.7915690859375 0.975 0.7915690859375 0.9828125 0.8032786890624999 0.9921875 0.8266978921874999 0.9953125 0.960187353125 0.9953125 0.9718969562499999 0.9890625 0.9976580796875 0.9640625 0.9976580796875 0.940625 0.99063231875 0.93125 0.9742388765625 0.9234375 0.9484777515625 0.9046875 0.9180327875 0.89375 0.9039812640625 0.890625 0.8594847781249999 0.8890625 0.8407494140624999 0.875 0.8313817328124999 0.8625 0.8079625296874999 0.8453125 0.8056206093749999 0.825 0.7985948484375001 0.81875 0.7822014046875 0.8125 0.770491803125 0.8125 0.75644028125 0.8203125 0.7470726 0.8390625 0.725995315625 0.825 0.7142857140625 0.8125 0.7025761125 0.7921875 0.6955503515625 0.7875 0.672131146875 0.7859375 0.6557377046874999 0.79375 0.6370023421875 0.784375 0.6159250578125001 0.784375 0.6065573765625001 0.7890625 0.599531615625 0.78386824375 0.599531615625 0.5125 0.6112412171875 0.5109375 0.62997658125 0.5015625 0.6416861828125 0.490625 0.64871194375 0.459375 0.6440281031249999 0.453125 0.6323185015624999 0.446875 0.5761124125 0.446875 0.5597189703125001 0.4578125 0.5526932078125 0.4546875 0.5386416859375001 0.4546875 0.5245901640625 0.459375 0.517564403125 0.465625 0.517564403125 0.484375 0.52224824375 0.496875 0.555035128125 0.5125 0.5831381734375001 0.5125 0.5825338062500001 0.52157258125 0.1473898921875 0.7257056453125 0.1451990625 0.7296875 0.137720028125 0.7302419359375001 0.030444965624999997 0.78125 0.0210772828125 0.775 0.0046838406249999995 0.7890625 0.0023419203124999998 0.8109375 0.009367681249999999 0.821875 0.0224824359375 0.82515625 0.02810304375 0.81875