0 0.363640625 0.0912177984375 0.345609375 0.075456675 0.324578125 0.07320843125 0.3155625 0.10248243593749999 0.284 0.1002341921875 0.276484375 0.127259953125 0.255453125 0.12950819687499998 0.23140624999999998 0.1452693203125 0.22990624999999998 0.174543325 0.24943749999999998 0.20833723593750003 0.288515625 0.22185011718749997 0.354625 0.2263466046875 0.362140625 0.1925761125 0.381671875 0.15653395781249999 0.40121874999999996 0.113747071875 0.42225 0.07093676875 0.392203125 0.0529274 0.374171875 0.068688525 0.374171875 0.0844496484375 0.363640625 0.0912177984375
0 0.46303124999999995 0.1517330203125 0.451609375 0.14030445 0.44018750000000006 0.1536299765625 0.43637499999999996 0.18786885312499998 0.43764062499999995 0.2107025765625 0.44271874999999994 0.2183138171875 0.46303124999999995 0.2183138171875 0.474453125 0.1916861828125 0.4731875 0.1593442625 0.46303124999999995 0.1517330203125
0 0.160578125 0.20348946093750003 0.1736875 0.202459015625 0.181109375 0.1970257609375 0.19025 0.20039812656249997 0.191453125 0.19548009375 0.18990625 0.1776580796875 0.18162499999999998 0.1719672125 0.17024999999999998 0.171451990625 0.15765625 0.1877283375 0.157828125 0.19081967187499999 0.158 0.20014051562500002 0.160578125 0.20348946093750003
0 0.419359375 0.239508196875 0.462359375 0.24112412187499999 0.5064375 0.24433255312500002 0.518265625 0.25562060937500003 0.55265625 0.1267213109375 0.55265625 0.108992975 0.53115625 0.10578454374999999 0.516109375 0.08482435625 0.5010625 0.0655035125 0.46128125000000003 0.07676815000000001 0.44515625 0.08482435625 0.44085937499999994 0.1073770484375 0.435484375 0.1347775171875 0.43334374999999997 0.1396018734375 0.424734375 0.15412177968750002 0.40646875 0.1686182671875 0.37421875 0.187939109375 0.362390625 0.215339578125 0.365609375 0.236276346875 0.381734375 0.239508196875 0.380671875 0.237892271875 0.3989375 0.237892271875 0.419359375 0.239508196875
0 0.695328125 0.8146135828125001 0.695328125 0.793044496875 0.69403125 0.78224824375 0.686171875 0.770491803125 0.6750625 0.7655971890625 0.654125 0.7646135828125 0.633203125 0.77932084375 0.62796875 0.796955503125 0.629921875 0.81067915625 0.631890625 0.822459015625 0.632546875 0.8342154562499999 0.63778125 0.845011709375 0.641046875 0.843044496875 0.678984375 0.8508899296875001 0.6881406250000001 0.8410772828124999 0.695328125 0.83128805625 0.695328125 0.8146135828125001
0 0.24725000000000003 0.11718969531250001 0.25053125 0.1038875875 0.24678125 0.095456675 0.236484375 0.08283372343749999 0.22712500000000002 0.07512880625 0.21778124999999998 0.07512880625 0.21168749999999997 0.081428571875 0.208890625 0.0982669796875 0.20934375 0.1151053859375 0.21590625000000002 0.13262295156249998 0.22712500000000002 0.13613583125 0.23929687500000002 0.13473067968750002 0.24304687500000002 0.130515221875 0.24725000000000003 0.11718969531250001
0 0.20353125 0.10871194375 0.20875 0.10791569062499999 0.21018750000000003 0.0852693203125 0.2146875 0.078524590625 0.220796875 0.0755737703125 0.21828124999999998 0.0707259953125 0.20965625000000002 0.06695550312500001 0.20407812500000003 0.070444965625 0.197609375 0.0796018734375 0.195453125 0.09147540937500001 0.19634374999999998 0.1027868859375 0.20353125 0.10871194375
0 0.24684374999999997 0.0939812640625 0.2493125 0.10009367656249998 0.2498125 0.10583138125 0.251171875 0.10714285781249999 0.257234375 0.1060187359375 0.259078125 0.095456675 0.25982812499999997 0.088243559375 0.256609375 0.081007025 0.251171875 0.0748946140625 0.242515625 0.0741451984375 0.23521874999999998 0.0773067921875 0.236828125 0.080444965625 0.24289062499999997 0.0863700234375 0.24684374999999997 0.0939812640625
0 0.2035625 0.148571428125 0.203125 0.133067915625 0.19924999999999998 0.11758782187500001 0.1880625 0.11435597187499999 0.179875 0.118875878125 0.173421875 0.127915690625 0.17040625 0.131779859375 0.175578125 0.145971896875 0.185046875 0.152435596875 0.19409375 0.159531615625 0.2035625 0.148571428125
0 0.2129375 0.1513583140625 0.220640625 0.1443091328125 0.223 0.136276346875 0.21326562500000001 0.1267213109375 0.209578125 0.1171662765625 0.20823437500000003 0.11063231874999999 0.201859375 0.1176580796875 0.201859375 0.1267213109375 0.20521875 0.1478454328125 0.2129375 0.1513583140625
0 0.17396875 0.1696018734375 0.189875 0.1780327875 0.1908125 0.20747072656249999 0.19503125 0.2053629984375 0.21560937500000002 0.19906323125 0.21328125 0.185035128125 0.21607812499999998 0.1787353625 0.223109375 0.16259953124999998 0.216546875 0.152084309375 0.20204687500000001 0.15067915625 0.19175 0.158384075 0.1781875 0.1464637 0.169765625 0.1450585484375 0.164609375 0.13384075 0.146359375 0.12892271718749998 0.131859375 0.14224824375 0.131390625 0.164707259375 0.151046875 0.1815222484375 0.15853124999999998 0.1794145203125 0.16321875 0.1801170953125 0.17396875 0.1696018734375
0 0.230578125 0.134707259375 0.22604687499999998 0.136955503125 0.22121875000000002 0.14194379375 0.217296875 0.151451990625 0.21789062499999998 0.1573302109375 0.224546875 0.163676815625 0.24206249999999999 0.132435596875 0.23542187499999997 0.132435596875 0.230578125 0.134707259375
0 0.5359375 0.6768149890624999 0.5359375 0.684175309375 0.5421875 0.69320843125 0.5359375 0.7119437937499999 0.5359375 0.7353629984375 0.540625 0.751756440625 0.5484375 0.7634660421875 0.5578125 0.770491803125 0.5765625 0.770491803125 0.5859375 0.7634660421875 0.5953125 0.7470726 0.5984375 0.7330210765625 0.5984375 0.7119437937499999 0.6140625 0.6955503515625 0.6203125 0.6744730671875 0.6203125 0.6557377046874999 0.7153293921875 0.6187733390625 0.7289273656249999 0.698525221875 0.721875 0.7119437937499999 0.703125 0.7119437937499999 0.69375 0.7189695546875 0.6828125 0.7400468390625 0.68125 0.770491803125 0.6859375 0.770491803125 0.69375 0.7822014046875 0.6984375 0.8032786890624999 0.721875 0.8056206093749999 0.7375 0.7892271656250001 0.74375 0.7681498828125 0.74375 0.7494145203125 0.740625 0.7353629984375 0.73125 0.7189695546875 0.728125 0.716627634375 0.7308699328125 0.7099183484375 0.73680555625 0.7101223 0.753472221875 0.6835805359375 0.7609375 0.6955503515625 0.765625 0.7119437937499999 0.7734375 0.7236533953125 0.7828125 0.73067915625 0.8015625 0.73067915625 0.8109375 0.7236533953125 0.8203125 0.707259953125 0.8234375 0.69320843125 0.8234375 0.6744730671875 0.8203125 0.6604215453125 0.8109375 0.6440281031249999 0.8015625 0.6370023421875 0.7828125 0.6370023421875 0.779939515625 0.4130845359375 0.7828125 0.4121779859375 0.790625 0.41920374687499995 0.809375 0.41920374687499995 0.81875 0.4121779859375 0.828125 0.39578454375 0.83125 0.3817330203125 0.83125 0.3629976578125 0.825 0.3348946140625 0.8296875 0.31850117031249997 0.8296875 0.2997658078125 0.8265625 0.28571428593750003 0.8171875 0.26932084375 0.8078125 0.26229508125 0.7890625 0.26229508125 0.778125 0.2716627640625 0.76875 0.257611240625 0.7640625 0.24355971875 0.7484375 0.2271662765625 0.725 0.229508196875 0.7125 0.2459016390625 0.7046875 0.2669789234375 0.678125 0.2669789234375 0.665625 0.283372365625 0.6609375 0.2997658078125 0.6577205875 0.30210772812500003 0.5143382359374999 0.5831381734375001 0.515625 0.58548009375 0.5095588234374999 0.5925058546875 0.5047794125 0.6018735359375 0.503125 0.6018735359375 0.5 0.6112412171875 0.4984375 0.6416861828125 0.503125 0.658079625 0.515625 0.6744730671875 0.5359375 0.6768149890624999