0 0.427765625 1 0.44159375 0.9984375 0.451578125 0.9687291671875 0.46001562500000004 0.9400625 0.47078125000000004 0.9083125000000001 0.47384375 0.8448125 0.47154687500000003 0.8192083328124999 0.467703125 0.7853958328124999 0.458484375 0.7557083328124999 0.43237500000000006 0.7147291671875 0.418546875 0.7024375 0.412390625 0.6952708328125 0.39318749999999997 0.6860625 0.350171875 0.677875 0.335578125 0.677875 0.33020312500000004 0.6747916671875 0.35095312500000003 0.6645416671875 0.35939062499999996 0.6502083328125 0.35325 0.6420208328125 0.34403125 0.6389375 0.328671875 0.6553333328125001 0.320984375 0.6676249999999999 0.317921875 0.6758124999999999 0.315609375 0.6809375 0.30946875 0.6788958328125 0.27490625 0.6829791671875001 0.23956249999999998 0.6911875000000001 0.226515625 0.7003958328125 0.21192187499999998 0.7106458328125 0.1919375 0.7423958328125 0.178109375 0.79975 0.173515625 0.8345625 0.175046875 0.8775833328125 0.180421875 0.8960208328125001 0.189640625 0.94825 0.199625 0.9687291671875 0.2126875 0.9892083328125001 0.2180625 1 0.23342187499999997 0.9994583328125 0.2764375 0.9974166671875 0.30793750000000003 1 0.35939062499999996 0.9984375 0.400875 1 0.427765625 1
1 0.54928125 0.49420833281250004 0.566359375 0.4819583328125 0.570296875 0.4732083328125 0.559796875 0.45918749999999997 0.528265625 0.4644375 0.508578125 0.47670833281249997 0.49806249999999996 0.4959583328125 0.48624999999999996 0.5327291671875 0.4770625 0.5765 0.47575 0.6605624999999999 0.5138281250000001 0.6728125 0.5217031249999999 0.5957708328125 0.54928125 0.49420833281250004
1 0.565921875 0.565375 0.5759531250000001 0.5485208328125 0.59034375 0.5491041671875 0.592515625 0.5427083328125 0.59034375 0.5345833328125 0.583359375 0.534 0.57115625 0.5427083328125 0.564625 0.5432916671875 0.55634375 0.5432916671875 0.544140625 0.5560833328125 0.5319375 0.5822291671875 0.524953125 0.6235 0.525828125 0.6659166671875 0.547625 0.6705625000000001 0.5559062499999999 0.6025833328125 0.565921875 0.565375
1 0.749578125 0.4056041671875 0.72921875 0.4135 0.71396875 0.4180416671875 0.704640625 0.4327291671875 0.68853125 0.47456250000000005 0.717359375 0.488125 0.74025 0.42820833281250004 0.75296875 0.4202916671875 0.76059375 0.4146458328125 0.75890625 0.41125 0.749578125 0.4056041671875
1 0.7518281250000001 0.5582708328125 0.759625 0.6595625 0.7615624999999999 0.6621666671875001 0.76740625 0.5790416671874999 0.76740625 0.5400833328125 0.775203125 0.501125 0.783 0.46216666718750005 0.7946875 0.4206041671875 0.8122187500000001 0.418 0.825859375 0.41281249999999997 0.8180624999999999 0.394625 0.8141562499999999 0.394625 0.7888437500000001 0.4024166671875 0.77325 0.4102083328125 0.7518281250000001 0.43099999999999994 0.74209375 0.4595625 0.736234375 0.5063125 0.740140625 0.5037083328125 0.7479375 0.5271041671875001 0.7518281250000001 0.5582708328125
1 0.9058437500000001 0.40779166718750004 0.9448124999999999 0.3714375 0.9214218750000001 0.3584375 0.8629843749999999 0.3948125 0.820125 0.49349999999999994 0.8435 0.7012916671875 0.8629843749999999 0.729875 0.878578125 0.7610416671875 0.89415625 0.7662291671875 0.878578125 0.55325 0.9058437500000001 0.40779166718750004
1 0.43451562499999996 0.6379374999999999 0.43451562499999996 0.6317708328125 0.44157812500000004 0.62625 0.44546875 0.6249583328125 0.447171875 0.6265833328125 0.451078125 0.6252916671875 0.45496875000000003 0.6207291671874999 0.45521874999999995 0.6165208328125 0.45131249999999995 0.6165208328125 0.45034375000000004 0.6119791671875 0.44815625 0.6139166671875 0.44425 0.61425 0.43962500000000004 0.6178125 0.43184374999999997 0.623 0.41576562499999997 0.6268958328124999 0.40895312500000003 0.6356666671875 0.40285937499999996 0.6541875 0.399203125 0.6710625 0.398484375 0.671375 0.426 0.6710625 0.43451562499999996 0.6379374999999999
1 0.40601562500000005 0.5616666671874999 0.411546875 0.5547708328125001 0.41820312499999995 0.5518333328125 0.42262500000000003 0.5528125 0.427796875 0.548875 0.43 0.5468958328125 0.427421875 0.5449375 0.42446875000000006 0.5459166671875 0.423359375 0.5429583328125 0.423734375 0.5375625 0.4189375 0.541 0.412296875 0.5415 0.40454687500000003 0.548875 0.388671875 0.5508333328125 0.37796875 0.5601875 0.370953125 0.5788958328125 0.36320312499999996 0.5990624999999999 0.36025 0.6236666671875 0.359515625 0.673375 0.382765625 0.6699375 0.382390625 0.6694375 0.386453125 0.6251458328124999 0.3949375 0.5931666671875 0.40268750000000003 0.5729791671875 0.40601562500000005 0.5616666671874999
1 0.20218750000000002 0.48985416718749997 0.191765625 0.5398333328125 0.19593750000000001 0.6481250000000001 0.207390625 0.6689375 0.21675 0.6814375 0.22404687499999998 0.6772708328125 0.22404687499999998 0.6661666671875001 0.22717187499999997 0.6439583328125 0.22717187499999997 0.6023125 0.23029687499999998 0.5356666671875 0.23757812500000003 0.492625 0.24903124999999998 0.4607083328125 0.25840625 0.43987499999999996 0.26778124999999997 0.42877083281250006 0.27715625 0.4315416671875 0.27715625 0.41627083281250005 0.26153125 0.42043749999999996 0.248 0.42320833281250003 0.22404687499999998 0.43987499999999996 0.20218750000000002 0.48985416718749997
1 0.611515625 0.7731458328125 0.602015625 0.7261041671874999 0.565375 0.7061875 0.524640625 0.704375 0.517859375 0.704375 0.48120312500000006 0.6790416671874999 0.477140625 0.6826666671875 0.517859375 0.7206666671875 0.534140625 0.7550625 0.5368593749999999 0.7803958328125 0.534140625 0.8003125000000001 0.5232812499999999 0.8166041671875 0.474421875 0.8546041671875001 0.4730625 0.8527916671875 0.4635625 0.9179583328125 0.5232812499999999 0.9034791671875 0.5762343750000001 0.8527916671875 0.611515625 0.7731458328125
1 0.9063125 0.6234583328125 0.9077500000000001 0.634 0.90990625 0.6349583328125 0.9235468750000001 0.6224999999999999 0.938625 0.5765625 0.93575 0.5507083328125 0.927859375 0.5363541671875 0.924265625 0.5344375 0.91853125 0.5344375 0.91134375 0.5296458328125 0.9199531249999999 0.546875 0.922828125 0.5641041671875 0.9135 0.6043125 0.9063125 0.6234583328125