1 0.574752940625 0.8613125 0.606682353125 0.8569218749999999 0.6551058828125 0.845953125 0.6683294125 0.8649687500000001 0.6771294125 0.881046875 0.7167764703125 0.8708125000000001 0.7277882359375 0.8825156249999999 0.7388 0.878859375 0.735482353125 0.853265625 0.7476 0.820359375 0.7607999999999999 0.775765625 0.7432000000000001 0.7516406250000001 0.6738352937500001 0.7355625 0.615482353125 0.742140625 0.5725411765625 0.7786875 0.56263529375 0.784546875 0.58136470625 0.8167031250000001 0.574752940625 0.8613125
1 0.18124705937500002 0.46121875 0.1545411765625 0.498046875 0.14016470625 0.52396875 0.150447059375 0.534890625 0.1627764703125 0.5335156249999999 0.168917646875 0.5253281249999999 0.168917646875 0.541703125 0.18741176406249999 0.537609375 0.2017882359375 0.5267031249999999 0.21002352968750002 0.55534375 0.22440000000000002 0.5594375 0.23672941249999999 0.5444375 0.24494117656249997 0.55534375 0.2572705875 0.552625 0.2736941171875 0.5335156249999999 0.2860235296875 0.52396875 0.298352940625 0.54853125 0.30656470625 0.5335156249999999 0.3230117640625 0.504875 0.3353411765625 0.491234375 0.3373882359375 0.47485937500000003 0.3373882359375 0.451671875 0.3271294125 0.443484375 0.3188941171875 0.43392187499999996 0.3004 0.42846875000000006 0.271647059375 0.423015625 0.24905882343750002 0.42575 0.21823529375 0.43529687499999997 0.18124705937500002 0.46121875
1 0.49129411718749993 0.7771874999999999 0.449882353125 0.811359375 0.4351764703125 0.8397500000000001 0.42783529375 0.8574999999999999 0.42783529375 0.8708125000000001 0.42983529374999996 0.88634375 0.4418588234375 0.89121875 0.4525411765625 0.8819062499999999 0.45522352968749996 0.866375 0.47661176406249994 0.827765625 0.5 0.80603125 0.508682353125 0.7811874999999999 0.5033411765625 0.771859375 0.4966588234375 0.773640625 0.49129411718749993 0.7771874999999999
1 0.3410117640625 0.704453125 0.37301176406250003 0.705515625 0.39703529375 0.722515625 0.3794117640625 0.74271875 0.40023529375000005 0.766109375 0.42423529374999996 0.757609375 0.46905882343750005 0.75228125 0.504282353125 0.74696875 0.518682353125 0.72359375 0.491482353125 0.677875 0.45305882343750004 0.652359375 0.3650117640625 0.6640625 0.26096470625 0.709765625 0.24656470625 0.72784375 0.2817882359375 0.72465625 0.3410117640625 0.704453125
1 0.2304705875 0.84884375 0.2367058828125 0.8579531250000001 0.269152940625 0.8703749999999999 0.3003294125 0.8273125 0.3103058828125 0.83228125 0.3177882359375 0.7916875 0.3103058828125 0.7494531249999999 0.34522352968750003 0.7444843750000001 0.3651764703125 0.7535937500000001 0.37016470625000003 0.8090781249999999 0.3951058828125 0.7850625 0.4288 0.76021875 0.40258823593750004 0.766015625 0.3788941171875 0.7444843750000001 0.3951058828125 0.72378125 0.37390588281250003 0.70390625 0.332752940625 0.709703125 0.29783529375 0.719640625 0.24917647031249998 0.739515625 0.2354588234375 0.759390625 0.2304705875 0.84884375
1 0.14096470625 0.694890625 0.14663529375 0.7061875 0.122047059375 0.72878125 0.16743529375 0.7325468749999999 0.14663529375 0.747609375 0.097482353125 0.75890625 0.0918117640625 0.77146875 0.061552940625 0.80034375 0.1088235296875 0.791546875 0.103152940625 0.8267031250000001 0.12016470625 0.8204218750000001 0.16176470625 0.7928124999999999 0.2260235296875 0.768953125 0.2695058828125 0.731296875 0.23736470625 0.7212500000000001 0.30164705937499997 0.687359375 0.32054117656250003 0.66978125 0.30543529375 0.6496875 0.25061176406249996 0.657234375 0.2071294125 0.67103125 0.14096470625 0.694890625
1 0.11818823593750001 0.8240624999999999 0.09743529375 0.801796875 0.0463294125 0.8346718750000001 0.035152940625000004 0.854828125 0.0607058828125 0.866484375 0.0415294125 0.891953125 0.070282353125 0.9004375 0.0415294125 0.924828125 0.0846588234375 0.9152812499999999 0.10861176406249999 0.9205781249999999 0.10221176406250002 0.9460312500000001 0.13096470625 0.9460312500000001 0.1469411765625 0.94709375 0.17729411718750002 0.9266406249999999 0.18687058750000002 0.8818125 0.194847059375 0.84575 0.22999999999999998 0.835140625 0.22679999999999997 0.778921875 0.20604705937499998 0.78740625 0.21722352968749997 0.781640625 0.1756941171875 0.7795156249999999 0.11818823593750001 0.8240624999999999
1 0.48223529374999996 0.436125 0.43731764687499997 0.44890625 0.42607058750000004 0.460625 0.43731764687499997 0.47554687500000004 0.46458823593750004 0.480875 0.4693882359375 0.49578125 0.47261176406249994 0.511765625 0.501482353125 0.496859375 0.5191294125 0.51390625 0.5528235296874999 0.51496875 0.565647059375 0.5213593750000001 0.5961411765625 0.5064375 0.5929176468749999 0.510703125 0.63303529375 0.496859375 0.586517646875 0.46168750000000003 0.565647059375 0.44890625 0.48223529374999996 0.436125
1 0.3939294125 0.3203125 0.3767764703125 0.336828125 0.35103529375 0.3550625 0.37075294062499997 0.36303125 0.3844941171875 0.36075 0.41708235312499997 0.33625 0.41795294062500005 0.3151875 0.4196705875 0.32429687500000004 0.43167058750000004 0.3561875 0.41623529374999996 0.376125 0.43167058750000004 0.38068749999999996 0.4531058828125 0.368734375 0.45741176406250006 0.339109375 0.4531058828125 0.30834375 0.4256705875 0.29809375 0.39477647031249996 0.294671875 0.3844941171875 0.297515625 0.39221176406249997 0.310046875 0.3939294125 0.3203125
1 0.31976470625000003 0.567578125 0.34063529375 0.560109375 0.3550588234375 0.5739687499999999 0.3550588234375 0.572890625 0.3727058828125 0.55478125 0.36790588281250003 0.548390625 0.36790588281250003 0.536671875 0.3775294125 0.526015625 0.4304705875 0.5175 0.4802117640625 0.50471875 0.46096470624999997 0.478078125 0.4416941171875 0.4716875 0.4016 0.45890624999999996 0.36790588281250003 0.47275 0.34703529375 0.48234374999999996 0.3117411765625 0.5175 0.3085411765625 0.536671875 0.30051764687500004 0.561171875 0.30371764687499997 0.55159375 0.3085411765625 0.570765625 0.31976470625000003 0.567578125
1 0.5235294125000001 0.9436875 0.5107764703125001 0.97378125 0.5107764703125001 0.974734375 0.5291764703124999 0.97378125 0.5306117640625 0.9944843750000001 0.5476 0.997296875 0.5702588234375 0.987890625 0.59856470625 1 0.6169882359375001 0.9944843750000001 0.6368235296875 0.998234375 0.6679764703125 0.9944843750000001 0.6934588234375 0.998234375 0.7217882359375001 0.997296875 0.730282353125 0.997296875 0.7331058828125 0.9831875 0.7571764703125 0.986953125 0.7628470593750001 0.9794375000000001 0.7600235296875 0.9455781249999999 0.7515294124999999 0.907953125 0.7288705875 0.885390625 0.716117646875 0.874109375 0.6722117640625 0.883515625 0.6552235296875 0.8477656250000001 0.5631764703125001 0.8637656249999999 0.5461882359375 0.884453125 0.534847059375 0.9154843749999999 0.5235294125000001 0.9436875
1 0.45188235312499997 0.3638125 0.448447059375 0.3791875 0.45188235312499997 0.3894375 0.46216470625 0.3894375 0.4844705875 0.387734375 0.49305882343749996 0.3843125 0.4964705875 0.38146874999999997 0.4939058828125 0.36779687499999997 0.49305882343749996 0.35640625 0.4913411765625 0.34728125 0.4896235296875 0.337609375 0.482752940625 0.32792187500000003 0.48103529375000004 0.32221875 0.470752940625 0.31425000000000003 0.46731764687500005 0.31196875 0.45188235312499997 0.3096875 0.45359999999999995 0.3245 0.448447059375 0.345015625 0.45188235312499997 0.3638125
1 0.49011764687500003 0.38482812499999997 0.4693411765625 0.39534375 0.4525411765625 0.41109375000000004 0.44263529375 0.44459375 0.44856470625 0.44721875000000005 0.47625882343750003 0.435390625 0.49604705937500004 0.435390625 0.525717646875 0.44196875 0.5583529406250001 0.4505 0.59296470625 0.46034375 0.6117411765625 0.470203125 0.6176941171875 0.49778124999999995 0.6404235296875 0.491875 0.6473411765625 0.48925 0.6592235296875 0.48793749999999997 0.6730588234375 0.477421875 0.6908705875 0.46823437500000004 0.6849411765625 0.45837500000000003 0.703717646875 0.466265625 0.7323999999999999 0.466921875 0.7205411765624999 0.45378125 0.7007529406249999 0.428828125 0.6859294125 0.422921875 0.6918588234375 0.40190625 0.6829411765625 0.386140625 0.6700941171875 0.376953125 0.6483294125 0.36971875 0.6176941171875 0.36775 0.5761411765625 0.37498437500000004 0.5652705874999999 0.378265625 0.5603294125 0.37629687500000003 0.5415294125 0.37629687500000003 0.5187999999999999 0.379578125 0.49011764687500003 0.38482812499999997
1 0.0793808046875 0.43671875 0.08848297187500001 0.441796875 0.085882353125 0.4453125 0.0975851390625 0.446875 0.10117647031250002 0.4453125 0.10823529375 0.446875 0.10668730625 0.451953125 0.1152941171875 0.453125 0.11578947343749998 0.45703125 0.1259728515625 0.45516826874999994 0.011493212499999999 0.8782451921875 0.0164705875 0.8796875 0.0094117640625 0.8859375 0.014313725 0.8912109375 0.0094117640625 0.8984375 0.01176470625 0.9015625 0.0235294125 0.9078125 0.04 0.909375 0.04 0.9125 0.025882353125 0.921875 0.02823529375 0.9375 0.04 0.94375 0.0588235296875 0.94375 0.06823529375000001 0.9390625 0.0729411765625 0.9328125 0.09647058750000001 0.9328125 0.10588235312500001 0.928125 0.10823529375 0.921875 0.3435294125 0.8953125 0.3505882359375 0.9 0.36705882343749996 0.9 0.37176470625 0.903125 0.374117646875 0.9203125 0.39058823593750003 0.9296875 0.414117646875 0.9296875 0.43058823593750006 0.9390625 0.48 0.9390625 0.4964705875 0.9484375 0.52 0.9484375 0.545882353125 0.8859375 0.5623529406250001 0.865625 0.5788235296875001 0.8625 0.6799999999999999 0.8828125 0.6894117640624999 0.878125 0.6964705875 0.87890625 0.7035294125 0.875 0.7129411765625 0.875 0.7176470593750001 0.871875 0.7247058828124999 0.8796875 0.7247058828124999 0.8828125 0.7505882359375 0.9078125 0.76 0.946875 0.7670588234375 0.9515625 0.7764705875 0.953125 0.785882353125 0.9609375 0.8023529406250001 0.96875 0.8211764703125001 0.9734375 0.8588235296875 0.9734375 0.8847058828125001 0.965625 0.894117646875 0.959375 0.9270588234374999 0.9609375 0.9411764703125 0.95625 0.9552941171875 0.9453125 0.96 0.9359375 0.96 0.9234375 0.9552941171875 0.9140625 0.9435294125 0.9046875 0.9435294125 0.8875 0.934117646875 0.8734375 0.934117646875 0.8625 0.9294117640625 0.8546875 0.9152941171875 0.846875 0.89176470625 0.846875 0.8705882359375 0.8609375 0.8470588234375 0.84375 0.8094117640625 0.834375 0.8094117640625 0.8140625 0.7929411765625 0.803125 0.7694117640625 0.803125 0.7529411765625 0.8125 0.416160990625 0.624609375 0.4053418125 0.625 0.4070588234375 0.61953125 0.39795665625 0.614453125 0.402925278125 0.609375 0.3811764703125 0.46875 0.402352940625 0.459375 0.414117646875 0.4640625 0.42823529374999997 0.453125 0.43294117656250003 0.44375 0.43294117656250003 0.40625 0.42352941250000004 0.3921875 0.4 0.38125 0.4 0.375 0.4094117640625 0.375 0.4188235296875 0.3703125 0.42117647031249994 0.3578125 0.42823529374999997 0.35 0.42352941250000004 0.3375 0.454117646875 0.3109375 0.46588235312500004 0.3125 0.4705882359375 0.315625 0.47529411718750003 0.3140625 0.48 0.30625 0.4964705875 0.2921875 0.49411764687500004 0.2828125 0.4870588234375 0.278125 0.47294117656249995 0.278125 0.4611764703125 0.2859375 0.442352940625 0.2859375 0.44000000000000006 0.2828125 0.44941176406250005 0.2734375 0.4470588234375 0.2640625 0.44000000000000006 0.259375 0.4094117640625 0.2609375 0.4 0.2671875 0.4 0.2875 0.4164705875 0.2984375 0.40470588281250003 0.30694444375 0.39058823593750003 0.3078125 0.3788235296875 0.2984375 0.36705882343749996 0.296875 0.3435294125 0.284375 0.317647059375 0.284375 0.30823529375000003 0.2875 0.2964705875 0.3 0.2870588234375 0.30086805625 0.24 0.2984375 0.24 0.2921875 0.2305882359375 0.275 0.21176470625000002 0.2671875 0.197647059375 0.26875 0.1929411765625 0.265625 0.1764705875 0.2640625 0.157647059375 0.265625 0.15058823593749998 0.2734375 0.1388235296875 0.2796875 0.134117646875 0.2890625 0.134117646875 0.3046875 0.1388235296875 0.315625 0.157647059375 0.328125 0.15927601875 0.332091346875 0.15511312187499998 0.3474759609375 0.157647059375 0.353125 0.1388235296875 0.3640625 0.13176470625 0.375 0.1294117640625 0.3875 0.1105882359375 0.4 0.1035294125 0.4125 0.08235294062500001 0.4125 0.061176470312499995 0.4265625 0.07027863749999999 0.431640625 0.061176470312499995 0.4375 0.0705882359375 0.4453125 0.0793808046875 0.43671875