3 0.8042622953125 0.7522656249999999 0.770491803125 0.779921875 0.7520608906249999 0.796296875 0.7459250578125001 0.829078125 0.758196721875 0.859796875 0.770491803125 0.892578125 0.8103981265625 0.9079375000000001 0.85030445 0.929453125 0.865667446875 0.932515625 0.9209133484375001 0.9161250000000001 0.93320843125 0.914078125 0.96391100625 0.914078125 0.999203746875 0.92740625 1 0.714375 0.9946135828125 0.714375 0.9347306796874999 0.7153906250000001 0.8763934421874999 0.725640625 0.8318969562499999 0.734859375 0.8042622953125 0.7522656249999999
3 0.44503512812499996 0.999484375 0.7044730671874999 1 0.7151990625 0.981046875 0.7459016390625 0.9462343750000001 0.699859484375 0.90321875 0.675292740625 0.87965625 0.6522716625 0.8571249999999999 0.643067915625 0.855078125 0.601615925 0.850984375 0.5755269328125 0.8540625000000001 0.5233255265625 0.867375 0.497236534375 0.8745312500000001 0.49416861875 0.8776093749999999 0.4496487125 0.9062812499999999 0.43735362968749997 0.93496875 0.42969555000000004 0.9749062500000001 0.44503512812499996 0.999484375
3 0.6305854796875 0.85509375 0.6607025765625 0.8278281249999999 0.658548009375 0.820640625 0.677915690625 0.8306875 0.69512880625 0.843609375 0.7338407499999999 0.8708750000000001 0.7639578453125 0.8780468750000001 0.748899296875 0.8378593750000001 0.748899296875 0.7948125 0.78548009375 0.764671875 0.7316861828125 0.7589375 0.6607025765625 0.764671875 0.6047775171875001 0.786203125 0.574660421875 0.820640625 0.574660421875 0.85509375 0.5768149890625 0.85653125 0.5961826703125 0.85078125 0.6305854796875 0.85509375
3 1 0.9815156249999999 0.9984777515625 0.9457187499999999 0.9353629984375 0.9378125 0.8888056203125 0.938875 0.885644028125 0.938875 0.8493442625000001 0.9414999999999999 0.81224824375 0.954140625 0.77517564375 0.9741406250000001 0.7633255265625001 0.9978281250000001 0.8327868859375 0.99940625 1 0.9978281250000001 1 0.9815156249999999
3 0.9518501171875 0.679484375 0.9739812640625001 0.71721875 1 0.71434375 0.9979625296875 0.6454375 0.9985714281250001 0.59990625 0.999180328125 0.5994843750000001 0.9838173296875 0.609328125 0.9672131140625 0.62246875 0.953067915625 0.64871875 0.9518501171875 0.679484375
0 0.4063466046875 0.73321875 0.431615925 0.757625 0.4509133484375 0.76428125 0.5646370015625 0.76915625 0.5732786890625 0.759390625 0.61517564375 0.73809375 0.6464168625 0.72478125 0.6570726 0.70659375 0.7022950812500001 0.6666562500000001 0.706276346875 0.671984375 0.7036299765625 0.6852968749999999 0.7136065578124999 0.721234375 0.7209133484375 0.7225625 0.7342154562500001 0.687515625 0.738196721875 0.665328125 0.7262295078125 0.6245 0.6763466046875 0.59078125 0.63578454375 0.582359375 0.6131850109375 0.582796875 0.5865807968750001 0.569484375 0.54416861875 0.5671875 0.50384075 0.569875 0.47259953125000004 0.577953125 0.4413583140625 0.59140625 0.40908665156249996 0.612921875 0.4030210765625 0.64003125 0.395035128125 0.70615625 0.4063466046875 0.73321875
0 0.33789227187500004 0.582359375 0.3928571421875 0.585078125 0.4600468390625 0.5755625 0.5129742390625001 0.56334375 0.541475409375 0.541609375 0.5618266984375 0.5212343749999999 0.5719906328125 0.5049375 0.5659016390625 0.47642187500000005 0.5292505859375 0.43975 0.49667447343750004 0.426171875 0.4600468390625 0.41665625000000006 0.4050819671875 0.400359375 0.33384075 0.409875 0.2768384078125 0.4343125 0.2971896953125 0.483203125 0.3134660421875 0.57284375 0.33789227187500004 0.582359375
0 0.1526463703125 0.42625 0.1659250578125 0.424640625 0.193723653125 0.431078125 0.21185011718750002 0.43753125 0.232412178125 0.45125000000000004 0.26384075 0.45125000000000004 0.2783372359375 0.4335 0.29163934375 0.419796875 0.32063231875 0.41334375 0.35449648749999996 0.40689062500000006 0.3714051515625 0.38673437499999996 0.3738173296875 0.344 0.35810304375 0.31818749999999996 0.3315222484375 0.29721875 0.294051521875 0.286734375 0.2311943796875 0.277859375 0.184051521875 0.279484375 0.14416861875 0.291578125 0.11517564375 0.303671875 0.0825292734375 0.345609375 0.0813348953125 0.38834375 0.08737704843750001 0.40931249999999997 0.11032786875 0.42543749999999997 0.11758782187500001 0.42625 0.13330210781250001 0.427859375 0.1526463703125 0.42625
0 0.486627634375 0.412984375 0.5294613578125 0.42078125 0.5606089 0.412984375 0.6073067921875 0.3818125 0.646252928125 0.327265625 0.646252928125 0.283109375 0.568384075 0.23117187499999997 0.5060889937499999 0.212984375 0.49051522187499996 0.22337500000000002 0.45159250625 0.23896875 0.424332553125 0.251953125 0.4087822015625 0.26234375 0.40098360624999996 0.27273437500000003 0.3815222484375 0.2935 0.36594847812500003 0.319484375 0.3776346609375 0.3584375 0.39320843125 0.366234375 0.424332553125 0.384421875 0.486627634375 0.412984375
0 0.742224825 0.550171875 0.7955971890625 0.5360625 0.834543325 0.49303125000000003 0.835644028125 0.45740625 0.8211943796875 0.4203125 0.7867213109375 0.389140625 0.7789227171875 0.3854375 0.728875878125 0.3728125 0.67770491875 0.3728125 0.642131146875 0.377265625 0.5987353625 0.392109375 0.56093676875 0.41065625 0.5409133484375 0.436640625 0.5397892265625 0.462609375 0.549812646875 0.49303125000000003 0.5653864171875 0.5212343749999999 0.5987353625 0.529390625 0.6031850109375 0.531609375 0.6932786890625 0.5479375 0.742224825 0.550171875
0 0.7216393437499999 0.628203125 0.7281967218750001 0.654484375 0.730819671875 0.68515625 0.732131146875 0.693921875 0.8070023421875 0.7061875 0.8359016390624999 0.665875 0.8831850109375001 0.6115468749999999 0.8884543328125 0.6229375 0.8844964875000001 0.64134375 0.9107728343750001 0.68515625 0.9291569093750001 0.669390625 0.9278454328124999 0.63871875 0.9081498828125 0.59840625 0.8700468390625 0.55896875 0.822763465625 0.546703125 0.7991334890624999 0.552828125 0.7794145203125 0.55896875 0.72030445 0.56159375 0.6769789234375 0.569484375 0.6625292734375 0.593140625 0.6690866515625 0.5913906250000001 0.70323185 0.6071718749999999 0.7216393437499999 0.628203125
0 0.6534426234375 0.19139062499999998 0.6190163937500001 0.178 0.57451990625 0.17703125 0.54583138125 0.178953125 0.5372131140625 0.19139062499999998 0.49416861875 0.20384375000000002 0.476955503125 0.210546875 0.4740983609375 0.22490625 0.478384075 0.23064062500000002 0.5400936765625 0.2296875 0.5960655734375 0.244046875 0.6348009375 0.28234375 0.6520140515625 0.309140625 0.6376580796875 0.335 0.6807025765625 0.32637499999999997 0.715152225 0.27371875 0.697939109375 0.220109375 0.6534426234375 0.19139062499999998
0 0.22969555000000003 0.22596875 0.2647306796875 0.210390625 0.2841920375 0.22596875 0.2997658078125 0.23896875 0.315339578125 0.24934375000000003 0.34259953125 0.2649375 0.36594847812500003 0.277921875 0.3854098359375 0.27273437500000003 0.40098360624999996 0.257140625 0.4087822015625 0.24415625 0.4165573765625 0.22596875 0.43213114687500004 0.20779687500000002 0.4438173296875 0.184421875 0.46716627656250004 0.142859375 0.47496487187499997 0.122078125 0.4438173296875 0.070125 0.4165573765625 0.062343749999999996 0.39320843125 0.05973437499999999 0.34259953125 0.057140625 0.307540984375 0.057140625 0.25304449687499997 0.05973437499999999 0.22969555000000003 0.070125 0.21412177968749999 0.08571875 0.2102341921875 0.10909374999999999 0.20632318437500002 0.127265625 0.202435596875 0.142859375 0.19074941406249998 0.15584375 0.18297423906250002 0.168828125 0.1751990625 0.189609375 0.1596252921875 0.236359375 0.16740046875 0.24415625 0.18297423906250002 0.24934375000000003 0.22969555000000003 0.22596875
0 0.1680327875 0.290390625 0.1731615921875 0.28525 0.1500468390625 0.278390625 0.10639344218749999 0.256109375 0.1089695546875 0.2406875 0.11922716562499999 0.23040625 0.1346370015625 0.21156250000000001 0.126932084375 0.196140625 0.10124121718750001 0.184140625 0.0729976578125 0.17728125 0.0370491796875 0.170421875 0.0087822015625 0.175578125 0 0.280109375 0.0139344265625 0.302375 0.0370491796875 0.321234375 0.0729976578125 0.3435 0.0832786890625 0.34865625 0.132084309375 0.302375 0.1680327875 0.290390625
0 0.23386416875 0.74871875 0.3219906328125 0.76228125 0.3592740046875 0.765671875 0.371124121875 0.758890625 0.388079625 0.740796875 0.40163934375 0.7283593749999999 0.40163934375 0.714796875 0.40163934375 0.70009375 0.4033255265625 0.6797500000000001 0.3999297421875 0.665046875 0.3863700234375 0.64696875 0.3660421546875 0.63 0.3423185015625 0.613046875 0.31690866562500003 0.601734375 0.303348946875 0.6367812500000001 0.1745667453125 0.64921875 0.157611240625 0.6661875 0.14913348906249999 0.70575 0.1542388765625 0.738546875 0.1644028109375 0.770203125 0.1864168625 0.770203125 0.203372365625 0.7555 0.23386416875 0.74871875
0 0.026557376562500002 0.43984375 0.07269320781250001 0.42476562500000004 0.07269320781250001 0.40528125 0.0632786890625 0.385171875 0.0397423890625 0.36193749999999997 0.0208899296875 0.324859375 0.0067681500000000006 0.3166875 0 0.3160625 0.001124121875 0.45115625000000004 0.026557376562500002 0.43984375
0 0.1882669796875 0.4623125 0.20494145156250002 0.4496875 0.20049180312499998 0.44671874999999994 0.1782669796875 0.43634375 0.145995315625 0.428921875 0.08927400468749999 0.425203125 0.051475409375 0.43189062500000003 0.0025292734375 0.45043749999999994 0.0014051515625 0.47270312499999995 0.182716628125 0.47121874999999996 0.1882669796875 0.4623125
0 1 0.003203125 0.7752459015625 0.006875000000000001 0.7568852453125 0.02403125 0.738524590625 0.03875 0.74770491875 0.053453125000000004 0.8119906328125 0.053453125000000004 0.8266744734374999 0.058359375000000005 0.8229976578124999 0.095109375 0.8340281031250001 0.18457812499999998 0.8799531609375 0.156390625 0.9240281031249999 0.144140625 0.9625995312500001 0.1355625 0.9974941453125 0.134328125 1 0.030171874999999997 1 0.003203125
0 0.0046838406249999995 0 0.0023419203124999998 0.003125 0.0071872734375 0.0102909484375 0.0023419203124999998 0.0171875 0.008029440625 0.02421875 0.0023419203124999998 0.025 0.0023419203124999998 0.0859375 0.030444965624999997 0.0859375 0.039812646875 0.084375 0.0444964875 0.0796875 0.0562060890625 0.08125 0.07627969375 0.10859375 0.07502220781249999 0.1106142234375 0.0819672125 0.115625 0.0655737703125 0.121875 0.051522248437499994 0.1328125 0.046838407812499996 0.1328125 0.018735362499999998 0.15 0.018735362499999998 0.1734375 0.0444964875 0.171875 0.10070257656249999 0.184375 0.1264637 0.196875 0.1334894609375 0.209375 0.1334894609375 0.2171875 0.1428571421875 0.2109375 0.1380117890625 0.2037715515625 0.1428571421875 0.196875 0.140515221875 0.1859375 0.121779859375 0.1734375 0.121779859375 0.16875 0.13583138125 0.16875 0.152224825 0.1796875 0.15925058593750002 0.1796875 0.16627634687499998 0.184375 0.175644028125 0.184375 0.1826697890625 0.165625 0.1733021078125 0.165625 0.16393442656249999 0.1609375 0.140515221875 0.14375 0.11007025781249999 0.1296875 0.0960187359375 0.115625 0.08430913281249999 0.115625 0.067915690625 0.08125 0.08430913281249999 0.071875 0.088992975 0.0640625 0.088992975 0.0484375 0.08430913281249999 0.040625 0.086651053125 0.0375 0.1077283375 0.0421875 0.11709601875 0.046875 0.156908665625 0.0546875 0.15925058593750002 0.059375 0.175644028125 0.06875 0.215456675 0.0703125 0.2763466046875 0.028125 0.29742388750000004 0.0203125 0.2997658078125 0.0515625 0.30679156875 0.05625 0.3817330203125 0.0578125 0.4168618265625 0.0625 0.4426229515625 0.0703125 0.4707259953125 0.115625 0.4894613578125 0.096875 0.5011709609375 0.0609375 0.5714285718750001 0.059375 0.580796253125 0.0625 0.6416861828125 0.0625 0.658079625 0.053125 0.662763465625 0.0453125 0.6604215453125 0.03125 0.6510538640625 0.028125 0.6463700234374999 0.0234375 0.5948477750000001 0.01875 0.5784543328125 0 0.0046838406249999995 0