2 0.26946875000000003 0.6748491375000001 0.24678125 0.669956896875 0.238265625 0.6601724140624999 0.21345312500000002 0.6396336203125 0.197140625 0.624956896875 0.184375 0.6229956890625 0.178 0.653318965625 0.21982812499999999 0.71788793125 0.245359375 0.7364655171875001 0.27018749999999997 0.74428879375 0.284359375 0.7501724140625 0.3091875 0.76875 0.33399999999999996 0.7609267234375 0.346765625 0.7472413796875 0.354578125 0.71788793125 0.3524375 0.696357759375 0.33399999999999996 0.6777801718750001 0.33399999999999996 0.67288793125 0.316984375 0.6670258625 0.26946875000000003 0.6748491375000001
2 0.3845 0.7528017234375 0.38775 0.82696120625 0.40078125 0.905625 0.42034374999999996 0.9752801718749999 0.443140625 0.97303879375 0.45292187500000003 0.9033620687499999 0.44640625 0.8292241375 0.46921875 0.766293103125 0.46921875 0.7168534484375 0.44803125 0.694375 0.415453125 0.689892240625 0.40404687499999997 0.7011206890625 0.39264062499999997 0.721357759375 0.3845 0.7528017234375
2 0.381421875 0.693168103125 0.389046875 0.6749353453125 0.393125 0.6637068968750001 0.408890625 0.6202370687500001 0.42210937499999995 0.6139224140625 0.435328125 0.6139224140625 0.46075 0.6223275859374999 0.472953125 0.62375 0.4719375 0.6209267234375 0.467359375 0.6160344828125 0.45973437500000003 0.6062068968750001 0.43328125 0.59148706875 0.41243749999999996 0.59008620625 0.386 0.609719828125 0.34228125 0.6440732765625 0.330078125 0.6700215515625 0.36515624999999996 0.71 0.37684375000000003 0.701594828125 0.381421875 0.693168103125
2 0.43851562499999996 0.4381896546875 0.42350000000000004 0.43099137968749995 0.41959375000000004 0.43099137968749995 0.4085 0.44448275937500004 0.400671875 0.45887931093749995 0.394140625 0.468793103125 0.382390625 0.4768965515625 0.362171875 0.48318965468749997 0.356296875 0.500280171875 0.35564062500000004 0.522780171875 0.37129687499999997 0.532693965625 0.3804375 0.5417025859375 0.39284375 0.53 0.41176562499999997 0.496681034375 0.43851562499999996 0.4435775859375 0.43851562499999996 0.4381896546875
2 0.49201562499999996 0.7775215515625 0.467578125 0.7528017234375 0.4578125 0.824719828125 0.490390625 0.8471982765625 0.563703125 0.9258405171874999 0.5734843749999999 0.8943749999999999 0.54415625 0.8584267234375 0.49201562499999996 0.7775215515625
2 0.46896875 0.5002586203125 0.463609375 0.5120905171875 0.47326562499999997 0.5298275859375 0.483984375 0.5298275859375 0.510796875 0.4854525859375 0.53009375 0.4336853453125 0.537609375 0.39375 0.5386875 0.3523275859375 0.5333125 0.34196120625000004 0.5193749999999999 0.356767240625 0.5215156249999999 0.358232759375 0.5054375 0.41148706874999996 0.48934375 0.44700431093750004 0.4915 0.45734913749999995 0.46896875 0.5002586203125
2 0.45496875000000003 0.34161637968749997 0.449890625 0.38148706875 0.44634375000000004 0.408081896875 0.45192187500000003 0.43327586250000005 0.45953125000000006 0.43118534531249997 0.466125 0.42068965468749997 0.48084375 0.377306034375 0.47982812499999994 0.36959051718749997 0.47018750000000004 0.329719828125 0.46410937499999994 0.3178232765625 0.46309374999999997 0.310818965625 0.460046875 0.3066163796875 0.458015625 0.308017240625 0.45496875000000003 0.34161637968749997
2 0.67775 0.8494396546875 0.659828125 0.8314655171875 0.6500625 0.8224784484375001 0.61746875 0.8045043109375 0.59465625 0.775280171875 0.562078125 0.7505603453125 0.539265625 0.76178879375 0.539265625 0.775280171875 0.56859375 0.8045043109375 0.560453125 0.8089870687499999 0.562078125 0.8224784484375001 0.576734375 0.8359482765624999 0.59303125 0.8494396546875 0.622359375 0.860668103125 0.68915625 0.9011206890624999 0.6972968749999999 0.8943749999999999 0.692421875 0.860668103125 0.67775 0.8494396546875
2 0.09131249999999999 0.48366379375 0.095484375 0.500969828125 0.10206249999999999 0.5207543109375 0.136140625 0.5694181031250001 0.15526562500000002 0.5801293109375 0.167828125 0.585905171875 0.18575 0.5941379312499999 0.2090625 0.6048706890625 0.224015625 0.6015732765624999 0.21625 0.5966163796874999 0.18875 0.5727155171875 0.158859375 0.5512715515625 0.154671875 0.5446767234375 0.136140625 0.5273491375 0.097875 0.487780171875 0.10146875 0.48859913749999995 0.095484375 0.482844828125 0.09131249999999999 0.48366379375
2 0.313546875 0.546530171875 0.320125 0.5451293109375001 0.33985937499999996 0.4941594828125 0.308984375 0.4550646546875 0.275578125 0.42155172343749997 0.259375 0.40480603437499996 0.246734375 0.4061853453125 0.24520312500000002 0.3992025859375 0.242671875 0.4020043109375 0.23914062500000002 0.4180603453125 0.313546875 0.546530171875
2 0.3616875 0.49663793125 0.368203125 0.4741594828125 0.37634375000000003 0.46741379375000003 0.39753125 0.45392241406249995 0.4105625 0.43821120625 0.43499999999999994 0.43370689687499997 0.454546875 0.4314655171875 0.478984375 0.42471982812500003 0.487140625 0.43370689687499997 0.483875 0.4449353453125 0.467578125 0.460668103125 0.39753125 0.5438146546875 0.40242187500000004 0.5887715515624999 0.43010937499999996 0.575280171875 0.478984375 0.6067456890625 0.47409375000000004 0.6224784484375 0.438265625 0.6269612062500001 0.407296875 0.6314655171875 0.39915625 0.660668103125 0.39915625 0.678642240625 0.40893750000000006 0.6988793109375 0.43499999999999994 0.6988793109375 0.462703125 0.7011206890625 0.483875 0.7438146546875 0.49528125 0.7707758625000001 0.53275 0.8202155171875001 0.575109375 0.8831465515625 0.59465625 0.9258405171874999 0.61421875 0.948318965625 0.6305 0.9415732765625 0.623984375 0.8988793109375001 0.656578125 0.9168534484374999 0.71034375 0.9640517234375 0.780390625 0.9887715515625001 0.76246875 0.9752801718749999 0.788546875 0.9775215515625 0.863484375 0.9775215515625 0.876515625 0.9640517234375 0.816234375 0.8809051718750001 0.899328125 0.91461206875 0.949828125 0.8921336203125 0.9514531249999999 0.8426939656249999 0.97915625 0.833706896875 0.9644999999999999 0.7797844828125 1 0.7887715515625 0.9938125 0.57303879375 0.9628593750000001 0.5640517234375 0.9384218750000001 0.53258620625 0.9987031249999999 0.4988793109375 0.9905625 0.46293103437500005 0.972640625 0.4292241375 0.9205 0.442693965625 0.9433125 0.4202155171875 0.9319062499999999 0.384267240625 0.887921875 0.29663793125 0.8455625 0.269655171875 0.8243750000000001 0.19101293125000002 0.8276406250000001 0.166293103125 0.8439375 0.128081896875 0.765734375 0.1595474140625 0.76246875 0.14157327656250002 0.788546875 0.0494396546875 0.69078125 0.1460775859375 0.7266250000000001 0.0494396546875 0.720109375 0.024719828125000003 0.695671875 0.05842672343750001 0.7005625 0.00898706875 0.6745 0.0045043109375000005 0.62725 0.078642240625 0.637015625 0.015732759375 0.6011875 0.0112284484375 0.562078125 0.13258620625 0.5555625 0.0022413796875 0.53275 0.0045043109375000005 0.522984375 0.089892240625 0.5083125 0 0.483875 0.0067456890625 0.480625 0.06741379374999999 0.47409375000000004 0.13258620625 0.46595312499999997 0.10786637968749999 0.44803125 0.10336206875000001 0.43499999999999994 0.00898706875 0.41218750000000004 0 0.4105625 0.069655171875 0.37634375000000003 0.0224784484375 0.358421875 0.0404525859375 0.347015625 0.0022413796875 0.3111875 0.0045043109375000005 0.30465624999999996 0.0314655171875 0.333984375 0.1595474140625 0.21179687500000002 0.00898706875 0.223203125 0.06741379374999999 0.193875 0.06517241406249999 0.193875 0.09887931093749999 0.1661875 0.071918103125 0.148265625 0.11010775937499999 0.127078125 0.14157327656250002 0.13034375 0.2112284484375 0.09775 0.21349137968749998 0.08471875 0.24719827656249999 0.0716875 0.305625 0.052140624999999996 0.30786637968749997 0.040734375 0.339331896875 0.0228125 0.339331896875 0.0016250000000000001 0.3438146546875 0.003265625 0.9775215515625 0.141734375 0.9303448281250001 0.099375 0.9887715515625001 0.197140625 0.9820258624999999 0.25090625 0.9752801718749999 0.28185937499999997 0.9438146546875 0.273703125 0.97303879375 0.298140625 0.9865086203125 0.309546875 0.97303879375 0.32746875000000003 0.9460775859374999 0.355171875 0.919094828125 0.36331250000000004 0.9865086203125 0.40078125 0.9842672406249999 0.407296875 0.9235991374999999 0.386125 0.76178879375 0.38775 0.7123491375000001 0.369828125 0.7146120687499999 0.3600625 0.721357759375 0.320953125 0.766293103125 0.29978125 0.7550646546875 0.2671875 0.7505603453125 0.190625 0.68538793125 0.175953125 0.642693965625 0.18246875 0.6202155171875 0.20690624999999999 0.6269612062500001 0.223203125 0.63821120625 0.247640625 0.662931034375 0.259046875 0.669655171875 0.273703125 0.669655171875 0.30465624999999996 0.6651724140625 0.32746875000000003 0.6516810343749999 0.347015625 0.6314655171875 0.371453125 0.6022413796875 0.391015625 0.584267240625 0.38775 0.557306034375 0.356796875 0.5213577593750001 0.335625 0.505625 0.307921875 0.548318965625 0.2395 0.42247844843750004 0.244375 0.4022413796875 0.259046875 0.3932543109375 0.34376562499999996 0.49437499999999995 0.35190625 0.505625 0.356796875 0.505625 0.3616875 0.49663793125
2 0.45006250000000003 0.8545474140625 0.45571875000000006 0.919482759375 0.493375 0.9818103453125 0.48396875 0.8519396546875001 0.48584375 0.8441594828125 0.45382812499999997 0.8233836203125 0.45006250000000003 0.8545474140625
2 0.387265625 0.5483836203125 0.397671875 0.5407758625 0.416046875 0.5238793109375 0.42340625000000004 0.51288793125 0.4338125 0.4883836203125 0.455265625 0.4706465515625 0.47670312499999995 0.45372844843750004 0.484671875 0.43937499999999996 0.484671875 0.4343103453125 0.482828125 0.4292241375 0.47609375 0.42838362031250005 0.46873437500000004 0.43092672343749994 0.43810937499999997 0.4520474140625 0.42953125 0.46471982812499996 0.40685937499999997 0.5095043109375 0.38603125 0.537392240625 0.384203125 0.5441594828125 0.387265625 0.5483836203125
2 0.7859375 1 0.7859375 0.987068965625 0.78125 0.9784482765625 0.7849826390625 0.9724616859375 0.8165798609375001 0.9715038312500001 0.8140625 0.9806034484374999 0.81875 0.987068965625 0.8223958328125001 0.9802442515625 0.8270833328125 0.987068965625 0.8307291671874999 0.9798850578125 0.8354166671875 0.987068965625 0.8390625 0.9795258625000001 0.84375 0.987068965625 0.8473958328125001 0.979166665625 0.8481770828125 0.9705459765625 0.8560763890624999 0.9703065125 0.8557291671874999 0.978807471875 0.8515625 0.9935344828125 0.878125 0.997844828125 0.8828125 0.9892241374999999 0.8828125 0.9784482765625 0.878125 0.9698275859375001 0.871875 0.9698275859375001 0.9044407890624999 0.6167196015624999 0.9473958328125001 0.5452586203124999 0.9609375 0.5625 0.9671875 0.5625 0.9734375 0.5689655171875 0.99375 0.5689655171875 0.9984375 0.5603448281250001 0.9984375 0.5056958125000001 0.9953125 0.5021551718749999 0.9984375 0.49476601093749994 0.996875 0.48922413750000004 0.9984375 0.48383620625 0.99375 0.476293103125 0.9984375 0.472906403125 0.990625 0.46336206874999997 0.9984375 0.46197660156250003 0.9984375 0.3836206890625 0.9921875 0.3836206890625 0.99296875 0.375 0.9809895828125 0.3577586203125 0.9984375 0.3340517234375 0.9909375 0.3372844828125 0.984375 0.3340517234375 0.9834375 0.340517240625 0.98125 0.33836206875 0.9759375 0.34375 0.975 0.34267241406250004 0.975 0.34913793125 0.965625 0.351293103125 0.9609375 0.3502155171875 0.9609375 0.3556034484375 0.9553571421875 0.351908865625 0.928125 0.35991379375 0.9271381578125 0.370614034375 0.9234375 0.3685344828125 0.9261513156250001 0.38131427812499996 0.9212171046875 0.4348154875 0.9265625 0.439655171875 0.9202302625 0.445515728125 0.90542763125 0.6060193578125 0.7770833328125 0.9727011484375 0.7703125 0.9784482765625 0.769184028125 0.9729406125000001 0.761284721875 0.973180078125 0.75625 0.981681034375 0.7533854171875001 0.973419540625 0.7484375 0.9784482765625 0.7454861109375 0.9736590046875 0.740625 0.9752155171875 0.7328125 0.9719827593750001 0.7296875 0.9741379312499999 0.6125 0.9633620687500001 0.6109375 0.950431034375 0.596875 0.9375 0.59375 0.924568965625 0.575 0.8836206890625 0.5390625 0.8297413796875001 0.4953125 0.7715517234375 0.471875 0.7198275859375001 0.43663194375 0.6539750953125 0.4734375 0.6228448281250001 0.4640625 0.625 0.4671875 0.6163793109375 0.478125 0.6077586203124999 0.4328125 0.57758620625 0.4265625 0.57758620625 0.40625 0.58836206875 0.4015625 0.5818965515625 0.4028645828125 0.578304596875 0.4 0.5668103453125 0.40260416718750003 0.5660919546875001 0.40234375 0.5538793109375 0.3984375 0.5538793109375 0.39375 0.5452586203124999 0.40208333281249997 0.541666665625 0.4015625 0.5172413796875001 0.409375 0.5064655171875 0.409375 0.5021551718749999 0.414453125 0.5010775859375001 0.415625 0.4935344828125 0.42265625 0.4956896546875 0.4234375 0.51508620625 0.42994791718750003 0.5071839078125 0.428125 0.5021551718749999 0.43645833281249996 0.499281609375 0.4625 0.4676724140625 0.45750593281249996 0.4590790046875 0.484375 0.4439655171875 0.4859375 0.4331896546875 0.48125 0.4310344828125 0.4796875 0.42672413750000004 0.471875 0.42672413750000004 0.46875 0.4310344828125 0.46309374999999997 0.43051724062499996 0.459375 0.4375 0.45844541093749996 0.4432835 0.453125 0.4418103453125 0.4543125 0.4343103453125 0.440625 0.4331896546875 0.4328125 0.435344828125 0.4303125 0.4392241375 0.41431250000000003 0.4425 0.409375 0.439655171875 0.4015625 0.45043103437500004 0.39831249999999996 0.4457758625 0.3183125 0.462155171875 0.3171875 0.465517240625 0.259375 0.3943965515625 0.246875 0.40086206874999997 0.246875 0.4073275859375 0.240625 0.42241379375 0.2421875 0.4288793109375 0.2515625 0.439655171875 0.25 0.4418103453125 0.2515625 0.4461206890625 0.303125 0.5409482765625 0.309375 0.54741379375 0.3078125 0.549568965625 0.339774525 0.587325403125 0.2863726265625 0.6521442609375 0.284615384375 0.6603116703125 0.23076923124999998 0.640583553125 0.228125 0.6443965515625 0.2230769234375 0.6377652515625 0.20625 0.6271551718749999 0.1828125 0.6206896546875 0.184375 0.625 0.18125 0.625 0.1828125 0.6314655171875 0.1796875 0.6314655171875 0.1765625 0.6465517234375 0.184375 0.663793103125 0.190625 0.6875 0.020772059375 0.9657074031249999 0.0252966765625 0.9690364468749999 0.023505434375000002 0.9783545734375 0.0193631328125 0.9762385437500001 0.0156589671875 0.978401425 0.0140625 0.9741379312499999 0.0078125 0.9784482765625 0.00859375 0.98491379375 0.00625 0.98491379375 0.0015625 0.997844828125 0.003125 1 0.4046875 1 0.4046875 0.987068965625 0.4001358703125 0.9761056968749999 0.47860054375 0.97563718125 0.4796875 0.9698275859375001 0.4828125 0.9655172406249999 0.4864470109375 0.9755903296874999 0.4859375 0.9892241374999999 0.490625 0.9956896546875 0.5 0.9956896546875 0.5046875 0.987068965625 0.5021399453125001 0.9754966265625 0.5046875 0.9719827593750001 0.5099864125 0.9754497765625001 0.5884510875 0.974981259375 0.5890625 0.9655172406249999 0.596875 0.9719827593750001 0.5962975546875 0.9749344078125001 0.604144021875 0.97488755625 0.6078125 0.9719827593750001 0.6119904890625001 0.9748407046875001 0.7218410328125 0.9741847828125 0.725 0.9806034484374999 0.725 0.9935344828125 0.73125 1 0.7859375 1