2 0.321203125 0.5287058828125 0.3155 0.5139764703124999 0.301625 0.510282353125 0.27715625 0.5176705875 0.251859375 0.52503529375 0.2404375 0.5373176468749999 0.23471875 0.561882353125 0.24125000000000002 0.5729411765625 0.25675 0.5926117640624999 0.28450000000000003 0.5926117640624999 0.32284375 0.571717646875 0.327734375 0.5655764703124999 0.32610937500000003 0.5434588234375 0.321203125 0.5287058828125
2 0.56946875 0.502 0.58815625 0.4731764703125 0.5840468750000001 0.45119999999999993 0.577671875 0.44228235312499997 0.565828125 0.4354117640625 0.551234375 0.43952941250000005 0.5430312500000001 0.4443294125 0.530265625 0.45256470625 0.51796875 0.46698823593750005 0.520703125 0.47658823593750005 0.533 0.48825882343749993 0.551234375 0.517082353125 0.5526093750000001 0.5136705874999999 0.55534375 0.5136705874999999 0.56946875 0.502
2 0.6576562499999999 0.46475294062500005 0.6633125 0.46870588281250003 0.67246875 0.46607058749999997 0.6833750000000001 0.468047059375 0.688171875 0.464117646875 0.688609375 0.45425882343749996 0.686875 0.43456470625000004 0.6607031250000001 0.4089411765625 0.6502343749999999 0.4076235296875 0.63671875 0.4168235296875 0.6436875 0.43585882343750004 0.65678125 0.4437411765625 0.6576562499999999 0.46475294062500005
2 0.44115624999999997 0.5544235296875 0.45778125000000003 0.5496235296875 0.466078125 0.5313411765625 0.466078125 0.5111294125 0.47056250000000005 0.492847059375 0.46864062500000003 0.4784 0.439890625 0.4889882359375 0.42262500000000003 0.489952940625 0.40984375 0.5120941171875 0.4028125 0.521717646875 0.40217187499999996 0.5380705875 0.40665625 0.556352940625 0.42390625000000004 0.564047059375 0.4335 0.57656470625 0.443078125 0.5621411765625 0.44115624999999997 0.5544235296875
2 0.657546875 0.221552940625 0.64453125 0.23807058749999999 0.6654375 0.27317647031250003 0.673328125 0.2768 0.680515625 0.2726588234375 0.683953125 0.25872941250000003 0.6866875 0.21689411718749999 0.690125 0.2071058828125 0.6736718749999999 0.2096705875 0.657546875 0.221552940625
2 0.6015937499999999 0.302752940625 0.6115 0.2968 0.6159687500000001 0.2885882359375 0.61546875 0.281882353125 0.61546875 0.2788941171875 0.612 0.27143529375000003 0.60853125 0.2639764703125 0.60209375 0.256517646875 0.594171875 0.256517646875 0.5877343749999999 0.258752940625 0.5817812499999999 0.2639764703125 0.5798125 0.2654588234375 0.577828125 0.2692 0.578328125 0.2788941171875 0.5788125 0.281882353125 0.580796875 0.28934117656249997 0.58525 0.29456470625 0.587234375 0.29976470625 0.591203125 0.314682353125 0.5951562499999999 0.3161882359375 0.596640625 0.31096470625 0.6015937499999999 0.302752940625
2 0.48553125 0.3384235296875 0.50065625 0.35143529375 0.508578125 0.3308235296875 0.5150625 0.2776941171875 0.495625 0.2679294125 0.46465625 0.2809411765625 0.458890625 0.29178823593750003 0.4805 0.323247059375 0.48553125 0.3384235296875
2 0.27253125 0.37583529375 0.28976562499999997 0.3550588234375 0.269078125 0.323882353125 0.217328125 0.36023529375 0.20353125 0.37583529375 0.21560937500000002 0.37583529375 0.27253125 0.37583529375
2 0.367671875 0.4109882359375 0.3973125 0.3560705875 0.407796875 0.342352940625 0.41553125 0.3327294125 0.407796875 0.3244941171875 0.387734375 0.3066588234375 0.375421875 0.30597647031249997 0.356734375 0.3148941171875 0.341703125 0.334117646875 0.3508125 0.3499058828125 0.363578125 0.37736470624999996 0.367671875 0.4109882359375
2 0.22914062500000001 0.1812941171875 0.20625 0.18416470625 0.161109375 0.22437647031250002 0.170015625 0.2598117640625 0.1801875 0.2674588234375 0.22659375 0.2406588234375 0.232953125 0.21385882343749998 0.236765625 0.1975764703125 0.22914062500000001 0.1812941171875
2 0.419515625 0.1532705875 0.41725 0.166847059375 0.43453125000000004 0.1984941171875 0.45404687499999996 0.1532705875 0.44879687500000004 0.134047059375 0.433015625 0.1351764703125 0.419515625 0.1532705875
2 0.313921875 0.17402352968749998 0.30184375 0.1922117640625 0.31046874999999996 0.21818823593749997 0.322546875 0.2259764703125 0.32599999999999996 0.1792235296875 0.322546875 0.1688235296875 0.313921875 0.17402352968749998
2 0.77684375 0.3848 0.7657499999999999 0.371082353125 0.746359375 0.368117646875 0.740625 0.368117646875 0.73409375 0.3743764703125 0.74953125 0.39016470625 0.758828125 0.39731764687500004 0.77090625 0.3952235296875 0.77684375 0.3848