1 0.381578125 0.7790020796875 0.385203125 0.7626611234375 0.382671875 0.7371517671875 0.36928125 0.7068399171874999 0.346140625 0.6683575890625 0.33096875 0.6539293140625 0.319390625 0.6519958421875 0.308546875 0.65634095625 0.29553124999999997 0.6900000000000001 0.29878125 0.71118503125 0.31071875000000004 0.752557171875 0.33132812500000003 0.784303534375 0.34976562499999997 0.7992099796875001 0.381578125 0.7790020796875
1 0.223828125 0.609875259375 0.20703125 0.6110395015625001 0.198625 0.613991684375 0.191546875 0.6281081078125 0.188453125 0.6433887734375 0.190671875 0.6604573796875 0.199515625 0.6869230765625 0.21585937500000002 0.7057380453125 0.23265625 0.6857380453124999 0.23796875 0.6757380453125 0.24371874999999998 0.6680873187499999 0.25210937499999997 0.668690228125 0.2600625 0.6722037421875 0.26846875 0.6722037421875 0.25210937499999997 0.6528066531250001 0.23884375000000002 0.6310395015625 0.223828125 0.609875259375
1 0.468625 0.5553014546874999 0.509296875 0.5670686078125 0.54465625 0.5553014546874999 0.555265625 0.5458835765625001 0.5588124999999999 0.5082328484375 0.555265625 0.4870686078125 0.500453125 0.43765072812500005 0.500453125 0.4446985453125 0.46331249999999996 0.5482328484375001 0.468625 0.5553014546874999
2 0.5196562499999999 0.6948648656249999 0.595515625 0.6962785859375 0.60834375 0.6493763 0.58696875 0.6351559250000001 0.5826875 0.5725987531250001 0.6094062499999999 0.551268190625 0.624375 0.5569438671875 0.6617656249999999 0.5626403328125 0.726953125 0.5555301453125 0.74084375 0.5185654890625 0.73121875 0.49012474062500005 0.6777968750000001 0.519979209375 0.644671875 0.521413721875 0.6254375 0.5029313921874999 0.6232968750000001 0.48871101875 0.61046875 0.464532225 0.591234375 0.464532225 0.574140625 0.48160083125 0.56453125 0.5029313921874999 0.56453125 0.519979209375 0.5549062499999999 0.5541164234375 0.49507812500000004 0.5725987531250001 0.473703125 0.623783784375 0.4811875 0.69345114375 0.5196562499999999 0.6948648656249999
2 0.350140625 0.21428274374999998 0.33953125 0.1601663203125 0.32715625 0.1154469859375 0.32184375 0.1013305609375 0.29885937500000004 0.0777962578125 0.272328125 0.0801663203125 0.252875 0.1130977125 0.256421875 0.129563409375 0.254640625 0.129563409375 0.26703125 0.1766320171875 0.29885937500000004 0.2566320171875 0.313 0.26133056093749996 0.350140625 0.21428274374999998
2 0.06526562500000001 0.261268190625 0.0619375 0.336777546875 0.12368749999999999 0.373430353125 0.142890625 0.38120582187499996 0.164578125 0.39896049843750003 0.18628125 0.39118503125 0.195453125 0.37675675625 0.236359375 0.377858628125 0.258046875 0.387858628125 0.25471875 0.35010395 0.241359375 0.3523284828125 0.22884375 0.361205821875 0.21715625 0.3390020796875 0.22967187500000003 0.3001455296875 0.223 0.2745945953125 0.20631249999999998 0.28237006249999996 0.185453125 0.2679417875 0.176265625 0.2967983375 0.16125 0.2834927234375 0.1495625 0.2701663203125 0.14621875 0.2701663203125 0.12953125000000001 0.23906444843750002 0.10032812499999999 0.23351351406249998 0.077796875 0.2301871109375 0.06526562500000001 0.261268190625
2 0.4935625 0.26014552968750004 0.48846875 0.28515592500000003 0.522078125 0.30808731875 0.55390625 0.33072765 0.5804375 0.316320165625 0.588609375 0.2986694390625 0.5994375 0.2730977125 0.60209375 0.2489812890625 0.574234375 0.22573804531250002 0.5625312499999999 0.21397089375 0.547046875 0.2010395015625 0.5251718750000001 0.18602910625 0.510796875 0.2172141375 0.502625 0.239563409375 0.4935625 0.26014552968750004
2 0.541390625 0.814532225 0.5279375 0.861517671875 0.534671875 0.90850311875 0.58846875 0.9509979203125001 0.652359375 0.8794178796875001 0.64228125 0.8212474015625 0.541390625 0.814532225
1 0.48687500000000006 0.4560706859375 0.491125 0.44124740156250003 0.498546875 0.43771309843750006 0.5038437499999999 0.43912681875 0.5139218750000001 0.433846153125 0.512078125 0.4193763 0.50809375 0.41020789999999996 0.508625 0.3999584203125 0.5054375 0.399251559375 0.504375 0.3833887734375 0.5022656249999999 0.37596673593749996 0.469640625 0.3798544703125 0.46725000000000005 0.381268190625 0.46857812499999996 0.3922037421875 0.46567187499999996 0.39644490625 0.434640625 0.40031185 0.4179375 0.40384615312500005 0.40865625000000005 0.414428275 0.416078125 0.4370062375 0.42296875 0.43948025 0.42959375 0.43172557187500005 0.436234375 0.43665280624999997 0.43729687500000003 0.4458419953125 0.43940625000000005 0.4479417875 0.43860937499999997 0.44864864843749996 0.447890625 0.45571725625 0.45081249999999995 0.4673596671875 0.466984375 0.4648856546875 0.48687500000000006 0.4560706859375
1 0.477796875 0.37293139218750004 0.5024375 0.3751975046875 0.509234375 0.40571725625 0.514328125 0.3672765078125 0.52453125 0.3446569640625 0.535578125 0.3220582125 0.50753125 0.30170478125 0.48968749999999994 0.310748440625 0.474390625 0.33561330625 0.47270312499999995 0.357089396875 0.477796875 0.37293139218750004
0 0.49974999999999997 0.21401247343750002 0.5113125000000001 0.2105821203125 0.520296875 0.1917879421875 0.52415625 0.1883575890625 0.531859375 0.18324324375 0.5344375 0.1593139296875 0.529296875 0.137089396875 0.507453125 0.10975052031250002 0.4625 0.190083159375 0.4881875 0.21912681875 0.4881875 0.22083160156249998 0.493328125 0.222557171875 0.49974999999999997 0.21401247343750002
0 0.5646093750000001 0.5299584203125 0.557765625 0.5026403328125 0.54115625 0.4766320171875 0.494234375 0.440228690625 0.45906250000000004 0.5416424109375 0.493265625 0.5741580046875 0.5450625 0.5520582125 0.5646093750000001 0.5299584203125
0 0.59865625 0.1892099796875 0.602578125 0.1877130984375 0.605953125 0.1877130984375 0.6115625 0.185488565625 0.6093124999999999 0.17428274375 0.58409375 0.14519750468749998 0.575109375 0.1347609140625 0.56446875 0.13176715156250002 0.5566093750000001 0.1310187109375 0.552125 0.1295426203125 0.5442812499999999 0.1347609140625 0.540359375 0.151164240625 0.538109375 0.1593763 0.5353125000000001 0.1690644484375 0.5353125000000001 0.1802494796875 0.533625 0.1877130984375 0.5487656249999999 0.1907068609375 0.5639062499999999 0.20561330625 0.5807187500000001 0.21829521875000002 0.585765625 0.220540540625 0.587453125 0.22650727656249997 0.596984375 0.222037421875 0.5952968750000001 0.2018918921875 0.596984375 0.1929313921875 0.59865625 0.1892099796875
0 0.5988749999999999 0.248274428125 0.5998125 0.27311850312499997 0.61240625 0.2551143453125 0.628734375 0.24332640312499998 0.646 0.2495218296875 0.666515625 0.2681496875 0.67678125 0.261933471875 0.6758437500000001 0.2470478171875 0.615671875 0.183118503125 0.597953125 0.19365904375 0.591890625 0.2396049890625 0.5988749999999999 0.24395010468749997 0.5988749999999999 0.248274428125
0 0.374765625 0.484532225 0.378078125 0.48189189218750006 0.391984375 0.479251559375 0.39464062499999997 0.4677962578125 0.39132812499999997 0.438731809375 0.372125 0.42640332656249996 0.3655 0.42640332656249996 0.356890625 0.4307900203125 0.35028125 0.432557171875 0.3330625 0.432557171875 0.313859375 0.4581081078125 0.317171875 0.45987525937499996 0.33968750000000003 0.47748440781249996 0.360203125 0.5021621625 0.366171875 0.5083160078125 0.370140625 0.4907068609375 0.374765625 0.484532225
0 0.415328125 0.45045737968750005 0.45121874999999995 0.46762993750000004 0.46803125 0.46762993750000004 0.48484375 0.4586694390625 0.493265625 0.44002079062500005 0.5005468750000001 0.44002079062500005 0.511765625 0.4243659046875 0.49829687500000003 0.3773596671875 0.47195312500000003 0.3825779625 0.46634374999999995 0.395259875 0.4220625 0.40646569687499995 0.409171875 0.41316008281250005 0.415328125 0.44151767187499996 0.415328125 0.45045737968750005
0 0.522578125 0.8190020796875 0.5284375 0.7773388765625 0.510828125 0.764324325 0.483421875 0.845051975 0.48539062499999996 0.8867151765625 0.526484375 0.9179625781249999 0.53040625 0.907546778125 0.53040625 0.904948025 0.5343125 0.8737006234375 0.548015625 0.8138045734375 0.522578125 0.8190020796875
0 0.687828125 0.6931600828125 0.6996875 0.6876715171875001 0.707421875 0.6759875265625 0.714140625 0.6581496875 0.722390625 0.645800415625 0.721875 0.6361954265625 0.71671875 0.6059875265625 0.647078125 0.5606860703125001 0.6424375 0.565488565625 0.642953125 0.575779625 0.6439843749999999 0.6004989609375 0.6439843749999999 0.624511434375 0.641921875 0.6396257796875 0.6264375 0.654719334375 0.6305625 0.67324324375 0.63778125 0.68355509375 0.6501718750000001 0.6897297296875 0.670796875 0.6931600828125 0.673375 0.6931600828125 0.687828125 0.6931600828125
2 0.46195312499999996 0.5959667359374999 0.470671875 0.5727442828125 0.470671875 0.5611434515625 0.46085937499999996 0.5437214140625 0.4325 0.49584199531250006 0.40415625000000005 0.47264033281250006 0.38125 0.47264033281250006 0.363796875 0.488586278125 0.36271875 0.545176715625 0.36707812500000003 0.562598753125 0.365984375 0.553887734375 0.39651562500000004 0.6133887734375 0.41070312500000006 0.6395010390625 0.436875 0.6322453218749999 0.46195312499999996 0.5959667359374999
2 0.335984375 0.2366112265625 0.341578125 0.28688149687500003 0.330390625 0.33904365937500003 0.328984375 0.40422037499999997 0.35278125 0.43773388750000003 0.40596875 0.3502079 0.46895312499999997 0.32226611250000003 0.43956249999999997 0.2235758828125 0.44515625 0.2012266109375 0.43956249999999997 0.11555093593750002 0.3471875 0.15839916874999999 0.342984375 0.16397089375 0.35278125 0.212390853125 0.335984375 0.2366112265625
2 0.54228125 0.3420582125 0.56315625 0.394823284375 0.6101093750000001 0.4406237 0.6267968749999999 0.4281288984375 0.632015625 0.3975883578125 0.628890625 0.38093555156250003 0.647671875 0.38093555156250003 0.658109375 0.36149688125 0.6601874999999999 0.3365072765625 0.670625 0.30735966718749996 0.670625 0.265696465625 0.6633125 0.25738045781249996 0.608015625 0.246257796875 0.594453125 0.3059667359375 0.567328125 0.3212266109375 0.54228125 0.3420582125
3 0.58771875 0.5998128890625 0.59203125 0.624636175 0.592734375 0.6542411640625 0.592734375 0.6914760921875 0.600640625 0.70675675625 0.612125 0.7000623703125 0.635796875 0.6991060296875 0.66378125 0.704844075 0.65015625 0.6532848234374999 0.6580468749999999 0.609355509375 0.655890625 0.584532225 0.6465625 0.561621621875 0.62790625 0.5530145531249999 0.6049375 0.554927234375 0.5999218749999999 0.5644698546875 0.58771875 0.5998128890625
3 0.24070312500000002 0.3617671515625 0.24896875000000002 0.3483160078125 0.256328125 0.3519958421875 0.26459375 0.3030977125 0.275609375 0.2774220375 0.28296875 0.24076923125 0.27653125 0.2260914765625 0.272859375 0.217546778125 0.259078125 0.2285446984375 0.257234375 0.229771309375 0.24621875000000001 0.26031185 0.228765625 0.3177754671875 0.219578125 0.3495426203125 0.24070312500000002 0.3617671515625
3 0.6568125 0.149771309375 0.66578125 0.1397297296875 0.668140625 0.12338877343750002 0.667671875 0.109563409375 0.6634218749999999 0.09700623750000001 0.650671875 0.08128898125 0.64359375 0.0750103953125 0.633671875 0.07563409531250001 0.6204531249999999 0.07438669375 0.61478125 0.07563409531250001 0.613359375 0.07625779687499999 0.6053437500000001 0.085051975 0.6058125000000001 0.0907068609375 0.63509375 0.1309355515625 0.64359375 0.1516632015625 0.6464218749999999 0.1554261953125 0.6568125 0.149771309375
0 0.08106250000000001 0.22937630000000003 0.119890625 0.237650728125 0.13853125 0.24696465625 0.148640625 0.26968815 0.16184375 0.28415800468749997 0.18125 0.24902286875000001 0.16804687499999998 0.2004573796875 0.1828125 0.1808108109375 0.174265625 0.1673804578125 0.093484375 0.1880457375 0.08028125 0.2025155921875 0.08106250000000001 0.22937630000000003