1 0.44865625 0.176556603125 0.44699999999999995 0.1828537734375 0.45199999999999996 0.1866273578125 0.45365625 0.19040094375 0.45115625000000004 0.1979481125 0.45115625000000004 0.20549528281249999 0.45532812500000003 0.20549528281249999 0.458671875 0.213042453125 0.462 0.21933962187499997 0.46032812500000003 0.2256367921875 0.462828125 0.2331839625 0.47282812500000004 0.2319339625 0.478671875 0.2231132078125 0.48367187500000003 0.220589621875 0.48784375 0.21054245312500003 0.47784375 0.1803301890625 0.462 0.17028301875000001 0.45532812500000003 0.1664858484375 0.45365625 0.174056603125 0.44865625 0.176556603125
1 0.39637500000000003 0.23400943437500002 0.3958125 0.2395283015625 0.398625 0.2433726421875 0.40990624999999997 0.24167452812499998 0.415546875 0.23825471718750002 0.418375 0.23358490625 0.42260937500000006 0.222924528125 0.42542187499999995 0.21356132031250002 0.42514062499999994 0.1986556609375 0.41526562499999997 0.1799292453125 0.40793749999999995 0.1705660375 0.403421875 0.17653301875 0.39890625 0.1875943390625 0.39721875 0.1986556609375 0.393265625 0.208443396875 0.393546875 0.2139858484375 0.393546875 0.22591981093750002 0.39637500000000003 0.23400943437500002
1 0.348796875 0.2377122640625 0.35217187499999997 0.23625 0.354109375 0.23625 0.35653125 0.23334905625000002 0.364734375 0.2143632078125 0.36184375 0.2005188671875 0.35362499999999997 0.19978773593750002 0.34976562499999997 0.20415094374999998 0.340578125 0.22676886718749997 0.340578125 0.2311556609375 0.34831249999999997 0.23334905625000002 0.348796875 0.2377122640625
1 0.3331875 0.2150707546875 0.32942187500000003 0.20313679218749997 0.32414062499999996 0.18834905625 0.317375 0.18266509375 0.313984375 0.18665094375 0.32 0.2020047171875 0.32640625 0.22301886718750003 0.329046875 0.225306603125 0.3350625 0.224174528125 0.3331875 0.2150707546875
1 0.298484375 0.231957546875 0.30615625 0.231957546875 0.320671875 0.2332547171875 0.329203125 0.2332547171875 0.327484375 0.22488207500000001 0.32237499999999997 0.2029716984375 0.316828125 0.19075471718749998 0.312140625 0.18882075468749998 0.309578125 0.187523584375 0.29634375 0.1900943390625 0.287390625 0.2016981125 0.288671875 0.23002358437499998 0.298484375 0.231957546875
1 0.28312499999999996 0.1866273578125 0.277046875 0.1979716984375 0.2779375 0.21363207499999998 0.280265625 0.22037735781249998 0.28240625 0.2209198109375 0.28653125 0.22037735781249998 0.28885937500000003 0.20497641562500002 0.295828125 0.1974292453125 0.3015625 0.18931603749999998 0.299953125 0.18365566093750002 0.297984375 0.181226415625 0.292609375 0.18068396250000002 0.28312499999999996 0.1866273578125
1 0.52821875 0.2569811328125 0.537640625 0.2466273578125 0.54578125 0.24209905625 0.548359375 0.22658018906250002 0.5445 0.20587264218749998 0.5333593750000001 0.1832311328125 0.526921875 0.18129717031249998 0.522640625 0.1955188671875 0.5200781250000001 0.204575471875 0.5200781250000001 0.2116981125 0.51278125 0.2285141515625 0.5140781249999999 0.23044811250000002 0.516640625 0.23627358437499998 0.5157812500000001 0.24080188749999998 0.5192187500000001 0.24403301875 0.52821875 0.2569811328125
1 0.22390625000000003 0.2361792453125 0.22665625 0.2385377359375 0.24314062500000003 0.2337971703125 0.247859375 0.23084905625 0.249421875 0.1852122640625 0.22390625000000003 0.18165094375 0.22390625000000003 0.18403301875 0.220765625 0.22728773593749999 0.22390625000000003 0.2361792453125
1 0.20037500000000003 0.2108962265625 0.20232812500000003 0.2280660375 0.2074375 0.2221462265625 0.21646875 0.2339858484375 0.220390625 0.229858490625 0.22117187500000002 0.21563679218749998 0.2243125 0.210306603125 0.22745312499999998 0.20259433906250002 0.22353125000000001 0.192523584375 0.214890625 0.1889622640625 0.212546875 0.1824528296875 0.20665624999999999 0.1824528296875 0.20115625 0.1889622640625 0.20115625 0.19134433906249998 0.200765625 0.20141509375000002 0.20037500000000003 0.2108962265625
1 0.15778125 0.1770283015625 0.15278125 0.1854716984375 0.148953125 0.1925707546875 0.153078125 0.19700471718749998 0.15131250000000002 0.20367924531249998 0.15425 0.20988207499999997 0.1580625 0.21209905624999997 0.16218749999999998 0.2010141515625 0.16159375 0.20988207499999997 0.166015625 0.2200943390625 0.171015625 0.22497641562499998 0.1730625 0.229858490625 0.17571874999999998 0.23474056562499998 0.179234375 0.232075471875 0.181296875 0.23252358437499998 0.18659375 0.2360613203125 0.191 0.234292453125 0.19865625 0.23117924531249998 0.20246875000000003 0.229858490625 0.20070312499999998 0.2191981125 0.20070312499999998 0.19922169843749998 0.20129687500000001 0.1854716984375 0.196 0.1810377359375 0.184828125 0.186367925 0.17806249999999998 0.1810377359375 0.171015625 0.1743632078125 0.1630625 0.1766037734375 0.15778125 0.1770283015625
1 0.570828125 0.2074292453125 0.565625 0.2194339625 0.565625 0.22405660312500003 0.566234375 0.23742924531249998 0.5659375 0.239740565625 0.565015625 0.2489858484375 0.568078125 0.25820754687499997 0.57540625 0.26790094375 0.5769375 0.2688207546875 0.5830625 0.2729716984375 0.589484375 0.2674528296875 0.589484375 0.2688207546875 0.592546875 0.27483490625 0.596515625 0.2729716984375 0.597734375 0.265141509375 0.5995781250000001 0.269292453125 0.605078125 0.2683726421875 0.606921875 0.262358490625 0.61028125 0.26375000000000004 0.6154843750000001 0.261910378125 0.61853125 0.2591273578125 0.620984375 0.25313679218749996 0.6234375 0.25358490625 0.628015625 0.250825471875 0.628328125 0.24481132031250002 0.634140625 0.2420518875 0.636890625 0.23742924531249998 0.639328125 0.2263443390625 0.6375 0.2148113203125 0.63290625 0.20096698124999998 0.62771875 0.1981839625 0.6228125 0.1981839625 0.61609375 0.20004717031250002 0.6115 0.2018867921875 0.60753125 0.203726415625 0.6041562500000001 0.2032783015625 0.5992656249999999 0.20096698124999998 0.5946875 0.20096698124999998 0.5913125 0.199575471875 0.58275 0.192193396875 0.57603125 0.1968160375 0.5745 0.2004952828125 0.570828125 0.2074292453125
1 0.49935937499999994 0.23589622656250003 0.49664062500000006 0.2440801890625 0.49303125000000003 0.257075471875 0.493484375 0.264575471875 0.49800000000000005 0.26320754687500003 0.497546875 0.2666273578125 0.489859375 0.28165094375 0.492125 0.28709905625 0.498453125 0.28778301875 0.501171875 0.2946226421875 0.5065937500000001 0.2905188671875 0.51384375 0.28641509374999996 0.51971875 0.2768632078125 0.5224375 0.2597877359375 0.5224375 0.2529716984375 0.520625 0.246132075 0.5174531250000001 0.24 0.51384375 0.23247641562500002 0.507953125 0.230424528125 0.508859375 0.230424528125 0.50434375 0.2270283015625 0.49935937499999994 0.23589622656250003
1 0.36712500000000003 0.236509434375 0.367375 0.238443396875 0.36865625 0.24417452812499998 0.37246875 0.247240565625 0.3785625 0.2503301890625 0.382625 0.2495518875 0.38490625 0.244575471875 0.387453125 0.241509434375 0.389734375 0.2391981125 0.39456250000000004 0.236132075 0.397609375 0.22999999999999998 0.39837500000000003 0.22424528281249997 0.397609375 0.21733490625 0.39582812500000003 0.207382075 0.394046875 0.20278301875000002 0.391 0.199693396875 0.38668749999999996 0.1970283015625 0.383890625 0.1939622640625 0.3788125 0.189740565625 0.375 0.1958726421875 0.373984375 0.202382075 0.372203125 0.207382075 0.370421875 0.2119811328125 0.36865625 0.2150471703125 0.367375 0.218867925 0.366625 0.22308962187499998 0.364078125 0.22693396250000003 0.364328125 0.228089621875 0.365609375 0.2326886796875 0.36712500000000003 0.236509434375
1 0.1953125 0.4363207546875 0.1984375 0.43160377343749995 0.20625 0.43160377343749995 0.2125 0.4268867921875 0.21875 0.4150943390625 0.234375 0.41037735781249995 0.2421875 0.396226415625 0.23828125 0.382075471875 0.24638671875 0.3823702828125 0.2515625 0.39150943437499997 0.2544921875 0.38266509375 0.27880859375 0.383549528125 0.3078125 0.42216981093749995 0.3171875 0.42216981093749995 0.3296875 0.4127358484375 0.33125 0.39858490625 0.33482142812500004 0.38510781562499996 0.4140625 0.386792453125 0.4125 0.405660378125 0.41875 0.41745282968749997 0.44375 0.4150943390625 0.45 0.42216981093749995 0.475 0.42216981093749995 0.4796875 0.41745282968749997 0.4953125 0.41745282968749997 0.5015625 0.41037735781249995 0.5046875 0.40094339687499997 0.5046875 0.386792453125 0.5421875 0.372641509375 0.5546875 0.40094339687499997 0.5625 0.40094339687499997 0.565625 0.405660378125 0.5984375 0.405660378125 0.6046875 0.39858490625 0.6046875 0.375 0.5796875 0.34905660312500003 0.5640625 0.35141509375 0.559375 0.34669811250000004 0.5484375 0.34669811250000004 0.54375 0.353773584375 0.50322265625 0.36409198125 0.4984375 0.372641509375 0.4951171875 0.36615566093749996 0.49031250000000004 0.372641509375 0.48701171875 0.36821933906250004 0.48218750000000005 0.372641509375 0.47890625 0.37028301875 0.4626953125 0.374410378125 0.4578125 0.372641509375 0.45458984375 0.37647405625 0.446484375 0.3785377359375 0.4515625 0.36438679218750003 0.4453125 0.356132075 0.4296875 0.35849056562500003 0.425 0.3655660375 0.4302734375 0.38266509375 0.42216796875 0.3847287734375 0.421875 0.37971698125 0.321875 0.3844339625 0.321875 0.372641509375 0.31875 0.367924528125 0.3125 0.367924528125 0.3189732140625 0.3847708890625 0.303125 0.3844339625 0.3 0.393867925 0.29501953125 0.3841391515625 0.25625 0.382075471875 0.25625 0.367924528125 0.2515625 0.35849056562500003 0.2421875 0.35849056562500003 0.2375 0.3655660375 0.234375 0.3655660375 0.228125 0.363207546875 0.221875 0.35141509375 0.209375 0.35141509375 0.2046875 0.35849056562500003 0.2046875 0.375 0.205859375 0.3808962265625 0.19775390625 0.380601415625 0.1921875 0.372641509375 0.1896484375 0.38030660312500003 0.18154296875 0.38001179218750003 0.178125 0.372641509375 0.1734375 0.37971698125 0.1703125 0.386792453125 0.1703125 0.41745282968749997 0.1859375 0.4363207546875 0.1953125 0.4363207546875