1 0.72978125 0.9164791671874999 0.6859531249999999 0.5861458328125 0.65225 0.5119791671875 0.5983125 0.49850000000000005 0.539328125 0.5254583328125 0.532578125 0.7164791671875 0.561234375 0.8625416671874999 0.5983125 0.9412083328125 0.72978125 0.9164791671874999
1 0.7038593750000001 0.6638541671875 0.7130156249999999 0.7370625000000001 0.728703125 0.8050416671875 0.7365468749999999 0.8904583328125 0.750921875 0.9148541671875 0.7600781249999999 0.9148541671875 0.77184375 0.8817291671874999 0.7836093749999999 0.8294375 0.80190625 0.8991666671875 0.8110625 0.9043958328124999 0.8372187500000001 0.9043958328124999 0.8620468750000001 0.8730208328125 0.8633593749999999 0.7963333328125 0.879046875 0.8364166671875 0.902578125 0.8555833328125001 0.9300312500000001 0.8573333328125001 0.941796875 0.846875 0.941796875 0.8224791671875 0.932640625 0.7614583328125 0.943109375 0.719625 0.95225 0.6795416671875001 0.948328125 0.6429375 0.879046875 0.5418333328125 0.7888437500000001 0.48606249999999995 0.7600781249999999 0.5087083328124999 0.7443906250000001 0.5174375 0.6999375 0.5261458328125 0.6829531249999999 0.5679791671875 0.686875 0.6080833328125 0.7038593750000001 0.6638541671875
1 0.91153125 0.5599583328125 0.9178593749999999 0.5960833328125 0.963015625 0.6900000000000001 0.9919218750000001 0.6863958328125 0.9964375000000001 0.6273958328125 0.972046875 0.5792083328125 0.9196562500000001 0.5177916671875 0.8401875000000001 0.46241666718749996 0.810375 0.4876875 0.8672812499999999 0.5286458328125 0.91153125 0.5599583328125
1 1 0.4520416671875 0.9044375 0.4138541671875 0.8494375 0.4202291671875 0.841015625 0.45168749999999996 0.8420781249999999 0.4587916671875 0.919609375 0.5194583328125 0.9634375000000001 0.5801458328125 0.9971406249999999 0.6340625 0.98871875 0.69025 0.9600625 0.7014791671875 0.9415156250000001 0.7419374999999999 0.966796875 0.7644166671875 1 0.7778958328125001 1 0.6790208328125 1 0.4520416671875
1 0.910109375 0.3168541671875 0.886515625 0.34158333281250003 0.8882031250000001 0.36854166718750003 0.8764062499999999 0.3797708328125 0.8764062499999999 0.4089791671875 0.9994375 0.44718749999999996 0.9994375 0.3191041671875 0.964046875 0.3101041671875 0.910109375 0.3168541671875
1 0.964203125 0.3113333328125 0.9981875 0.31864583281250003 0.9981875 0.31716666718750003 1 0.24625 0.982296875 0.24625 0.9356875 0.28500000000000003 0.91759375 0.3083958328125 0.9164999999999999 0.3127916671875 0.918140625 0.3135208328125 0.947203125 0.3127916671875 0.964203125 0.3113333328125
1 0.9052187500000001 0.0575833328125 0.876640625 0.0773958328125 0.86978125 0.10787500000000001 0.8675 0.12845833281250002 0.85434375 0.14750000000000002 0.86234375 0.17266666718749998 0.8720625 0.170375 0.9029375 0.1566458328125 0.9440937500000001 0.1383541671875 1 0.139125 0.9989687500000001 0.029375000000000002 0.954375 0.0415625 0.9052187500000001 0.0575833328125
1 0.6151718749999999 0.46741666718749997 0.642140625 0.4449375 0.648875 0.3797708328125 0.665734375 0.34381249999999997 0.67753125 0.35281250000000003 0.6893281250000001 0.3887708328125 0.707859375 0.4179791671875 0.7264062499999999 0.4089791671875 0.733140625 0.35954166718749997 0.7398906249999999 0.3101041671875 0.731453125 0.2674166671875 0.717984375 0.22472916718749997 0.701125 0.19102083281249999 0.658984375 0.1640416671875 0.62190625 0.1595416671875 0.567984375 0.1617916671875 0.567984375 0.1820208328125 0.56965625 0.24493749999999997 0.57471875 0.292125 0.5983125 0.4292083328125 0.5949375 0.4247291671875 0.593265625 0.46741666718749997 0.6151718749999999 0.46741666718749997
1 0.173046875 0.4832083328125 0.206671875 0.44654166718750005 0.26370312500000004 0.41258333281250004 0.254546875 0.40170833281249996 0.23518750000000002 0.40170833281249996 0.157765625 0.43158333281249994 0.11703125 0.4777708328125 0.0783125 0.5538333328125 0.082390625 0.5959375 0.11396875 0.5986458328125 0.118046875 0.5837083328125 0.148609375 0.5388958328125 0.173046875 0.4832083328125
1 0.084109375 0.5061875 0.077 0.5441458328125 0.078421875 0.6411666671875 0.061328125 0.749375 0.0955 0.8139375 0.12540625 0.8063333328125 0.159578125 0.7911458328125 0.15531250000000002 0.8348125 0.162421875 0.889875 0.20656249999999998 0.8822708328125 0.254984375 0.8158333328125 0.3518125 0.5158541671875 0.3703125 0.4627083328125 0.260671875 0.3791666671875 0.25782812499999996 0.3846666671875 0.161 0.42454166718749997 0.084109375 0.5061875
1 0.47196875 0.5429166671875 0.46609375000000003 0.5351041671875 0.44848437499999994 0.5272708328125 0.43968749999999995 0.5253125 0.42721875000000004 0.5370416671875 0.423546875 0.5194375 0.40667187499999996 0.5096666671875 0.386140625 0.5096666671875 0.370734375 0.522375 0.34725 0.5389999999999999 0.32010937500000003 0.6172500000000001 0.28415625 0.7317083328125 0.29003125 0.7727916671874999 0.308375 0.7776666671875 0.323046875 0.7620208328125 0.355328125 0.7101875 0.37879687500000003 0.6466041671875 0.38687499999999997 0.6338958328125 0.36706249999999996 0.713125 0.36779687499999997 0.7659374999999999 0.37292187499999996 0.8040833328125 0.38687499999999997 0.8148541671875 0.39860937500000004 0.8060416671875 0.419140625 0.7825624999999999 0.43748437500000004 0.7395208328125 0.45142187500000003 0.6984375 0.464625 0.6710625 0.45803125 0.7414791671875001 0.45215625 0.8050625 0.454359375 0.8510416671875 0.461703125 0.8725625000000001 0.482234375 0.8784166671875001 0.49178125 0.8686458328125 0.50790625 0.8441875 0.52478125 0.7903958328125 0.534328125 0.7219166671874999 0.5372656250000001 0.6260625 0.5255156249999999 0.5742291671875 0.51378125 0.5595416671875 0.49396874999999996 0.5517291671875 0.48539062499999996 0.5595416671875 0.479296875 0.5722708328125 0.4734375 0.5575833328125 0.47196875 0.5429166671875
1 0.9064687499999999 0.3203541671875 0.9841875 0.24020833281249998 0.9987031249999999 0.2471041671875 0.9997343750000001 0.1379375 0.939625 0.1434791671875 0.889875 0.1724791671875 0.8701874999999999 0.2167083328125 0.9064687499999999 0.3203541671875
1 0.44578125 0.45443749999999994 0.45289062500000005 0.4449791671875 0.46470312500000005 0.43079166718749995 0.474171875 0.4244791671875 0.49190625 0.42133333281249996 0.513203125 0.41187500000000005 0.52503125 0.3929375 0.53684375 0.36770833281250004 0.549859375 0.32987500000000003 0.5569531249999999 0.29674999999999996 0.5640468750000001 0.2589166671875 0.566421875 0.2226458328125 0.5605 0.18795833281250002 0.55221875 0.17375000000000002 0.5392187500000001 0.1674583328125 0.527390625 0.1706041671875 0.512015625 0.1706041671875 0.5001875 0.1785 0.49545312499999994 0.17691666718750002 0.48835937500000004 0.165875 0.47653125 0.1595625 0.459984375 0.1627291671875 0.44815625 0.17375000000000002 0.4386875 0.19268749999999998 0.43395312500000005 0.21160416718750003 0.42923437499999995 0.23210416718750002 0.42095312500000004 0.2951875 0.41385937500000003 0.32197916718749997 0.41385937500000003 0.3472083328125 0.41621874999999997 0.40397916718750004 0.41503125 0.43552083281250004 0.42923437499999995 0.4497083328125 0.44578125 0.45443749999999994