2 0.55696 0.6797333328125 0.48040000000000005 0.6863466671875 0.47766000000000003 0.7083733328124999 0.55696 0.7032266671875 0.55696 0.6797333328125
2 0.43864000000000003 0.49632 0.47464000000000006 0.5094666671875 0.51372 0.5365333328124999 0.53618 0.55336 0.54572 0.5496533328125001 0.54694 0.5389866671875 0.52972 0.5234133328125 0.5001800000000001 0.5074133328125 0.47309999999999997 0.4934666671875 0.44817999999999997 0.48442666718750005 0.41556 0.4754133328125 0.41525999999999996 0.49223999999999996 0.43864000000000003 0.49632
2 0.54382 0.83008 0.58336 0.8084533328125 0.6340399999999999 0.7638666671875 0.66292 0.71928 0.67052 0.6990133328125 0.66494 0.7017066671875 0.63556 0.7456266671875 0.58538 0.7881866671875 0.5352 0.81456 0.5342 0.8158933328125 0.5342 0.83144 0.54382 0.83008
2 0.53922 0.7427733328125 0.5458000000000001 0.7188266671875 0.52066 0.7435733328125 0.49851999999999996 0.7882666671874999 0.49732000000000004 0.80024 0.5039 0.8114133328124999 0.5164799999999999 0.8106133328125 0.5182599999999999 0.8074133328125 0.54042 0.7579466671875 0.53922 0.7427733328125
2 0.58102 0.49693333281249996 0.59848 0.49848 0.59616 0.49381333281249995 0.5821799999999999 0.48296 0.5751999999999999 0.4658933328125 0.58334 0.4627733328125 0.58916 0.4627733328125 0.59848 0.4627733328125 0.61246 0.4472533328125 0.6136199999999999 0.4425866671875 0.6078 0.42552 0.59498 0.42085333281250004 0.57636 0.41776 0.56822 0.4130933328125 0.48672000000000004 0.3960266671875 0.47624000000000005 0.3960266671875 0.46226 0.4006933328125 0.44596 0.4162133328125 0.44480000000000003 0.43328 0.43898000000000004 0.4457066671875 0.43664 0.45037333281249997 0.43664 0.46744 0.44711999999999996 0.4736533328125 0.46692 0.48296 0.47856 0.48296 0.49836 0.48917333281250003 0.51814 0.49381333281249995 0.5379400000000001 0.5000266671875 0.55308 0.50936 0.5624 0.50936 0.56704 0.50936 0.56938 0.5124533328124999 0.57286 0.5000266671875 0.58102 0.49693333281249996
2 0.59294 0.64 0.59824 0.62824 0.61412 0.58352 0.60352 0.57648 0.58058 0.6117600000000001 0.57176 0.6188266671875 0.56648 0.5741066671875 0.55412 0.5646933328125 0.54176 0.58352 0.54352 0.6141066671875001 0.55236 0.6941066671875 0.56294 0.6870666671875 0.57706 0.6729333328125 0.59294 0.64
2 0.48196000000000006 0.73536 0.51714 0.7256533328125 0.5502 0.7222133328125 0.59912 0.71648 0.63988 0.7016 0.63988 0.6947466671875 0.6373 0.6907466671875 0.5974 0.6964533328125 0.55362 0.7033333328125 0.50942 0.71304 0.46908000000000005 0.72792 0.46608 0.7296533328125 0.46394 0.73936 0.48196000000000006 0.73536
2 0.53352 0.8100266671874999 0.5529 0.7859733328125 0.5776399999999999 0.76056 0.6067400000000001 0.7378133328125001 0.64352 0.7034933328124999 0.63348 0.6981333328125 0.5863400000000001 0.7346933328125 0.49973999999999996 0.81896 0.50176 0.83144 0.53352 0.8100266671874999
2 0.6053 0.8595466671875001 0.62802 0.8208533328125001 0.6519999999999999 0.7956000000000001 0.68608 0.75352 0.7189 0.7299733328125 0.71006 0.70136 0.7025 0.71312 0.67598 0.7417333328125 0.65452 0.7720266671875 0.6255 0.7956000000000001 0.61162 0.8208533328125001 0.59772 0.8629333328125 0.59772 0.8696533328125 0.60152 0.8730133328124999 0.6053 0.8595466671875001
2 0.69546 0.8415466671875 0.7051999999999999 0.8337600000000001 0.68572 0.8155733328125001 0.6584399999999999 0.8337600000000001 0.61948 0.8571466671874999 0.5922 0.8961066671875001 0.56884 0.9376533328125 0.56298 0.9636266671874999 0.56104 0.9688266671875001 0.58246 0.9454666671874999 0.6039 0.9116799999999999 0.63116 0.88832 0.67208 0.8545333328125 0.69546 0.8415466671875
2 0.44416 0.7896 0.42272 0.8259733328125 0.42858 0.8467466671875 0.44026 0.8519466671875 0.46558 0.8571466671874999 0.5065000000000001 0.7376533328125 0.52012 0.7298666671875 0.47142 0.75064 0.44416 0.7896
2 0.56262 0.8833333328125 0.57904 0.8346933328125001 0.56444 0.81768 0.54742 0.8882133328125 0.56262 0.8833333328125
2 0.60832 0.40922666718749995 0.61104 0.40199999999999997 0.6195999999999999 0.3937866671875 0.50408 0.37333333281250003 0.47646 0.3682133328125 0.46954 0.3692266671875 0.46840000000000004 0.3769066671875 0.46418 0.37896 0.46609999999999996 0.3856 0.47108 0.39072 0.47300000000000003 0.39327999999999996 0.47417999999999993 0.3947733328125 0.5663199999999999 0.41330666718750003 0.60662 0.4241333328125 0.60528 0.41602666718750003 0.60832 0.40922666718749995
2 0.6209677421875 0.4036129046875 0.48006451562499997 0.7287741953125 0.48200000000000004 0.736 0.4750322578125 0.7403870953125 0.48 0.7475555546875 0.47000000000000003 0.752 0.5 0.7386666671875 0.506 0.7413333328125 0.476 0.8320000000000001 0.488 0.8320000000000001 0.49400000000000005 0.8213333328125 0.502 0.8186666671875 0.5 0.8346666671875 0.506 0.8293333328125 0.506 0.8426666671874999 0.522 0.8426666671874999 0.534 0.8293333328125 0.538 0.8133333328125 0.5660000000000001 0.8213333328125 0.58 0.8400000000000001 0.604 0.8426666671874999 0.622 0.8026666671875 0.63 0.792 0.6519999999999999 0.776 0.682 0.736 0.682 0.7253333328125 0.7 0.7173333328125 0.7 0.7013333328125 0.708 0.6933333328125 0.71 0.704 0.718 0.728 0.726 0.7173333328125 0.744 0.7173333328125 0.75 0.7066666671874999 0.75 0.696 0.744 0.6853333328125 0.716 0.6853333328125 0.70788181875 0.6796557578125 0.7156595734375 0.67177305 0.7077636359375 0.6659781812500001 0.7153191484375 0.658212765625 0.7076454546875001 0.6523006046875001 0.7149787234375 0.6446524828125 0.707527271875 0.6386230296875001 0.7146382984375 0.631092196875 0.707409090625 0.6249454531249999 0.714297871875 0.6175319140625 0.7072909093749999 0.6112678796875 0.7139574453125 0.6039716312500001 0.707172728125 0.5975903046875 0.713617021875 0.5904113468750001 0.7070545453125 0.583912728125 0.7132765953125 0.5768510640625 0.7069363640625 0.5702351515624999 0.7129361703125 0.56329078125 0.70681818125 0.5565575765624999 0.71259574375 0.5497304953125 0.7067 0.54288 0.7122553203125 0.5361702140625 0.7065818187499999 0.5292024234375 0.71191489375 0.522609928125 0.7064636359375001 0.5155248484375 0.7115744687500001 0.5090496453125 0.7063454546875 0.501847271875 0.7112340421875001 0.49548936250000003 0.706227271875 0.4881696953125 0.71089361875 0.48192907656250006 0.7061090906249999 0.4744921203125 0.7105531921875 0.46836879531250003 0.705990909375 0.460814546875 0.710212765625 0.454808509375 0.705872728125 0.4471369703125 0.709872340625 0.4412482265625 0.7057545453125 0.4334593953125 0.7095319140624999 0.42768794374999997 0.7056363640625001 0.41978181875000004 0.7091914906250001 0.41412765937499996 0.70551818125 0.4061042421875 0.7088510640625 0.40056737656249997 0.7054 0.39242666718749997 0.7098156015625 0.38709929062500004 0.7051999999999999 0.37888 0.7081702125 0.3734468078125 0.7107801421875 0.3736312046875 0.705 0.3653333328125 0.7078297874999999 0.35988652499999996 0.7117446796875 0.36016312031250003 0.7048 0.35178666718749996 0.7074893624999999 0.346326240625 0.7127092203125 0.34669503437500004 0.7046 0.33824 0.7071489359375 0.3327659578125 0.7136737578125001 0.33322695 0.7146382984375 0.3197588640625 0.706808509375 0.31920567499999997 0.7041999999999999 0.3111466671875 0.7064680859375 0.3056453890625 0.7156028359375 0.30629078125000003 0.732 0.0773333328125 0.744 0.0773333328125 0.748 0.072 0.756 0.0426666671875 0.756 0.032 0.75 0.0213333328125 0.706 0.0186666671875 0.472 0.3546666671875 0.472 0.37066666718749997 0.616 0.3946666671875 0.62 0.3973333328125 0.6209677421875 0.4036129046875