3 0.278515625 0.5756572765625 0.27290625 0.566713615625 0.268578125 0.5623708921875 0.258109375 0.5631924875000001 0.253953125 0.571338028125 0.253765625 0.5773004687500001 0.25990625 0.5794600937500001 0.265875 0.5867840375 0.267140625 0.5954694828125 0.2673125 0.5995305171875 0.275984375 0.600093896875 0.280140625 0.5954694828125 0.281765625 0.5895070421875 0.278515625 0.5756572765625
0 0.22165625000000003 0.5642957749999999 0.224078125 0.5771830984374999 0.22389062499999998 0.5813849765625 0.222578125 0.5872769953125 0.22725 0.5816666671874999 0.23134375000000001 0.5816666671874999 0.23415625 0.5827934265625 0.23695312500000001 0.5847652578125 0.2388125 0.5825117375 0.238625 0.5746713609375 0.23900000000000002 0.5654225359375 0.236390625 0.5598122062499999 0.23153125000000002 0.556173709375 0.22351562500000002 0.5547652578125 0.218296875 0.5575586859375 0.21735937500000002 0.5570187796875 0.218671875 0.560093896875 0.22165625000000003 0.5642957749999999
0 0.24095312500000002 0.577840375 0.236609375 0.5858685453125 0.23628125 0.5978873234375001 0.24529687500000003 0.60140845 0.248296875 0.6069248828125 0.252984375 0.6069248828125 0.260328125 0.6074413140625 0.263 0.6039201875 0.266671875 0.5908685453125 0.26432812499999997 0.5833568078125 0.25798437500000004 0.577840375 0.2543125 0.573309859375 0.248640625 0.5763145546875 0.24095312500000002 0.577840375
0 0.238546875 0.5879107984374999 0.23725000000000002 0.5814553984375 0.22778125 0.5814553984375 0.223484375 0.589201878125 0.22735937499999997 0.6099061031249999 0.22778125 0.6099061031249999 0.230359375 0.6053755875 0.238546875 0.5879107984374999
0 0.18071874999999998 0.5939906109375 0.183421875 0.5999765265625 0.18856250000000002 0.603638496875 0.19639062499999999 0.5995774640625 0.19690625 0.5953286390625 0.198578125 0.5854929578125 0.19771875 0.5688732390625 0.195265625 0.5679812203125 0.187140625 0.5700234734375 0.181875 0.57910798125 0.18071874999999998 0.5939906109375
0 0.16212500000000002 0.6166666671875001 0.165796875 0.6131924875 0.168796875 0.6131924875 0.17085937499999998 0.6159624406249999 0.178 0.6169953046875001 0.1816875 0.6169953046875001 0.182828125 0.6142488265625 0.185375 0.6031690140625 0.180078125 0.5976291078125 0.16993750000000002 0.5986854453125 0.16603125000000002 0.6031690140625 0.163953125 0.6087089203125 0.16212500000000002 0.6166666671875001
0 0.20329687500000002 0.5824882625 0.212703125 0.5824882625 0.22309375 0.589178403125 0.22359374999999998 0.58769953125 0.224578125 0.5690845078125 0.21765625000000002 0.553474178125 0.21121875 0.5527230046875 0.202296875 0.555704225 0.196859375 0.567605634375 0.196859375 0.580258215625 0.196359375 0.580258215625 0.19537500000000002 0.589178403125 0.20329687500000002 0.5824882625
0 0.16414062499999998 0.5740845078125 0.16871875 0.5745305171874999 0.1694375 0.5721596250000001 0.1704375 0.5639906109374999 0.16799999999999998 0.54983568125 0.16128125 0.5453286390625001 0.155140625 0.545093896875 0.14942187499999998 0.5483333328125 0.14484375 0.5554225359375 0.142984375 0.5622769953125 0.14384375 0.57194835625 0.15028125 0.581173709375 0.15142187499999998 0.5803286390625 0.154140625 0.5743192484375 0.16414062499999998 0.5740845078125
0 0.12803124999999999 0.5684272296875 0.121 0.5675352109375 0.117484375 0.5710563375000001 0.11160937500000001 0.5842723000000001 0.114546875 0.59661971875 0.12979687499999998 0.5992488265625 0.134484375 0.5886854453125 0.1350625 0.58516431875 0.131546875 0.5754694828125 0.12803124999999999 0.5684272296875
0 0.344078125 0.531502346875 0.350671875 0.5192723 0.35378125 0.48896713593749996 0.34562499999999996 0.4726525828125 0.33515625 0.465093896875 0.316921875 0.46218309843750005 0.3060625 0.46859155 0.30025 0.4755633796875 0.297921875 0.48664319218749996 0.29753124999999997 0.5000469484375001 0.29909375 0.5157746484375 0.30257812500000003 0.5280281687499999 0.307234375 0.5338497656250001 0.31925 0.5338497656250001 0.32778125 0.5338497656250001 0.344078125 0.531502346875
0 0.176078125 0.563638496875 0.15718749999999998 0.5226291078124999 0.06587499999999999 0.51948356875 0.011296875000000001 0.57624413125 0.003953125 0.6203990609375001 0.06796875 0.6109389671875001 0.183421875 0.59359155 0.176078125 0.563638496875
3 0.12665625 0.5735446015625 0.132125 0.5772769953125 0.13559375 0.5683333328125 0.13559375 0.56161971875 0.131125 0.5519248828125 0.12715625 0.545962440625 0.120703125 0.5444600937499999 0.11573437499999999 0.545962440625 0.110765625 0.5541549296875 0.106296875 0.5601173703125 0.1043125 0.5646009390625 0.106296875 0.5713145546875 0.11028125 0.5795305171875 0.11274999999999999 0.5795305171875 0.12020312500000001 0.5713145546875 0.12665625 0.5735446015625
3 0.062734375 0.6056572765625 0.06871875 0.6022769953125 0.069625 0.595985915625 0.06871875 0.583638496875 0.06168749999999999 0.5753051640625 0.05675 0.572840375 0.05046874999999999 0.573286384375 0.0471875 0.5748591546874999 0.04509375 0.5782394359375 0.042546875 0.5878873234374999 0.043 0.594201878125 0.047328125 0.604741784375 0.062734375 0.6056572765625
3 0.310453125 0.599718309375 0.3145 0.5926525828125 0.318703125 0.5814553984375 0.323234375 0.5707511734375 0.31124999999999997 0.5520187796875 0.300734375 0.5532394359375 0.296203125 0.5556807515625 0.29117187499999997 0.5603051640625 0.28778125 0.5671126765625 0.286 0.5758685453125 0.286 0.5858450703125 0.2906875 0.586338028125 0.29748437499999997 0.592417840625 0.310453125 0.599718309375
3 0.294390625 0.597417840625 0.295328125 0.5946244125 0.29562499999999997 0.589037559375 0.2885 0.58483568125 0.28184375 0.59159624375 0.28385937499999997 0.5999765265625 0.28571875 0.602065728125 0.2888125 0.598568075 0.294390625 0.597417840625
0 0.22745312499999998 0.5904225359375 0.22140624999999997 0.5848826296875 0.214703125 0.5813145546875 0.20626562499999998 0.58230046875 0.20021874999999997 0.5858685453125 0.19718750000000002 0.588145540625 0.19503125 0.6017840375 0.196546875 0.6017840375 0.198703125 0.6095774640625 0.22356250000000003 0.60859155 0.226578125 0.6017840375 0.22745312499999998 0.5904225359375