3 0.44215625000000003 0.39325757499999997 0.463015625 0.42247474687500003 0.493609375 0.433712121875 0.49778124999999995 0.41348484843750005 0.513078125 0.39325757499999997 0.529765625 0.377525253125 0.5450625 0.36628787812499997 0.561734375 0.33931818125 0.57146875 0.2921464640625 0.5645156250000001 0.24719697031250001 0.5408906250000001 0.21348484843749999 0.51725 0.19325757500000001 0.482484375 0.19325757500000001 0.454671875 0.21348484843749999 0.44076562499999994 0.2359595953125 0.4213125 0.2764141421875 0.426875 0.3528030296875 0.44215625000000003 0.39325757499999997
3 0.326453125 0.294595959375 0.28359375 0.323535353125 0.25778124999999996 0.384722221875 0.262359375 0.45669191875 0.280265625 0.505101009375 0.309390625 0.5360353531250001 0.34559375000000003 0.5414141421875 0.37971875 0.517222221875 0.408015625 0.46611111093749996 0.41509375000000004 0.41363636406250004 0.40634375 0.3645454546875 0.387625 0.31881313125 0.37098437500000003 0.2972979796875 0.326453125 0.294595959375
3 0.56753125 0.389469696875 0.55784375 0.4096212125 0.5536875 0.43421717187500003 0.5523125 0.4521212125 0.550921875 0.47449494999999997 0.550921875 0.48568181875 0.562 0.50356060625 0.5647656249999999 0.5169949500000001 0.568921875 0.5393686875 0.578609375 0.543838384375 0.59521875 0.555025253125 0.621515625 0.5684595953125 0.645046875 0.57068181875 0.663046875 0.566212121875 0.6851875 0.5527777781250001 0.692109375 0.541590909375 0.69903125 0.52593434375 0.700421875 0.514747475 0.7031875000000001 0.499090909375 0.704578125 0.478964646875 0.704578125 0.456590909375 0.70871875 0.43199495 0.705953125 0.40512626249999995 0.69765625 0.38053030312499997 0.6851875 0.3648737375 0.667203125 0.349217171875 0.643671875 0.33578282812500004 0.60075 0.346969696875 0.5841406250000001 0.36040404062500003 0.57584375 0.37606060625 0.56753125 0.389469696875
3 0.436109375 0.732777778125 0.477234375 0.7296717171875 0.48296875000000006 0.714217171875 0.482015625 0.65550505 0.48584375 0.5952272734374999 0.48489062499999996 0.5766666671875 0.482015625 0.5612121218749999 0.467671875 0.5179292921875 0.4495 0.50093434375 0.426546875 0.502474746875 0.41507812499999996 0.5040404046875 0.39403125 0.5117676765625 0.37109375 0.5504040406249999 0.362484375 0.56893939375 0.35578125 0.606035353125 0.35578125 0.68949495 0.366296875 0.703409090625 0.436109375 0.732777778125
3 0.483875 0.5370707078125 0.49778124999999995 0.5842676765625 0.5020156250000001 0.567348484375 0.526984375 0.54606060625 0.561734375 0.54156565625 0.56590625 0.54606060625 0.562328125 0.5078535359374999 0.5492343749999999 0.483156565625 0.56034375 0.40224747499999997 0.581796875 0.3648232328125 0.5645156250000001 0.3640404046875 0.532546875 0.371212121875 0.508421875 0.3946464640625 0.485265625 0.4427020203125 0.48109375 0.45618686875 0.47692187500000005 0.5033585859375 0.483875 0.5370707078125
3 0.67159375 0.374898990625 0.69521875 0.38388888906249996 0.710515625 0.38388888906249996 0.7146874999999999 0.38388888906249996 0.738328125 0.31873737343749997 0.738328125 0.28502525312500004 0.729984375 0.24007575781249998 0.72303125 0.21984848437500001 0.71190625 0.20186868750000003 0.6924375 0.1838888890625 0.678546875 0.170404040625 0.659078125 0.165909090625 0.629875 0.16366161562499998 0.61040625 0.170404040625 0.585375 0.21984848437500001 0.5686875 0.27154040468749996 0.58259375 0.34343434375 0.629875 0.33444444375 0.64378125 0.33444444375 0.67159375 0.374898990625
3 0.757796875 0.6962626265625 0.777265625 0.6603030296875 0.788390625 0.6288383843750001 0.785609375 0.5704040406249999 0.7730937499999999 0.53444444375 0.7494531249999999 0.500757575 0.7049531250000001 0.500757575 0.688265625 0.563661615625 0.6576875 0.5793939390625 0.62709375 0.5816414140624999 0.628484375 0.6108585859375 0.6451718750000001 0.709747475 0.639609375 0.7389393937500001 0.696609375 0.714242425 0.7327656250000001 0.705252525 0.757796875 0.6962626265625
3 0.747578125 0.49931818124999994 0.76884375 0.5287626265625 0.78403125 0.5645454546875001 0.796609375 0.55050505 0.804859375 0.529469696875 0.8139687500000001 0.49229797968750005 0.809203125 0.4544191921875 0.803125 0.42146464687499996 0.78315625 0.3821969703125 0.758 0.3688636359375 0.7336875 0.36116161562500004 0.7206718750000001 0.3667676765625 0.712 0.3842929296875 0.69984375 0.389217171875 0.706359375 0.41164141406250004 0.70765625 0.43760100937499996 0.70721875 0.4544191921875 0.702890625 0.5007070703125 0.7033125 0.5021212125 0.72675 0.5007070703125 0.747578125 0.49931818124999994
3 0.48309375 0.8346717171875 0.503859375 0.8525757578125001 0.56753125 0.8458585859375001 0.58690625 0.8480808078125 0.625671875 0.8279545453124999 0.635359375 0.7451767671875 0.639515625 0.7295202015625 0.640890625 0.7093939390624999 0.635359375 0.6713636359375 0.63396875 0.6288636359375 0.611828125 0.5684595953125 0.5855312500000001 0.5393686875 0.5523125 0.5371212125 0.5149375 0.5572727265624999 0.485859375 0.5930555562500001 0.48309375 0.6378030296875 0.48448437499999997 0.6914898984375 0.494171875 0.7429545453124999 0.470640625 0.7921717171875 0.470640625 0.8190151515625 0.48309375 0.8346717171875
3 0.459265625 0.419343434375 0.4425625 0.395025253125 0.43309375 0.372525253125 0.42418750000000005 0.3473232328125 0.42585937500000004 0.3266161609375 0.4175 0.3203282828125 0.40190625 0.32843434375 0.394671875 0.3365151515625 0.39856250000000004 0.3473232328125 0.40746874999999994 0.36353535312499996 0.41359375 0.39323232343750003 0.415828125 0.42742424218749997 0.4108125 0.4571464640625 0.390765625 0.496742425 0.406921875 0.49583333281249997 0.42753125000000003 0.5021464640625 0.448125 0.503030303125 0.4615 0.513838384375 0.46428125 0.5066414140625 0.475421875 0.474242425 0.4804375 0.43643939375 0.48265624999999995 0.4328282828125 0.468171875 0.4256313125 0.459265625 0.419343434375
3 0.42514062499999994 0.3245454546875 0.42514062499999994 0.289469696875 0.43565624999999997 0.25330808125000004 0.44815625 0.22356060625000002 0.47775 0.20017676718750002 0.49090625 0.193787878125 0.48696875000000006 0.1597727265625 0.46854687500000003 0.12681818125 0.42973437499999995 0.11300505000000001 0.397515625 0.12681818125 0.37120312499999997 0.15340909062500002 0.35343749999999996 0.20760100937499998 0.34753124999999996 0.23949495 0.36265625 0.29477272656250003 0.398828125 0.3372979796875 0.4086875 0.328787878125 0.42514062499999994 0.3245454546875