2 0.3916875 0.62648711875 0.380078125 0.593723653125 0.370515625 0.5977985953125 0.3404375 0.6428805625 0.31175 0.6674473062499999 0.317890625 0.727868853125 0.34385937499999997 0.7033021078125 0.351375 0.722763465625 0.368453125 0.6797423890625 0.37803125 0.6889695546875 0.401265625 0.6746135828125001 0.415609375 0.6981733015625 0.4340625 0.6797423890625 0.44157812500000004 0.6992037468750001 0.466171875 0.6869086656250001 0.49009375000000005 0.7135363 0.49896874999999996 0.6981733015625 0.48804687500000005 0.6869086656250001 0.48531250000000004 0.681779859375 0.48667187500000003 0.670515221875 0.497609375 0.66644028125 0.5044375 0.6828103046875 0.5017031249999999 0.6940749421875 0.5044375 0.710468384375 0.51128125 0.7125058546874999 0.51128125 0.7063700234375 0.516734375 0.69613583125 0.5310937499999999 0.7063700234375 0.546125 0.7002341921874999 0.557734375 0.691007025 0.57209375 0.663348946875 0.58165625 0.6367213109375001 0.58575 0.60189695625 0.5755 0.582435596875 0.5228906249999999 0.6029274 0.47506250000000005 0.6275175640625 0.442703125 0.6423419203125 0.4019375 0.6397892265625 0.379390625 0.6561826703125 0.3916875 0.62648711875
2 0.311 0.2886416859375 0.302421875 0.2829274 0.2690625 0.28578454375 0.21949999999999997 0.3314988296875 0.2461875 0.4400468390625 0.256671875 0.45576112343749997 0.27668750000000003 0.44290398125 0.3071875 0.37149882968750003 0.311 0.2886416859375
2 0.74884375 0.6937704921875001 0.74328125 0.7085948484375 0.741125 0.738196721875 0.76828125 0.754847775 0.75809375 0.716908665625 0.74884375 0.6937704921875001
2 0.710421875 0.726932084375 0.69346875 0.72810304375 0.6857656249999999 0.7477283375 0.68653125 0.7743091328125 0.6965625 0.8008665109375 0.718140625 0.8239812640625 0.719671875 0.7719906328125 0.7189062500000001 0.7500468390624999 0.710421875 0.726932084375
2 0.61328125 0.6802341921874999 0.6205468749999999 0.6298829046875001 0.616 0.57679156875 0.59875 0.6108196718750001 0.5833125 0.6707025765625 0.589671875 0.7115456671875 0.610546875 0.7020140515625 0.61328125 0.6802341921874999
2 0.6637187499999999 0.3818266984375 0.622125 0.39740046875 0.6775781249999999 0.420772834375 0.684515625 0.3818266984375 0.6637187499999999 0.3818266984375
2 0.20364062500000002 0.3722716625 0.190109375 0.3917096015625 0.191796875 0.395948478125 0.216609375 0.400163934375 0.22337500000000002 0.41114754062500003 0.22225 0.42128805625 0.24479687499999997 0.4305854796875 0.215484375 0.31819672187500003 0.20251562500000003 0.3190398125 0.176578125 0.3444028109375 0.177140625 0.35370023437500003 0.1940625 0.33932084375 0.20364062500000002 0.3722716625
2 0.791953125 0.6623419203124999 0.8248906249999999 0.727283371875 0.85434375 0.6649414515625 0.802359375 0.5740281031250001 0.791953125 0.6623419203124999
2 0.562765625 0.770843090625 0.564265625 0.7828103046875 0.57475 0.7805854796875 0.57125 0.789555034375 0.566265625 0.808992975 0.5622812500000001 0.8291803281250001 0.57225 0.8516159249999999 0.59121875 0.8635831375 0.610171875 0.868079625 0.613671875 0.868079625 0.639109375 0.8299297421875 0.6341249999999999 0.8202107734374999 0.59121875 0.7409367687499999 0.56178125 0.7536533953125 0.565265625 0.76487119375 0.562765625 0.770843090625
2 0.69715625 0.685011709375 0.68553125 0.667587821875 0.670015625 0.651311475 0.6661406249999999 0.644332553125 0.621546875 0.7041920375 0.619609375 0.7216393437499999 0.6560625 0.7536065578125 0.69715625 0.685011709375
2 0.268015625 0.76229508125 0.27995312499999997 0.778688525 0.28940625 0.792131146875 0.300359375 0.7794379390625 0.288421875 0.7421545671875001 0.26203125 0.6466744734375001 0.25656249999999997 0.6422014046875 0.2580625 0.6242857140625 0.24959375 0.6138407499999999 0.24312499999999998 0.6108665109375 0.2316875 0.6183372359375 0.228203125 0.6265339578125 0.22271875 0.6459250578125 0.226203125 0.6563700234375001 0.23317187499999997 0.6503981265625 0.242625 0.679484778125 0.23815624999999999 0.684707259375 0.24512499999999998 0.6914285718750001 0.246109375 0.695152225 0.260046875 0.7406557375 0.268015625 0.76229508125
2 0.36353125 0.59128805625 0.355875 0.561615925 0.350125 0.5529976578125 0.346296875 0.5558782203125 0.333515625 0.5663934421875 0.330328125 0.5807494140625 0.323296875 0.603747071875 0.35715625 0.6142622953125 0.36290625 0.6171428578125 0.36353125 0.59128805625
2 0.12696875000000002 0.7417330203125 0.12175 0.7550351281250001 0.12435937500000001 0.8637939109375001 0.12959375 0.8896252921875 0.137421875 0.903700234375 0.167703125 0.9170023421875 0.1645625 0.8685011703125 0.16246875 0.7573770484375 0.15359375 0.7370491796875001 0.13846875 0.734683840625 0.12696875000000002 0.7417330203125