0 0.07744 0.4684984984375 0.08808 0.4781981984375 0.0926 0.4738138140625 0.101 0.46801801875000004 0.10776 0.46075075 0.11132 0.4520120125 0.10873999999999999 0.4389489484375 0.10067999999999999 0.43264264218750004 0.08196 0.43555555625000003 0.07970000000000001 0.4447447453125 0.07712 0.4617117109375 0.07744 0.4684984984375
0 0 0.5145945953125 0.007240000000000001 0.5105105109375 0.0318 0.52075075 0.04204 0.5145945953125 0.05636 0.5166666671875 0.06454 0.5166666671875 0.07136 0.5084684687500001 0.08431999999999999 0.495135134375 0.10206 0.4746546546875 0.09728 0.47261261250000003 0.08227999999999999 0.475675675 0.07546 0.45930930937500003 0.0741 0.4418918921875 0.08568 0.4275375375 0.10955999999999999 0.42858858906249997 0.11228 0.45621621562500003 0.12866 0.42549549531249997 0.12866 0.4183483484375 0.1423 0.40093093125 0.16754 0.3865765765625 0.18392 0.38249249218750003 0.17982 0.375315315625 0.16412 0.3773573578125 0.14026 0.37837837812499997 0.1232 0.38147147187499997 0.10684 0.38147147187499997 0.09387999999999999 0.38045045 0.08024 0.38045045 0.06999999999999999 0.37837837812499997 0.06182 0.38147147187499997 0.05432 0.38147147187499997 0.04136 0.3763363359375 0.027700000000000002 0.3763363359375 0.01338 0.3835135140625 0.00041999999999999996 0.3835135140625 0.00248 0.39888888906250003 0.00041999999999999996 0.42243243281250004 0 0.4459759765625 0 0.48081081093750005 0 0.5145945953125
0 0.39166 0.7654054046875001 0.40122 0.768678678125 0.42362 0.7690990984375 0.43974 0.7645645640625001 0.44576000000000005 0.7497897890624999 0.4452 0.7202702703125 0.43154000000000003 0.71 0.41159999999999997 0.707147146875 0.40313999999999994 0.725615615625 0.40503999999999996 0.723153153125 0.39493999999999996 0.7420120125 0.39166 0.7654054046875001
1 0.7190000000000001 0.9421621625000001 0.71628 0.9462462468749999 0.6899200000000001 0.9626126125000001 0.6926599999999999 0.9803603609374999 0.70356 0.9926426421875 0.74418 0.9964864859375 0.76806 0.9967267265625 0.7917 0.99399399375 0.7917 0.9544444437499999 0.81258 0.93123123125 0.83802 0.8944144140624999 0.8516600000000001 0.8657657656250001 0.8553000000000001 0.8261861859374999 0.84712 0.8166366359375001 0.8452999999999999 0.7975375375 0.83166 0.78936936875 0.82258 0.8070870875 0.8244 0.812552553125 0.82168 0.8371171171875 0.77988 0.9080480484375 0.74354 0.94078078125 0.7190000000000001 0.9421621625000001
1 0.8836600000000001 0.8099399406250001 0.90838 0.794534534375 0.9349999999999999 0.760840840625 0.9407 0.752852853125 0.93728 0.73 0.9281599999999999 0.7145945953124999 0.9194000000000001 0.7117417421875001 0.9118 0.6974774781249999 0.9091400000000001 0.675765765625 0.9004 0.670060059375 0.8954599999999999 0.675765765625 0.89204 0.6923423421875 0.8909 0.7014714718749999 0.8912800000000001 0.7185885890625 0.8787200000000001 0.7368768765625 0.86884 0.7562762765625 0.8566800000000001 0.7722522515625 0.84222 0.7928228234375 0.84526 0.7996696703125 0.8467800000000001 0.8167867875000001 0.8582000000000001 0.8184984984374999 0.8836600000000001 0.8099399406250001
1 0.6628000000000001 0.8131831828125 0.66216 0.825915915625 0.6602 0.8376576578125 0.6582399999999999 0.8474174171875 0.6576 0.8533033031249999 0.66606 0.87675675625 0.67258 0.8982882890624999 0.6817 0.9315315312499999 0.68952 0.9423123125 0.69668 0.8972972968749999 0.7006 0.8806906906249999 0.7058 0.8738438437499999 0.71752 0.8718918921875 0.72404 0.8689489484375 0.73772 0.8796997 0.7488 0.8796997 0.75532 0.869909909375 0.7618199999999999 0.8621021015625001 0.7618199999999999 0.8572072078125 0.75726 0.8445045046875 0.71948 0.7994894890625 0.71102 0.7838438437499999 0.6927800000000001 0.76429429375 0.67778 0.7672072078125 0.6634599999999999 0.7887387390625 0.66542 0.7897297296875 0.66476 0.8014414421874999 0.6628000000000001 0.8131831828125
1 0.88262 0.8383483484375001 0.88262 0.8580480484375 0.9126200000000001 0.86555555625 0.9376200000000001 0.8664864859374999 0.9526199999999999 0.8608708703125 0.94574 0.84585585625 0.9563599999999999 0.822402403125 0.96074 0.8195795796875001 0.9726000000000001 0.8036336343749999 0.9875999999999999 0.7970570578125 0.9888600000000001 0.7717117109375 0.98824 0.7520120125 0.98698 0.7238738734375 0.9801 0.697597596875 0.97636 0.680690690625 0.9663600000000001 0.690090090625 0.96574 0.717297296875 0.95512 0.7426426421875 0.922 0.7867267265625 0.88138 0.8120720718750001 0.84888 0.81675675625 0.85388 0.822402403125 0.87138 0.82615615625 0.88262 0.8383483484375001
1 0.85282 0.8322522515624999 0.85204 0.8624624624999999 0.85128 0.871771771875 0.8400399999999999 0.8909609609375 0.8207000000000001 0.9078078078124999 0.7967 0.9435135140625001 0.7927 0.9544444437499999 0.7913 0.972072071875 0.7924599999999999 0.9904204203125 0.79622 0.9999399406249999 0.9134800000000001 0.999609609375 0.9120799999999999 0.9921921921875001 0.91044 0.981621621875 0.9095000000000001 0.9675075078125 0.91584 0.9484384390624999 0.9167799999999999 0.9219819812500001 0.9148999999999999 0.907147146875 0.9099600000000001 0.895525525 0.90244 0.8835135140625001 0.89092 0.8739939937500001 0.8853044796875 0.8617052218750001 0.8830199999999999 0.8496997000000001 0.8834 0.8328228234375 0.8741 0.8270270265624999 0.85824 0.822372371875 0.85282 0.8322522515624999
1 0.8297599999999999 0.7004504500000001 0.8124399999999999 0.727597596875 0.78684 0.7468168171875 0.765 0.756996996875 0.73866 0.7728228234375 0.71532 0.7830030031249999 0.71532 0.7875075078125 0.71982 0.802222221875 0.72736 0.8033333328125 0.7251000000000001 0.802222221875 0.77102 0.7739639640625 0.8064199999999999 0.7524624625 0.826 0.7208108109375 0.8297599999999999 0.7004504500000001
1 0.7769999999999999 0.764324325 0.7215 0.8085885890625001 0.72844 0.8242042046875 0.75792 0.834624625 0.82904 0.8085885890625001 0.8377000000000001 0.8138138140625 0.8775999999999999 0.717447446875 0.8481 0.7122522515624999 0.8481 0.7044144140624999 0.8324999999999999 0.6940240234374999 0.7769999999999999 0.764324325
1 0.53514 0.782402403125 0.5312 0.775015015625 0.5266 0.7706006000000001 0.52432 0.7686186187499999 0.52104 0.7686186187499999 0.51744 0.7764864859375 0.5141600000000001 0.7897897890625 0.50792 0.79816816875 0.5010399999999999 0.8089789796875 0.48826 0.8212912906250001 0.47416 0.8340840843749999 0.46040000000000003 0.8434234234375 0.45187999999999995 0.8463963968750001 0.44401999999999997 0.8468768765625001 0.42074 0.84048048125 0.4083 0.839009009375 0.39846 0.8399699703125 0.39388 0.8394894890625 0.39026 0.8458858859375 0.38862 0.8478678671875001 0.38338 0.8503303296875 0.38272 0.86015015 0.39092 0.8773873875 0.40206 0.883303303125 0.40763999999999995 0.8881981984375 0.41944 0.8906606609375001 0.42566 0.878858859375 0.43616 0.86951951875 0.44762 0.8572072078125 0.45648 0.8508108109375 0.4686 0.8429429421875 0.4758 0.839009009375 0.48924 0.8335735734374999 0.49908 0.8271771765624999 0.51186 0.8247147140625 0.5206999999999999 0.824234234375 0.5276 0.82570570625 0.53284 0.82570570625 0.5354599999999999 0.82570570625 0.5407 0.8188288281249999 0.5400400000000001 0.816366365625 0.53776 0.8050450453125 0.5371 0.7991291296874999 0.53742 0.79078078125 0.53514 0.782402403125
1 0.91684 0.9298798796875 0.91684 0.9844144140625 0.9964000000000001 0.9844144140625 0.9964000000000001 0.8649249250000001 0.97392 0.8701201203125001 0.9531599999999999 0.8857057062499999 0.94278 0.9168768765624999 0.91684 0.9298798796875
1 0.66406 0.8061261265624999 0.6503599999999999 0.790990990625 0.641 0.7552852859375 0.62876 0.7477177171875 0.61938 0.766096096875 0.6258600000000001 0.8050450453125 0.6093 0.8439939937500001 0.62298 0.8493994 0.6554 0.8548048046875 0.66406 0.8061261265624999
1 0.59082 0.8190390390625 0.5778800000000001 0.802372371875 0.57604 0.77183183125 0.55106 0.7676576578125001 0.5473600000000001 0.78570570625 0.5353399999999999 0.8287387390625 0.5408999999999999 0.8273573578125 0.58528 0.8412312312499999 0.59082 0.8190390390625
1 0.7903800000000001 0.6710510515625 0.7781 0.715525525 0.76438 0.7382882890625 0.74414 0.7448048046875 0.71886 0.7382882890625 0.69286 0.73936936875 0.69286 0.7664864859375 0.7167 0.784924925 0.73042 0.771921921875 0.74486 0.7664864859375 0.78892 0.7448048046875 0.80266 0.7339639640625 0.81494 0.69924925 0.8207000000000001 0.663453453125 0.8127599999999999 0.6602102109375 0.7903800000000001 0.6710510515625
1 0.8778 0.6176276281249999 0.8808199999999999 0.6323423421875 0.89964 0.644774775 0.9049200000000001 0.6515615609375 0.90718 0.6651051046875 0.91394 0.704684684375 0.92448 0.7137237234375 0.93954 0.727297296875 0.95612 0.7227627625 0.94934 0.66399399375 0.93352 0.6402402406250001 0.9116799999999999 0.633453453125 0.89286 0.6244144140625 0.88684 0.614234234375 0.88382 0.607447446875 0.8778 0.6176276281249999
3 0.03844 0.5557357359374999 0.04232 0.5557357359374999 0.05062 0.5461861859375 0.05948 0.5278978984375 0.06308 0.524984984375 0.058640000000000005 0.5187387390625 0.04066 0.52123123125 0.034839999999999996 0.534534534375 0.03844 0.5557357359374999
3 0.043480000000000005 0.4921321328125 0.04684 0.5028828828125 0.05736 0.5161261265625 0.06620000000000001 0.5173873875 0.0784 0.5054054046875 0.08259999999999999 0.49276276250000006 0.08428 0.483933934375 0.08134 0.4738138140625 0.07166 0.46624624687500005 0.0603 0.46183183124999994 0.05316 0.46435435468749997 0.05064 0.46876876875000006 0.043480000000000005 0.4921321328125
3 0.047599999999999996 0.47102102031250004 0.060640000000000006 0.46660660624999994 0.07368 0.46408408437500004 0.07788 0.45648648593749996 0.07955999999999999 0.43816816875000003 0.07536000000000001 0.42555555624999997 0.06148 0.41984985 0.047599999999999996 0.41984985 0.0375 0.44828828906249996 0.04254 0.46345345312499997 0.047599999999999996 0.47102102031250004
3 0.0851 0.43429429375 0.08990000000000001 0.43429429375 0.10028 0.43708708749999997 0.1056 0.43390390312499993 0.10932 0.42948948906249995 0.11172 0.4218918921875 0.11306000000000001 0.415915915625 0.11306000000000001 0.399909909375 0.10851999999999999 0.39192192187499997 0.1024 0.3863363359375 0.09387999999999999 0.385915915625 0.08696000000000001 0.385915915625 0.08030000000000001 0.389909909375 0.07498 0.39672672656249997 0.07338 0.40630630625 0.07366 0.42309309375000004 0.07632 0.43270270312500003 0.07898 0.43630630625 0.08084 0.43630630625 0.0851 0.43429429375
3 0.16108 0.38993994062500004 0.15064 0.3787387390625 0.1427 0.37798798749999996 0.13128 0.3876876875 0.13276 0.4011111109375 0.13574 0.414534534375 0.13922 0.41378378437499996 0.1581 0.40036036093750005 0.16108 0.38993994062500004
3 0.01842 0.4834234234375 0.02134 0.5106006 0.02426 0.5145945953125 0.03306 0.5074174171875 0.0405 0.5042042046875 0.0477 0.4814414421875 0.04344 0.47264264218749996 0.03252 0.46744744687499995 0.024 0.4734234234375 0.01842 0.4834234234375
0 0.46285999999999994 0.39687687656250004 0.47256 0.40093093125 0.47472000000000003 0.41066066093750003 0.47904 0.4228228234375 0.4812 0.4333633640625 0.47742000000000007 0.45039039062499997 0.48066000000000003 0.45282282343749997 0.49686 0.4479579578125 0.50388 0.464984984375 0.5092800000000001 0.47228228281250006 0.52278 0.477147146875 0.53682 0.4763363359375 0.5584 0.483633634375 0.56434 0.48927927968749996 0.58162 0.4933333328125 0.59458 0.4965765765625 0.61456 0.4973873875 0.6161800000000001 0.4973873875 0.63992 0.4981981984375 0.63722 0.47066066093750003 0.6329 0.4601201203125 0.62858 0.45444444375000004 0.61672 0.46093093124999995 0.6086199999999999 0.43903903906249997 0.59566 0.43093093125 0.5881000000000001 0.42363363437499996 0.58108 0.41390390312500003 0.57946 0.4090390390625 0.58378 0.39444444375 0.5875600000000001 0.38309309375 0.58108 0.3676876875 0.5638 0.3652852859375 0.55516 0.36123123125 0.553 0.353933934375 0.54276 0.35069069062499997 0.53196 0.356366365625 0.5184599999999999 0.3620420421875 0.51144 0.3547447453125 0.50388 0.3515015015625 0.48983999999999994 0.3466366359375 0.47742000000000007 0.3442042046875 0.47042 0.35069069062499997 0.46177999999999997 0.34339339375 0.46124 0.341771771875 0.45368 0.353933934375 0.45152000000000003 0.3774174171875 0.45583999999999997 0.3952552546875 0.46285999999999994 0.39687687656250004
0 0.45099999999999996 0.76555555625 0.47456 0.756696696875 0.48466 0.7472372375 0.48213999999999996 0.7257657656250001 0.47036 0.707447446875 0.45899999999999996 0.703633634375 0.4447 0.7106006 0.44006 0.7156456453125 0.44216 0.7156456453125 0.44638 0.7257657656250001 0.44554 0.7541741734375 0.44258 0.76048048125 0.45099999999999996 0.76555555625
1 0.32999999999999996 0.996996996875 0.346 0.9879879875 0.358 0.9879879875 0.374 0.9789789796875 0.38 0.9699699703125001 0.382 0.9489489484375 0.40800000000000003 0.9159159156250001 0.41 0.8918918921874999 0.4425806453125 0.8513029156249999 0.58 0.759759759375 0.5780000000000001 0.8048048046874999 0.5900000000000001 0.8228228234375001 0.588 0.83183183125 0.57928 0.8308708703125 0.5700000000000001 0.8378378375000001 0.572 0.84984985 0.58 0.8408408406250001 0.5860000000000001 0.8678678671875 0.606 0.8678678671875 0.612 0.8618618625 0.6980000000000001 0.8918918921874999 0.6900000000000001 0.9429429421875 0.6980000000000001 0.9549549546874999 0.706 0.9549549546874999 0.72 0.9429429421875 0.744 0.9429429421875 0.774 0.9159159156250001 0.82 0.8408408406250001 0.812666665625 0.8178178171875 0.8240000000000001 0.8138138140625 0.7815000000000001 0.7665165171874999 0.8099999999999999 0.7207207203125 0.8320000000000001 0.696696696875 0.836 0.696696696875 0.8480000000000001 0.7057057062500001 0.85 0.7147147140625 0.8630000000000001 0.716216215625 0.8720000000000001 0.7387387390625 0.8779999999999999 0.7387387390625 0.876 0.7177177171875 0.89 0.7207207203125 0.8939999999999999 0.675675675 0.8800000000000001 0.6426426421875 0.866 0.624624625 0.82 0.6276276281250001 0.806 0.6456456453125 0.806 0.6636636640625 0.72776 0.7193994 0.722 0.7177177171875 0.714 0.696696696875 0.702 0.696696696875 0.696 0.7057057062500001 0.692 0.7327327328125001 0.682 0.7207207203125 0.6759999999999999 0.7207207203125 0.6719999999999999 0.708708709375 0.6599999999999999 0.69369369375 0.64 0.69369369375 0.626 0.7117117109375 0.622 0.7267267265624999 0.5940000000000001 0.7327327328125001 0.5820000000000001 0.75075075 0.5250322578125 0.7963770203125 0.39677419375 0.8818173 0.392 0.8798798796874999 0.3876129046875 0.8879201765625 0.37845161250000003 0.8940230546875 0.377333334375 0.9019019015625 0.369290321875 0.9001259312500001 0.37 0.9129129125000001 0.36012903125 0.9062288109375001 0.35096774218750004 0.9123316875 0.352 0.91891891875 0.3418064515625 0.9184345640625 0.343 0.9294294296875 0.33399999999999996 0.939939940625 0.3326451625 0.9245374421875001 0.3143225796875 0.9367431953124999 0.32 0.9429429421875 0.314 0.9489489484375 0.30516129062499997 0.9428460718749999 0.296 0.9489489484375 0.29 0.9579579578124999 0.29 0.9879879875 0.296 0.996996996875 0.32999999999999996 0.996996996875