2 0.739796875 0.5934192031250001 0.754703125 0.5868618265625 0.76434375 0.5855503515625 0.770484375 0.5842388765625001 0.778375 0.5763466046875 0.776625 0.5684543328125 0.78803125 0.522459015625 0.76696875 0.5079859484375 0.7494375 0.504051521875 0.740671875 0.504051521875 0.73628125 0.5171896953124999 0.7310156250000001 0.53163934375 0.73278125 0.555316159375 0.729265625 0.5684543328125 0.731890625 0.58290398125 0.739796875 0.5934192031250001
2 0.585171875 0.5673067921875 0.586203125 0.5440281031249999 0.570671875 0.52384075 0.55409375 0.5129742390625001 0.542703125 0.5129742390625001 0.5344218749999999 0.53159250625 0.5292343749999999 0.5533255265625 0.535453125 0.5673067921875 0.5675625 0.6076580796875 0.57584375 0.6061124125 0.581015625 0.592131146875 0.585171875 0.5673067921875
2 0.725 0.3471662765625 0.7088593750000001 0.35925058593750003 0.705640625 0.37740046875 0.71209375 0.3955269328125 0.72178125 0.3931147546875 0.7346874999999999 0.39070257656249996 0.744375 0.3870726 0.746796875 0.3834426234375 0.737921875 0.3435363 0.725 0.3471662765625
2 0.6061093750000001 0.7676346609375 0.6043125 0.7892505859375001 0.6025 0.8020843093750001 0.609265625 0.8081733015625 0.6245937500000001 0.7966978921875 0.63 0.8020843093750001 0.63 0.7919672125 0.628203125 0.7797892265625 0.6304531250000001 0.7635831375000001 0.6385625 0.7676346609375 0.632703125 0.752084309375 0.635859375 0.7433021078125 0.6385625 0.7331615921875 0.64578125 0.72709601875 0.64353125 0.7223653390625 0.65434375 0.716955503125 0.65615625 0.7034426234375 0.642625 0.702084309375 0.6345156249999999 0.7081733015625 0.610171875 0.7135831375 0.610296875 0.7243091328125 0.616484375 0.744660421875 0.6088125 0.7574941453124999 0.6061093750000001 0.7676346609375
2 0.2054375 0.5842388765625001 0.20621874999999998 0.579836065625 0.212859375 0.570772834375 0.21970312500000003 0.5643325531250001 0.22165625000000003 0.5573067921875 0.21793749999999998 0.547939109375 0.21423437500000003 0.545292740625 0.20837500000000003 0.5488056203125 0.2068125 0.557587821875 0.20387499999999997 0.566955503125 0.2054375 0.5842388765625001
2 0.582234375 0.47585480156250004 0.58640625 0.48325526874999997 0.5974375000000001 0.48782201406250003 0.601234375 0.47302107656250003 0.600859375 0.45421545625000004 0.6160625 0.44283372343750005 0.60996875 0.433700234375 0.59971875 0.42971897031250006 0.59059375 0.4371194375 0.5921093749999999 0.4439578453125 0.58565625 0.461615925 0.582234375 0.47585480156250004
2 0.706421875 0.3720140515625 0.7090625 0.3601170953125 0.715796875 0.35508196718749996 0.713875 0.35290398125 0.710984375 0.35290398125 0.706421875 0.3554332546875 0.6963125 0.3738173296875 0.698953125 0.3860655734375 0.7047343749999999 0.3925761125 0.710015625 0.38932084375 0.7047343749999999 0.3766978921875 0.706421875 0.3720140515625
2 0.57640625 0.311756440625 0.5898749999999999 0.3159016390625 0.5993906250000001 0.3052224828125 0.59859375 0.29512880625000004 0.597796875 0.28384075000000003 0.5910624999999999 0.270772834375 0.56809375 0.27552693281249996 0.564125 0.289180328125 0.5665 0.29571428593750004 0.570078125 0.304028103125 0.57640625 0.311756440625
2 0.41675000000000006 0.26861826718750004 0.413 0.2719906328125 0.4131875 0.2759250578125 0.41600000000000004 0.2781733015625 0.4210625 0.27957845468750003 0.4206875 0.286323184375 0.4270625 0.288571428125 0.437375 0.28800936718750003 0.44262499999999994 0.2826697890625 0.447484375 0.2722716625 0.44898437500000005 0.2568149890625 0.44692187499999997 0.2543091328125 0.44375 0.253747071875 0.4330625 0.2526229515625 0.43062500000000004 0.24953161562499998 0.4263125 0.25206089062500003 0.4180625 0.2554098359375 0.417875 0.25487119375 0.4176875 0.262435596875 0.41675000000000006 0.26861826718750004
2 0.3404375 0.29526932031249997 0.33182812500000003 0.28688524531250004 0.322359375 0.2900936765625 0.31546875 0.2985011703125 0.33484375 0.34044496562500004 0.34173437500000003 0.3255971890625 0.347328125 0.3114051515625 0.3404375 0.29526932031249997
2 0.7312031250000001 0.7117330203125001 0.729546875 0.682107728125 0.70565625 0.6586416859375 0.677640625 0.6808665109375001 0.688359375 0.69320843125 0.688359375 0.6993910999999999 0.6842343750000001 0.715456675 0.699890625 0.7376814984375 0.7204843750000001 0.740140515625 0.724609375 0.740140515625 0.7312031250000001 0.7302576109375 0.7312031250000001 0.7117330203125001
2 0.718 0.58608899375 0.711546875 0.6061826703125 0.719984375 0.624028103125 0.7438125 0.6084074937499999 0.7502500000000001 0.62255269375 0.7795468750000001 0.6136065578125 0.7909531249999999 0.6195784546875001 0.799390625 0.6173302109375001 0.8142968749999999 0.59128805625 0.8212343750000001 0.5697189703125 0.80784375 0.553348946875 0.787984375 0.5325292734375 0.7790468749999999 0.54517564375 0.78053125 0.5771662765625 0.778546875 0.58386416875 0.76415625 0.5868384078125 0.7482656249999999 0.5905620609375 0.73884375 0.59128805625 0.732890625 0.59128805625 0.718 0.58608899375
2 0.381171875 0.244660421875 0.381171875 0.24290398125 0.38140625 0.240796253125 0.383984375 0.23901639375 0.3625625 0.23302107656249998 0.35339062499999996 0.26901639374999997 0.35550000000000004 0.2683138171875 0.36634375 0.2623185015625 0.37434375000000003 0.2591334890625 0.378578125 0.252435596875 0.381171875 0.244660421875
2 0.2890625 0.5292740046875 0.303125 0.545667446875 0.315625 0.545667446875 0.3203125 0.536299765625 0.3203125 0.526932084375 0.315625 0.517564403125 0.3109375 0.517564403125 0.3140625 0.5058548015625 0.3140625 0.4894613578125 0.3171875 0.48140515156249997 0.3203125 0.4847775171875 0.325 0.4826229515625 0.3296875 0.4941451984375 0.3328125 0.48384075 0.340625 0.4941451984375 0.340625 0.4850585484375 0.3453125 0.4847775171875 0.5745844703125 0.521216271875 0.3765625 0.341920375 0.3765625 0.3302107734375 0.36875 0.30679156875 0.36875 0.2903981265625 0.3640625 0.2810304453125 0.3484375 0.2810304453125 0.34375 0.28805620625 0.34375 0.30210772812500003 0.3484375 0.31615925 0.3515625 0.3395784546875 0.35625 0.346604215625 0.35046875 0.35495706562499996 0.353515625 0.359484778125 0.34625 0.36565183437500004 0.34921875 0.37002341875 0.34203125 0.37634660468750003 0.344921875 0.3805620609375 0.33781249999999996 0.387041375 0.340625 0.391100703125 0.33359375 0.3977361421875 0.336328125 0.40163934375 0.32937500000000003 0.4084309140625 0.33203125 0.4121779859375 0.3248958328125 0.4187353625 0.327734375 0.422716628125 0.3204166671875 0.4290398125 0.3234375 0.43325526875 0.3159375 0.43934426249999997 0.3203125 0.4496487125 0.3114583328125 0.4496487125 0.299652778125 0.468384075 0.3015625 0.4789695546875 0.29375 0.47775175625 0.2935416671875 0.4908665109375 0.29765625 0.49648711875 0.2890625 0.5011709609375 0.293359375 0.5070257609375 0.2890625 0.517564403125 0.2890625 0.5292740046875
2 0.7109375 0.5714285718750001 0.70625 0.562060890625 0.7015625 0.5597189703125001 0.69375 0.5386416859375001 0.684375 0.5386416859375001 0.7040625 0.460772834375 0.7546875 0.3770491796875 0.7734375 0.428571428125 0.78359375 0.43676814999999997 0.78359375 0.4578454328125 0.7734375 0.46370023437499996 0.7796875 0.47775175625 0.78125 0.5011709609375 0.790625 0.5152224828125 0.803125 0.526932084375 0.828125 0.5292740046875 0.8328125 0.5199063234375 0.8328125 0.5105386421875 0.8265625 0.5011709609375 0.825 0.45199063281249996 0.821875 0.43793910937499997 0.8171875 0.428571428125 0.8078125 0.4215456671875 0.8015625 0.4215456671875 0.8015625 0.41451990624999996 0.8078125 0.40281030468749995 0.80625 0.3887587828125 0.803125 0.3840749421875 0.7921875 0.3840749421875 0.7828125 0.39578454375 0.7765625 0.40983606562499997 0.7645833328125 0.3786104609375 0.7703125 0.3676814984375 0.760590278125 0.36820192500000004 0.756597221875 0.35779339062500004 0.76796875 0.352459015625 0.765625 0.337236534375 0.75 0.31615925 0.74461805625 0.326567784375 0.740625 0.31615925 0.7359375 0.32318501093749996 0.7378125 0.327283371875 0.735 0.33840749375 0.7359375 0.3395784546875 0.7321875 0.349531615625 0.7068749999999999 0.4496487125 0.5754403171875 0.5213522921875 0.6765625 0.5374238874999999 0.6796875 0.545667446875 0.68125 0.580796253125 0.6921875 0.5971896953125 0.7015625 0.5971896953125 0.709375 0.58548009375 0.7109375 0.5714285718750001