1 0.261203125 0.67218978125 0.25965625000000003 0.7290510953125 0.294609375 0.7278345500000001 0.337328125 0.7520194640625 0.35440625 0.7350851578125 0.332671875 0.6661557171875 0.3513125 0.5911678828125 0.33654687499999997 0.5633333328125001 0.31325 0.6286617999999999 0.261203125 0.67218978125
0 0.251109375 0.460681265625 0.22945312499999998 0.44270072968749996 0.189046875 0.4292214109375 0.16307812500000002 0.45841849218749997 0.16740625 0.48540145937499996 0.171734375 0.532579075 0.18615625 0.5685401453125001 0.20925 0.5797810218749999 0.2424375 0.5842579078125001 0.26553125 0.552798053125 0.26409375 0.49214111875000005 0.251109375 0.460681265625
0 0.067625 0.3770802921875 0.053703125 0.40476885625000003 0.054484374999999995 0.42644768906249997 0.067625 0.42763990312500005 0.11170312499999999 0.42163017031249994 0.1526875 0.4553527984375 0.163515625 0.4565450125 0.17667187499999998 0.4505352796875 0.188265625 0.40357664218749995 0.18362499999999998 0.35177615625 0.17124999999999999 0.302408759375 0.1233125 0.2795377125 0.07614062499999999 0.292773721875 0.048296875 0.328905109375 0.059890624999999996 0.3409489046875 0.07459375 0.3541849140625 0.067625 0.3770802921875
0 0.04284375 0.45946472031249996 0.02790625 0.4881751828125 0.025281249999999998 0.5168856453124999 0.030546875 0.5209975671875 0.058640625 0.541508515625 0.065671875 0.5633819953125 0.0691875 0.5633819953125 0.075328125 0.5620194640625 0.09903125 0.5565450125 0.11309374999999999 0.5606569343750001 0.12362500000000001 0.5743309 0.13679687499999998 0.5852554750000001 0.15171874999999999 0.5797810218749999 0.165765625 0.570218978125 0.16665625 0.5647445249999999 0.171046875 0.5442335765624999 0.171046875 0.512798053125 0.16753125 0.48953771250000006 0.164015625 0.4786131390625 0.15875 0.46082725 0.14645312500000002 0.4348418484375 0.13328125 0.423917275 0.09815625 0.41024330937500003 0.05689062499999999 0.423917275 0.05689062499999999 0.42527980468750004 0.048984375000000004 0.4307542578125 0.04284375 0.45946472031249996
0 0.255 0.3983211671875 0.24578125 0.448491484375 0.25212500000000004 0.44669099687499997 0.2665 0.4440145984375 0.283765625 0.44669099687499997 0.305640625 0.4538686125 0.328078125 0.4718004859375 0.33785937499999996 0.45744525625000004 0.345921875 0.4314598546875 0.34534375 0.397420925 0.33785937499999996 0.3633576640625 0.329234375 0.344549878125 0.30965625 0.331995134375 0.288375 0.32931873437500003 0.272265625 0.331119221875 0.251546875 0.3481265203125 0.2498125 0.3481265203125 0.255578125 0.36605839375000004 0.255 0.3983211671875
0 0.40660937500000005 0.6129440390625 0.40954687500000003 0.6167396593750001 0.41395312500000003 0.6129440390625 0.421296875 0.595401459375 0.427171875 0.5725304140625 0.4261875 0.555012165625 0.424234375 0.5374939171875 0.42178125 0.5184184921874999 0.417375 0.49328467187499997 0.40759375000000003 0.4772749390625 0.393390625 0.4650851578125 0.359140625 0.4589781015625 0.34346875 0.465839415625 0.331734375 0.48338199531250003 0.334671875 0.491751825 0.345921875 0.52605839375 0.35228125 0.56873479375 0.35521875 0.579391728125 0.372359375 0.5877858875 0.390953125 0.5931143546875 0.3973125 0.5992214109375 0.40660937500000005 0.6129440390625
0 0.24987499999999999 0.34654501249999997 0.23939062500000002 0.31265206874999996 0.216828125 0.3000973234375 0.19021875 0.30260340625 0.17490624999999999 0.31515815156250004 0.1789375 0.34153284687499996 0.187796875 0.39299270000000003 0.19103125 0.42060827187500005 0.204734375 0.4331630171875 0.240203125 0.44822384375 0.24906250000000002 0.4356691 0.24906250000000002 0.45450121718750003 0.255515625 0.39299270000000003 0.24987499999999999 0.34654501249999997
0 0.10246875 0.8756204375 0.11071875 0.9253284671875001 0.1313125 0.9381751828124999 0.172515625 0.9509975671875001 0.201359375 0.9670316296875001 0.21990625000000003 0.970243309375 0.23740624999999999 0.9012895375 0.24153125000000003 0.8836253046874999 0.2384375 0.8371289531249999 0.2168125 0.748905109375 0.18796875 0.7120194640624999 0.16325 0.702384428125 0.140578125 0.69917275 0.11278125000000001 0.702384428125 0.090109375 0.7264476890625 0.07671875 0.7713625296875 0.089078125 0.8162773718749999 0.10246875 0.8756204375
0 0.489609375 0.6049391734375 0.528921875 0.6083941609375 0.545984375 0.6188077859375001 0.55859375 0.606082725 0.5496875 0.5460340625 0.5274375 0.5009732359375 0.48515625 0.4928953765625 0.46067187499999995 0.5113625296875 0.44954687499999996 0.5333090031250001 0.45028125 0.5645012171875 0.48070312499999995 0.5899270078125001 0.489609375 0.6049391734375
3 0.333359375 0.9460583937499999 0.35934374999999996 0.9775182484375 0.3694375 0.952798053125 0.37809375 0.9101216546875 0.37809375 0.8584184921875 0.356453125 0.8045012171874999 0.342015625 0.7685401453125 0.307390625 0.7348418484375 0.269859375 0.7325790750000001 0.23090625 0.74605839375 0.21935937499999997 0.779781021875 0.228015625 0.8045012171874999 0.23810937499999998 0.8404379562500001 0.24676562500000002 0.8831386859375 0.236671875 0.9483211671875 0.3030625 0.928077859375 0.32037499999999997 0.9325790749999999 0.333359375 0.9460583937499999
3 0.0808125 0.6561800484375 0.079375 0.7101216546875 0.08803125 0.71909975625 0.134203125 0.7168613140625 0.1760625 0.7685401453125 0.22223437499999998 0.7842579078125 0.23090625 0.7370802921874999 0.220796875 0.6561800484375 0.196265625 0.593260340625 0.12987500000000002 0.5730413624999999 0.06639062500000001 0.5887591234375 0.06493750000000001 0.5954987828125 0.06493750000000001 0.6157420921875 0.0808125 0.6561800484375
0 0.266890625 0.5532360093750001 0.26187499999999997 0.5636253046874999 0.26354687499999996 0.5792214109375 0.28690625000000003 0.5844038921875 0.31359375 0.58961070625 0.34028125 0.5922141125 0.361953125 0.5922141125 0.361953125 0.58961070625 0.361953125 0.558442821875 0.351953125 0.5220681265625 0.3319375 0.4675425796875 0.2885625 0.44155717812499995 0.266890625 0.44676399062499994 0.25187499999999996 0.457153284375 0.256875 0.4727250609375 0.256875 0.4753284671875 0.26187499999999997 0.5246715328125 0.266890625 0.5532360093750001
0 0.45703125 0.542846715625 0.512078125 0.49610705624999996 0.5270937499999999 0.49090024374999996 0.5270937499999999 0.457153284375 0.523765625 0.4207785890625 0.51375 0.39739659375 0.48873437500000005 0.38440389218750004 0.460375 0.38440389218750004 0.423671875 0.4311678828125 0.423671875 0.5012895375 0.423671875 0.50909975625 0.45703125 0.542846715625
0 0 0.9990267640624999 0.087 0.955888078125 0.113546875 0.8390510953125 0.075453125 0.7257907546875 0.00503125 0.6574695859374999 0 0.7653284671875 0 0.9990267640624999
0 0.4984375 1 0.4984375 0.9708029203124999 0.490625 0.9416058390625001 0.48125 0.9270073 0.453125 0.9051094890625 0.40625 0.9075425796875001 0.3890625 0.9221411187499999 0.375 0.9221411187499999 0.36875 0.9270073 0.2515625 0.9270073 0.240625 0.9367396593749999 0.2296875 0.9367396593749999 0.21875 0.9708029203124999 0.2 0.9683698296875001 0.1671875 0.9513382 0.165625 0.9489051093749999 0.2078125 0.7396593671875 0.2171875 0.7396593671875 0.225 0.7274939171875 0.23125 0.708029196875 0.2328125 0.6763990265625 0.2296875 0.647201946875 0.234375 0.6253041359375 0.234375 0.605839415625 0.2296875 0.58394160625 0.2078125 0.581508515625 0.1890625 0.57177615625 0.178125 0.5523114359375 0.1703125 0.554744525 0.1625 0.5742092453125001 0.146875 0.58394160625 0.134375 0.58394160625 0.13125 0.5936739656250001 0.1265625 0.6545012171875 0.1265625 0.6836982968750001 0.13125 0.7007299265625 0.125725446875 0.7063781734375 0.127287946875 0.71141814375 0.12176339218750001 0.716892596875 0.12332589218750001 0.722106359375 0.11780133906250001 0.7274070218750001 0.1193638390625 0.7327945765625 0.11383928593749999 0.7379214453125 0.11540178593749999 0.7434827953124999 0.1114397328125 0.7541710125 0.105915178125 0.75895029375 0.107477678125 0.764859228125 0.101953125 0.7694647203125 0.103515625 0.7755474453125 0.097991071875 0.7799791453125 0.099553571875 0.7862356625 0.0940290171875 0.79049356875 0.0955915171875 0.796923878125 0.0900669640625 0.8010079953125 0.0916294640625 0.8076120953125001 0.0861049109375 0.8115224187500001 0.0876674109375 0.8183003140625 0.0821428578125 0.82203684375 0.0837053578125 0.8289885296874999 0.078180803125 0.8325512671874999 0.079743303125 0.8396767468749999 0.07421875 0.8430656937500001 0.07578125 0.8503649640625 0.070256696875 0.8535801187500001 0.071819196875 0.8610531796875 0.0662946421875 0.8640945421874999 0.0678571421875 0.871741396875 0.0623325890625 0.8746089687499999 0.022712053125 0.9797532140625 0.024274553125 0.9893117828125 0.01875 0.9902676406250001 0.0203125 1 0.4984375 1