1 0.40587999999999996 0.3197333328125 0.39176 0.3197333328125 0.38117999999999996 0.3197333328125 0.38294 0.3361866671875 0.38294 0.36208 0.4147 0.39032 0.43411999999999995 0.4091466671875 0.42352 0.45149333281250004 0.43235999999999997 0.47736 0.43764000000000003 0.49149333281249996 0.4553 0.5032533328125 0.46764 0.49856 0.47294 0.4797333328125 0.4747 0.4397333328125 0.4553 0.40208000000000005 0.42706 0.3267733328125 0.43411999999999995 0.35032 0.43057999999999996 0.3432533328125 0.40587999999999996 0.3197333328125
1 0.36928 0.6073333328125 0.35960000000000003 0.4332 0.44184 0.4568266671875 0.44184 0.4073866671875 0.38056 0.3364266671875 0.46764 0.30848 0.47248 0.2547466671875 0.52084 0.19453333281250001 0.48697999999999997 0.13648 0.39992 0.0999466671875 0.28382 0.0548 0.22092 0.06767999999999999 0.18222 0.2676266671875 0.2048 0.5363733328125 0.25962 0.60088 0.36928 0.6073333328125
1 0.74754 0.34344 0.7595799999999999 0.33104 0.7552 0.3164533328125 0.73932 0.31352 0.7289399999999999 0.30112 0.72018 0.2850933328125 0.6961 0.2705066671875 0.66548 0.2668533328125 0.6370199999999999 0.2668533328125 0.62226 0.2850933328125 0.62226 0.29968 0.62608 0.2982133328125 0.65618 0.29968 0.6829799999999999 0.3230133328125 0.7169 0.3376 0.74754 0.34344
1 0.17528 0.30112 0.18202000000000002 0.2831466671875 0.18202000000000002 0.2472 0.18202000000000002 0.1707733328125 0.15674 0.09888 0.09776 0 0.0016799999999999999 0.00224 0 0.020213332812500002 0.01012 0.0404533328125 0.0573 0.09888 0.08932 0.1685333328125 0.13988 0.2809066671875 0.13313999999999998 0.2629333328125 0.15674 0.29888 0.17528 0.30112
1 0.07752 0.4265866671875 0.09944 0.44455999999999996 0.19044 0.3996266671875 0.19044 0.36368 0.15338000000000002 0.3277066671875 0.09437999999999999 0.24232 0.00506 0.1029866671875 0 0.26256 0.04214 0.3771466671875 0.07752 0.4265866671875
1 0 0.6001333328125 0.00054 0.73128 0.02272 0.69024 0.03736 0.66536 0.04392 0.6525866671875 0.04088 0.5826399999999999 0.025240000000000002 0.4784 0.01668 0.42864 0.00104 0.43064 0 0.43872 0 0.4985866671875 0 0.6001333328125
1 0.629 0 0.62422 0.0236533328125 0.63618 0.055546667187499996 0.64018 0.08424000000000001 0.65134 0.09064 0.6656799999999999 0.0885066671875 0.67604 0.1118933328125 0.69916 0.1374133328125 0.7238800000000001 0.13952 0.7358399999999999 0.12146666718750002 0.75578 0.15016000000000002 0.78526 0.1405866671875 0.7884599999999999 0.12464 0.8227399999999999 0.1193333328125 0.8362999999999999 0.1076266671875 0.8634000000000001 0.0672533328125 0.85462 0.0364266671875 0.8331 0.0257866671875 0.81716 0.01304 0.81318 0 0.629 0
1 0.83198 0.0284533328125 0.85422 0.05661333281249999 0.8531000000000001 0.0758933328125 0.8397600000000001 0.10554666718750001 0.8242 0.1203733328125 0.79528 0.1233333328125 0.82086 0.1529866671875 0.8453200000000001 0.18856 0.9053800000000001 0.21229333281249999 0.9353999999999999 0.20488 0.93094 0.1693066671875 0.9632 0.1900533328125 0.99656 0.1959733328125 1 0.0062133328125 0.8197599999999999 0 0.83198 0.0284533328125
1 0.60192 0.3767733328125 0.62344 0.3576533328125 0.6043000000000001 0.3119466671875 0.58996 0.3204533328125 0.58596 0.3395733328125 0.60192 0.3767733328125
1 0.487 0.15784 0.47836 0.1739733328125 0.47404 0.19589333281250002 0.47836 0.2293066671875 0.45416 0.24658666718750002 0.45762 0.2685066671875 0.4749 0.30768 0.45416 0.3169066671875 0.4265 0.3261333328125 0.42996 0.3341866671875 0.4507 0.3687733328125 0.47576 0.4252533328125 0.48613999999999996 0.46904 0.47922000000000003 0.5117066671875 0.50862 0.48978666718749997 0.52678 0.4782666671875 0.54924 0.48749333281249996 0.57172 0.48173333281249997 0.58902 0.45176 0.59938 0.4275466671875 0.60198 0.3918133328125 0.61148 0.34687999999999997 0.61236 0.3226666671875 0.621 0.2915466671875 0.6227199999999999 0.26504 0.6184000000000001 0.25466666718750003 0.60802 0.24544000000000002 0.5968 0.23162666718749997 0.60024 0.22583999999999999 0.6184000000000001 0.22469333281249998 0.63828 0.21664 0.6426000000000001 0.2005066671875 0.6426000000000001 0.1832 0.63224 0.1739733328125 0.61148 0.1693866671875 0.58556 0.1682133328125 0.55962 0.1785866671875 0.53628 0.19704 0.5285 0.22583999999999999 0.52244 0.1993333328125 0.50862 0.17629333281249998 0.487 0.15784
1 0.6409 0.1246666671875 0.63506 0.1532533328125 0.6233799999999999 0.1688266671875 0.61558 0.17402666718749998 0.56494 0.1688266671875 0.51818 0.1688266671875 0.4948 0.15845333281250001 0.39740000000000003 0.1013066671875 0.31558 0.0649333328125 0.24935999999999997 0.0597333328125 0.21624 0.08832 0.22012 0.10389333281249999 0.22012 0.11168 0.21234000000000003 0.1480533328125 0.20481379375 0.1654675859375 0.19286 0.17143999999999998 0.1961627578125 0.1587255171875 0.18701 0.15845333281250001 0.1875117234375 0.1519834484375 0.18116000000000002 0.1454666671875 0.16155862031249998 0.1317572421875 0.17338 0.12208000000000001 0.12078 0.0129866671875 0.02673818125 0.0108703046875 0.02314206875 0.0238841390625 0.016289090625 0.0106351515625 0.014491034375 0.01714206875 0.00584 0.0104 0.00584 0.7142933328125001 0.02532 0.71688 0.03702 0.6753333328125 0.05454 0.6623466671875 0.08766 0.68832 0.17142 0.7090933328125 0.23765999999999998 0.68312 0.2591 0.68312 0.28246000000000004 0.66752 0.2961 0.6519466671874999 0.31168 0.6052 0.33506 0.6052 0.37792 0.6 0.44610000000000005 0.5636266671875 0.43052 0.5402666671875 0.43246 0.52728 0.47922000000000003 0.5065066671875 0.52598 0.52728 0.5279200000000001 0.5038933328125 0.53766 0.49090666718750003 0.56884 0.5013066671875 0.58636 0.49090666718750003 0.5941103437499999 0.468860690625 0.6027613796875 0.4756027578125 0.6 0.4857066671875 0.6114124140625 0.4823448265625 0.61071 0.48830666718750004 0.6200634484374999 0.48908689531249994 0.6287144812500001 0.495828965625 0.62727 0.5052 0.63312 0.5194933328125 0.63736551875 0.5025710343750001 0.6633186203125 0.5227972421875 0.6662399999999999 0.53248 0.64676 0.53248 0.60612 0.6686666671875 0.5846 0.6590933328124999 0.5631 0.6686666671875 0.53084 0.7140799999999999 0.506933334375 0.7602844453125 0.513145334375 0.7712764453125 0.500956665625 0.7718355546875 0.504062665625 0.7773315546874999 0.49498 0.7833866671874999 0.49139999999999995 0.8192533328125 0.49498 0.8216266671874999 0.49882666562500005 0.8286888875 0.5057400000000001 0.8263999999999999 0.506253334375 0.8381244453125 0.58052 0.93248 0.55324 0.9870133328125 0.77532 0.9818133328125 0.77532 0.95584 0.72662 0.93248 0.72622 0.8311999999999999 0.77642 0.8359733328125 0.8140599999999999 0.8311999999999999 0.82302 0.8120799999999999 0.83198 0.7666666671875 0.83916 0.7547200000000001 0.8355600000000001 0.7427466671875 0.8015000000000001 0.7260266671875 0.72622 0.69736 0.7065 0.71168 0.6814 0.7140799999999999 0.6616799999999999 0.7069066671875001 0.641373334375 0.69416 0.6403026656249999 0.6865048875 0.749294665625 0.6138435546875 0.757886665625 0.612097778125 0.7567 0.6423733328125001 0.78538 0.6519466671874999 0.79254 0.6280266671875 0.78538 0.6017333328125 0.77104 0.5921866671875 0.76746 0.6017333328125 0.758377334375 0.6077884453125 0.75848 0.5969599999999999 0.680620690625 0.536281378125 0.679226665625 0.5307466671875 0.7051999999999999 0.52728 0.72468 0.5116799999999999 0.76754 0.5116799999999999 0.78896 0.5013066671875 0.79286 0.48832000000000003 0.79286 0.48312 0.8123400000000001 0.46493333281250004 0.82402 0.46493333281250004 0.8337600000000001 0.47533333281249995 0.8922000000000001 0.4701333328125 0.91754 0.4545333328125 0.9331200000000001 0.4104 0.9331200000000001 0.3376533328125 0.9409000000000001 0.3194933328125 0.99936 0.3013066671875 1 0.0025866671875 0.65064 0.0025866671875 0.63116 0.0181866671875 0.62532 0.03376 0.6409 0.0986933328125 0.6409 0.1246666671875