1 0.7681458328125 0.9088906250000001 0.7462916671875 0.9018593750000001 0.7088125 0.8503437500000001 0.6776041671875 0.81521875 0.6557291671875001 0.7730625 0.627625 0.754328125 0.6088958328125 0.7262187499999999 0.5901666671875 0.7051406250000001 0.5901666671875 0.677046875 0.5839166671875 0.630203125 0.6057708328125 0.564625 0.627625 0.5295 0.5651875000000001 0.5341875 0.5339583328125 0.5341875 0.4996041671875 0.5248125 0.480875 0.543546875 0.45902083281249995 0.5740000000000001 0.468375 0.6184999999999999 0.468375 0.65128125 0.468375 0.68640625 0.468375 0.709828125 0.45589583281249996 0.747296875 0.4465208328125 0.7730625 0.45277083281249997 0.796484375 0.468375 0.812875 0.49024999999999996 0.8480000000000001 0.5121041671875 0.8784531250000001 0.7181875 0.9369999999999999 0.7306874999999999 0.93465625 0.7462916671875 0.9323124999999999 0.7681458328125 0.9088906250000001
1 0.5877708328125 0.65803125 0.600125 0.704375 0.651625 0.778546875 0.6763541671875 0.8094531249999999 0.7051875 0.832625 0.7834791671875 0.88825 0.9256249999999999 0.9284218750000001 0.9730208328125001 0.919140625 0.9936041671875 0.8820625 0.9544791671875 0.832625 0.9936041671875 0.848078125 0.9977291671874999 0.831078125 1 0.7321875 0.9977291671874999 0.7275625 0.8246874999999999 0.650296875 0.719625 0.5776875 0.6495833328125 0.5344218749999999 0.6125 0.55296875 0.600125 0.586953125 0.5877708328125 0.65803125
3 0.47037500000000004 0.485609375 0.4961875 0.5230937499999999 0.5348958328125 0.535203125 0.5993958328125 0.53278125 0.6461666671875 0.5134218749999999 0.6768125 0.47834374999999996 0.6913125 0.45295312499999996 0.684875 0.40940624999999997 0.6461666671875 0.37553125 0.6155208328125 0.362234375 0.5800416671875 0.358609375 0.5510208328124999 0.358609375 0.5268125 0.362234375 0.5042500000000001 0.37190625 0.49779166718749995 0.37675000000000003 0.46714583281250005 0.39246875000000003 0.4639166671875 0.42634375 0.4558541671875 0.45295312499999996 0.47037500000000004 0.485609375
3 0.7265208328125 0.48181250000000003 0.7554166671875 0.483015625 0.7875208328125 0.48421875 0.8260416671874999 0.493859375 0.8565416671875001 0.49746875 0.869375 0.49265625 0.9063125 0.463765625 0.9223541671875 0.42884374999999997 0.9143333328125 0.38670312500000004 0.9014791671875001 0.365046875 0.8838333328125 0.346984375 0.850125 0.33132812500000003 0.8196249999999999 0.326515625 0.7618333328125 0.3253125 0.7329375 0.344578125 0.6992291671875 0.37106249999999996 0.6863958328125 0.397546875 0.6912083328125 0.44690624999999995 0.7008333328125 0.470984375 0.7265208328125 0.48181250000000003
3 0.7400416671875 0.342140625 0.7400416671875 0.32340625 0.7275625 0.274234375 0.6932083328124999 0.25315625 0.640125 0.225046875 0.5932916671874999 0.220359375 0.5277083328125001 0.24378125 0.4996041671875 0.29296875 0.5121041671875 0.353859375 0.5308333328125 0.360875 0.5932916671874999 0.358546875 0.6744791671875 0.393671875 0.6932083328124999 0.379625 0.7400416671875 0.342140625
3 0.3427083328125 0.4018125 0.398 0.405578125 0.4268958328125 0.425375 0.469625 0.415953125 0.4884791671875 0.385796875 0.5136041671875 0.36128125 0.4972708328125 0.322640625 0.48343749999999996 0.3075625 0.4382083328125 0.297203125 0.4143333328125 0.291546875 0.38166666718750003 0.297203125 0.3791458328125 0.29909375 0.3464791671875 0.320765625 0.3351666671875 0.33490625 0.3301458328125 0.350921875 0.3427083328125 0.4018125
3 0.349875 0.489921875 0.41116666718749995 0.5289531249999999 0.44006249999999997 0.5575625 0.4631875 0.54109375 0.47360416718750004 0.504671875 0.45856250000000004 0.451765625 0.4366041671875 0.42834374999999997 0.3938125 0.40493750000000006 0.3198125 0.40232812500000004 0.27356250000000004 0.42575 0.2458125 0.451765625 0.2446458328125 0.452625 0.2562083328125 0.455234375 0.349875 0.489921875
3 0.2556666671875 0.44457812499999994 0.2763333328125 0.422765625 0.3267083328125 0.400484375 0.3441458328125 0.401453125 0.33768750000000003 0.37578125 0.33058333281249996 0.357859375 0.300875 0.33653125 0.2782708328125 0.32878124999999997 0.2362708328125 0.32878124999999997 0.21172916718749998 0.333140625 0.1923541671875 0.34525 0.2001041671875 0.360765625 0.1904166671875 0.384015625 0.1775 0.401453125 0.1684583328125 0.41453125 0.1639375 0.41646875000000005 0.1820208328125 0.44506249999999997 0.21172916718749998 0.45475000000000004 0.2401458328125 0.45571875000000006 0.2556666671875 0.44457812499999994
3 0 0.48706250000000006 0.08156250000000001 0.46353125000000006 0.15372916718750002 0.458828125 0.2007916671875 0.45646875 0.1725416671875 0.442359375 0.1662708328125 0.404703125 0.1851041671875 0.38353125 0.1882291671875 0.34587500000000004 0.1756875 0.317640625 0.1443125 0.291765625 0.1223541671875 0.277640625 0.0847083328125 0.277640625 0.040791667187500005 0.28940625 0.0031458328125 0.32 0 0.36706249999999996 0 0.48706250000000006
0 0.2936041671875 0.7069375 0.2958541671875 0.717609375 0.3138333328125 0.7274375 0.33068749999999997 0.7364375 0.35989583281250004 0.7440156250000001 0.3711458328125 0.744578125 0.3984791671875 0.73728125 0.4100833328125 0.73221875 0.4295625 0.706375 0.43181250000000004 0.6875625000000001 0.43556249999999996 0.6737968750000001 0.41870833281250003 0.647109375 0.3954791671875 0.62771875 0.3745208328125 0.626046875 0.3546666671875 0.625484375 0.3213333328125 0.63728125 0.2969791671875 0.6591875 0.288375 0.6782812500000001 0.2936041671875 0.7069375
0 0.3393333328125 0.7826562499999999 0.375375 0.755625 0.4204166671875 0.7150937500000001 0.42641666718750004 0.672296875 0.3993958328125 0.63175 0.375375 0.602484375 0.3243333328125 0.575453125 0.2912916671875 0.5709531250000001 0.2702708328125 0.5709531250000001 0.2612708328125 0.5709531250000001 0.23122916718750003 0.552921875 0.2222291671875 0.512390625 0.1561458328125 0.489859375 0.0840833328125 0.541671875 0.0750833328125 0.5664374999999999 0.0330416671875 0.53715625 0.003 0.541671875 0.003 0.8254531249999999 0.051041667187499994 0.829953125 0.0690625 0.829953125 0.1081041671875 0.823203125 0.1861875 0.8614843750000001 0.2792708328125 0.865984375 0.2972916671875 0.820953125 0.3393333328125 0.7826562499999999
1 0.6718541671875 0.540265625 0.6891875 0.55325 0.7238125 0.57403125 0.8173125000000001 0.6155781250000001 0.9904791671875 0.698703125 1 0.568828125 0.7861458328125 0.477921875 0.741125 0.483109375 0.6891875 0.49610937499999996 0.7030208328125 0.498703125 0.6683958328124999 0.5065000000000001 0.6718541671875 0.540265625