0 0.790453125 0.33258333281249997 0.82415625 0.2853958328125 0.82415625 0.26516666718750004 0.785390625 0.2404583328125 0.632015625 0.2045 0.6016874999999999 0.2045 0.583140625 0.2112291671875 0.561234375 0.2202291671875 0.539328125 0.2404583328125 0.52753125 0.2696666671875 0.52753125 0.301125 0.532578125 0.3280833328125 0.537640625 0.36854166718750003 0.566296875 0.4089791671875 0.638765625 0.40675 0.6859531249999999 0.4202291671875 0.7045 0.4426875 0.7601093750000001 0.39325 0.790453125 0.33258333281249997
0 0.67096875 0.7285833328125 0.7466406250000001 0.7106458328125 0.820625 0.6523541671875 0.8408125 0.6187291671875 0.857625 0.5447291671875 0.72309375 0.4483125 0.70459375 0.4460833328125 0.681046875 0.4258958328125 0.63228125 0.40347916718750004 0.5852031249999999 0.4146875 0.5700624999999999 0.41243749999999996 0.51625 0.40347916718750004 0.48934375 0.46402083281250006 0.502796875 0.5940624999999999 0.5246562499999999 0.6321666671874999 0.67096875 0.7285833328125
0 0.3251875 0.1739583328125 0.35545312500000004 0.211625 0.42960937499999996 0.2385208328125 0.50678125 0.2284375 0.55771875 0.16924999999999998 0.589 0.0993125 0.566796875 0.062333332812499996 0.542078125 0.0482083328125 0.50728125 0.0482083328125 0.44625000000000004 0.0482083328125 0.41346875 0.062333332812499996 0.36403125 0.0946041671875 0.327203125 0.135625 0.3251875 0.1739583328125
0 0.17021875 0 0.15337499999999998 0.013479167187499998 0.12303125 0.0471875 0.11460937499999999 0.0606666671875 0.1045 0.0831458328125 0.0960625 0.11235416718749999 0.12640625 0.15731250000000002 0.17528125 0.1752708328125 0.23932812499999997 0.1797708328125 0.27640625 0.1662916671875 0.3016875 0.1505625 0.33034375 0.1280833328125 0.3539375 0.10787500000000001 0.37584375 0.07416666718750001 0.384265625 0.05841666718750001 0.384265625 0.006750000000000001 0.27640625 0.006750000000000001 0.183703125 0 0.17021875 0
0 0.016859375 0.50525 0.06742187499999999 0.50525 0.092703125 0.4647916671875 0.12640625 0.4805208328125 0.156734375 0.46254166718749995 0.207296875 0.3793958328125 0.237640625 0.29175 0.22921874999999997 0.22883333281249998 0.190453125 0.1816458328125 0.12640625 0.1614166671875 0.0471875 0.1838958328125 0.0016875000000000002 0.392875 0 0.47602083281249996 0.016859375 0.50525
0 0.02021875 0.60225 0.035390624999999995 0.6763958328124999 0.055625 0.7123541671875 0.09775 0.7617916671875 0.156734375 0.7752708328125 0.2561875 0.7617916671875 0.364046875 0.6561874999999999 0.37584375 0.5842708328125 0.11965624999999999 0.47864583281249995 0.094375 0.47416666718749995 0.057296875000000004 0.5123541671875 0.02021875 0.60225
0 0.660671875 0.9662916671874999 0.758421875 0.9775208328125 0.7870781250000001 0.9573124999999999 0.839328125 0.8539375 0.8460625 0.8179791671875 0.817421875 0.79775 0.71965625 0.7415833328125 0.637078125 0.701125 0.5545 0.6584166671875 0.48707812500000003 0.6045 0.39437500000000003 0.5483125 0.384265625 0.5662916671875 0.36067187500000003 0.6606666671875 0.35562499999999997 0.7191041671875 0.385953125 0.8134791671875 0.456734375 0.8539375 0.49887499999999996 0.907875 0.5561875 0.9011250000000001 0.660671875 0.9662916671874999
0 0.20224999999999999 0.5123541671875 0.22584374999999998 0.5236041671875 0.37753125 0.5752708328125 0.39775 0.5483125 0.436515625 0.5685416671875 0.49381250000000004 0.5123541671875 0.49381250000000004 0.45618749999999997 0.52584375 0.40675 0.5443749999999999 0.4112291671875 0.542703125 0.3842708328125 0.4955 0.2719166671875 0.27809375 0.2516875 0.23932812499999997 0.2898958328125 0.23595312499999999 0.2786458328125 0.207296875 0.3550625 0.20224999999999999 0.5123541671875
0 0.63565625 0 0.63228125 0.0058333328125 0.657515625 0.0484375 0.783625 0.0596458328125 0.84753125 0.0417083328125 0.86434375 0.0058333328125 0.86434375 0 0.63565625 0
0 0.50503125 0.9019791671874999 0.442953125 0.8550000000000001 0.40604687500000003 0.8885624999999999 0.367453125 0.9333125000000001 0.33725 0.9937083328125 0.704703125 1 0.60403125 0.9467291671875 0.50503125 0.9019791671874999
0 0.0116875 0.9818125 0.27078125000000003 0.9870208328125001 0.28246875 0.9558541671875 0.001953125 0.8207708328125 0.001953125 0.9818125 0.0116875 0.9818125
0 0.849609375 0.0898541671875 0.787109375 0.0768333328125 0.740234375 0.0612083328125 0.689453125 0.0586041671875 0.650390625 0.0742291671875 0.6171875 0.0976666671875 0.59765625 0.1471458328125 0.599609375 0.1940208328125 0.615234375 0.2044375 0.671875 0.21225 0.720703125 0.227875 0.763671875 0.2226666671875 0.810546875 0.20183333281250002 0.8671875 0.165375 0.880859375 0.1289166671875 0.849609375 0.0898541671875
0 0.41775 0 0.4605 0.0456041671875 0.555703125 0.0507708328125 0.58290625 0.0559583328125 0.5945625 0 0.41775 0