3 0.13090625 0.5609375 0.13865624999999998 0.5477916671874999 0.142171875 0.5327916671875 0.142171875 0.5215208328125 0.13303125 0.5074583328125 0.12528125 0.5018125 0.11684375 0.4961875 0.09290625 0.5018125 0.085875 0.5140208328125 0.0886875 0.5252708328125 0.09714062500000001 0.5590625 0.105578125 0.561875 0.123875 0.5628124999999999 0.13090625 0.5609375
3 0.151390625 0.5733958328125001 0.17690625 0.5840208328125 0.179296875 0.5840208328125 0.193640625 0.5733958328125001 0.18328125 0.5319375 0.174515625 0.5255625 0.16415625 0.5276875000000001 0.146609375 0.5383125 0.14103125 0.5447083328125 0.1330625 0.5744583328124999 0.135453125 0.5723333328125 0.145015625 0.5733958328125001 0.151390625 0.5733958328125001
3 0.17181249999999998 0.6300208328125 0.17628125 0.6342916671875 0.178515625 0.6445000000000001 0.18075000000000002 0.6508958328125 0.18234375 0.6462083328125 0.1868125 0.642375 0.196078125 0.6372708328125001 0.20375000000000001 0.6338541671875 0.2098125 0.6334375 0.210453125 0.6283125 0.212359375 0.6168333328125 0.212359375 0.6032083328125 0.20821874999999998 0.5959583328125 0.198953125 0.5882916671875 0.18842187500000002 0.5853125 0.1746875 0.5882916671875 0.16924999999999998 0.5938333328125001 0.16318749999999999 0.603625 0.15840625 0.6159791671875 0.160640625 0.6232083328125 0.16159375 0.6236458328125 0.1660625 0.6257708328125 0.17181249999999998 0.6300208328125
3 0.479609375 0.5898958328125 0.477375 0.60225 0.46810937499999994 0.6133124999999999 0.46875 0.620125 0.47321875 0.6252291671875 0.47673437500000004 0.6311875 0.48089062499999996 0.6384375 0.486640625 0.6384375 0.49301562499999996 0.6384375 0.49653125 0.6333333328124999 0.5016406250000001 0.6265208328125 0.5070781249999999 0.6235208328125 0.514734375 0.6213958328125 0.51665625 0.6167083328125 0.520484375 0.6069166671875 0.520796875 0.5954375 0.51696875 0.5852083328125001 0.514734375 0.5775416671875 0.5038750000000001 0.5737083328125 0.49653125 0.5703125 0.4891875 0.5686041671875001 0.48089062499999996 0.5762708328125 0.48025 0.575 0.479609375 0.581375 0.479609375 0.5898958328125
3 0.33004687499999996 0.6026458328125 0.319875 0.5794166671875 0.314078125 0.5619791671875001 0.31842187499999997 0.5465 0.30874999999999997 0.5477916671874999 0.2951875 0.5477916671874999 0.2879375 0.5593958328124999 0.282609375 0.5736041671875001 0.282125 0.5910208328125 0.2879375 0.5948958328125 0.31165625 0.61425 0.3179375 0.618125 0.325203125 0.6123125 0.33004687499999996 0.6026458328125
3 0.5845 0.5823750000000001 0.581078125 0.5960833328125 0.5799218749999999 0.6113333328125 0.58221875 0.6288541671875 0.59021875 0.6387708328125 0.597078125 0.6349583328125 0.624515625 0.63725 0.63709375 0.6265833328125 0.635375 0.5922708328125 0.616515625 0.5709375 0.6159375 0.5717083328125 0.5999375 0.5701875000000001 0.5845 0.5823750000000001
3 0.71703125 0.5899375 0.722703125 0.590375 0.727359375 0.5806250000000001 0.740671875 0.5810625 0.75165625 0.5815 0.7543124999999999 0.5730833328125 0.749328125 0.5544374999999999 0.741 0.5437708328124999 0.721703125 0.5397916671874999 0.712375 0.5517708328125 0.7090468750000001 0.5668541671875 0.712703125 0.5797291671875 0.71703125 0.5899375
3 0.707953125 0.5652083328125 0.702984375 0.5536041671875 0.6955312499999999 0.5445 0.68621875 0.5420208328125 0.676890625 0.5469791671875 0.668828125 0.5544374999999999 0.6601250000000001 0.5660416671874999 0.6595 0.58675 0.6613749999999999 0.5974999999999999 0.671921875 0.6074583328125 0.680625 0.6082708328125 0.692421875 0.5966875 0.703609375 0.5875625 0.7110624999999999 0.58675 0.7116875 0.580125 0.707953125 0.5652083328125
3 0.609296875 0.5055833328125 0.6123125 0.5091041671875 0.620609375 0.5171458328125 0.62703125 0.5246875 0.635703125 0.5261875 0.644 0.514625 0.648890625 0.5020625 0.65040625 0.492 0.648140625 0.4804375 0.642109375 0.468875 0.631921875 0.4618333328125 0.615328125 0.4643333328125 0.609296875 0.47489583281250003 0.609296875 0.4799375 0.6104375 0.4925 0.609296875 0.5055833328125
3 0.306015625 0.3756666671875 0.280328125 0.3698125 0.2700625 0.3688333328125 0.256125 0.3815416671875 0.25025 0.42262500000000003 0.25392187499999996 0.4333958328125 0.2759375 0.4461041671875 0.278875 0.4431666671875 0.295734375 0.4363125 0.307484375 0.4216458328125 0.30821875 0.40208333281249997 0.306015625 0.3756666671875
3 0.5911562499999999 0.6735625 0.5913906250000001 0.6735625 0.607421875 0.6659375 0.625046875 0.6689791671875 0.6358125 0.6772291671875 0.636265625 0.67875 0.64221875 0.6619583328124999 0.64015625 0.6442708328125 0.634203125 0.6363333328125 0.631 0.6341875 0.620703125 0.6375416671874999 0.598953125 0.6332708328125001 0.5909375 0.6454791671875 0.5879531250000001 0.6583125 0.589328125 0.6708125 0.5911562499999999 0.6735625
3 0.3944375 0.6040833328125 0.3913125 0.6175625 0.403515625 0.6234375 0.419328125 0.6331249999999999 0.42296875 0.6393541671875 0.424265625 0.6275833328125 0.430484375 0.6189375 0.431515625 0.6127291671874999 0.43099999999999994 0.6047708328125 0.426078125 0.5937083328125 0.42062499999999997 0.5898958328125 0.40895312500000003 0.5902499999999999 0.40765624999999994 0.5898958328125 0.39884375 0.5919791671875 0.3944375 0.6040833328125
2 0.77921875 0.2819375 0.7840625 0.2742083328125 0.7772812499999999 0.26129166718749997 0.76034375 0.2406458328125 0.7463124999999999 0.2251458328125 0.7385625 0.2128958328125 0.7313125 0.20579166718750003 0.7255 0.2064375 0.7225937499999999 0.2096666671875 0.7225937499999999 0.21612499999999998 0.723078125 0.2245 0.73275 0.2393541671875 0.749703125 0.25935416718750004 0.7642187500000001 0.27549999999999997 0.77921875 0.2819375
2 0.503734375 0.25325000000000003 0.5237499999999999 0.2562083328125 0.548203125 0.2517708328125 0.570453125 0.2502916671875 0.583796875 0.2473125 0.586015625 0.24139583281250002 0.60825 0.242875 0.619375 0.2562083328125 0.629375 0.24139583281250002 0.6405000000000001 0.24139583281250002 0.65940625 0.242875 0.66940625 0.2606666671875 0.679421875 0.2591875 0.687203125 0.24583333281250003 0.693875 0.22952083281250002 0.6994374999999999 0.21470833281249999 0.70721875 0.21320833281249998 0.7205625 0.2250833328125 0.716109375 0.2325 0.7227812499999999 0.2665833328125 0.726125 0.29920833281250003 0.7416875 0.3244166671875 0.742796875 0.3199583328125 0.768375 0.3244166671875 0.7950625 0.3333125 0.8106249999999999 0.35110416718750004 0.830640625 0.348125 0.84065625 0.3288541671875 0.851765625 0.3258958328125 0.8606562500000001 0.317 0.862890625 0.3244166671875 0.8862343750000001 0.33479166718750003 0.8862343750000001 0.31847916718749997 0.8895781250000001 0.29625 0.9084843749999999 0.28141666718749997 0.920703125 0.284375 0.9240468749999999 0.2873541671875 0.9151562500000001 0.30514583281249996 0.9285 0.30514583281249996 0.9296093750000001 0.3095833328125 0.9362812500000001 0.33627083281250003 0.959625 0.34368750000000003 0.97853125 0.370375 0.9996562499999999 0.3644375 0.9996562499999999 0.2562083328125 0.9863125 0.24139583281250002 0.9763125 0.2339791671875 0.971859375 0.24879166718749998 0.9140312500000001 0.21025 0.88846875 0.1983958328125 0.874 0.18504166718749998 0.8539999999999999 0.1628125 0.8317500000000001 0.1657708328125 0.8273125 0.1539166671875 0.7972812499999999 0.1598541671875 0.778375 0.1583541671875 0.76059375 0.1628125 0.742796875 0.1657708328125 0.725 0.1613333328125 0.718328125 0.16725 0.708328125 0.179125 0.70165625 0.18356250000000002 0.6972031249999999 0.17466666718749999 0.691640625 0.179125 0.683859375 0.1954166671875 0.65940625 0.1939375 0.6405000000000001 0.1954166671875 0.587125 0.2221041671875 0.5826718750000001 0.220625 0.553765625 0.2280416671875 0.53709375 0.2280416671875 0.5137343750000001 0.2265625 0.511515625 0.21172916718749998 0.5015 0.22360416718749998 0.47037500000000004 0.2265625 0.47481249999999997 0.2191458328125 0.49371875000000004 0.2028333328125 0.48815625 0.19097916718750002 0.454796875 0.20877083281250003 0.46259375 0.2265625 0.4915 0.25325000000000003 0.503734375 0.25325000000000003
0 0.619859375 0.14010416718750002 0.62565625 0.1336666671875 0.6253437500000001 0.1302291671875 0.620984375 0.1246458328125 0.614875 0.1220625 0.6095625 0.1207708328125 0.6031093750000001 0.12056249999999999 0.593453125 0.127 0.591515625 0.1345208328125 0.591359375 0.1424791671875 0.592484375 0.14997916718749998 0.5950624999999999 0.1538541671875 0.6079375 0.150625 0.616796875 0.1512708328125 0.619703125 0.1428958328125 0.619859375 0.14010416718750002
0 0.590375 0.1474583328125 0.58878125 0.1457291671875 0.587328125 0.1438125 0.58475 0.1423125 0.58009375 0.14016666718749998 0.577046875 0.14016666718749998 0.5744687500000001 0.14016666718749998 0.571578125 0.14016666718749998 0.567890625 0.1408125 0.56484375 0.14210416718750002 0.563546875 0.1442291671875 0.562109375 0.1487291671875 0.5619375 0.15131250000000002 0.562421875 0.15431250000000002 0.563875 0.15687500000000001 0.566125 0.15902083281249998 0.56853125 0.1620208328125 0.57078125 0.1656666671875 0.5720625 0.168875 0.5741562499999999 0.1722916671875 0.574640625 0.17293750000000002 0.579140625 0.17293750000000002 0.581859375 0.1722916671875 0.586203125 0.1714375 0.5866875 0.16993750000000002 0.587328125 0.1680208328125 0.588609375 0.1647916671875 0.58909375 0.162875 0.590859375 0.1603125 0.592953125 0.15772916718750002 0.593921875 0.1555833328125 0.5935937499999999 0.1540833328125 0.59246875 0.1517291671875 0.591984375 0.1495833328125 0.591984375 0.14937499999999998 0.5916718750000001 0.14895833281249998 0.590375 0.1474583328125
0 0.620578125 0.1715208328125 0.6331875 0.1715208328125 0.6331875 0.16243749999999998 0.628078125 0.1560833328125 0.620578125 0.1497291671875 0.605609375 0.1492708328125 0.5933437500000001 0.1524583328125 0.5882343750000001 0.1583541671875 0.584828125 0.1674375 0.584828125 0.1769583328125 0.58653125 0.1883125 0.6001562500000001 0.1774166671875 0.609015625 0.1719791671875 0.620578125 0.1715208328125
3 0.8895312499999999 0.654 0.8662812499999999 0.6281666671874999 0.8333281250000001 0.6281666671874999 0.823640625 0.6565833328124999 0.825578125 0.6849999999999999 0.8662812499999999 0.7056666671875 0.86240625 0.7005 0.87790625 0.6695 0.8895312499999999 0.654
0 0.51271875 0.1452916671875 0.503703125 0.1488541671875 0.49567187500000004 0.1637916671875 0.497375 0.1702916671875 0.507359375 0.1732083328125 0.5075937500000001 0.17093750000000002 0.524640625 0.1514583328125 0.51271875 0.1452916671875
0 0.631453125 0.1680625 0.6451718750000001 0.1854791671875 0.645828125 0.181125 0.6582343749999999 0.1745833328125 0.6585625 0.1637083328125 0.647453125 0.1458333328125 0.6386406250000001 0.1432291671875 0.621984375 0.1515 0.62328125 0.1515 0.633734375 0.1623958328125 0.631453125 0.1680625
3 0.015625 0.7645833328125 0.0484375 0.7583333328124999 0.0671875 0.7708333328125 0.103125 0.76875 0.121875 0.775 0.1546875 0.7770833328125 0.209375 0.775 0.215625 0.7708333328125 0.2625 0.7666666671875 0.2890625 0.7791666671875 0.315625 0.7791666671875 0.3328125 0.76875 0.3375 0.7625 0.34375 0.7625 0.3765625 0.775 0.465625 0.775 0.475 0.7854166671875 0.4875 0.7916666671875 0.521875 0.7895833328124999 0.5328125 0.7958333328125 0.571875 0.7958333328125 0.5828125 0.8020833328125001 0.678125 0.80625 0.7 0.8020833328125001 0.7359375 0.8020833328125001 0.74375 0.7979166671875 0.7578125 0.80625 0.7875 0.80625 0.79375 0.8104166671874999 0.846875 0.8104166671874999 0.85625 0.8041666671875 0.871875 0.8041666671875 0.884375 0.7958333328125 0.896875 0.7958333328125 0.909375 0.7875 0.928125 0.7875 0.9375 0.78125 0.9484375 0.78125 0.96875 0.7666666671875 0.9765625 0.7666666671875 0.9828125 0.7625 0.9984375 0.7625 0.8890625 0.65625 0.86875 0.63125 0.8328125 0.63125 0.8270833328125 0.625 0.7515625 0.5833333328125 0.753125 0.56875 0.7484375 0.5541666671875001 0.740625 0.54375 0.7203125 0.5416666671875 0.7125 0.5520833328125 0.7035416671875 0.545 0.6984375 0.55 0.6953125 0.5458333328125 0.6964583328125 0.5404166671875 0.646875 0.5083333328124999 0.65 0.49583333281249997 0.646875 0.4791666671875 0.640625 0.46875 0.6328125 0.4625 0.628125 0.4625 0.61875 0.3604166671875 0.625 0.35625 0.6375 0.35625 0.64375 0.35208333281250004 0.7171875 0.35208333281250004 0.7484375 0.3270833328125 0.765625 0.31875 0.7890625 0.3125 0.8828125 0.3104166671875 0.9 0.3145833328125 0.928125 0.3291666671875 0.9453125 0.32083333281250004 0.9765625 0.32083333281250004 0.9984375 0.3333333328125 0.978125 0.1541666671875 0.9796875 0.1520833328125 0.97548076875 0.143108975 0.9796875 0.1375 0.978125 0.1270833328125 0.9671875 0.10625 0.953125 0.10833333281249999 0.954447115625 0.0982371796875 0.925 0.0354166671875 0.9328125 0.0270833328125 0.9328125 0.0166666671875 0.921875 0.014583332812499999 0.91875 0.0020833328125000002 0.8890625 0 0.8796875 0.0125 0.8640625 0.0125 0.8609375 0.00625 0.828125 0.0083333328125 0.815625 0.01875 0.8078125 0.01875 0.80625 0.03125 0.809375 0.0375 0.890625 0.0354166671875 0.8894301468749999 0.0506127453125 0.30273897031249997 0.32362745 0.303125 0.33125 0.2734375 0.3104166671875 0.246875 0.3104166671875 0.2375 0.3145833328125 0.2125 0.3020833328125 0.2046875 0.28125 0.190625 0.2625 0.1734375 0.2520833328125 0.1484375 0.2520833328125 0.1359375 0.25833333281250004 0.1234375 0.2708333328125 0.1171875 0.28125 0.1078125 0.3083333328125 0.096875 0.3145833328125 0.0703125 0.3166666671875 0.0625 0.32083333281250004 0.0515625 0.30625 0.034375 0.2958333328125 0.0046875 0.2979166671875 0.0015625 0.3 0.0003125 0.3483333328125 0 0.5083333328124999 0.003125 0.61875 0.0015625 0.7625 0.015625 0.7645833328125