0 0.59968 0.6707 0.6043733328124999 0.6621400000000001 0.6077066671875 0.65208 0.6231466671875 0.6420399999999999 0.62984 0.6355000000000001 0.6352 0.63046 0.6398933328124999 0.6204 0.6412266671875 0.61688 0.63184 0.61286 0.6164266671874999 0.61286 0.6030133328125 0.6179 0.5916266671875 0.62444 0.5782133328125 0.635 0.57152 0.64254 0.5628 0.6531 0.5581066671875 0.66466 0.54536 0.67622 0.5433600000000001 0.68326 0.5480533328125 0.69382 0.5782133328125 0.69784 0.5782133328125 0.6923199999999999 0.5856 0.68426 0.5956533328125 0.67874 0.59968 0.6707
3 1 0.18038 0.9978933328125 0.18142 0.9918933328125 0.18453999999999998 0.9905066671875 0.19075999999999999 0.9886666671875 0.1963 0.9840533328125 0.19526 0.9762133328125 0.19596 0.9637600000000001 0.2001 0.9586933328124999 0.20806 0.95824 0.21566000000000002 0.9545333328125001 0.21703999999999998 0.9462400000000001 0.21878000000000003 0.9457866671874999 0.22396 0.9508533328125001 0.22915999999999997 0.9536266671875 0.23676 0.9683733328124999 0.24575999999999998 0.9693066671875 0.25024 0.9706933328125 0.262 0.9785333328125001 0.27549999999999997 0.9808266671875 0.28102 0.9798933328125001 0.28759999999999997 0.9798933328125001 0.29658 0.98544 0.3035 0.9886666671875 0.31042000000000003 0.9914400000000001 0.32080000000000003 0.9886666671875 0.32978 0.9836 0.33462000000000003 0.9877333328125 0.33912 1 0.33982 1 0.18038
3 1 0.46256 0.9902666671875 0.45774 0.9856266671875 0.46006 0.9843466671875 0.46256 0.9897600000000001 0.48150000000000004 0.9987733328124999 0.48284000000000005 1 0.48014 1 0.47068000000000004 1 0.46256
3 0.9881333328125 0.48136 0.9893599999999999 0.49876 0.9999466671875 0.50456 0.9995200000000001 0.48319999999999996 0.9982933328125 0.48228 0.9881333328125 0.48136
3 0.5727733328125 0.6451800000000001 0.5675733328125 0.6476 0.5643733328125 0.6511199999999999 0.56536 0.6563 0.5702933328124999 0.6599999999999999 0.5720266671875 0.66056 0.58192 0.66074 0.5888266671875 0.65482 0.5861066671875 0.64686 0.57992 0.64444 0.5727733328125 0.6451800000000001
3 0.6305866671875 0.65526 0.6406133328125 0.65384 0.6436533328125 0.64748 0.6422933328125 0.63766 0.6378933328125 0.6356200000000001 0.6314133328125 0.6356200000000001 0.6237866671875001 0.6378 0.6198666671875 0.64302 0.6198666671875 0.6485000000000001 0.6215733328125 0.6522 0.6305866671875 0.65526
0 0.53432 0.64678 0.53248 0.65008 0.5376266671875001 0.66274 0.5424 0.6718 0.5522933328125 0.67318 0.5548533328125 0.6682400000000001 0.55816 0.663 0.5618133328125 0.65476 0.5640266671874999 0.65064 0.5596266671875 0.64596 0.5489866671875 0.6429400000000001 0.5482666671875001 0.64376 0.5390933328124999 0.64486 0.53432 0.64678
0 0.5698133328125 0.62862 0.5584533328125 0.62594 0.5513333328125001 0.62522 0.5458133328125 0.62716 0.5399733328125 0.63398 0.5435466671875 0.6403 0.5493866671875 0.6437 0.55976 0.64614 0.5630133328125 0.64784 0.57112 0.6437 0.5740266671875001 0.63932 0.5737066671875 0.63228 0.5698133328125 0.62862
0 0.5938133328124999 0.61884 0.58064 0.61756 0.5651733328125 0.6220600000000001 0.5625866671875001 0.62636 0.5691733328125 0.6287200000000001 0.5734666671875 0.63258 0.5754666671875001 0.63366 0.5789066671875001 0.6343 0.5857866671874999 0.62914 0.5961066671874999 0.62164 0.5938133328124999 0.61884
0 0.27842666718750003 0.28478 0.29946666718750004 0.25206 0.31504 0.24272 0.36256 0.22810000000000002 0.37656 0.26082 0.3898133328125 0.27308 0.3968266671875 0.26724000000000003 0.40696000000000004 0.22284 0.38125333281249996 0.21934 0.3485333328125 0.22635999999999998 0.32984 0.21817999999999999 0.30178666718749997 0.22635999999999998 0.28232 0.22402000000000002 0.2636266671875 0.22284 0.26128 0.23454000000000003 0.24570666718749998 0.26666 0.2332533328125 0.28652 0.27608 0.29003999999999996 0.2768533328125 0.28652 0.27842666718750003 0.28478
3 1 0.43694 0.9944000000000001 0.43832000000000004 0.9890133328124999 0.44338 0.9884000000000001 0.44948 0.9908533328125 0.4535 0.9928533328125001 0.45533999999999997 0.99624 0.45616 1 0.45558 1 0.43694
3 0.6346666671875 0.6952 0.6376266671875 0.67666 0.6318933328125 0.6732400000000001 0.6253866671874999 0.67354 0.6174666671875 0.67384 0.6133333328125 0.6777 0.61056 0.68318 0.6077866671875001 0.68882 0.6212266671875 0.69608 0.6287466671875 0.69668 0.6346666671875 0.6952