1 0.7320625 0.5221666671875 0.7354375 0.5113749999999999 0.7361093750000001 0.5050625 0.733421875 0.5005625 0.7239687499999999 0.5032708328125 0.7151875000000001 0.5095625 0.717890625 0.49877083281249995 0.7151875000000001 0.493375 0.7084374999999999 0.4996666671875 0.704390625 0.5041666671875 0.704390625 0.49877083281249995 0.698984375 0.49427083281249995 0.69290625 0.5005625 0.690890625 0.5104791671875 0.68953125 0.4951666671875 0.68278125 0.5086666671875 0.683453125 0.5113749999999999 0.6773906249999999 0.5086666671875 0.6760312500000001 0.5095625 0.675359375 0.5230625 0.6773906249999999 0.5320625 0.68278125 0.5329791671875 0.6881875 0.5365624999999999 0.692234375 0.5401666671875 0.6983125 0.5437708328124999 0.702359375 0.5455625000000001 0.71721875 0.5392708328125 0.7239687499999999 0.5356666671875 0.7286875 0.5302708328125 0.7320625 0.5221666671875
1 0.686140625 0.5559166671875 0.69096875 0.5655416671875 0.69675 0.5713333328125 0.711203125 0.5706875 0.721796875 0.563625 0.7285468749999999 0.5610416671875 0.735296875 0.5507708328125 0.73625 0.5405 0.7367343749999999 0.5340625 0.7444531249999999 0.5334166671875 0.74734375 0.5295625 0.739140625 0.5257083328125 0.7314375 0.5289375 0.72325 0.536 0.7126406249999999 0.5430625 0.699640625 0.5443541671875 0.703015625 0.5482083328125 0.682765625 0.5482083328125 0.686140625 0.5559166671875
1 0.609015625 0.6047083328125 0.62546875 0.5846875 0.644828125 0.5717916671875 0.6453125 0.5427500000000001 0.625953125 0.5401666671875 0.62546875 0.5421041671875 0.5964375000000001 0.5846875 0.594015625 0.5924375000000001 0.600296875 0.6027708328125 0.609015625 0.6047083328125
1 0.61021875 0.6536666671875 0.622171875 0.6610625 0.6371249999999999 0.6667500000000001 0.64609375 0.6644791671875 0.649515625 0.6576458328125 0.64140625 0.6371458328124999 0.637984375 0.6246041671875 0.6294375 0.620625 0.6140625 0.62175 0.608078125 0.6286041671875 0.60765625 0.6468125 0.61021875 0.6536666671875
1 0.5117812500000001 0.6632291671874999 0.506859375 0.6610416671875 0.498109375 0.6588541671875 0.501390625 0.6697916671875 0.50303125 0.6778125 0.511234375 0.6829166671875 0.5221875 0.6858333328125 0.52546875 0.6770833328125 0.51890625 0.6676041671874999 0.5117812500000001 0.6632291671874999
1 0.493515625 0.5627083328125 0.49031250000000004 0.5573958328125 0.45115625000000004 0.5627083328125 0.44396874999999997 0.5818958328125 0.439171875 0.5978749999999999 0.45275 0.6149166671875 0.47353125 0.62025 0.478328125 0.6255625 0.47673437500000004 0.6074583328125 0.478328125 0.602125 0.5015 0.59575 0.493515625 0.5627083328125
1 0.555640625 0.6615833328125 0.5559062499999999 0.6583333328125 0.553203125 0.6496875 0.546171875 0.64175 0.5383281249999999 0.6334583328125001 0.53725 0.64175 0.541578125 0.6489583328124999 0.545359375 0.6558125 0.5486093750000001 0.663375 0.550765625 0.663375 0.552125 0.6594166671874999 0.555640625 0.6615833328125
1 0.789546875 0.6199375 0.815828125 0.6181458328125 0.8612500000000001 0.6045 0.86303125 0.5991458328125 0.84565625 0.5908333328125 0.844328125 0.5819166671875 0.8260624999999999 0.5635208328125 0.8229531250000001 0.5593541671875 0.826953125 0.5516458328125 0.8069062499999999 0.5332291671875 0.79978125 0.5320416671875 0.789984375 0.5427291671875001 0.78553125 0.5510416671875 0.7886562500000001 0.5605416671875 0.766828125 0.5920208328125 0.766390625 0.602125 0.770390625 0.6092500000000001 0.789546875 0.6199375
1 0.51909375 0.5782916671875 0.5176406250000001 0.5886250000000001 0.5176406250000001 0.5976874999999999 0.52734375 0.6041666671875 0.53559375 0.6112708328124999 0.5404375 0.6170833328125 0.545296875 0.621625 0.562765625 0.6209791671875 0.570515625 0.6132083328125 0.573921875 0.60675 0.5729375 0.5951041671875 0.561296875 0.580875 0.54771875 0.57375 0.5331718750000001 0.5731041671875 0.52734375 0.57375 0.51909375 0.5782916671875
1 0.576609375 0.6279375 0.5957656250000001 0.6475416671875001 0.6055625 0.6528958328125001 0.608234375 0.6457708328125 0.61046875 0.6214166671875 0.59665625 0.5952916671875 0.576609375 0.6089375 0.567703125 0.6178541671875 0.576609375 0.6279375
1 0.73484375 0.6048125 0.7253125 0.6055208328125 0.7195 0.6139791671875 0.725046875 0.6153958328125 0.725578125 0.6210416671875 0.726109375 0.6224375 0.734578125 0.6129166671874999 0.740671875 0.6065625 0.740671875 0.6023333328125 0.73484375 0.6048125
1 0.736046875 0.5528125 0.72103125 0.5594791671875 0.72503125 0.5715 0.730046875 0.5888541671875 0.735046875 0.604875 0.7440625 0.6142291671875 0.7600781249999999 0.6128958328125 0.76609375 0.6022083328125001 0.76909375 0.5901875000000001 0.775109375 0.5728333328125 0.781109375 0.5688333328125 0.786125 0.5568125 0.791125 0.5447916671875 0.774109375 0.5354583328125 0.76609375 0.5261041671875 0.7520781249999999 0.5181041671875 0.7400625 0.5207708328125 0.7450625 0.534125 0.7440625 0.5327916671875 0.7390625 0.534125 0.736046875 0.5528125
1 0.5838281249999999 0.6065833328125 0.59671875 0.5998958328125 0.600296875 0.5769791671875 0.5780937500000001 0.55025 0.567359375 0.5407083328125 0.56090625 0.5492916671875 0.547296875 0.5454791671875 0.541578125 0.553125 0.53728125 0.5492916671875 0.51865625 0.5454791671875 0.512921875 0.5578958328125 0.5179375 0.57125 0.529390625 0.5722083328124999 0.55375 0.5788958328125 0.5644843749999999 0.595125 0.5709375 0.5922708328125 0.573796875 0.5989583328125 0.5838281249999999 0.6065833328125
1 0.4453125 0.6791666671875001 0.453125 0.6895833328125 0.453125 0.69375 0.446875 0.7 0.446875 0.7125 0.4546875 0.7229166671875 0.4640625 0.7229166671875 0.4671875 0.71875 0.4734375 0.71875 0.478125 0.7125 0.496875 0.7125 0.5109375 0.7 0.528125 0.7 0.5291666671875 0.7083333328125 0.5390625 0.7145833328125 0.5296875 0.7229166671875 0.525 0.7229166671875 0.5125 0.7354166671875 0.5125 0.7479166671875 0.5171875 0.7541666671875 0.5265625 0.7541666671875 0.5375 0.74375 0.559375 0.7354166671875 0.6546875 0.7166666671875 0.6609375 0.7041666671875 0.6609375 0.6979166671875 0.65625 0.6895833328125 0.6609375 0.6708333328125 0.6703125 0.6770833328125 0.6890625 0.6770833328125 0.703125 0.6645833328124999 0.728125 0.6708333328125 0.7296875 0.66875 0.7325 0.6735416671875 0.728125 0.6833333328125 0.7328125 0.6895833328125 0.74375 0.6895833328125 0.7625 0.68125 0.790625 0.675 0.796875 0.6708333328125 0.8015625 0.6604166671875 0.8015625 0.6541666671875 0.796875 0.6458333328125 0.7859375 0.6458333328125 0.78125 0.65 0.759375 0.65625 0.759375 0.6479166671875001 0.76875 0.6416666671875 0.78125 0.6229166671875 0.78125 0.6166666671875001 0.7703125 0.6104166671875 0.7671875 0.6041666671875 0.7675 0.5952083328125 0.7731175640625 0.5831929875 0.7655910328125 0.5798913046874999 0.7263586953125001 0.58351449375 0.7265625 0.5770833328125 0.721875 0.5666666671875 0.7078125 0.5729166671875 0.696875 0.5729166671875 0.690625 0.5666666671875 0.684375 0.5520833328125 0.7015625 0.5479166671875 0.6828125 0.5333333328125 0.678125 0.5333333328125 0.675 0.5104166671875 0.66875 0.50625 0.6609375 0.49375 0.6515625 0.4875 0.628125 0.4895833328125 0.615625 0.5041666671875 0.59375 0.5020833328125 0.584375 0.5083333328124999 0.5765625 0.51875 0.571875 0.5333333328125 0.571875 0.5458333328125 0.596875 0.5729166671875 0.6 0.58125 0.5932291671875001 0.5895833328125 0.59296875 0.5958333328125 0.577275815625 0.5972826078125 0.578125 0.60625 0.575 0.60625 0.5734375 0.6125 0.56875 0.6166666671875001 0.5615828796875 0.5987318828125 0.538043478125 0.6009057984374999 0.534375 0.6104166671875 0.5296875 0.60625 0.5301970109374999 0.6016304359375 0.525 0.6041666671875 0.51875 0.6 0.5203125 0.5770833328125 0.5140625 0.5645833328125 0.503125 0.5645833328125 0.4984375 0.5708333328124999 0.5 0.5979166671875 0.4875 0.6 0.4796875 0.6083333328125 0.478125 0.6041666671875 0.46171875 0.6104166671875 0.45957880468749995 0.6081521734375 0.459375 0.6166666671875001 0.453125 0.6166666671875001 0.453515625 0.6135416671875 0.45 0.6125 0.4517323375 0.6088768124999999 0.4484375 0.6104166671875 0.440625 0.6 0.4421875 0.5833333328125 0.4359375 0.5854166671875001 0.421875 0.6041666671875 0.41875 0.6041666671875 0.4125 0.6125 0.4125 0.6291666671875 0.4234375 0.65 0.43125 0.6604166671875 0.4390625 0.6645833328124999 0.4453125 0.6791666671875001