3 0.510671875 0.6056866203125 0.50009375 0.5950352109375 0.49215625 0.59375 0.486484375 0.5963028171875 0.48384375 0.5988732390625 0.47893749999999996 0.5890669015625 0.46684374999999995 0.586514084375 0.45853124999999995 0.5877992953125 0.45210937500000004 0.5950352109375 0.44984375 0.5988732390625 0.448328125 0.601003521875 0.433203125 0.6073767609375 0.4298125 0.6184507046875 0.43093750000000003 0.6265492953125 0.43698437500000004 0.6329225359375 0.44340624999999995 0.63463028125 0.46796875 0.628661971875 0.4970625 0.62484155 0.511421875 0.616320421875 0.510671875 0.6056866203125
3 0.603953125 0.454718309375 0.60371875 0.44609154999999995 0.608265625 0.44017605625 0.611375 0.4326232390625 0.608265625 0.43235915468749997 0.60228125 0.42885563437499996 0.59940625 0.42373239375000005 0.592234375 0.4307394359375 0.58721875 0.43559859218749997 0.5852968749999999 0.44151408437499995 0.58865625 0.443133803125 0.5986875 0.4479929578125 0.600609375 0.45984155 0.6044375 0.4614612671875 0.6072968750000001 0.46065140781249997 0.603953125 0.454718309375
3 0.639515625 0.4497887328125 0.6459374999999999 0.4494190140625 0.650375 0.4492429578125 0.6521874999999999 0.45109155 0.655140625 0.453503521875 0.65859375 0.453503521875 0.661390625 0.453503521875 0.662546875 0.4520246484375 0.662875 0.4512852109375 0.663203125 0.447764084375 0.6604062500000001 0.44294014062500003 0.6579375 0.438116196875 0.653015625 0.4345950703125 0.648234375 0.43404929531249997 0.6428125 0.43496478906249997 0.63903125 0.437570421875 0.63590625 0.4423767609375 0.63671875 0.4458978875 0.636890625 0.44998239375000004 0.639515625 0.4497887328125
3 0.620921875 0.6219190140624999 0.6203125 0.6274471828125 0.620921875 0.63609155 0.6252187499999999 0.6457746484375 0.6546875 0.639207746875 0.657140625 0.6506161968749999 0.660515625 0.651320421875 0.6614375 0.6461267609375 0.6599062499999999 0.6385211265625 0.682609375 0.62572183125 0.691203125 0.64197183125 0.682609375 0.6547711265625 0.68721875 0.65373239375 0.692734375 0.6506161968749999 0.696109375 0.6430105640625 0.69703125 0.63609155 0.693359375 0.6250352109375 0.6918124999999999 0.6163908453125 0.68721875 0.606707746875 0.68721875 0.6022007046875 0.6850625 0.5949471828124999 0.69028125 0.5911443656250001 0.693359375 0.5821478875 0.6930468750000001 0.57213028125 0.685984375 0.5627816906249999 0.679546875 0.5589788734375001 0.670640625 0.5596654921875001 0.6626562500000001 0.563820421875 0.65959375 0.5755809859375 0.65928125 0.5887147890625 0.653765625 0.59286971875 0.64578125 0.59286971875 0.6405624999999999 0.585616196875 0.6304375 0.5807746484375 0.6153906250000001 0.5842253515625 0.610484375 0.5942605640624999 0.613546875 0.606707746875 0.617546875 0.60982394375 0.618765625 0.6153521125 0.620921875 0.6219190140624999
3 0.5853125 0.6515669015625 0.585515625 0.6537147890624999 0.5859375 0.6544366203124999 0.586359375 0.6544366203124999 0.58678125 0.6544366203124999 0.5886875 0.6544366203124999 0.616765625 0.6487147890625 0.618234375 0.6522887328125 0.618875 0.6487147890625 0.61865625 0.6468133796875 0.618453125 0.6446830984374999 0.617390625 0.6408802812500001 0.616765625 0.639207746875 0.61528125 0.6365845078125 0.6138125 0.6349295781250001 0.61190625 0.632781690625 0.610421875 0.6316021125 0.60853125 0.6306514078125 0.606625 0.6297007046875 0.6036718750000001 0.6297007046875 0.598609375 0.6304049296875001 0.592484375 0.6323063375 0.58784375 0.6415845078125 0.585515625 0.6465845078125 0.5853125 0.649190140625 0.5853125 0.6515669015625
3 0.5835 0.6540669015625 0.58496875 0.6483450703125 0.584546875 0.642411971875 0.58328125 0.638116196875 0.58096875 0.633133803125 0.576734375 0.629559859375 0.5729375 0.628133803125 0.566609375 0.628133803125 0.561546875 0.6302816906250001 0.557109375 0.6350352109374999 0.55478125 0.6412147890625 0.5549999999999999 0.6490669015625 0.557109375 0.655246478125 0.559859375 0.65857394375 0.576734375 0.648820421875 0.58075 0.6580985921875 0.5835 0.6540669015625
3 0.71265625 0.626707746875 0.714546875 0.638116196875 0.7243125 0.6441021124999999 0.739046875 0.6400352109375 0.74403125 0.6371478875000001 0.7469375 0.63232394375 0.7462500000000001 0.621883803125 0.741625 0.6137676062499999 0.73528125 0.6091373234375 0.729453125 0.6079753515624999 0.71865625 0.61338028125 0.714546875 0.6189964781249999 0.71265625 0.626707746875
3 0.59875 0.44952464843750006 0.5955781250000001 0.44536971875000003 0.586625 0.44121478906249995 0.5723906249999999 0.4376408453125 0.5629062499999999 0.4441725359375 0.5607968750000001 0.4519014078125 0.5623750000000001 0.4613908453125 0.565546875 0.46614436562500006 0.5708125 0.4679225359375 0.571875 0.47089788749999995 0.57925 0.46911971875 0.591890625 0.46734155 0.592421875 0.46734155 0.59875 0.46556337968749995 0.59875 0.4613908453125 0.599796875 0.45843309843749996 0.59875 0.44952464843750006
3 0.46946875 0.6359507046874999 0.45775 0.6316901406250001 0.44603125 0.6333978874999999 0.44490625 0.6470070421874999 0.451703125 0.6602112671875 0.457 0.6636267609375001 0.46606249999999994 0.65765845 0.47512499999999996 0.6589436625 0.47778124999999994 0.6533978874999999 0.47437500000000005 0.6465845078125 0.46946875 0.6359507046874999
3 0.9321249999999999 0.5115845078125 0.9329375000000001 0.5054753515625 0.93046875 0.4993485921875 0.9224218750000001 0.495281690625 0.9141875 0.4960211265625 0.910734375 0.5026936625 0.910578125 0.513820421875 0.9145156249999999 0.5182570421875 0.9199531249999999 0.51751760625 0.9289999999999999 0.5149295781250001 0.9321249999999999 0.5115845078125
3 0.9018750000000001 0.5092605640625 0.9077500000000001 0.5171478875 0.9118281250000001 0.515616196875 0.9126093750000001 0.509383803125 0.913640625 0.5003345078125 0.911484375 0.4970246484375 0.908203125 0.49536971875 0.902671875 0.49471830937499994 0.8989375000000001 0.4954929578125 0.895875 0.49892605625 0.8952031249999999 0.50072183125 0.8946406250000001 0.5086091546875 0.9018750000000001 0.5092605640625
3 0.925015625 0.567429578125 0.93146875 0.5654929578125001 0.9348750000000001 0.56036971875 0.933171875 0.5582394359375 0.930328125 0.554383803125 0.93203125 0.547764084375 0.930328125 0.544559859375 0.927671875 0.5428521125 0.923875 0.54177816875 0.92028125 0.5430633796875 0.9149687500000001 0.54626760625 0.9198906250000001 0.5686971828125 0.925015625 0.567429578125
3 0.47759375000000004 0.706514084375 0.482609375 0.7137147890625 0.494015625 0.710105634375 0.50496875 0.702394365625 0.5054375 0.6931338031250001 0.504515625 0.6838732390625 0.49584374999999997 0.67822183125 0.486265625 0.6828521125 0.482609375 0.6869718312499999 0.47621874999999997 0.6946830984375 0.47759375000000004 0.706514084375
3 0.4125 0.5897887328125 0.41281249999999997 0.582394365625 0.45765625 0.624295775 0.46848958281249997 0.6228286390625 0.471875 0.6294014078125 0.4640625 0.6302816906250001 0.4640625 0.6355633796875 0.4703125 0.6390845078125 0.4765625 0.65140845 0.475 0.6602112671875 0.465625 0.6584507046875 0.4546875 0.6637323937499999 0.459375 0.6637323937499999 0.46015625 0.6725352109375 0.4546875 0.6778169015625 0.4640625 0.6901408453125 0.4640625 0.720070421875 0.46875 0.72359155 0.484375 0.72359155 0.5078125 0.71302816875 0.5140625 0.71302816875 0.5203125 0.7042253515625 0.5203125 0.6971830984375 0.509375 0.6795774640625 0.5125 0.6461267609375 0.5114583328125 0.6285211265624999 0.578125 0.6285211265624999 0.58203125 0.63732394375 0.5875 0.6285211265624999 0.5970982140625 0.6335513078125 0.59873046875 0.6412852109375 0.590625 0.63732394375 0.5911830359375 0.640216296875 0.5875 0.642605634375 0.584375 0.65140845 0.5765625 0.6496478875 0.579352678125 0.653546278125 0.5734375 0.6602112671875 0.57724609375 0.6676936625 0.571875 0.674295775 0.571875 0.6848591546875 0.578125 0.6919014078125 0.590625 0.6919014078125 0.596875 0.6830985921875 0.5984375 0.6654929578125001 0.5921875 0.654929578125 0.593359375 0.6478873234375 0.6609375 0.5704225359375 0.6625 0.5651408453125 0.6703125 0.5598591546875 0.6796875 0.5598591546875 0.6859375 0.5475352109375 0.6859375 0.5316901406250001 0.6796875 0.5158450703125 0.6778125 0.49753521093749997 0.7650111609375 0.49201458750000004 0.8015625 0.5105633796875 0.8 0.5246478875 0.803125 0.529929578125 0.8171875 0.5316901406250001 0.821875 0.5281690140624999 0.82421875 0.5330105640625 0.828125 0.5281690140624999 0.8328125 0.5281690140624999 0.8322916671874999 0.535798121875 0.8565104171875 0.544160796875 0.8553571421875 0.547283703125 0.8622767859374999 0.5514336015625 0.8645833328125001 0.5469483578125 0.869196428125 0.5555835015625 0.896875 0.5721830984375 0.8984375 0.5774647890625 0.909375 0.58802816875 0.9140625 0.5897887328125 0.9234375 0.582746478125 0.928125 0.5845070421874999 0.9375 0.580985915625 0.9421875 0.5739436625 0.9421875 0.5669014078125 0.9359375 0.5598591546875 0.9296875 0.544014084375 0.9296875 0.52640845 0.9265625 0.5228873234375 0.91875 0.5228873234375 0.9171875 0.519366196875 0.9078125 0.517605634375 0.9015625 0.5105633796875 0.896875 0.5105633796875 0.8953125 0.49823943593750003 0.88125 0.49823943593750003 0.859375 0.5035211265624999 0.8546875 0.5070422531250001 0.8484375 0.5035211265624999 0.8390625 0.5035211265624999 0.834375 0.5 0.8203125 0.5 0.8109375 0.5052816906250001 0.7577008921874999 0.4883048296875 0.669977678125 0.4437877265625 0.665625 0.45070422499999996 0.6640625 0.44894366249999995 0.6626674109375 0.44007796875 0.648046875 0.43265845 0.64375 0.4330985921875 0.6407366078125001 0.4289486921875 0.6334263390625 0.4252389328125 0.6390625 0.419894365625 0.6375 0.4102112671875 0.63125 0.40140845 0.603125 0.3996478875 0.6041852671875 0.4103999 0.596875 0.40669014062500003 0.5924479171875 0.4141431921875 0.596875 0.4207746484375 0.5880208328125 0.4215962453125 0.47291666718750003 0.6153755859375 0.4140625 0.5774647890625 0.409375 0.5704225359375 0.40640625 0.57640845 0.4 0.5704225359375 0.3953125 0.575704225 0.3953125 0.58802816875 0.4046875 0.595070421875 0.4125 0.5897887328125