1 0.50196875 0.34358313749999997 0.48815625 0.3253629984375 0.47103124999999996 0.3137704921875 0.462734375 0.3030210765625 0.454453125 0.298875878125 0.442296875 0.300515221875 0.43289062500000003 0.3021779859375 0.41521875 0.3079859484375 0.406375 0.329508196875 0.406375 0.34194379375 0.40415625000000005 0.3510538640625 0.408578125 0.38997658125 0.426265625 0.39578454375 0.434 0.40489461406249994 0.43953125000000004 0.41896955468749997 0.45665625 0.41896955468749997 0.458859375 0.42889929687499995 0.47103124999999996 0.4363466046875 0.48428125 0.43222482500000003 0.490359375 0.43056206093749994 0.514671875 0.39578454375 0.514671875 0.3874941453125 0.514671875 0.3643091328125 0.50859375 0.35768149843749997 0.504171875 0.3518735359375 0.50196875 0.34358313749999997
1 0.543421875 0.257868853125 0.54790625 0.2921545671875 0.531296875 0.339227165625 0.52815625 0.37421545625 0.55059375 0.41255269375000003 0.5667500000000001 0.41859484843750006 0.59053125 0.40177985937500005 0.621046875 0.39843091406250003 0.6331562500000001 0.3681498828125 0.621046875 0.3237704921875 0.5999531250000001 0.290819671875 0.57303125 0.2726463703125 0.562265625 0.24709601874999998 0.546109375 0.24374707187500003 0.543421875 0.257868853125
1 0.178328125 0.27702576093750003 0.172046875 0.276651053125 0.1665625 0.280163934375 0.1608125 0.28683840781250003 0.15740625 0.2923185015625 0.15453125 0.3068149890625 0.156890625 0.31032786875 0.17021875 0.2907494140625 0.174921875 0.2860421546875 0.18225 0.28644028125 0.189296875 0.2938875875 0.18851562500000002 0.2923185015625 0.18459375 0.2825292734375 0.178328125 0.27702576093750003
1 0.023984375 0.6692974234375 0.091453125 0.6715456671875 0.11395312500000002 0.6198594843749999 0.109453125 0.5748946140625 0.08545312499999999 0.5119906328125 0.07646875 0.4445667453125 0.06896875 0.422107728125 0.047984375 0.4108665109375 0.028484375 0.422107728125 0.041984375000000004 0.426580796875 0.023984375 0.4423185015625 0.017984375 0.6310772828125 0.020984375 0.6400702578125 0.023984375 0.6692974234375
1 0.27137500000000003 0.7146135828125 0.26687500000000003 0.6876346609375 0.268375 0.6786416859375 0.281875 0.6471896953125 0.281875 0.6134894609375 0.260875 0.5707962531249999 0.245890625 0.5573067921875 0.23089062500000002 0.5303278687499999 0.21290625 0.5325761124999999 0.20240624999999998 0.492131146875 0.19640625 0.49437939062499997 0.18740625 0.5370726 0.178421875 0.59325526875 0.176921875 0.6202341921875 0.18292187499999998 0.6561826703125 0.18590625 0.6808899296875001 0.19490625 0.703372365625 0.21590625000000002 0.728079625 0.22939062500000001 0.7123653390625 0.24289062499999997 0.73032786875 0.27137500000000003 0.7146135828125
1 0.11625 0.62255269375 0.12546875 0.6438173296875 0.13539062500000001 0.6799531609375 0.140359375 0.6725292734375 0.154546875 0.6682669796875 0.165890625 0.6555269328125 0.17085937499999998 0.64063231875 0.18859375 0.5428337234375 0.184328125 0.5173302109375 0.179375 0.498196721875 0.17440625 0.4928805625 0.168734375 0.48756440312500005 0.163765625 0.48224824374999997 0.14178125 0.46098360625 0.141078125 0.4524824359375 0.14390624999999999 0.44929742343749995 0.166609375 0.4110304453125 0.1694375 0.3929508203125 0.165890625 0.383395784375 0.15596875 0.3823185015625 0.101359375 0.455667446875 0.10278125 0.45885245937499997 0.11200000000000002 0.4673770484375 0.11907812499999999 0.47161592499999994 0.11625 0.48756440312500005 0.10915625 0.49182669843750004 0.101359375 0.48969555 0.08575 0.5088290390625 0.099234375 0.5375175640625 0.11128125 0.567283371875 0.11625 0.62255269375
1 0.099609375 0.6976580796875 0.10107812499999999 0.7086182671875 0.11181250000000001 0.6947306796875 0.12059375000000001 0.688875878125 0.124984375 0.677915690625 0.12887500000000002 0.6581733015625 0.13521875 0.63770491875 0.13570312499999998 0.6260187359375 0.124 0.631124121875 0.11960937499999999 0.6252693203125 0.12156249999999999 0.6143091328125 0.11765624999999999 0.617236534375 0.11668750000000001 0.61578454375 0.11521875 0.6077283375 0.10059375 0.6355035124999999 0.09864062500000001 0.6647540984375 0.1064375 0.6713348953125 0.099609375 0.6976580796875
1 0.3716875 0.6953864171874999 0.369328125 0.665644028125 0.35990625 0.6328805625 0.35554687500000004 0.6102107734375 0.33604687499999997 0.5945901640625 0.31284375 0.6076814984375 0.3054375 0.6117096015625 0.292671875 0.6238173296875 0.278875 0.650515221875 0.269796875 0.6802576109375 0.263078125 0.7246135828125 0.26745312499999996 0.746276346875 0.278546875 0.758384075 0.307453125 0.758384075 0.3195625 0.74224824375 0.3195625 0.722084309375 0.32965625 0.7261124125 0.35184375 0.7251053859375001 0.36529687499999997 0.714028103125 0.3716875 0.6953864171874999
1 0.272875 0.361428571875 0.287859375 0.3928805625 0.301359375 0.43107728281249996 0.32084375 0.4782669796875 0.33584375 0.496252928125 0.352328125 0.5029976578124999 0.373328125 0.47379391093749995 0.3838125 0.4648009375 0.4033125 0.45580796250000005 0.4063125 0.424355971875 0.4108125 0.38388758749999996 0.40481249999999996 0.35243559687500003 0.29235937500000003 0.25805620625 0.284859375 0.294004684375 0.275875 0.3097423890625 0.269875 0.325456675 0.272875 0.361428571875
1 0.506765625 0.501124121875 0.500765625 0.4561826703125 0.48726562500000004 0.4426932078125 0.46478125 0.433700234375 0.433296875 0.40674473125 0.41231249999999997 0.4202341921875 0.40931249999999997 0.4426932078125 0.40931249999999997 0.4561826703125 0.373328125 0.48538641718750003 0.3913125 0.49887587812499995 0.40481249999999996 0.5123653390625 0.43029687499999997 0.5370726 0.43629687500000003 0.566299765625 0.46178125000000003 0.5707962531249999 0.47378125000000004 0.561803278125 0.485765625 0.5573067921875 0.515765625 0.52583138125 0.506765625 0.501124121875
1 0.34784375 0.5865105390625 0.352328125 0.566299765625 0.353828125 0.5303278687499999 0.34784375 0.507868853125 0.32834375 0.48313817343750004 0.32234375000000004 0.46967213125 0.301359375 0.46517564375 0.284859375 0.5191100703125 0.278875 0.5303278687499999 0.274375 0.5483138171874999 0.274375 0.559555034375 0.27737500000000004 0.5955035125 0.287859375 0.60674473125 0.298359375 0.6224824359375 0.31784375 0.6112412171875 0.316359375 0.5955035125 0.34784375 0.5865105390625
1 0.674734375 0.1373067921875 0.678390625 0.14985948437500002 0.6851875 0.16826697968749998 0.6880625 0.18236533906250002 0.691734375 0.1894145203125 0.6993125 0.19021077343749998 0.701921875 0.1855035125 0.700359375 0.173747071875 0.7029687499999999 0.162388759375 0.70740625 0.154543325 0.704796875 0.146323184375 0.703234375 0.1329976578125 0.696171875 0.13262295156249998 0.691734375 0.1298829046875 0.68859375 0.13379391093749998 0.68440625 0.13379391093749998 0.681265625 0.1365339578125 0.676046875 0.1357377046875 0.674734375 0.1373067921875
1 0.624546875 0.41124121718750006 0.60575 0.4006557375 0.588703125 0.4041920375 0.5646093750000001 0.42180327812499996 0.5651875000000001 0.4429508203125 0.5628437500000001 0.46850117031250005 0.563421875 0.4896252921875 0.5710625 0.5081264640625001 0.5934062499999999 0.526627634375 0.6045625 0.5239812640625 0.627484375 0.5055035125 0.62984375 0.4931615921875 0.637484375 0.48875878281249996 0.62984375 0.4755503515625 0.641 0.4658548015625 0.63925 0.4438173296875 0.635125 0.42709601875000003 0.6327812500000001 0.4209133484375 0.624546875 0.41124121718750006
1 0.715625 0 0.6953125 0.016393442187500003 0.675 0.0210772828125 0.6609375 0.030444965624999997 0.64375 0.030444965624999997 0.63125 0.039812646875 0.6125 0.0444964875 0.596875 0.0608899296875 0.590625 0.07259953125 0.5828125 0.10304449687499999 0.5828125 0.131147540625 0.5890625 0.156908665625 0.584375 0.16159250625 0.58125 0.16159250625 0.5765625 0.1498829046875 0.5609375 0.1288056203125 0.5515625 0.121779859375 0.5375 0.1194379390625 0.525 0.1077283375 0.5015625 0.1053864171875 0.49375 0.10070257656249999 0.4328125 0.10070257656249999 0.4265625 0.08430913281249999 0.4078125 0.058548009375 0.3921875 0.049180328125 0.36875 0.049180328125 0.359375 0.05386416875 0.334375 0.0796252921875 0.31875 0.088992975 0.29375 0.11709601875 0.2875 0.1288056203125 0.275 0.140515221875 0.26875 0.152224825 0.2453125 0.175644028125 0.2234375 0.16159250625 0.2 0.16159250625 0.19375 0.16627634687499998 0.1828125 0.16627634687499998 0.1640625 0.18032786875 0.1484375 0.185011709375 0.134375 0.2014051515625 0.125 0.20608899374999998 0.103125 0.229508196875 0.09375 0.2341920375 0.09375 0.2412177984375 0.0875 0.2505854796875 0.0671875 0.2365339578125 0.0265625 0.2341920375 0.0203125 0.238875878125 0.0203125 0.2459016390625 0.00625 0.26463700156250003 0.003125 0.278688525 0.0015625 0.28805620625 0.00625 0.2903981265625 0.0015625 0.30210772812500003 0.0015625 0.3489461359375 0.00625 0.3723653390625 0.01875 0.3864168625 0.0171875 0.3934426234375 0.0046875 0.400468384375 0.0015625 0.4215456671875 0.0015625 0.5526932078125 0.01875 0.608899296875 0.01875 0.621779859375 0.0079861109375 0.6250325265625001 0.0015625 0.6182669796875 0.003125 1 0.371875 1 0.38125 0.9789227171875 0.3859375 0.93676815 0.38125 0.9086651046875 0.3671875 0.8805620609375 0.3828125 0.8524590156249999 0.3875 0.81030445 0.446875 0.80093676875 0.4484375 0.8384074937499999 0.4609375 0.8711943796874999 0.4765625 0.887587821875 0.4859375 0.8922716625 0.515625 0.8899297421875 0.5296875 0.878220140625 0.56875 0.81030445 0.58125 0.7353629984375 0.5828125 0.7002341921874999 0.5781994046875 0.695104271875 0.584375 0.6861826703125 0.5941220234375 0.6933199515624999 0.5953125 0.6908665109375 0.646875 0.69320843125 0.65625 0.6885245906249999 0.6671875 0.725995315625 0.68125 0.7470726 0.6984375 0.7587822015625 0.7296875 0.75644028125 0.74375 0.7447306796875 0.7640625 0.7142857140625 0.76875 0.7025761125 0.780758928125 0.6099698906250001 0.9037053578125 0.533757109375 0.9125 0.5339578453125 0.9328125 0.599531615625 0.946875 0.6206089 0.9640625 0.6323185015624999 0.9890625 0.6323185015624999 0.9984375 0.6252927406250001 0.9157366078125 0.5296085640625 0.9109375 0.5292740046875 0.8953125 0.473067915625 0.890625 0.4426229515625 0.890625 0.42915690937499995 0.8971923828125 0.42061255781250007 0.9984375 0.4355971890625 0.9953125 0.4215456671875 0.9984375 0.405152225 0.9984375 0.3395784546875 0.99375 0.3255269328125 0.978125 0.3044496484375 0.978125 0.2997658078125 0.9984375 0.2997658078125 0.9734375 0.29742388750000004 0.9625 0.292740046875 0.9634765625 0.288348946875 0.9546875 0.2903981265625 0.953125 0.28805620625 0.956640625 0.281615925 0.929296875 0.254683840625 0.9265625 0.26229508125 0.9203125 0.2505854796875 0.9224609375 0.2479508203125 0.91875 0.248243559375 0.9140625 0.2365339578125 0.9984375 0.067915690625 0.9890625 0.0562060890625 0.9734375 0.0444964875 0.9640625 0.042154567187500006 0.946875 0.030444965624999997 0.9078125 0.023419203125 0.884375 0.014051521875 0.846875 0.0117096015625 0.8296875 0 0.715625 0