1 1 0.59471875 0.9933820453125 0.5790625 0.9611899796875001 0.600734375 0.9467014609375 0.60434375 0.9241753656249999 0.60434375 0.9129227562500001 0.6477031249999999 0.9225678500000001 0.686234375 0.9032776625000001 0.693453125 0.8855741125 0.728375 0.9338413359375 0.79340625 1 0.798234375 1 0.59471875
1 0.685386221875 0.5694375 0.6741544890625 0.573046875 0.688601253125 0.60909375 0.7303340296874999 0.634328125 0.759248434375 0.6151093750000001 0.7415866390625 0.6006875 0.685386221875 0.5694375
1 0.7629645093749999 0.61434375 0.7685177453125001 0.60509375 0.7697494781249999 0.6 0.7710020875 0.58796875 0.7746972859375 0.572703125 0.7722338203125 0.5495625000000001 0.7697494781249999 0.550484375 0.7536951984375 0.56159375 0.7419415453125 0.577328125 0.7363674328125 0.6023125 0.7462630484375 0.6115625 0.755532359375 0.6161875 0.7629645093749999 0.61434375
1 0.6914196234375 0.47921874999999997 0.6504175359375 0.47815624999999995 0.6574739046875 0.5628124999999999 0.6532359078125001 0.5882031249999999 0.639102296875 0.5934999999999999 0.610814196875 0.605140625 0.5966805843749999 0.619953125 0.589603340625 0.644296875 0.6009185796875001 0.666515625 0.616471815625 0.672875 0.6574739046875 0.67921875 0.6235490609375 0.6908593749999999 0.6136534453125 0.72684375 0.6235490609375 0.738484375 0.639102296875 0.754359375 0.658893528125 0.754359375 0.6914196234375 0.74271875 0.7083716078125 0.766 0.728183715625 0.761765625 0.7592901875 0.728953125 0.7734238 0.69403125 0.7988726515625 0.6421875 0.8271607515625 0.597734375 0.781899790625 0.590328125 0.7960542796875 0.564921875 0.8073486437499999 0.536359375 0.762108559375 0.532125 0.7748434234375 0.505671875 0.7649478078125 0.48343749999999996 0.73807933125 0.46439062499999995 0.72392484375 0.48767187500000003 0.721106471875 0.504609375 0.6956576203125 0.50671875 0.6942379953125 0.542703125 0.6843423796875 0.551171875 0.6914196234375 0.47921874999999997
1 0.5321920671875 0.54325 0.5209812109375 0.55615625 0.5140918578125 0.571 0.529603340625 0.598109375 0.53563674375 0.6039218749999999 0.5528810015625 0.600046875 0.5580584546875 0.600046875 0.5675574109375 0.5864843750000001 0.576179540625 0.58584375 0.5744467640625001 0.5690625 0.5770354906249999 0.557453125 0.58392484375 0.544546875 0.5710020874999999 0.56584375 0.55979123125 0.52840625 0.5503131531250001 0.53034375 0.539102296875 0.53421875 0.5321920671875 0.54325
1 0.48678496875 0.48120312500000006 0.4862004171875 0.48503125 0.47881002031250003 0.475671875 0.462317328125 0.479078125 0.45265135624999997 0.491 0.45492693125 0.49781250000000005 0.461753653125 0.50675 0.45832985312499996 0.522078125 0.46402922812499997 0.525484375 0.48223382031249995 0.52634375 0.49018789218750003 0.516125 0.506680584375 0.48206249999999995 0.49929018750000004 0.4841875 0.49645093906250004 0.48631250000000004 0.48678496875 0.48120312500000006
1 0.9954488515625 0.9067031249999999 1 0.802921875 0.9459081421875 0.79253125 0.896388309375 0.802921875 0.8607306890625 0.805875 0.79734864375 0.78809375 0.79734864375 0.8103281250000001 0.8785594984375 0.853328125 0.9082881 0.9096562499999999 0.8825260953124999 0.9393125 0.8508350734375 0.998625 0.9914822546875 1 1 0.9971406249999999 0.9954488515625 0.9067031249999999
1 0.4613778703125 0.5545312499999999 0.4700835078125 0.558859375 0.4758663890625 0.5606718749999999 0.4782881 0.558140625 0.4758663890625 0.5570625 0.46041753593749996 0.546578125 0.4565553234375 0.5451406249999999 0.45463465625 0.54765625 0.4613778703125 0.5545312499999999
1 0.0419102296875 0.21853906250000002 0.0502571140625 0.22237417812500002 0.044723382812500004 0.22726953125 0.0549148453125 0.22947286249999999 0.0595725734375 0.2365715453125 0.047536534375 0.236 0.0427139875 0.25406249999999997 0.010542796875 0.26009375 0.013757828125 0.272125 0.1015164171875 0.32030681875 0.0943674328125 0.326559375 0.0234029234375 0.304640625 0.028246346875 0.39256250000000004 0.0588100203125 0.41303124999999996 0.0539874734375 0.4335 0.0893736953125 0.4335 0.09743215 0.41303124999999996 0.11995824687500001 0.38292187499999997 0.12478079375 0.33595312499999996 0.11464300624999998 0.332821875 0.1201230625 0.328854440625 0.11029227500000001 0.325125 0.12317327812500001 0.3166875 0.11834551093750001 0.3082578125 0.110807603125 0.314657071875 0.10149214375 0.3004597046875 0.1135177453125 0.299828125 0.10868997968750001 0.2913984375 0.0968344140625 0.2933610203125 0.092176684375 0.2862623359375 0.10386221250000001 0.28296875 0.09743215 0.274546875 0.129603340625 0.25406249999999997 0.111899790625 0.23479687500000002 0.0781210859375 0.232390625 0.0684551140625 0.201078125 0.036283925 0.201078125 0.04094165625 0.208176809375 0.0390970765625 0.20980859375 0.045599384375 0.21527549375000002 0.0419102296875 0.21853906250000002
1 0.629958246875 0.576625 0.6116910234375 0.53378125 0.6055949890625001 0.5237499999999999 0.59707724375 0.5410625 0.5909812109375 0.5346875 0.5788100203125001 0.552921875 0.5751565765625 0.58846875 0.5654070984375 0.589390625 0.561753653125 0.601234375 0.5727139875 0.605796875 0.5763674328125 0.589390625 0.587327765625 0.5985 0.629958246875 0.576625
1 0.43235908125 0.48931250000000004 0.430459290625 0.491296875 0.42895615937500003 0.493421875 0.42649269375000004 0.498640625 0.4234864296875 0.5016093749999999 0.42292275625000003 0.505 0.42555323593749994 0.5079687500000001 0.4272651359375 0.509390625 0.429895615625 0.505140625 0.43423799531249996 0.50303125 0.44198329843749995 0.5041562500000001 0.446889353125 0.5016093749999999 0.44782880937499997 0.4968125 0.4472651359375 0.49539062500000003 0.4434864296875 0.48860937499999996 0.44085595 0.48804687500000005 0.4361377875 0.48860937499999996 0.43235908125 0.48931250000000004
1 0.6058663890625 0.52134375 0.604321503125 0.519609375 0.604321503125 0.5176875 0.6048434234375 0.515015625 0.608183715625 0.5121249999999999 0.6156158656249999 0.5104062500000001 0.6074112734375 0.5035000000000001 0.6010020875000001 0.497171875 0.5958663890625 0.492 0.593319415625 0.4921875 0.5902296453125 0.491796875 0.5869102296875 0.492953125 0.580751565625 0.498515625 0.5753653437499999 0.50734375 0.575887265625 0.5148125 0.5779331937500001 0.51903125 0.5743423796875 0.5211406249999999 0.5722964515625 0.52440625 0.5750104390625 0.5270312500000001 0.5785177453125 0.5273125000000001 0.5835699375 0.528765625 0.590542796875 0.5299375000000001 0.5928810015625 0.530796875 0.6014196234375 0.531390625 0.6010020875000001 0.530546875 0.6061169109375 0.522484375 0.6058663890625 0.52134375
1 0.5087682671875 0.5795312499999999 0.5106263046875 0.5812968749999999 0.51377870625 0.58525 0.516680584375 0.58465625 0.518246346875 0.5807187500000001 0.515887265625 0.575390625 0.5143006265625 0.561984375 0.5172025046875001 0.566921875 0.5187891437500001 0.563171875 0.520104384375 0.56021875 0.520897703125 0.55528125 0.526680584375 0.547796875 0.5277244265625 0.5452343749999999 0.5269519828125 0.5430625 0.523256784375 0.541296875 0.521670146875 0.54246875 0.5206263046874999 0.544640625 0.5206263046874999 0.5469999999999999 0.521148225 0.55015625 0.5206263046874999 0.552125 0.5164091859375 0.5505625000000001 0.5077244265624999 0.5430625 0.5048225468750001 0.5430625 0.4998121078125 0.543453125 0.4958663890625 0.5430625 0.49402922812499994 0.541875 0.491398746875 0.54109375 0.48901878906249996 0.541296875 0.485323590625 0.54109375 0.48400835000000003 0.5430625 0.48480167031250004 0.5491718750000001 0.486388309375 0.552125 0.4869102296875 0.554296875 0.4869102296875 0.5556875 0.48822547031249997 0.558828125 0.4903340296875 0.561390625 0.49507306875 0.564359375 0.505615865625 0.5684843749999999 0.5058663890624999 0.573421875 0.5064091859375 0.575984375 0.5087682671875 0.5795312499999999
1 0.2359081421875 0.490625 0.24843423750000002 0.490625 0.25260960312499997 0.4875 0.25469728593749996 0.4734375 0.2693110640625 0.4609375 0.4154488515625 0.5203125 0.41753653437500005 0.5546875 0.4237995828125 0.559375 0.42797494843750006 0.559375 0.43841336093749994 0.5671875 0.471816284375 0.5671875 0.4712943625 0.573828125 0.47599165 0.58125 0.4697286015625 0.5859375 0.4697286015625 0.5953125 0.47599165 0.6 0.49478079375000006 0.6 0.49478079375000006 0.6046875 0.48851774531250003 0.609375 0.48851774531250003 0.61875 0.49478079375000006 0.6234375 0.5073068890625 0.6234375 0.5121781484375 0.6208333328125 0.52192066875 0.628125 0.52192066875 0.640625 0.5114822546875 0.646875 0.5114822546875 0.65625 0.5302713984375 0.678125 0.5260960328125 0.6859375 0.5135699375 0.6859375 0.5073068890625 0.690625 0.5073068890625 0.7 0.5135699375 0.7046875 0.5260960328125 0.7046875 0.53235908125 0.6984375 0.5407098125 0.6953125 0.5550916265625 0.7145833328125 0.5657620046875 0.7171875 0.5576432375 0.7229166671875 0.574112734375 0.76875 0.55949895625 0.7765625 0.55949895625 0.7875 0.5657620046875 0.7921875 0.5782881 0.7921875 0.5887265140625 0.7859375 0.59707724375 0.7859375 0.61377870625 0.7796875 0.6278705640625 0.801953125 0.631364778125 0.8030985171875 0.63256785 0.809375 0.6242171187500001 0.815625 0.61377870625 0.8203125 0.59707724375 0.8203125 0.590814196875 0.825 0.590814196875 0.834375 0.59707724375 0.8390625 0.6430062624999999 0.8375 0.6576200421875 0.834375 0.6617954078125 0.85 0.6680584546875 0.8546875 0.682672234375 0.8546875 0.68893528125 0.8484375 0.6847599171875001 0.8234375 0.6868475984375 0.8171875 0.6951983296875001 0.8171875 0.701461378125 0.8109375 0.701461378125 0.8046875 0.6910229640625001 0.79375 0.7035490609374999 0.79375 0.7139874734375 0.7875 0.7202505218749999 0.778125 0.7181628390625 0.76875 0.7139874734375 0.765625 0.6993736953125 0.765625 0.6847599171875001 0.778125 0.68893528125 0.7875 0.6847599171875001 0.7890625 0.6868475984375 0.79375 0.6764091859375 0.79375 0.6701461375 0.7984375 0.6680584546875 0.80625 0.6430062624999999 0.80625 0.633134 0.7874205515625 0.6658646203125 0.49737817812499996 0.8152400828124999 0.5078125 0.8141962421875 0.5171875 0.8225469734375 0.521875 0.830897703125 0.53125 0.8329853859374999 0.5390625 0.8392484343750001 0.54375 0.8517745296875001 0.54375 0.8789144046875 0.5109375 0.8789144046875 0.4875 0.8726513562499999 0.48125 0.8684759921874999 0.4703125 0.8643006265625001 0.4671875 0.8517745296875001 0.4671875 0.830897703125 0.4890625 0.82463465625 0.4890625 0.8162839249999999 0.4984375 0.6904043921875 0.3532986109375 0.701461378125 0.3421875 0.701461378125 0.3359375 0.6951983296875001 0.3265625 0.6805845515625 0.315625 0.6680584546875 0.315625 0.6617954078125 0.3203125 0.28061510156249997 0.4057545734375 0.27348642968750003 0.4109375 0.2705840421875 0.4080030484375 0.26055298125 0.41025152499999995 0.25678496875 0.4078125 0.2505219203125 0.4125 0.25260960312499997 0.43125 0.22129436249999998 0.45 0.2233820453125 0.484375 0.2359081421875 0.490625