2 0.20642 0.5927927921875 0.21422 0.5927927921875 0.34448 0.446096096875 0.37988 0.41207207187500006 0.40112 0.3854954953125 0.42094 0.352552553125 0.42094 0.34615615625 0.4082 0.3429729734375 0.36926000000000003 0.37168168125 0.31686000000000003 0.41843843906249995 0.24394 0.47477477500000004 0.18872 0.518378378125 0.19156 0.5449549546875 0.20076 0.5725825828125 0.20642 0.5927927921875
2 0.22056 0.605075075 0.20036 0.636366365625 0.20622 0.6559459453125001 0.21274 0.674534534375 0.2238 0.6872372375 0.23357999999999998 0.695075075 0.24074 0.70093093125 0.27528 0.647147146875 0.32348 0.5600900906249999 0.37754 0.48183183124999995 0.41208 0.4143543546875 0.42446 0.38012012031250003 0.43292 0.35270270312499996 0.43944 0.3321621625 0.43814000000000003 0.33141141093750004 0.40492 0.3793393390625 0.32414 0.4790990984375 0.27528 0.5358258265625 0.22056 0.605075075
2 0.5198400000000001 0.57690690625 0.53528 0.679609609375 0.5396799999999999 0.7732132125 0.55458 0.783153153125 0.56838 0.785615615625 0.57996 0.78645645625 0.58602 0.785615615625 0.60146 0.779009009375 0.6092 0.7707207203124999 0.6103 0.761621621875 0.5921000000000001 0.66801801875 0.58934 0.6555855859374999 0.56506 0.5851951953125 0.54742 0.50153153125 0.5198400000000001 0.44108108125 0.51432 0.398828828125 0.51542 0.35741741718750003 0.51432 0.33093093125 0.50438 0.3433333328125 0.49722 0.390540540625 0.49832 0.41540540468750003 0.50438 0.49159159218750004 0.5198400000000001 0.57690690625
2 0.59866 0.36816816874999997 0.7064 0.43108108125 0.81866 0.48726726718749996 0.82764 0.3996396390625 0.56124 0.31198198125 0.5343 0.3097297296875 0.54626 0.3277177171875 0.5357999999999999 0.336696696875 0.59866 0.36816816874999997
2 0.42654 0.30786786718750003 0.42203999999999997 0.2988888890625 0.2245 0.4 0.15564 0.44495495468749996 0.17809999999999998 0.5190990984375 0.40557999999999994 0.3415615609375 0.43251999999999996 0.3370870875 0.42654 0.30786786718750003
2 0.3305 0.7078678671875 0.34252 0.6741741734375 0.3706 0.6067267265625 0.40027999999999997 0.516396396875 0.43635999999999997 0.4008108109375 0.43958 0.391171171875 0.4468 0.3502102109375 0.43878000000000006 0.343003003125 0.40187999999999996 0.43330330312500004 0.3706 0.5091891890625 0.32488 0.5994894890625 0.2928 0.6596997 0.29359999999999997 0.6729429421875001 0.31766 0.7078678671875 0.3305 0.7078678671875
2 0.61722 0.469459459375 0.5776600000000001 0.4170570578125 0.5253 0.3629129125 0.52064 0.37339339374999997 0.56486 0.44327327343749995 0.59046 0.50093093125 0.68818 0.621471471875 0.74868 0.6965765765625 0.77196 0.6633933937500001 0.78126 0.6284384390625 0.77778 0.6266966968750001 0.7766200000000001 0.6196997 0.6916800000000001 0.53585585625 0.61722 0.469459459375
2 0.36668 0.7415615609375 0.38464 0.74831831875 0.3966 0.7528228234375 0.41007999999999994 0.746066065625 0.41906 0.7078678671875 0.44000000000000006 0.5438138140625 0.46396 0.4202102109375 0.48041999999999996 0.37078078125 0.45946 0.36630630625 0.44898 0.37753753749999996 0.40858 0.5101201203125 0.4011 0.534834834375 0.4011 0.5550450453125 0.38761999999999996 0.6022522515625 0.36818 0.7145945953124999 0.36218 0.7213513515625001 0.36218 0.7393393390624999 0.36668 0.7415615609375
2 0.57632 0.41630630625 0.6180399999999999 0.45603603593750003 0.687 0.5102102109375 0.75838 0.5764564562500001 0.7872600000000001 0.6053453453125 0.8049 0.572852853125 0.82014 0.5391291296875 0.79608 0.5258858859375 0.6806 0.44159159218750005 0.606 0.3717417421875 0.5546800000000001 0.34042042031249997 0.5242 0.335615615625 0.51698 0.3512612609375 0.5234 0.3609009015625 0.54024 0.3753453453125 0.57632 0.41630630625
2 0.6824600000000001 0.6831531531249999 0.67048 0.6494294296875001 0.6450400000000001 0.5977477484375 0.53878 0.4022522515625 0.52532 0.37753753749999996 0.5193399999999999 0.4022522515625 0.52382 0.4179879875 0.54028 0.4674174171875 0.63308 0.7303303296875 0.65552 0.734834834375 0.67648 0.7101201203125 0.6824600000000001 0.6831531531249999
2 0.49820000000000003 0.48570570625 0.49820000000000003 0.3870270265625 0.4809 0.36624624687499996 0.46188 0.4129729734375 0.43766 0.7506606609375 0.46014 0.766246246875 0.50166 0.766246246875 0.50512 0.7610510515625 0.50686 0.7090990984375 0.49820000000000003 0.48570570625