2 0.40330065312499996 0.7382026140625 0.377352940625 0.7641503265625 0.370277778125 0.7830228765625 0.377352940625 0.794803921875 0.39857843125 0.8136764703124999 0.419803921875 0.830196078125 0.5 0.8820751640625 0.528300653125 0.8962254906249999 0.5424509796875 0.8867973859375 0.6132026140625 0.82547385625 0.5778267968749999 0.79952614375 0.5589542484375001 0.7830228765625 0.5471732031250001 0.7759477125 0.521225490625 0.754722221875 0.47642156875 0.7240522875 0.452826796875 0.7122712421874999 0.429248365625 0.7146241828125001 0.419803921875 0.721699346875 0.40330065312499996 0.7382026140625
2 0.268382353125 0.8548366015625 0.28678104531250004 0.8692973859375 0.30650326875 0.8824509796875001 0.35382352968749997 0.8929575156249999 0.372222221875 0.9061111109375 0.3853594765625 0.9205555562500001 0.4090196078125 0.9389705875000001 0.42874182968749996 0.9547385625 0.4458333328125 0.9691993468750001 0.46160130781250003 0.9915359484374999 0.47606209218749995 0.9928594765625001 0.4852614375 0.977091503125 0.4905228765625 0.9678758171874999 0.50892156875 0.953431371875 0.516813725 0.940277778125 0.51418300625 0.9297712421875 0.4813235296875 0.911356209375 0.4642320265625 0.8942810453125001 0.4484640515625 0.8837581703125 0.4274183 0.8692973859375 0.40508170000000004 0.8508986921874999 0.3853594765625 0.8338071890625001 0.369591503125 0.8206699343749999 0.359068628125 0.80883986875 0.338039215625 0.8022549015625 0.3157026140625 0.810147059375 0.3038725484375 0.810147059375 0.29334967343749996 0.812777778125 0.2828431375 0.818039215625 0.26968954218749996 0.823300653125 0.2670588234375 0.8377450984375001 0.2617973859375 0.83513071875 0.2604901953125 0.8364379078124999 0.268382353125 0.8548366015625
2 0.5135294125 0.9644771234375 0.508300653125 0.9941176468749999 0.5222385625 0.9941176468749999 0.611143790625 0.99236928125 0.6564705875 0.9906372546875 0.6948202609374999 0.9906372546875 0.7471078437500001 0.99236928125 0.78370915 0.9993464046874999 0.7993954249999999 0.9801633984375 0.8394934640624999 0.9644771234375 0.876094771875 0.933104575 0.6826143796874999 0.7622875812500001 0.6338071890625 0.776225490625 0.6146241828125001 0.812826796875 0.539673203125 0.8877941171874999 0.523986928125 0.9017320265625001 0.5187581703124999 0.9313725484375001 0.5135294125 0.9644771234375
2 0.24495097968750001 0.7793954249999999 0.2741503265625 0.8243464046875 0.34831699375 0.7906372546875 0.391013071875 0.72771241875 0.45168300625 0.7029901953125 0.5011274515624999 0.6805228765625 0.48764705937499997 0.6423202609375 0.4359477125 0.5771568625 0.23594771250000002 0.7299673203125 0.2292156859375 0.7389542484375 0.23370915 0.745686275 0.24495097968750001 0.7793954249999999
2 0.2279901953125 0.83379085 0.2572058828125 0.806830065625 0.22349673124999997 0.7416503265625 0.1763071890625 0.7483986921875 0.0347385625 0.83379085 0.1021568625 0.9371568625 0.1021568625 0.9416503265625 0.138104575 0.8967156859375001 0.1583333328125 0.8944607843749999 0.171813725 0.88323529375 0.2279901953125 0.83379085
2 0.999379084375 0.694248365625 0.999379084375 0.51426470625 0.9886274515625001 0.527957515625 0.9719934640625001 0.5915359484375 0.9553758171875 0.6854411765624999 0.9534150328125 0.6864215687499999 0.985686275 0.6981535953125 0.999379084375 0.694248365625
2 0.53305555625 0.5087581703125 0.6840522874999999 0.5719934640625 0.6827614375 0.571356209375 0.7685947718749999 0.5887745093750001 0.7685947718749999 0.5791013078125 0.7647222218749999 0.5745751640625001 0.7582679734375 0.5410294125 0.75892156875 0.5397385625 0.7350326796875 0.5319934640625 0.6943790843750001 0.5197222218750001 0.5556372546875 0.4500326796875 0.5582189546875 0.44745097968750003 0.50400326875 0.4803594765625 0.53305555625 0.5087581703125
2 0.4404248359375 0.30102941250000004 0.4464379078125 0.3335457515625 0.5957679734375 0.37568627499999996 0.6150326796875001 0.3744771234375 0.631895425 0.3528104578125 0.6210620921875 0.3311274515625 0.599379084375 0.3178758171875 0.48137254843750005 0.2938071890625 0.44403594843749994 0.282957515625 0.4464379078125 0.269722221875 0.44764705937500004 0.2444281046875 0.40550653593749997 0.22996732031249997 0.2573856203125 0.214313725 0.24895424843749997 0.22274509843749998 0.253774509375 0.24924836562500002 0.252565359375 0.268513071875 0.366960784375 0.3178758171875 0.40429738593750003 0.3130718953125 0.4404248359375 0.30102941250000004
2 0.11308823593749999 0.3999673203125 0.13328431406250002 0.3755228765625 0.160931371875 0.314934640625 0.20875817031250002 0.2490359484375 0.21300653593750002 0.2224509796875 0.1885620921875 0.21820261406250002 0.160931371875 0.23946078437499999 0.12478758125 0.30962418281250004 0.088643790625 0.38295751562499997 0.095016340625 0.403169934375 0.1067156859375 0.40741829999999996 0.11308823593749999 0.3999673203125
2 0.8921078437500001 0.2312581703125 0.8888071890625 0.200408496875 0.8292973859374999 0.101225490625 0.8215849671875001 0.09681372499999999 0.777516340625 0.09681372499999999 0.7686928109375 0.1067320265625 0.7598692812500001 0.1309803921875 0.8359150328125 0.2665196078125 0.85133986875 0.2654248359375 0.870065359375 0.2555065359375 0.8921078437500001 0.2312581703125
2 0.26066993437499997 0.008986928125 0.175277778125 0.0314542484375 0.042696078124999995 0.0831535953125 0.029215685937500003 0.121356209375 0.0831535953125 0.1685457515625 0.11910130781249999 0.19774509843750002 0.11910130781249999 0.2314542484375 0.11910130781249999 0.24718954218750003 0.191013071875 0.23370915 0.1955065359375 0.2314542484375 0.2134803921875 0.2292156859375 0.21797385625 0.25393790781250003 0.22472222187500002 0.258431371875 0.24718954218750003 0.242696078125 0.26516339843750003 0.2224673203125 0.29663398750000003 0.208986928125 0.34831699375 0.19774509843750002 0.391013071875 0.173039215625 0.4898856203125 0.1707843140625 0.505620915625 0.16179738593749998 0.46965686250000005 0.105620915625 0.46292483593749995 0.0202287578125 0.4674183 0 0.294379084375 0.0044934640625 0.26066993437499997 0.008986928125
2 0.8359477125 0.658431371875 0.8471895421875001 0.626960784375 0.8382026140625 0.6044934640624999 0.826960784375 0.593251634375 0.8314542484375 0.5640522875 0.83370915 0.5101143796875001 0.8022549015625 0.49214052343750003 0.773039215625 0.49214052343750003 0.7460620921875 0.5101143796875001 0.7707843140625 0.6134803921875001 0.78426470625 0.64944444375 0.8022549015625 0.6674183 0.8359477125 0.658431371875
2 0.8935130718750001 0.22857843125000002 0.8935130718750001 0.23117647031250002 0.98960784375 0.35844771249999996 0.9922058828125 0.29870915 0.8779248359375 0.18441176406249998 0.8935130718750001 0.22857843125000002