1 0.4306875 0.14595833281249998 0.41568750000000004 0.137375 0.41568750000000004 0.1531041671875 0.42212500000000003 0.2130833328125 0.431765625 0.20881249999999998 0.437125 0.187375 0.4306875 0.14595833281249998
1 0.29759375 0.1125416671875 0.29759375 0.124125 0.296921875 0.1348333328125 0.296921875 0.1366041671875 0.29759375 0.1432916671875 0.30093749999999997 0.1486458328125 0.30293749999999997 0.14997916718749998 0.309625 0.1535416671875 0.3143125 0.1562291671875 0.31832812499999996 0.1602291671875 0.32401562500000003 0.16158333281249998 0.33068749999999997 0.16112500000000002 0.33771874999999996 0.16158333281249998 0.34440624999999997 0.1620208328125 0.34875 0.1584583328125 0.352765625 0.15577083281249998 0.35409375 0.1553333328125 0.35343749999999996 0.150875 0.35176562499999997 0.1473125 0.34740625 0.14016666718749998 0.3440625 0.1348333328125 0.3410625 0.1299166671875 0.33771874999999996 0.1250208328125 0.334375 0.1196666671875 0.332703125 0.11610416718750001 0.330359375 0.1112083328125 0.3286875 0.1053958328125 0.32634375000000004 0.1018333328125 0.325015625 0.097375 0.31832812499999996 0.0915833328125 0.3153125 0.0951458328125 0.30628125 0.0987083328125 0.2999375 0.1027291671875 0.29759375 0.1125416671875
1 0.28125 0.1039583328125 0.27815625 0.10745833281249999 0.274078125 0.11383333281250001 0.27335937499999996 0.1224583328125 0.27528125000000003 0.13425 0.27790625 0.14891666718750002 0.283890625 0.1613541671875 0.291296875 0.1696458328125 0.29440625 0.1623125 0.29943749999999997 0.1565625 0.2991875 0.1457291671875 0.297515625 0.1396666671875 0.295375 0.1326458328125 0.2925 0.11510416718750001 0.28700000000000003 0.1068333328125 0.28507812499999996 0.10077083281250002 0.284609375 0.0994791671875 0.28340624999999997 0.0994791671875 0.28125 0.1039583328125
1 0.40735937499999997 0.1050833328125 0.412140625 0.1322291671875 0.428296875 0.1505833328125 0.437875 0.15377083281249998 0.451046875 0.16654166718750002 0.458828125 0.1633333328125 0.4731875 0.1561666671875 0.466015625 0.1521666671875 0.45703125 0.1354166671875 0.443859375 0.1154583328125 0.439078125 0.09231249999999999 0.434890625 0.0843333328125 0.438390625 0.0794791671875 0.43140625000000005 0.0717291671875 0.42209375 0.0825833328125 0.416328125 0.0883333328125 0.40735937499999997 0.1050833328125
1 0.457921875 0.1308125 0.457921875 0.1347291671875 0.46378125 0.1518541671875 0.47112499999999996 0.15575 0.4571875 0.1645625 0.457921875 0.1811875 0.47112499999999996 0.19683333281249998 0.47553124999999996 0.1929375 0.48139062499999996 0.19195833281250002 0.482859375 0.1860833328125 0.48615624999999996 0.1855833328125 0.48909375 0.1860833328125 0.49643750000000003 0.18216666718750002 0.504875 0.1914583328125 0.5114687499999999 0.18902083281249998 0.5158750000000001 0.18314583281250002 0.511109375 0.145 0.502671875 0.1308125 0.501203125 0.12935416718749998 0.45865625000000004 0.1347291671875 0.457921875 0.1308125
1 0.44790625000000006 0.1744791671875 0.44907812500000005 0.1872291671875 0.44965625 0.1891666671875 0.45065625000000004 0.1895416671875 0.455015625 0.1911041671875 0.45689062500000005 0.1908958328125 0.45689062500000005 0.1891666671875 0.45689062500000005 0.1826041671875 0.456171875 0.177 0.454859375 0.166375 0.45065625000000004 0.1657916671875 0.4463125 0.1628958328125 0.447046875 0.1636666671875 0.44718749999999996 0.1677291671875 0.44790625000000006 0.1744791671875
1 0.408921875 0.159375 0.40604687500000003 0.1632083328125 0.40629687499999995 0.1827083328125 0.40653125 0.1942291671875 0.408203125 0.2038125 0.41659375 0.2194791671875 0.419234375 0.2201041671875 0.421390625 0.21212499999999998 0.421390625 0.2038125 0.41946874999999995 0.1807916671875 0.41420312499999995 0.1526666671875 0.41107812499999996 0.1446875 0.408921875 0.159375
1 0.282765625 0.20074999999999998 0.28835937500000003 0.21381250000000002 0.307484375 0.2399375 0.314015625 0.24241666718750002 0.31820312500000003 0.23743750000000002 0.319140625 0.22935416718749999 0.3116875 0.22004166718749998 0.30375 0.2094583328125 0.29676562500000003 0.1995208328125 0.2935 0.1715416671875 0.284640625 0.1765 0.28184375 0.1883125 0.282765625 0.20074999999999998
1 0.354515625 0.1541666671875 0.352125 0.1581458328125 0.34734375 0.1629166671875 0.34734375 0.1685 0.34973437500000004 0.1820208328125 0.35690625 0.19477083281250002 0.362875 0.19477083281250002 0.36884375 0.1907916671875 0.366453125 0.1852083328125 0.36526562500000004 0.16212500000000002 0.354515625 0.1366458328125 0.35271875 0.13983333281250002 0.350328125 0.1485833328125 0.354515625 0.1541666671875
3 0.5775 0.34808333281250003 0.58034375 0.3488333328125 0.582609375 0.3450625 0.582609375 0.3367291671875 0.578359375 0.3291666671875 0.5706875 0.3276458328125 0.564171875 0.3310625 0.5624687500000001 0.3408958328125 0.56303125 0.3488333328125 0.5681406250000001 0.3499791671875 0.570125 0.34581249999999997 0.574390625 0.3450625 0.5775 0.34808333281250003
3 0.446984375 0.29125 0.44725000000000004 0.2888125 0.450640625 0.2870833328125 0.45610937500000004 0.28777083281250004 0.458453125 0.28672916718749997 0.45896875000000004 0.2843125 0.45949999999999996 0.2804791671875 0.45896875000000004 0.27770833281249996 0.45740625 0.27491666718749996 0.45610937500000004 0.2735416671875 0.45428125 0.2728333328125 0.450375 0.2717916671875 0.446203125 0.27214583281250004 0.44490625 0.275625 0.443078125 0.2808333328125 0.443859375 0.2853541671875 0.443859375 0.2891666671875 0.44439062500000004 0.2888125 0.44517187500000005 0.29125 0.446984375 0.29125
3 0.46159375 0.3007916671875 0.462265625 0.3049166671875 0.46490625 0.3075625 0.46865625 0.3043333328125 0.47329687500000006 0.30314583281249996 0.47748437499999996 0.30343749999999997 0.477921875 0.2969791671875 0.4759375 0.291375 0.473734375 0.2884375 0.473953125 0.2890416671875 0.470421875 0.2855 0.46490625 0.289625 0.462265625 0.2949166671875 0.46159375 0.3007916671875
3 0.507671875 0.296 0.498828125 0.296 0.46875 0.3054166671875 0.46875 0.3125 0.47582812499999994 0.329 0.47935937500000003 0.3360833328125 0.48643749999999997 0.3431666671875 0.5023593749999999 0.35731250000000003 0.5094375 0.3549583328125 0.520046875 0.3526041671875 0.5288906250000001 0.347875 0.5395 0.3431666671875 0.54834375 0.3431666671875 0.5571875000000001 0.3431666671875 0.56603125 0.3337291671875 0.5695781249999999 0.33137500000000003 0.5695781249999999 0.3125 0.5554218750000001 0.3077916671875 0.54128125 0.3007083328125 0.5395 0.3007083328125 0.507671875 0.296
3 0.477515625 0.2895416671875 0.47726562499999997 0.2931458328125 0.47874999999999995 0.2966041671875 0.48046875 0.29825 0.48528125 0.29512499999999997 0.487375 0.2925 0.48896875 0.28970833281249997 0.48984375 0.2849375 0.48984375 0.2829791671875 0.48934375 0.2824791671875 0.48873437500000005 0.2824791671875 0.48687500000000006 0.2806666671875 0.48404687500000004 0.2811666671875 0.479 0.28577083281250004 0.477515625 0.2895416671875
3 0.44504687499999995 0.2964583328125 0.44315625000000003 0.2892708328125 0.436171875 0.2865625 0.42976562500000004 0.2954791671875 0.429625 0.2974166671875 0.43034375 0.305375 0.434859375 0.3082916671875 0.43820312499999997 0.30325 0.444171875 0.3026666671875 0.44504687499999995 0.2964583328125
3 0.47406249999999994 0.2816875 0.471515625 0.27491666718749996 0.46453125 0.2752083328125 0.46135937499999996 0.2768958328125 0.45903124999999995 0.28225 0.46306250000000004 0.2890208328125 0.46834375 0.2873333328125 0.470671875 0.2867708328125 0.47406249999999994 0.2816875
1 0.37746875 0.0855833328125 0.383125 0.1197708328125 0.38992187500000003 0.1479375 0.40689062500000006 0.1595 0.40575 0.1529583328125 0.40953125 0.1479375 0.41556249999999995 0.15195833281249999 0.41556249999999995 0.1393958328125 0.41518750000000004 0.137875 0.41178125000000004 0.13033333281249998 0.408390625 0.1062083328125 0.41028125 0.0991666671875 0.41556249999999995 0.091125 0.40915625 0.0715 0.39934375 0.0594375 0.38992187500000003 0.06597916718749999 0.379734375 0.0674791671875 0.37746875 0.0855833328125
0 0.404265625 0.39468749999999997 0.40521874999999996 0.3887291671875 0.40043749999999995 0.3827708328125 0.395 0.383625 0.3918125 0.387875 0.3918125 0.3904375 0.3918125 0.3968125 0.39084375 0.4023541671875 0.39915625 0.4091666671875 0.40490624999999997 0.40491666718749997 0.40234375 0.4019166671875 0.404265625 0.39468749999999997
0 0.34954687500000003 0.3496458328125 0.350984375 0.3396458328125 0.34562499999999996 0.3325208328125 0.336171875 0.3339375 0.33421875 0.3413125 0.334390625 0.3465625 0.340640625 0.349875 0.34028125 0.350125 0.343484375 0.3529791671875 0.34954687500000003 0.3496458328125
0 0.5684218750000001 0.41158333281250004 0.567453125 0.40318750000000003 0.56065625 0.39929166718750003 0.553390625 0.40189583281249996 0.5495 0.4154583328125 0.55775 0.4251666671875 0.56503125 0.4258125 0.5684218750000001 0.41158333281250004
0 0.341609375 0.3494791671875 0.341609375 0.3559791671875 0.3491875 0.3556041671875 0.35675 0.35525 0.36296875 0.3621041671875 0.37028125 0.361375 0.377578125 0.36535416718749997 0.38460937500000003 0.36931250000000004 0.393796875 0.36175 0.392984375 0.3577708328125 0.39325 0.34625 0.394875 0.3365 0.404609375 0.3325416671875 0.404890625 0.3246041671875 0.400828125 0.3173958328125 0.38487499999999997 0.3202916671875 0.379203125 0.3195625 0.372703125 0.3195625 0.36865625 0.321 0.361078125 0.3238958328125 0.3491875 0.3220833328125 0.343234375 0.32243750000000004 0.341609375 0.32858333281249996 0.341609375 0.3325416671875 0.341609375 0.3494791671875
0 0.58046875 0.3842708328125 0.573625 0.3784583328125 0.56490625 0.3801041671875 0.562421875 0.3933958328125 0.5661562499999999 0.41 0.56678125 0.4058541671875 0.58046875 0.40418750000000003 0.58046875 0.3842708328125
0 0.45210937500000004 0.44077083281249996 0.45543750000000005 0.43854166718750004 0.4564375 0.43277083281250006 0.454765625 0.42300000000000004 0.44910937500000003 0.418125 0.44079687500000003 0.4247916671875 0.43379687499999997 0.4301041671875 0.43346875 0.44341666718750006 0.438796875 0.44697916718749997 0.446109375 0.4460833328125 0.44810937500000003 0.44475 0.45210937500000004 0.44077083281249996
0 0.543453125 0.3903333328125 0.5387187499999999 0.3973333328125 0.5376562500000001 0.4036458328125 0.5387187499999999 0.4134791671875 0.545546875 0.41627083281250005 0.5523906249999999 0.4141666671875 0.556078125 0.4008541671875 0.555546875 0.3910416671875 0.545546875 0.389625 0.543453125 0.3903333328125
3 0.578421875 0.2871666671875 0.582546875 0.2973541671875 0.58371875 0.303625 0.586359375 0.31185416718750003 0.598109375 0.3134166671875 0.601640625 0.3098958328125 0.604578125 0.3087291671875 0.606046875 0.30714583281249996 0.605453125 0.3024583328125 0.6028125 0.2938333328125 0.59840625 0.2922708328125 0.5978125000000001 0.28912499999999997 0.595171875 0.2836458328125 0.5919375 0.2781666671875 0.585765625 0.27229166718750003 0.5801875 0.2675833328125 0.57665625 0.2675833328125 0.575484375 0.2691458328125 0.573140625 0.2691458328125 0.5684375 0.27110416718749997 0.5646093750000001 0.27229166718750003 0.561671875 0.27149999999999996 0.5546249999999999 0.2703333328125 0.549921875 0.2699375 0.541109375 0.2703333328125 0.541984375 0.2726875 0.544640625 0.28091666718749997 0.5510937499999999 0.2816875 0.557265625 0.2816875 0.570484375 0.2797291671875 0.57196875 0.280125 0.578421875 0.2871666671875
3 0.4335625 0.2881041671875 0.43462500000000004 0.28872916718749997 0.4415625 0.28791666718750003 0.44368749999999996 0.28791666718750003 0.443984375 0.2862916671875 0.44428124999999996 0.281875 0.44564062499999996 0.2774375 0.44564062499999996 0.2748125 0.44142187499999996 0.2722083328125 0.43884375000000003 0.2722083328125 0.437796875 0.2726041671875 0.435828125 0.274625 0.43537499999999996 0.2744166671875 0.4325 0.2778333328125 0.43174999999999997 0.281875 0.432359375 0.2861041671875 0.4335625 0.2881041671875
0 0.5504374999999999 0.45081249999999995 0.560625 0.4530833328125 0.560625 0.42933333281249997 0.547046875 0.42933333281249997 0.54365625 0.438375 0.5504374999999999 0.45081249999999995
0 0.302171875 0.4163125 0.30842187499999996 0.42024999999999996 0.313578125 0.41974999999999996 0.316890625 0.4182708328125 0.32020312500000003 0.4217083328125 0.323890625 0.4143541671875 0.32940625 0.413375 0.33382812500000003 0.4099375 0.33309375 0.42416666718749996 0.337140625 0.42416666718749996 0.3415625 0.42612500000000003 0.345609375 0.4212291671875 0.350390625 0.4217083328125 0.353703125 0.4217083328125 0.358859375 0.4222083328125 0.3618125 0.4168125 0.362171875 0.41041666718750003 0.358859375 0.40454166718750006 0.362171875 0.40158333281249997 0.36328125 0.3981458328125 0.3618125 0.39127083281249997 0.35665625 0.38293750000000004 0.358859375 0.38293750000000004 0.366953125 0.3868541671875 0.377640625 0.3883333328125 0.37910937499999997 0.3770416671875 0.37615625 0.3696875 0.36843750000000003 0.3672291671875 0.362171875 0.3687083328125 0.358859375 0.3672291671875 0.35296875 0.36672916718750004 0.34928125 0.37066666718749997 0.34303125 0.36331250000000004 0.338984375 0.36575 0.33382812500000003 0.37066666718749997 0.329046875 0.3672291671875 0.32351562500000003 0.3677291671875 0.32020312500000003 0.37164583281249997 0.31615625 0.3682083328125 0.3076875 0.3691875 0.304375 0.3745833328125 0.30584375 0.38047916718749997 0.310640625 0.38195833281249997 0.307328125 0.3868541671875 0.304015625 0.3952083328125 0.304015625 0.40356249999999994 0.2944375 0.40454166718750006 0.29075 0.40895833281250005 0.29075 0.4172916671875 0.29296875 0.4212291671875 0.2944375 0.4212291671875 0.297375 0.41974999999999996 0.302171875 0.4163125
0 0.727234375 0.5715 0.723046875 0.5778958328125 0.7194375 0.5870833328125 0.7170468750000001 0.5986666671875 0.717640625 0.6070625 0.72334375 0.61625 0.7284375 0.6206666671875001 0.733234375 0.62625 0.743421875 0.6326458328125 0.74971875 0.6394375 0.755421875 0.6346458328125 0.7596093749999999 0.62425 0.764109375 0.6194583328125 0.7599218750000001 0.6022708328124999 0.753015625 0.5814791671874999 0.74703125 0.5686875 0.7389375 0.5666875 0.7386250000000001 0.5666875 0.731140625 0.5678958328125 0.727234375 0.5715
0 0.264234375 0.47927083281250005 0.26692187500000003 0.4839583328125 0.27478125000000003 0.4839583328125 0.2785 0.48285416718749996 0.2805625 0.4762291671875 0.2785 0.47043749999999995 0.274375 0.469625 0.268171875 0.471 0.26465625 0.47429166718750004 0.264234375 0.47927083281250005
3 0.46125 0.30325 0.46256250000000004 0.2904791671875 0.459078125 0.2869791671875 0.44860937500000003 0.2881458328125 0.443390625 0.30035416718749997 0.43684375 0.30733333281249997 0.43553125000000004 0.3154583328125 0.45253125 0.3201041671875 0.45603125 0.3206875 0.4643125 0.32243750000000004 0.47215625 0.3201041671875 0.46953125 0.30616666718749996 0.4643125 0.3090625 0.46125 0.30325
3 0.7058125000000001 0.47368750000000004 0.708484375 0.47175 0.7097187500000001 0.47010416718750003 0.71075 0.46708333281250003 0.711984375 0.4637916671875 0.711984375 0.45856250000000004 0.71034375 0.45443749999999994 0.7072499999999999 0.45004166718749994 0.70065625 0.44729166718749996 0.6946718749999999 0.44783333281250004 0.691578125 0.4497708328125 0.690546875 0.4538958328125 0.6895156250000001 0.46020833281250006 0.6886875 0.4657083328125 0.695703125 0.4756041671875 0.7008593750000001 0.47450000000000003 0.7058125000000001 0.47368750000000004
3 0.56434375 0.3145833328125 0.567265625 0.3193541671875 0.568828125 0.325625 0.572640625 0.3247291671875 0.574203125 0.3211458328125 0.575546875 0.3181666671875 0.576 0.3121875 0.574421875 0.3077083328125 0.5706249999999999 0.3038125 0.569046875 0.3020208328125 0.565015625 0.301125 0.5614375 0.3008333328125 0.558296875 0.3023333328125 0.55515625 0.308 0.555828125 0.3088958328125 0.5603125 0.3118958328125 0.56434375 0.3145833328125
1 0.271703125 0.17791666718750002 0.2690625 0.18743749999999998 0.2714375 0.20895833281249998 0.2780625 0.2220208328125 0.28759375 0.23118750000000002 0.301078125 0.23118750000000002 0.29446875 0.2237916671875 0.287859375 0.21356250000000002 0.28203125 0.196625 0.281765625 0.18743749999999998 0.284140625 0.17720833281249998 0.288375 0.1722708328125 0.286265625 0.1669791671875 0.28546875 0.166625 0.27646875 0.172625 0.271703125 0.17791666718750002
1 0.5310312500000001 0.181 0.524921875 0.17925 0.5257968749999999 0.2054166671875 0.5257968749999999 0.21587499999999998 0.5310312500000001 0.22633333281249998 0.533203125 0.22227083281249999 0.534953125 0.22574999999999998 0.538 0.22458333281249998 0.5384375 0.20425 0.535828125 0.2013333328125 0.5314687499999999 0.1984375 0.5310312500000001 0.181