1 0.44421999999999995 0.7487466671874999 0.44992 0.7472266671875001 0.46528 0.74344 0.46982 0.7350933328125 0.47268 0.71992 0.47153999999999996 0.7062666671875 0.46528 0.6895733328125 0.45843999999999996 0.6850133328125 0.45446 0.6850133328125 0.44934 0.6857866671874999 0.44706 0.69488 0.44536 0.7001866671875 0.43966000000000005 0.71232 0.43 0.726 0.42657999999999996 0.7381333328124999 0.43512000000000006 0.74648 0.44138 0.7487466671874999 0.44421999999999995 0.7487466671874999
1 0.5144 0.77952 0.51996 0.77952 0.5247200000000001 0.7731733328125 0.52868 0.7646933328125 0.5294800000000001 0.752 0.5294800000000001 0.7372 0.5294800000000001 0.7181333328124999 0.52154 0.7054400000000001 0.5120199999999999 0.6948533328125001 0.50726 0.6948533328125001 0.5017 0.7043733328124999 0.49376 0.7138933328125 0.47552000000000005 0.7498933328125 0.49138000000000004 0.7689333328125 0.5033000000000001 0.7668266671875 0.5144 0.77952
1 0.38736000000000004 0.748 0.39005999999999996 0.7386133328125 0.39493999999999996 0.7378933328125 0.4025 0.7425866671875 0.4117 0.7440266671875 0.41357999999999995 0.7389866671875 0.42817999999999995 0.73176 0.43332 0.71736 0.42602 0.7036533328125001 0.46118 0.6772088875 0.47159000000000006 0.6724044453125 0.47794 0.6946399999999999 0.47334 0.7054400000000001 0.4755 0.7148266671875 0.4866 0.7115733328125 0.49092 0.7043733328124999 0.4939 0.7090666671875 0.5039 0.7007733328125 0.50092 0.6859733328125001 0.492 0.67336 0.48200000000000004 0.6676 0.45062666562500003 0.676862221875 0.45077 0.6820133328125 0.440802221875 0.679585184375 0.44036 0.686817778125 0.43097777812500004 0.68230815 0.42995 0.691622221875 0.421153334375 0.6850311125 0.42413999999999996 0.69536 0.41954 0.6957066671875001 0.4113288875 0.687754075 0.40150444375000005 0.6904770375 0.39736 0.6971733328124999 0.39168 0.6932 0.38276 0.7029333328125 0.35952 0.7414933328125 0.37574 0.75232 0.38195999999999997 0.7483466671875 0.38736000000000004 0.748
1 0.53294 0.6705866671875 0.5170600000000001 0.6423466671875 0.5046999999999999 0.5976533328125 0.49058 0.6023466671875 0.48882000000000003 0.6258933328125 0.49412 0.6658933328125001 0.51352 0.69648 0.53294 0.7058933328125 0.53294 0.6705866671875
1 0.40216 0.7041333328125 0.40515999999999996 0.70584 0.41028000000000003 0.7064 0.41753999999999997 0.69616 0.42394 0.6995733328125 0.42566 0.69672 0.42991999999999997 0.6836266671875 0.42991999999999997 0.6745333328124999 0.42991999999999997 0.6585866671875 0.42821999999999993 0.6506133328125 0.42138 0.6489066671875 0.41626 0.6540266671875 0.40814000000000006 0.6585866671875 0.39148 0.6745333328124999 0.38252 0.68648 0.38636 0.6944533328125 0.39746000000000004 0.69672 0.40216 0.7041333328125
1 0.43583999999999995 0.7069066671875001 0.43970000000000004 0.7056266671875 0.44308 0.7024 0.44645999999999997 0.6953333328125 0.44888000000000006 0.6798666671875 0.46529999999999994 0.68824 0.46674 0.6850133328125 0.46674 0.67664 0.46626 0.6663466671875 0.45998 0.6592533328125 0.45708000000000004 0.6554133328125 0.45031999999999994 0.6509066671875 0.44645999999999997 0.6509066671875 0.44308 0.6528266671875 0.44162 0.6586133328125 0.43970000000000004 0.6663466671875 0.4368 0.67664 0.42666000000000004 0.6921066671875 0.4281 0.6991733328125 0.43099999999999994 0.70304 0.43583999999999995 0.7069066671875001
1 0.36276 0.6974400000000001 0.35954 0.7068800000000001 0.35934 0.7106399999999999 0.35792 0.71496 0.35812 0.7184533328125 0.36114 0.7203466671875 0.36378 0.7206133328125001 0.36497999999999997 0.7176533328125 0.3668 0.7144 0.36782 0.7160266671875 0.37126000000000003 0.7162933328125 0.3751 0.7141333328125 0.37954 0.7052533328124999 0.38439999999999996 0.6971733328124999 0.38418 0.6936533328125 0.38136000000000003 0.6920533328125 0.38116 0.6866666671874999 0.38317999999999997 0.6834133328124999 0.38702000000000003 0.6804533328125 0.39026 0.6758666671875 0.39066 0.6737333328124999 0.39004 0.6702133328125 0.38883999999999996 0.6669866671875 0.3856 0.6659200000000001 0.38096 0.66672 0.38014000000000003 0.6721066671875 0.3755 0.67696 0.37024 0.6837066671875001 0.36276 0.6974400000000001
1 0.37086 0.6561866671875001 0.37176 0.6644266671875 0.37822 0.67344 0.38028 0.6714666671875 0.3841 0.6648266671874999 0.38938 0.666 0.38908 0.67264 0.39202 0.67344 0.3976 0.66872 0.39732 0.66128 0.39174000000000003 0.6483733328125 0.38116 0.64288 0.37498 0.6373866671874999 0.37292000000000003 0.6440533328125 0.37146 0.6491466671875 0.37086 0.6561866671875001
1 0.485 0.6672 0.48992 0.6737599999999999 0.4936 0.6688533328124999 0.49402 0.6530133328125001 0.4891 0.61968 0.48376 0.6153066671875 0.48172 0.6081866671875 0.47598 0.6054666671875 0.47065999999999997 0.6164 0.45958 0.63224 0.44566 0.64808 0.45549999999999996 0.6562666671875 0.46696 0.6661066671875 0.46696 0.6726666671875 0.47187999999999997 0.68032 0.47598 0.6819733328125 0.47885999999999995 0.6754133328124999 0.48048 0.6693866671875 0.4809 0.6672 0.485 0.6672
0 0.20350000000000001 0.65056 0.19026 0.6576266671875 0.18938 0.6623466671875 0.19144 0.6658666671875 0.1935 0.6650933328125 0.20468000000000003 0.6819733328125 0.2197 0.6709866671875 0.215 0.65488 0.20350000000000001 0.65056
0 0.1896 0.6348 0.1853 0.6398133328125 0.18153999999999998 0.6498133328125 0.18114 0.6633333328125001 0.18628 0.66632 0.19002 0.6661333328125 0.18948 0.65872 0.19197999999999998 0.6570400000000001 0.2042 0.65056 0.20712000000000003 0.6520266671875 0.21032 0.6503733328125 0.20739999999999997 0.64352 0.20335999999999999 0.63592 0.19948 0.6312800000000001 0.19807999999999998 0.6316533328125 0.19322 0.6320266671875 0.1896 0.6348
0 0.178 0.5877066671875 0.17534 0.5943466671875 0.16999999999999998 0.5974666671875 0.16634 0.6018933328125 0.16133999999999998 0.6116533328125 0.15936 0.6112266671875 0.1517 0.61032 0.14804 0.6152266671875 0.1447 0.6152266671875 0.13738 0.6178666671874999 0.13272 0.6245333328125 0.12940000000000002 0.6334133328125 0.12506 0.6445066671874999 0.12772 0.6600533328125 0.13006 0.67824 0.13238 0.7 0.13106 0.7252799999999999 0.13704 0.7425866671875 0.14404 0.7554666671875 0.1497 0.7545866671875 0.15302 0.7421599999999999 0.16068 0.7337333328125 0.17165999999999998 0.7288266671875 0.18031999999999998 0.7163999999999999 0.18864 0.71376 0.19363999999999998 0.7066399999999999 0.20196 0.6950933328125 0.21227999999999997 0.68624 0.22393999999999997 0.6942133328125 0.22559999999999997 0.6893333328125 0.22426 0.6800266671874999 0.22826 0.6729066671874999 0.23092000000000001 0.6649333328125 0.23192 0.65648 0.23792 0.6556 0.2439 0.6551466671874999 0.2439 0.6431733328125 0.24358 0.6356266671874999 0.2539 0.6258666671875 0.26288 0.62632 0.27286 0.62632 0.27552 0.6201066671875 0.2662 0.6121066671875 0.27852 0.6090133328125 0.28652 0.60368 0.29218 0.6058933328125 0.30448 0.6023466671875 0.30448 0.5930133328125 0.30648 0.5872533328125 0.30448 0.58016 0.3015 0.57528 0.29484 0.5743733328125 0.28584 0.5757066671875 0.28018 0.57704 0.2722 0.5797066671875 0.26588 0.5837066671875 0.26122 0.5823733328125 0.25688 0.5805866671875 0.25522 0.5743733328125 0.24556 0.5694933328125 0.23858000000000001 0.5703733328125 0.23325999999999997 0.5686133328125 0.22991999999999999 0.5726133328125 0.22393999999999997 0.58992 0.18732 0.61744 0.1913 0.5894666671875 0.19197999999999998 0.5841333328125 0.18331999999999998 0.5841333328125 0.178 0.5877066671875
0 0.33054 0.57704 0.33586 0.57576 0.33586 0.5680266671875 0.33296000000000003 0.5590133328125 0.32766 0.5570666671875 0.32233999999999996 0.5538666671875 0.31654 0.5545066671875001 0.31026 0.5667466671875 0.30882 0.57896 0.31316 0.5796 0.318 0.57704 0.33054 0.57704
2 0.86882 0.7163999999999999 0.89778 0.7076266671875 0.90174 0.7058666671875 0.89778 0.66376 0.8741 0.6216533328125 0.8569800000000001 0.5777599999999999 0.84514 0.5532 0.82144 0.5181066671875 0.7938 0.52864 0.76486 0.5391733328125 0.74642 0.5444266671875 0.73458 0.5532 0.69772 0.55672 0.67668 0.5496800000000001 0.65562 0.5409066671875 0.63456 0.5461866671875 0.63324 0.55144 0.62798 0.5689866671875 0.65034 0.5865333328125 0.65034 0.5900533328125 0.65166 0.6233866671875 0.65166 0.6251466671875 0.6569200000000001 0.6392 0.65956 0.6426933328125 0.67008 0.6497066671875 0.67272 0.6497066671875 0.6845600000000001 0.6497066671875 0.70036 0.6479733328124999 0.7240599999999999 0.6549866671875 0.73326 0.66728 0.74116 0.6830666671875 0.74116 0.6936 0.7438 0.7023733328125 0.753 0.7058666671875 0.78196 0.72168 0.80434 0.7269333328124999 0.8056599999999999 0.7269333328124999 0.8346 0.7286933328125 0.86882 0.7163999999999999
3 0.07518 0.4829333328125 0.07858000000000001 0.48608 0.07858000000000001 0.49288 0.08299999999999999 0.49786666718749994 0.09963999999999999 0.4951466671875 0.10711999999999999 0.4888 0.10746 0.4779466671875 0.10406 0.4765866671875 0.10542 0.46978666718750006 0.10406 0.4657066671875 0.10032 0.46162666718749995 0.09828 0.45983999999999997 0.09352 0.46071999999999996 0.0915 0.46253333281250003 0.08946 0.4638933328125 0.08776 0.46071999999999996 0.08436 0.4602933328125 0.08164 0.4602933328125 0.07994 0.46344 0.0779 0.4657066671875 0.07824 0.46752000000000005 0.07146 0.4670666671875 0.06908 0.47431999999999996 0.07044 0.4793066671875 0.07518 0.4829333328125
1 0.41614000000000007 0.7945333328124999 0.41834 0.79256 0.4202 0.7871466671875 0.42055999999999993 0.7797866671875 0.41981999999999997 0.77632 0.41688000000000003 0.7738666671875001 0.41502 0.7689600000000001 0.41318 0.7640266671875 0.4117 0.75912 0.40801999999999994 0.75616 0.40321999999999997 0.7512266671875001 0.40248 0.7517333328125 0.39916 0.75616 0.39693999999999996 0.7596 0.39436 0.7654933328125 0.39326 0.7699466671875 0.39326 0.7748533328125 0.39398 0.7807733328124999 0.39584 0.7901066671875 0.40099999999999997 0.7930666671875 0.40654 0.7935466671875 0.41614000000000007 0.7945333328124999
1 0.3966 0.7905866671874999 0.39527999999999996 0.7790133328125 0.39266 0.77128 0.37738 0.7572266671875 0.37528 0.75688 0.37395999999999996 0.7600533328125 0.37448000000000004 0.7618133328125001 0.37896 0.7814666671875 0.38686 0.7884800000000001 0.39582 0.7905866671874999 0.3966 0.7905866671874999
1 0.42172 0.7602133328125 0.41913999999999996 0.7749866671875 0.421 0.7892533328125 0.43390000000000006 0.7961333328125 0.44462 0.7926933328125 0.44794 0.7804 0.44276 0.7656266671874999 0.4365 0.7602133328125 0.42948000000000003 0.7498933328125 0.42245999999999995 0.75136 0.42172 0.7602133328125
1 0.48262 0.7824266671875 0.4809 0.7901066671875 0.48378 0.7996800000000001 0.48810000000000003 0.80392 0.50448 0.8046666671875 0.51398 0.8046666671875 0.52174 0.8019999999999999 0.52864 0.79048 0.51368 0.7920266671875 0.50822 0.7881866671875 0.50304 0.7793599999999999 0.5019 0.77208 0.49096 0.7709333328125 0.48262 0.7824266671875
3 0.88934 0.6650400000000001 0.8871800000000001 0.6630933328124999 0.88482 0.6630933328124999 0.8823399999999999 0.6641066671875 0.8817600000000001 0.6655466671875 0.88202 0.6688533328124999 0.88278 0.6696266671875 0.8857799999999999 0.67064 0.88604 0.6714133328125 0.88598 0.6724266671875 0.88846 0.6724266671875 0.88992 0.6711466671874999 0.8899800000000001 0.66784 0.88934 0.6650400000000001