0 0.31298 0.5461866671875 0.32277999999999996 0.5542666671875 0.32978 0.55552 0.33584 0.5536533328125001 0.3447 0.5405866671874999 0.34796 0.5256533328125 0.34609999999999996 0.51944 0.3377 0.5094933328125 0.32558 0.50576 0.30926 0.5126133328125 0.30691999999999997 0.51448 0.30785999999999997 0.5318933328125001 0.31298 0.5461866671875
0 0.37098 0.5278400000000001 0.37551999999999996 0.5380266671875 0.38102 0.5399466671875001 0.39483999999999997 0.5370666671875 0.40557999999999994 0.5364533328125 0.41108 0.5338933328125 0.40987999999999997 0.5189333328125 0.4063 0.5100266671875 0.40058 0.50304 0.39222 0.4998666671875 0.38412 0.5001866671874999 0.38102 0.5020800000000001 0.37456 0.5094133328125 0.37242000000000003 0.5109866671875001 0.37098 0.51864 0.37098 0.5278400000000001
0 0.37482000000000004 0.48928000000000005 0.36254 0.4818933328125 0.35344000000000003 0.48663999999999996 0.34592 0.4950933328125 0.34672000000000003 0.5072266671875 0.35028000000000004 0.5082933328125 0.36414 0.51144 0.37244 0.5125066671875 0.38076 0.4982666671875 0.37482000000000004 0.48928000000000005
0 0.33006 0.5074133328125 0.33814 0.5087733328125 0.33864 0.5067466671874999 0.33814 0.4892266671875 0.33006 0.47912 0.32096 0.47775999999999996 0.31184 0.4838133328125 0.30832000000000004 0.5 0.31184 0.5107999999999999 0.31335999999999997 0.5121333328125 0.32448 0.5040533328125 0.33006 0.5074133328125
0 0.37 0.5161333328125 0.35182 0.5083466671875 0.34404 0.5135466671875 0.34988 0.5221866671875001 0.34728 0.5360533328125 0.37 0.53864 0.37194 0.52912 0.37 0.5161333328125
3 0.44636 0.6001333328125 0.44329999999999997 0.5919466671875 0.43562 0.5837866671875 0.42796 0.5868533328125001 0.42336 0.5929866671874999 0.4203 0.6052533328124999 0.42489999999999994 0.61136 0.43716 0.6123999999999999 0.4387 0.6123999999999999 0.44482 0.6093333328125 0.44636 0.6001333328125
3 0.42442 0.5818399999999999 0.42628000000000005 0.58632 0.43655999999999995 0.5843200000000001 0.44048 0.5875733328125 0.44254 0.5816 0.44216 0.5701333328125 0.43468 0.5604266671875 0.42872000000000005 0.5631733328124999 0.42291999999999996 0.57064 0.42274 0.5716266671875 0.42162 0.5768533328125 0.42442 0.5818399999999999
3 0.41428000000000004 0.6050933328125 0.41352 0.5948800000000001 0.40738 0.58976 0.39818 0.5908 0.38976 0.5918133328125 0.389 0.60816 0.39588 0.6163466671875 0.40815999999999997 0.6142933328125 0.40892 0.6142933328125 0.41352 0.61224 0.41428000000000004 0.6050933328125
3 0.41306000000000004 0.59848 0.41406 0.6101066671875001 0.42044 0.6074133328125 0.42110000000000003 0.6016266671875 0.42713999999999996 0.5868800000000001 0.42244000000000004 0.5788266671875 0.4124 0.5783733328125 0.40334000000000003 0.5774933328125 0.3953 0.57928 0.3943 0.5917866671875001 0.3953 0.5917866671875001 0.40736 0.5908800000000001 0.41306000000000004 0.59848
1 0.27388 0.5216533328125 0.2802 0.5271733328125 0.28603999999999996 0.5317333328125 0.29724 0.53464 0.30334 0.5359466671875001 0.30844 0.5356266671875 0.30552 0.5326933328125001 0.29896 0.5258666671875 0.29700000000000004 0.5203466671875 0.29554 0.51712 0.29359999999999997 0.5112533328125 0.28847999999999996 0.5112533328125 0.2802 0.5112533328125 0.27436 0.5138666671875 0.27388 0.5216533328125
1 0.31112 0.51408 0.31094 0.50848 0.3093 0.4999466671875 0.30656 0.49314666718750005 0.30179999999999996 0.49386666718749994 0.29634 0.4992266671875 0.29378000000000004 0.5062933328125 0.29506 0.5135733328125001 0.29998 0.5245333328124999 0.30162 0.5293866671874999 0.30838 0.5359733328125 0.31076000000000004 0.5337866671875 0.3102 0.5218666671875 0.31112 0.51408