1 0.545296875 0.3788333328125 0.578828125 0.374125 0.6088281249999999 0.3576458328125 0.62646875 0.3482291671875 0.63353125 0.3223541671875 0.628234375 0.294125 0.605296875 0.2635208328125 0.5929375 0.2494166671875 0.538234375 0.2282291671875 0.515296875 0.2352916671875 0.48882812500000006 0.2564791671875 0.478234375 0.2776458328125 0.478234375 0.3011666671875 0.48353124999999997 0.3270625 0.497640625 0.3505833328125 0.5029375 0.3482291671875 0.524125 0.3694166671875 0.545296875 0.3788333328125
1 0.8241250000000001 0.5247083328125 0.774703125 0.4752916671875 0.7376406249999999 0.46587500000000004 0.70059375 0.5223541671875 0.67059375 0.5552916671875 0.651171875 0.6047083328125 0.645875 0.6376458328125 0.675875 0.6894166671875 0.718234375 0.6964791671875 0.7676406250000001 0.6635208328125 0.8117656249999999 0.5576458328125 0.8241250000000001 0.5247083328125
1 0.31960937500000003 0.4015416671875 0.318015625 0.3505208328125 0.27335937499999996 0.3420208328125 0.20240624999999998 0.3313958328125 0.17450000000000002 0.3494583328125 0.180078125 0.3994166671875 0.283734375 0.4015416671875 0.309234375 0.41216666718750006 0.31960937500000003 0.4015416671875
0 0.57659375 0.5491875 0.573203125 0.5695208328125 0.58084375 0.6045833328125 0.585078125 0.6351041671875 0.618140625 0.6237916671875 0.618140625 0.5808333328125 0.5994843750000001 0.537875 0.596953125 0.5401458328125 0.58846875 0.5389999999999999 0.57659375 0.5491875
0 0.25259375 0.5310833328125 0.23704687500000002 0.5492291671875 0.23898437499999997 0.5803125 0.268140625 0.6010416671875001 0.27590625 0.5828958328125 0.279796875 0.5621666671875001 0.25259375 0.5310833328125
0 0.504984375 0.5513958328124999 0.51059375 0.5526458328125 0.5271250000000001 0.54225 0.51371875 0.5040208328125 0.49220312499999996 0.5040208328125 0.504984375 0.5513958328124999
0 0.34884375 0.5916041671875 0.35553124999999997 0.5859375 0.36221875 0.5729583328125 0.36221875 0.5640416671875 0.36343749999999997 0.5454166671875 0.35675 0.5397291671875 0.348234375 0.531625 0.336078125 0.5178541671875 0.321484375 0.5202708328125001 0.31237499999999996 0.5275833328124999 0.312984375 0.5737708328125 0.32453125 0.58675 0.33790624999999996 0.5932291671875001 0.34884375 0.5916041671875
0 0.45115625000000004 0.6344791671875 0.447484375 0.6124583328125001 0.39609375 0.5977708328125 0.383609375 0.6330208328125 0.389109375 0.6682708328125 0.408578125 0.66925 0.431703125 0.6761041671875 0.44565625000000003 0.6780625 0.45115625000000004 0.6344791671875
0 0.6272031250000001 0.6245208328125 0.638953125 0.6230208328125 0.64734375 0.6342083328125 0.649578125 0.6192916671875001 0.655734375 0.5976666671875 0.6646875 0.5648333328125 0.6266406250000001 0.5409791671875 0.6109843749999999 0.5618541671874999 0.61209375 0.5678333328125 0.619375 0.6140833328124999 0.6272031250000001 0.6245208328125
0 0.49478125000000006 0.5068958328125001 0.489046875 0.5011666671875 0.481859375 0.49349999999999994 0.47037500000000004 0.49445833281249996 0.462484375 0.49924999999999997 0.455296875 0.49924999999999997 0.43518749999999995 0.502125 0.43446875 0.5088125 0.44954687499999996 0.5566875 0.49837499999999996 0.5317916671875 0.49765625 0.5279583328124999 0.49478125000000006 0.5068958328125001
0 0.569890625 0.5167083328125 0.5489531249999999 0.5113333328125 0.549328125 0.5348333328125 0.555203125 0.5358125 0.565109375 0.5367916671875 0.57465625 0.5470625 0.583109375 0.5460833328125 0.604765625 0.5362916671875 0.6025625 0.49810416718750006 0.584578125 0.49077083281249995 0.5853125 0.49370833281250004 0.58053125 0.5059375 0.569890625 0.5167083328125
0 0.5115937500000001 0.5767708328125 0.512828125 0.58175 0.515015625 0.5937708328125 0.527453125 0.5954166671875 0.530875 0.5925208328125 0.533671875 0.5842291671875001 0.5364687499999999 0.5755208328125 0.538015625 0.5668124999999999 0.5420625 0.5610208328125 0.545796875 0.5606041671875001 0.567859375 0.5875416671875 0.57253125 0.5862916671875 0.57315625 0.57925 0.575328125 0.5452708328125 0.570359375 0.541125 0.561640625 0.5348958328125 0.5293125 0.5415208328125 0.500703125 0.5514791671875 0.502578125 0.5552083328124999 0.506 0.5688958328125 0.5115937500000001 0.5767708328125
0 0.40998437499999996 0.5293125 0.412921875 0.5258958328125 0.435328125 0.50875 0.42651562500000006 0.4891666671875 0.41917187499999997 0.4832916671875 0.41550000000000004 0.4764375 0.408890625 0.47889583281250003 0.402640625 0.4877083328125 0.38868749999999996 0.5072916671875001 0.39053125 0.5082708328125001 0.401546875 0.5170833328125 0.40998437499999996 0.5293125
0 0.79715625 0.46291666718749996 0.80771875 0.48324999999999996 0.8270781250000001 0.47856249999999995 0.864046875 0.48872916718750004 0.88753125 0.49420833281250004 0.894578125 0.48952083281250003 0.904546875 0.4605625 0.904546875 0.42612500000000003 0.889296875 0.41283333281249995 0.85290625 0.38152083281250004 0.8382343750000001 0.34710416718750003 0.8276718750000001 0.34162499999999996 0.8006718749999999 0.3353541671875 0.7830625 0.34710416718750003 0.77015625 0.3651041671875 0.75665625 0.39327083281249997 0.75078125 0.401875 0.75078125 0.4331666671875 0.79715625 0.46291666718749996
0 0.71146875 0.5016041671875 0.6873437499999999 0.5275416671875 0.6655625 0.5617916671875001 0.645328125 0.6292291671875 0.6655625 0.6769583328125 0.69746875 0.6977083328125 0.73715625 0.6863125 0.7519375 0.6593333328125001 0.789296875 0.60225 0.8103125 0.54 0.8071875000000001 0.5109375 0.774515625 0.4673541671875 0.76671875 0.4694375 0.7589375 0.46839583281249997 0.71146875 0.5016041671875