2 0.450359375 0.6687028296874999 0.44879687500000004 0.6592924531250001 0.43943750000000004 0.6287028296875 0.43009375 0.6287028296875 0.41918749999999994 0.6404716984375 0.41606249999999995 0.6498820750000001 0.41606249999999995 0.6592924531250001 0.42229687499999996 0.6828301890625 0.42853125 0.6828301890625 0.447234375 0.6969339625 0.450359375 0.6687028296874999
2 0.272328125 0.713632075 0.278140625 0.7075707546875 0.29828125 0.6879716984375001 0.303203125 0.6818867921875 0.294703125 0.660259434375 0.27725 0.6345754718750001 0.268296875 0.6312028296875 0.26246875 0.6325471703125001 0.25709375 0.6575707546875 0.23517187499999997 0.665660378125 0.214578125 0.665660378125 0.20875 0.6785141515625 0.20606249999999998 0.6960849062500001 0.202484375 0.70959905625 0.20696875 0.704174528125 0.205625 0.7062028296875 0.23875000000000002 0.7183726421875 0.26246875 0.7271462265624999 0.27142187500000003 0.7176886796875 0.272328125 0.713632075
2 0.4831875 0.6743632078124999 0.485328125 0.656957546875 0.4810625 0.6304952828125 0.4515625 0.642759434375 0.4536875 0.64209905625 0.45284375 0.655660378125 0.475078125 0.7021226421875 0.48190625000000004 0.6892216984374999 0.4831875 0.6743632078124999
2 0.4819375 0.6843867921875 0.495046875 0.6816745281250001 0.508171875 0.6789858484375 0.508765625 0.6726650937499999 0.5093593750000001 0.5943632078125 0.48909375 0.5961792453125 0.49028124999999995 0.5961792453125 0.48371875 0.5979716984375 0.4819375 0.6843867921875
2 0.439359375 0.6343396218749999 0.452359375 0.59915094375 0.4526875 0.596132075 0.41937499999999994 0.55891509375 0.409390625 0.5694811328125 0.40404687499999997 0.5785141515625 0.40304687499999997 0.600141509375 0.39871875 0.617240565625 0.399390625 0.616226415625 0.40904687500000003 0.6262971703125 0.41404687500000004 0.6373584906249999 0.422375 0.6368632078124999 0.439359375 0.6343396218749999
2 0.300453125 0.6864858484374999 0.274296875 0.7164622640625 0.27575 0.717193396875 0.28107812499999996 0.7252358484375 0.325640625 0.7215801890625 0.325640625 0.7142688671874999 0.321765625 0.6930660375000001 0.32321875 0.68209905625 0.324671875 0.6660141515625 0.326125 0.6433726421875 0.33290625 0.6331367921875 0.34695312500000003 0.6250943390625 0.353734375 0.6324056609375 0.372625 0.625825471875 0.38715625 0.6163207546875 0.395390625 0.614858490625 0.400234375 0.609009434375 0.39878125 0.6016981125 0.3823125 0.5834198109375001 0.369234375 0.5753773578125 0.34550000000000003 0.5724528296875 0.345015625 0.5673349062499999 0.34695312500000003 0.5607547171875 0.34162499999999996 0.5307783015624999 0.33775 0.515424528125 0.316921875 0.5271226421875 0.297546875 0.54540094375 0.283984375 0.592193396875 0.283015625 0.603160378125 0.28495312500000003 0.6470047171875 0.29125 0.650660378125 0.30529687499999997 0.68209905625 0.300453125 0.6864858484374999
2 0.34118750000000003 0.6854952828124999 0.342625 0.7075 0.347390625 0.710023584375 0.37510937499999997 0.713632075 0.381078125 0.7060613203125 0.381078125 0.6999292453125 0.371046875 0.6577358484375 0.370796875 0.653773584375 0.344765625 0.650542453125 0.34118750000000003 0.6854952828124999
2 0.269984375 0.8051415093750001 0.28645312500000003 0.8131839624999999 0.2946875 0.810259434375 0.30825 0.8044103781249999 0.3218125 0.800023584375 0.331015625 0.800023584375 0.340703125 0.8044103781249999 0.34409375 0.8095283015625 0.3315 0.81391509375 0.31503125 0.83290094375 0.313578125 0.8431367921874999 0.32810937500000004 0.8650707546874999 0.35184375 0.879693396875 0.35959375 0.8738443390624999 0.3721875 0.85483490625 0.369765625 0.8321698109375 0.38284375000000004 0.8321698109375 0.397859375 0.8285141515625 0.40318750000000003 0.8124528296875001 0.40221875 0.777358490625 0.397375 0.757617925 0.396890625 0.755424528125 0.38575 0.726910378125 0.378 0.7152122640624999 0.35959375 0.70790094375 0.346515625 0.7071698109375 0.33004687499999996 0.715943396875 0.3334375 0.726910378125 0.33440625 0.738608490625 0.3256875 0.7356839625 0.314546875 0.7408018875 0.297109375 0.7488443390625 0.28693749999999996 0.76346698125 0.27821875 0.765660378125 0.266109375 0.7817452828125 0.259328125 0.7897877359375001 0.263203125 0.7956367921874999 0.269984375 0.8051415093750001
2 0.474921875 0.438207546875 0.47640625 0.42471698125 0.46003125 0.4089858484375 0.43471875000000004 0.4292216984375 0.424296875 0.44044811250000004 0.431734375 0.489882075 0.45109374999999996 0.46516509375000004 0.461515625 0.4539386796875 0.474921875 0.438207546875
2 0.4134375 0.5278301890625 0.43042187500000006 0.53125 0.435703125 0.538089621875 0.443640625 0.5403773578125 0.4515625 0.5392216984375 0.45382812499999997 0.530117925 0.46476562499999996 0.5221462265625 0.47081249999999997 0.5130188671875 0.4715625 0.5050471703125 0.4715625 0.49365566093749996 0.4625 0.4663207546875 0.4526875 0.479410378125 0.43609375000000006 0.4816981125 0.42665625 0.473726415625 0.42325 0.4680188671875 0.409296875 0.47485849062499996 0.39759375 0.495943396875 0.400234375 0.5016273578125 0.40665625 0.5175707546874999 0.4134375 0.5278301890625
2 0.381953125 0.5650707546875 0.38615625 0.5614386796875 0.393359375 0.5596226421875 0.393359375 0.5288207546875 0.37865625 0.5225 0.358859375 0.5170518875 0.351953125 0.512075471875 0.346859375 0.518867925 0.34354687500000003 0.5288207546875 0.34625 0.5510141515625 0.352546875 0.558726415625 0.36335937500000004 0.5596226421875 0.374453125 0.56641509375 0.381953125 0.5650707546875
2 0.52615625 0.5782311328125 0.5390312500000001 0.5790801890624999 0.553578125 0.5782311328125 0.559171875 0.5723113203125 0.561984375 0.5604952828124999 0.561421875 0.547806603125 0.561421875 0.5342924531250001 0.5440625 0.5317688671874999 0.53678125 0.5317688671874999 0.535109375 0.5342924531250001 0.528390625 0.54358490625 0.514953125 0.5647169812499999 0.52334375 0.563867925 0.52390625 0.5706367921875 0.52615625 0.5782311328125
2 0.31875 0.52358490625 0.3265625 0.52358490625 0.3375 0.516509434375 0.3421875 0.530660378125 0.34375 0.627358490625 0.3328125 0.6344339625 0.3265625 0.643867925 0.321875 0.6933962265625 0.325 0.7099056609375001 0.3328125 0.7099056609375001 0.3359375 0.7051886796875 0.3453125 0.650943396875 0.353125 0.65457184375 0.3609375 0.6533018875 0.3609375 0.658200290625 0.3625 0.6533018875 0.36875 0.655660378125 0.3796875 0.6957547171875 0.3828125 0.724056603125 0.3875 0.731132075 0.390625 0.731132075 0.3921875 0.74528301875 0.4 0.768867925 0.403125 0.7948113203125 0.415625 0.8089622640625 0.4171875 0.8207547171874999 0.4203125 0.8254716984374999 0.41875 0.875 0.4234375 0.8820754718750001 0.4625 0.87971698125 0.4875 0.88915094375 0.4953125 0.900943396875 0.55 0.900943396875 0.5546875 0.8915094343750001 0.553125 0.8679245281249999 0.5328125 0.8325471703125 0.5140625 0.8254716984374999 0.5109375 0.7783018875 0.5 0.75471698125 0.49375 0.733490565625 0.5234375 0.733490565625 0.528125 0.72641509375 0.5296875 0.7099056609375001 0.5265625 0.7004716984375 0.5171875 0.6886792453125 0.525 0.6698113203125 0.5625 0.6627358484375 0.56875 0.655660378125 0.5828125 0.650943396875 0.5875 0.641509434375 0.5875 0.62971698125 0.5828125 0.62028301875 0.5640625 0.62028301875 0.5609375 0.61084905625 0.5515625 0.599056603125 0.5453125 0.5801886796875 0.5265625 0.5801886796875 0.521875 0.5660377359375001 0.5171875 0.5660377359375001 0.5171875 0.5613207546875 0.534375 0.5353773578125 0.54375 0.530660378125 0.54375 0.5094339625 0.546875 0.50471698125 0.559375 0.5094339625 0.5625 0.51415094375 0.5734375 0.51415094375 0.5765625 0.5094339625 0.584375 0.507075471875 0.5890625 0.497641509375 0.5890625 0.46698113281250003 0.571875 0.4363207546875 0.5671875 0.4127358484375 0.5609375 0.405660378125 0.5546875 0.405660378125 0.5453125 0.4127358484375 0.5421875 0.42216981093749995 0.534375 0.4150943390625 0.5328125 0.39858490625 0.5234375 0.39150943437499997 0.5078125 0.40801886718749997 0.4703125 0.41745282968749997 0.4609375 0.41037735781249995 0.4640625 0.40330188749999996 0.4546875 0.386792453125 0.4484375 0.382075471875 0.4265625 0.382075471875 0.4078125 0.393867925 0.396875 0.4268867921875 0.375 0.4504716984375 0.3703125 0.44103773593750006 0.3671875 0.42216981093749995 0.3578125 0.40801886718749997 0.35 0.405660378125 0.34375 0.386792453125 0.3359375 0.3844339625 0.3296875 0.38915094375 0.325 0.39858490625 0.321875 0.4150943390625 0.3125 0.4245283015625 0.3109375 0.44339622656250005 0.31875 0.4599056609375 0.3140625 0.516509434375 0.31875 0.52358490625