1 0.32212 0.544675 0.33306 0.539775 0.34086 0.5309999999999999 0.3518 0.52515 0.36272000000000004 0.5154 0.35024 0.49977499999999997 0.33696000000000004 0.475375 0.3479 0.46952499999999997 0.34008 0.44610000000000005 0.32524000000000003 0.434375 0.32604 0.420725 0.319 0.42365 0.31276000000000004 0.458775 0.30652 0.45389999999999997 0.29168 0.458775 0.29714 0.47634999999999994 0.29948 0.495875 0.28934000000000004 0.503675 0.30026 0.507575 0.28934000000000004 0.5232 0.29948 0.52905 0.30338 0.5309999999999999 0.2948 0.5388 0.30964 0.53685 0.31120000000000003 0.54955 0.31666 0.544675 0.319 0.537825 0.32212 0.544675
1 0.17343999999999998 0.45395 0.17092000000000002 0.459725 0.1705 0.466 0.17134 0.47647500000000004 0.1768 0.4791 0.1768 0.488525 0.18853999999999999 0.4812 0.19482 0.47595 0.20070000000000002 0.46757499999999996 0.20446 0.461275 0.20446 0.44975 0.20362 0.445575 0.20028 0.44242499999999996 0.19356 0.42722499999999997 0.18896 0.4377 0.17386 0.44189999999999996 0.16632 0.44452499999999995 0.16758 0.4508 0.17343999999999998 0.45395
1 0.28446 0.4396 0.27762 0.4396 0.26694 0.452425 0.26438 0.47322499999999995 0.26524000000000003 0.49565000000000003 0.27548 0.49405 0.2772 0.509525 0.28488 0.510575 0.28744000000000003 0.499375 0.29384 0.483375 0.28872 0.46147499999999997 0.29725999999999997 0.456675 0.29428 0.44387499999999996 0.28446 0.4396
1 0.22068 0.4627 0.22557999999999997 0.46637500000000004 0.22688000000000003 0.45330000000000004 0.23212000000000002 0.46025 0.24224 0.46147499999999997 0.24518 0.459025 0.24878 0.45495 0.24975999999999998 0.44922500000000004 0.25334 0.44800000000000006 0.25628 0.44432499999999997 0.25823999999999997 0.44025 0.25204 0.4378 0.24028 0.43574999999999997 0.23212000000000002 0.429625 0.2233 0.434525 0.2184 0.43862500000000004 0.21871999999999997 0.44555 0.22068 0.4627
1 0.20822 0.450375 0.20432 0.45957499999999996 0.20194 0.469325 0.20606 0.46769999999999995 0.20778 0.46662499999999996 0.21082 0.46390000000000003 0.21427999999999997 0.455525 0.2158 0.45065 0.21472000000000002 0.4466 0.21145999999999998 0.44604999999999995 0.20822 0.450375
1 0.14406000000000002 0.49132499999999996 0.14648 0.48892499999999994 0.14828 0.484075 0.14878 0.478325 0.14756 0.47424999999999995 0.142 0.475 0.14248 0.47515 0.1432 0.48287500000000005 0.142 0.48739999999999994 0.14176 0.48967499999999997 0.14406000000000002 0.49132499999999996
1 0.10096000000000001 0.4654 0.10182 0.4697 0.10311999999999999 0.47454999999999997 0.10442 0.47859999999999997 0.10828 0.48477499999999996 0.11454 0.49017499999999997 0.11539999999999999 0.48962500000000003 0.11778 0.48667499999999997 0.12252 0.483425 0.11734 0.4821 0.1111 0.47859999999999997 0.10678000000000001 0.47400000000000003 0.10247999999999999 0.46457499999999996 0.10203999999999999 0.46485000000000004 0.10074000000000001 0.46485000000000004 0.10096000000000001 0.4654
1 0.035859999999999996 0.5791999999999999 0.0479 0.591425 0.05842000000000001 0.592375 0.05392 0.5839000000000001 0.06594 0.5782499999999999 0.06444 0.572625 0.07271999999999999 0.5698000000000001 0.07122 0.563225 0.06444 0.5641499999999999 0.044879999999999996 0.5604 0.03886 0.5604 0.035859999999999996 0.57075 0.035859999999999996 0.5791999999999999
3 0.60248 0.745525 0.6053 0.740125 0.6057400000000001 0.736325 0.6046400000000001 0.734425 0.60314 0.731725 0.60204 0.7309249999999999 0.5988 0.72875 0.59642 0.7274 0.5936 0.7260500000000001 0.5894999999999999 0.729025 0.58746 0.7289 0.58414 0.7304999999999999 0.58312 0.7308250000000001 0.5818399999999999 0.7314499999999999 0.5798 0.7321 0.5780000000000001 0.7337 0.57698 0.73785 0.57698 0.7397750000000001 0.57622 0.745525 0.57622 0.74615 0.5757 0.747425 0.57344 0.7477 0.57236 0.7469 0.57206 0.7469 0.5705 0.748475 0.56832 0.753125 0.5674 0.7567999999999999 0.56616 0.76225 0.56568 0.7634000000000001 0.56414 0.7638 0.5629 0.7636000000000001 0.56118 0.7636000000000001 0.5608799999999999 0.7639750000000001 0.5590200000000001 0.7665 0.5584 0.7663249999999999 0.5577799999999999 0.765725 0.5562199999999999 0.7638 0.55436 0.761475 0.5514 0.7601 0.5497 0.7605000000000001 0.54628 0.76225 0.54504 0.764575 0.54318 0.7686499999999999 0.54318 0.770575 0.54272 0.77525 0.54118 0.7801 0.57302 0.78685 0.60248 0.745525
3 0.78076 0.8868499999999999 0.8007799999999999 0.8873 0.8071999999999999 0.890875 0.81078 0.8877499999999999 0.81578 0.877925 0.8200799999999999 0.86585 0.82186 0.8542500000000001 0.8243600000000001 0.85335 0.82722 0.84575 0.8290200000000001 0.8368 0.8268599999999999 0.8328 0.8200799999999999 0.8381500000000001 0.81828 0.8359249999999999 0.8140000000000001 0.83055 0.80686 0.8292249999999999 0.8047000000000001 0.834125 0.8007799999999999 0.8319000000000001 0.79506 0.8310000000000001 0.7964800000000001 0.83725 0.78898 0.83995 0.78718 0.848425 0.7878999999999999 0.856475 0.78468 0.8636250000000001 0.77754 0.8645250000000001 0.77254 0.871675 0.77074 0.87435 0.75966 0.8721249999999999 0.75716 0.8805999999999999 0.75752 0.8805999999999999 0.7764599999999999 0.885075 0.78076 0.8868499999999999
1 0.94976 0.587625 0.95412 0.588975 0.9595800000000001 0.59035 0.9650399999999999 0.593075 0.9857799999999999 0.6012500000000001 0.9934200000000001 0.602625 0.99886 0.6012500000000001 0.99886 0.598525 0.9945 0.588975 0.98796 0.5726 0.99886 0.568525 0.99886 0.554875 0.9824999999999999 0.549425 0.9661199999999999 0.520775 0.95522 0.511225 0.94866 0.573975 0.94976 0.587625
1 0.98812 0.500875 0.97808 0.49305000000000004 0.9737 0.4907 0.96994 0.49029999999999996 0.9674400000000001 0.4997 0.9674400000000001 0.51145 0.97402 0.524775 0.9912599999999999 0.533 0.9997199999999999 0.5373249999999999 0.99908 0.5095 0.99908 0.50675 0.98812 0.500875
1 0.9380599999999999 0.5218499999999999 0.9357599999999999 0.531225 0.9311400000000001 0.541325 0.9190200000000001 0.54925 0.91788 0.553575 0.9198999999999999 0.55935 0.92364 0.5629500000000001 0.93086 0.561875 0.94008 0.555025 0.9441200000000001 0.5388 0.94384 0.521475 0.94268 0.515725 0.9380599999999999 0.5218499999999999
1 0.28302 0.5423250000000001 0.28647999999999996 0.5431 0.29054 0.537625 0.2918 0.5341 0.28992 0.5282 0.28898 0.524675 0.29368 0.5149 0.2943 0.5090250000000001 0.28992 0.50785 0.28992 0.503525 0.29712 0.494525 0.29212 0.4949 0.28959999999999997 0.496075 0.28428 0.510575 0.27832 0.5094000000000001 0.27518 0.501175 0.27174 0.506275 0.273 0.522725 0.27706 0.53605 0.28302 0.5423250000000001
1 0.055700000000000006 0.46075 0.0432 0.46595000000000003 0.03278 0.48157500000000003 0.04738 0.5102249999999999 0.07446 0.484175 0.055700000000000006 0.46075
0 0.69438 0.7255499999999999 0.68928 0.735925 0.68832 0.7426999999999999 0.69248 0.748275 0.7313799999999999 0.75545 0.74892 0.75705 0.74702 0.7466999999999999 0.74702 0.7394999999999999 0.7485999999999999 0.7327250000000001 0.75466 0.72435 0.7518 0.7148 0.7384000000000001 0.716 0.73648 0.714 0.73106 0.7128 0.7202200000000001 0.7144 0.71288 0.7112 0.70332 0.7123999999999999 0.6963 0.7123999999999999 0.6963 0.7136 0.69438 0.7255499999999999