0 0.752125 0.5396037296875 0.748578125 0.504615384375 0.74715625 0.49081585156249996 0.727953125 0.4834032640625 0.70946875 0.4865734265625 0.700234375 0.49081585156249996 0.69596875 0.516270396875 0.700234375 0.5406759906249999 0.718 0.5608158515625 0.73790625 0.555524475 0.752125 0.5396037296875
0 0.948609375 0.3940792546875 0.9352656250000001 0.40237762187500004 0.920796875 0.41151515156249996 0.9185625 0.4272727265625 0.91634375 0.463799534375 0.936921875 0.485384615625 0.9686406249999999 0.44305361249999997 0.970875 0.43557109531249993 0.966421875 0.4131701625 0.948609375 0.3940792546875
0 0.346015625 0.58888111875 0.35728125 0.5896037296875 0.358265625 0.5896037296875 0.359734375 0.5881351984375 0.36365625 0.5874125875 0.36953125 0.5830303031249999 0.370515625 0.5822843828125001 0.379828125 0.571328671875 0.386203125 0.5530536125000001 0.385703125 0.52818181875 0.38521875 0.5259906765625 0.38521875 0.5172261078125 0.402375 0.5091841484375 0.412171875 0.491678321875 0.415109375 0.48289044218750005 0.417078125 0.46389277343749996 0.41020312499999995 0.447086246875 0.396 0.44123543125 0.3803125 0.43682983750000004 0.377375 0.42659673593749997 0.3621875 0.39370629375 0.346015625 0.3897435890625 0.323953125 0.408741259375 0.319546875 0.42410256406249996 0.30975 0.4167832171875 0.2881875 0.41606060625 0.2818125 0.42044289062500007 0.26809375 0.44310023281250005 0.26809375 0.4628438234375 0.284265625 0.49135198124999996 0.27446875 0.5103729609375 0.26956250000000004 0.52864801875 0.272015625 0.53888111875 0.29357812499999997 0.5812820515625 0.313671875 0.5768997671875 0.328375 0.572797203125 0.336203125 0.5793706296875001 0.346015625 0.58888111875
0 0.623609375 0.49662004687500005 0.626625 0.45617715625 0.6251249999999999 0.415734265625 0.626625 0.36853146875 0.576921875 0.33932400937499996 0.539265625 0.32358974375 0.52871875 0.337086246875 0.51215625 0.3528205125 0.497078125 0.350559440625 0.476 0.36853146875 0.4609375 0.3797669 0.451890625 0.41123543125 0.45490624999999996 0.45167832187499996 0.463953125 0.49662004687500005 0.466953125 0.528088578125 0.476 0.5572960375 0.482015625 0.561794871875 0.54528125 0.593263403125 0.576921875 0.56853146875 0.608546875 0.5370862468750001 0.623609375 0.49662004687500005
0 0 0.13363636406249998 0.01503125 0.15829836875 0.0330625 0.15829836875 0.054109375 0.151561771875 0.060125 0.1156876453125 0.069140625 0.10447552499999999 0.08115625 0.05965035 0.069140625 0.0372261078125 0.039078125000000005 0.0260139859375 0.0330625 0.0103030296875 0.006015625 0 0 0.0192773890625 0 0.13363636406249998
0 0.7924375 0.5150116546875 0.8069375000000001 0.49995337968750003 0.8100937500000001 0.4820745921875 0.8094531249999999 0.45951048906249997 0.805046875 0.44822843749999997 0.7937031250000001 0.43601398593749996 0.776671875 0.4303729609375 0.7640781249999999 0.435058275 0.75271875 0.4576456875 0.75146875 0.46610722656250003 0.753984375 0.487738928125 0.7640781249999999 0.5093473187499999 0.7779375 0.51312354375 0.7924375 0.5150116546875
0 0.27715625 0.017972028125 0.27565625 0.0471794875 0.271140625 0.08538461562500001 0.278671875 0.11235431250000001 0.325359375 0.116853146875 0.352484375 0.11011655000000001 0.37507812500000004 0.105617715625 0.39615625 0.071911421875 0.41121875 0.026969696874999997 0.41423437500000004 0.0022377625 0.28921874999999997 0 0.27715625 0.017972028125
0 0.7245468749999999 0.5569230765625 0.744125 0.5793939390625 0.762203125 0.5793939390625 0.777265625 0.5793939390625 0.79534375 0.5793939390625 0.8149218749999999 0.5726573421875 0.8345 0.5659207453125 0.8495625 0.5501864796875 0.864625 0.5232167828125001 0.87215625 0.47603729531249994 0.87215625 0.4490675984375 0.864625 0.42433566406249995 0.85709375 0.397389278125 0.8345 0.3636596734375 0.8239531250000001 0.3591841484375 0.8088906250000001 0.3591841484375 0.801359375 0.33221445156249996 0.786296875 0.32547785625 0.7637031249999999 0.3097435890625 0.75315625 0.314242425 0.741109375 0.33221445156249996 0.7305625 0.3456876453125 0.7245468749999999 0.3524242421875 0.7124843750000001 0.37939393906249996 0.703453125 0.3928904421875 0.683875 0.37939393906249996 0.6657968750000001 0.41310023281249997 0.6642812499999999 0.45130536093750007 0.674828125 0.4962470859375 0.674828125 0.5052447546875001 0.689890625 0.5232167828125001 0.7245468749999999 0.5569230765625
0 0.1928125 0.39100233125 0.174734375 0.4 0.17171875 0.4224708625 0.1641875 0.4427039625 0.17775000000000002 0.46291375312499994 0.20034375 0.4674125875 0.212390625 0.43370629374999997 0.209375 0.40673659687499997 0.1928125 0.39100233125
0 0.24403125 0.4471794875 0.22443749999999998 0.438205128125 0.20184375000000002 0.45167832187499996 0.1928125 0.46291375312499994 0.195828125 0.49662004687500005 0.21690625 0.52358974375 0.23498437499999997 0.5168531468750001 0.25456249999999997 0.503379953125 0.24403125 0.4471794875
0 0.177875 0.574918415625 0.194 0.5883916078125 0.20770312500000002 0.59065268125 0.22156250000000002 0.57965035 0.23075 0.5627972031249999 0.232703125 0.5504195796875 0.2304375 0.531095571875 0.224578125 0.519860140625 0.218703125 0.514032634375 0.212828125 0.5122144515625 0.20800000000000002 0.512680653125 0.19173437499999998 0.5209790203125 0.181796875 0.5322144515625 0.17667187499999998 0.54053613125 0.17440625 0.5670629375 0.177875 0.574918415625
0 0.1190625 0.49207459218749994 0.131015625 0.5034265734375001 0.149484375 0.5123543125000001 0.163609375 0.5074825171875 0.17503125 0.4831701625 0.171765625 0.45641025625 0.16253125 0.44102564062500005 0.149484375 0.43615384687500003 0.144046875 0.436969696875 0.12992187500000002 0.44181818125000005 0.11851562499999999 0.4620979015625 0.11634375 0.4758741265625 0.1190625 0.49207459218749994
0 0.127046875 0.539906759375 0.12154687500000001 0.5622843828125 0.128046875 0.5801864796875 0.141046875 0.5921212125 0.155046875 0.595850815625 0.17054687500000001 0.5883916078125 0.178546875 0.5764568765625 0.174546875 0.5682517484375 0.176046875 0.5413986015625001 0.180046875 0.5354312359375 0.176046875 0.527972028125 0.177546875 0.53170163125 0.167546875 0.5175291375 0.156546875 0.5108158515625 0.139046875 0.5190209796875 0.127046875 0.539906759375