1 0.504359375 0.30062500000000003 0.5035624999999999 0.30593750000000003 0.50675 0.3218958328125 0.510734375 0.3410208328125 0.512328125 0.3495208328125 0.533859375 0.3559166671875 0.56575 0.3559166671875 0.579296875 0.3559166671875 0.5912499999999999 0.34420833281249996 0.604015625 0.3314583328125 0.614375 0.33039583281249996 0.608796875 0.3399583328125 0.5944375 0.3495208328125 0.5880625 0.35270833281249997 0.579296875 0.3591041671875 0.571328125 0.3644166671875 0.563359375 0.3782291671875 0.556171875 0.3909791671875 0.533859375 0.4218125 0.5226875 0.4505208328125 0.520296875 0.4579583328125 0.51153125 0.47495833281250005 0.5195000000000001 0.4898333328125 0.5274687499999999 0.49410416718750005 0.557765625 0.4685833328125 0.569734375 0.4547708328125 0.58009375 0.44945833281249997 0.580890625 0.4717708328125 0.59684375 0.4802708328125 0.60321875 0.4802708328125 0.614375 0.4643333328125 0.61915625 0.4462708328125 0.631921875 0.418625 0.633515625 0.3920416671875 0.629515625 0.3697291671875 0.627921875 0.3537916671875 0.6343125 0.34420833281249996 0.66459375 0.34208333281250003 0.6741718750000001 0.3537916671875 0.69090625 0.3654791671875 0.729171875 0.35485416718749996 0.75628125 0.3463333328125 0.780203125 0.3272083328125 0.79375 0.3187083328125 0.8001250000000001 0.30914583281249997 0.79534375 0.307 0.7714375 0.2995625 0.7578750000000001 0.287875 0.744328125 0.2846875 0.6925 0.2985 0.670984375 0.31233333281250003 0.65821875 0.3112708328125 0.6343125 0.2995625 0.6175625 0.3144583328125 0.60003125 0.3038125 0.56175 0.296375 0.518703125 0.2953125 0.504359375 0.30062500000000003
1 0.6295625 0.5170833328125 0.63925 0.5170833328125 0.647484375 0.5170833328125 0.65715625 0.50675 0.665390625 0.49450000000000005 0.669734375 0.4815833328125 0.671671875 0.4693333328125 0.668296875 0.4538333328125 0.66296875 0.4293125 0.66296875 0.4247916671875 0.64603125 0.43125 0.61940625 0.4609375 0.613109375 0.4854583328125 0.6165 0.5061041671875001 0.6295625 0.5170833328125
1 0.7438906249999999 0.28860416718750004 0.75615625 0.28860416718750004 0.778671875 0.28722916718749997 0.7848124999999999 0.2749583328125 0.815515625 0.2708541671875 0.8462031250000001 0.2545 0.85540625 0.24085416718750002 0.866671875 0.2326666671875 0.870765625 0.2312916671875 0.870765625 0.2272083328125 0.8676875000000001 0.22174999999999997 0.8462031250000001 0.220375 0.84109375 0.2149375 0.85234375 0.205375 0.85234375 0.20129166718749997 0.847234375 0.19583333281249998 0.838015625 0.19037500000000002 0.8226718749999999 0.1821875 0.809375 0.174 0.794015625 0.1630833328125 0.76434375 0.1671875 0.754109375 0.1617291671875 0.758203125 0.14397916718749998 0.7571875 0.1289791671875 0.74490625 0.12625 0.7295625 0.1317083328125 0.715234375 0.14125000000000001 0.698859375 0.1521666671875 0.69784375 0.16854166718750002 0.698859375 0.1821875 0.7019375 0.1917291671875 0.702953125 0.19583333281249998 0.70603125 0.2190208328125 0.7162499999999999 0.2353958328125 0.71728125 0.2558541671875 0.72546875 0.2790416671875 0.7438906249999999 0.28860416718750004
1 0.750578125 0.4263958328125 0.777390625 0.40812499999999996 0.7964687500000001 0.3683958328125 0.800640625 0.3469583328125 0.8048125 0.3318541671875 0.79765625 0.32947916718750003 0.77859375 0.33264583281250004 0.76309375 0.3413958328125 0.7482031250000001 0.3541041671875 0.7279375 0.3692083328125 0.716609375 0.3715833328125 0.715421875 0.3779375 0.708875 0.4113125 0.7190000000000001 0.4216458328125 0.7321093750000001 0.4335625 0.750578125 0.4263958328125
1 0.726484375 0.619125 0.76078125 0.619125 0.787625 0.6091875 0.793578125 0.6111666671875 0.784640625 0.577375 0.8085000000000001 0.5594791671875 0.807 0.535625 0.7727031249999999 0.4998333328125 0.8085000000000001 0.4819375 0.8129687499999999 0.4819375 0.883046875 0.4561041671875 0.8577031249999999 0.3865208328125 0.7980625 0.4024166671875 0.7518281250000001 0.4242916671875 0.736921875 0.42827083281249995 0.707109375 0.41235416718750006 0.659390625 0.40043749999999995 0.660875 0.43025 0.6728125 0.47797916718750005 0.6578906250000001 0.5057916671875 0.6936875 0.5892916671874999 0.726484375 0.619125
1 0.657453125 0.5951041671875 0.669421875 0.5812916671874999 0.665421875 0.5547083328125 0.659046875 0.5440833328125 0.6542656250000001 0.5292083328125 0.649484375 0.5164583328125001 0.63034375 0.5196458328125 0.6255625 0.5185833328125 0.6175937499999999 0.5621666671875001 0.61440625 0.5812916671874999 0.6383281249999999 0.6004166671875 0.657453125 0.5951041671875
1 0.4956875 0.54625 0.504375 0.5669375 0.528609375 0.5876458328124999 0.54040625 0.5893125 0.567734375 0.5876458328124999 0.578921875 0.5843333328125 0.58078125 0.5777083328125 0.572703125 0.5603125 0.57084375 0.5512083328124999 0.568359375 0.5412708328125 0.52425 0.5313333328125001 0.511828125 0.537125 0.5037499999999999 0.5421041671875 0.4956875 0.54625
1 0.5585 0.7514791671875 0.5546562500000001 0.7668333328125 0.55575 0.7872916671875 0.5546562500000001 0.7975416671875 0.557390625 0.803375 0.570015625 0.799 0.58096875 0.7953333328125 0.5946875 0.7887708328125 0.61278125 0.764625 0.62375 0.7500208328125 0.62375 0.7295416671875 0.604546875 0.7470833328125 0.581515625 0.7441666671875 0.578234375 0.731 0.57384375 0.7273541671875 0.566171875 0.7375833328125 0.5585 0.7514791671875
1 0.661640625 0.6714166671874999 0.651375 0.7071458328125 0.6650625 0.7352916671874999 0.687875 0.7466875 0.7135312500000001 0.7368125 0.714671875 0.7238749999999999 0.7135312500000001 0.7109583328125 0.70840625 0.6987916671875001 0.700984375 0.6858541671875 0.679890625 0.6569583328124999 0.6741875 0.6539166671875 0.66734375 0.6539166671875 0.659359375 0.6531666671874999 0.661640625 0.6714166671874999
1 0.81521875 0.3942708328125 0.834921875 0.3602708328125 0.846515625 0.3200833328125 0.8442031249999999 0.3061875 0.8047812499999999 0.3139166671875 0.7931874999999999 0.33245833281250003 0.8047812499999999 0.36491666718750004 0.772328125 0.41281249999999997 0.81521875 0.3942708328125
1 0.38860937500000003 0.6412916671875 0.37584375 0.6296041671875 0.365484375 0.6646875 0.3519375 0.6774375 0.332796875 0.689125 0.31765625000000003 0.7082708328125 0.31765625000000003 0.7327083328125 0.326421875 0.7422916671875 0.3455625 0.7305833328125 0.34395312499999997 0.7444166671875 0.34395312499999997 0.7762916671875 0.35353124999999996 0.7720416671875 0.355921875 0.7848124999999999 0.371859375 0.7731041671875001 0.380640625 0.8018124999999999 0.38542187499999997 0.8092499999999999 0.39896875 0.7933125000000001 0.401359375 0.8145625000000001 0.41571875 0.8400833328124999 0.4205 0.8305208328125 0.426875 0.798625 0.440421875 0.8230625 0.44920312500000004 0.8251875 0.44201562499999997 0.7603541671875 0.45478125 0.7518541671875 0.43962500000000004 0.7220833328125 0.43723437499999995 0.6933958328125 0.426875 0.6838124999999999 0.419703125 0.7040208328124999 0.41571875 0.6689375 0.396578125 0.676375 0.38860937500000003 0.6412916671875
1 0.6175937499999999 0.5484583328125 0.6175937499999999 0.5420833328125 0.6064375 0.5314583328125 0.602453125 0.5261458328125 0.5992656249999999 0.5197499999999999 0.592875 0.5144375 0.5896874999999999 0.513375 0.582515625 0.5197499999999999 0.580125 0.5197499999999999 0.571359375 0.5325208328125 0.56896875 0.5420833328125 0.5705625000000001 0.5601458328125 0.574546875 0.5718541671875 0.588890625 0.5856666671874999 0.604046875 0.5941666671875 0.6191875 0.5665208328125 0.618390625 0.5590833328125 0.6175937499999999 0.5484583328125
1 0.52428125 0.1514583328125 0.532296875 0.1924583328125 0.5750625 0.24945833281250002 0.528296875 0.2708541671875 0.50825 0.2957916671875 0.50690625 0.30114583281249996 0.49087500000000006 0.31716666718750003 0.47884374999999996 0.3438958328125 0.474828125 0.3741875 0.4801875 0.38487499999999997 0.529625 0.3884375 0.477515625 0.4490208328125 0.49621875 0.46685416718750006 0.50290625 0.5007083328124999 0.48953125000000003 0.5185208328125 0.482859375 0.54525 0.48953125000000003 0.552375 0.46948437500000006 0.5630625 0.47215625 0.57375 0.458796875 0.6058333328125001 0.476171875 0.6093958328125 0.49087500000000006 0.6165208328125 0.481515625 0.6414583328125001 0.481515625 0.650375 0.474828125 0.6699791671875001 0.47884374999999996 0.6913541671875 0.493546875 0.693125 0.497546875 0.7073958328125001 0.48953125000000003 0.7162916671875 0.509578125 0.7430208328125001 0.52428125 0.7465833328125 0.49487500000000006 0.7786666671875 0.48953125000000003 0.791125 0.50290625 0.8036041671874999 0.49621875 0.8321041671874999 0.4841875 0.8552708328125 0.514921875 0.8623958328124999 0.55234375 0.8428125 0.5670468750000001 0.8463749999999999 0.56971875 0.8766666671875001 0.5763906249999999 0.8926875000000001 0.599109375 0.8873541671874999 0.61515625 0.8659583328125 0.6205 0.8535 0.6472187500000001 0.8730833328125 0.663265625 0.8766666671875001 0.67128125 0.9033749999999999 0.6873125 0.9122916671875 0.714046875 0.9212083328125 0.7193906250000001 0.9016041671874999 0.72740625 0.8891249999999999 0.758140625 0.882 0.763484375 0.8659583328125 0.7447812500000001 0.8481458328124999 0.75946875 0.8232083328125 0.764828125 0.8018124999999999 0.75546875 0.7875625 0.736765625 0.7786666671875 0.7394375 0.7697499999999999 0.758140625 0.7572708328125 0.791546875 0.7394583328125 0.7781875 0.7109583328125 0.807578125 0.6842291671875 0.8102499999999999 0.6717500000000001 0.786203125 0.6663958328125 0.80625 0.6396875 0.780859375 0.6200833328125 0.788875 0.5933541671875 0.819609375 0.5505833328125 0.7995625000000001 0.5238541671875 0.7821875 0.5042708328125001 0.8556874999999999 0.4490208328125 0.859703125 0.4276458328125 0.8423281250000001 0.3866666671875 0.823625 0.3902291671875 0.815609375 0.392 0.8369843749999999 0.34568750000000004 0.8543593749999999 0.31716666718750003 0.8369843749999999 0.3064791671875 0.8169375000000001 0.3047083328125 0.8035781249999999 0.2851041671875 0.7715 0.2886666671875 0.8356406249999999 0.2601666671875 0.8556874999999999 0.2476875 0.8690625000000001 0.23343750000000002 0.8610312499999999 0.2209583328125 0.849015625 0.2120416671875 0.85703125 0.1960208328125 0.823625 0.1835416671875 0.788875 0.1781875 0.7755156249999999 0.1621666671875 0.747453125 0.174625 0.75946875 0.13543750000000002 0.742109375 0.12475 0.706015625 0.146125 0.706015625 0.1853125 0.708703125 0.2530208328125 0.7033437499999999 0.272625 0.6833125 0.2993541671875 0.6659375 0.3082708328125 0.6311875 0.2975833328125 0.63253125 0.2708541671875 0.637875 0.2316458328125 0.640546875 0.1835416671875 0.6311875 0.1657291671875 0.60846875 0.1621666671875 0.6098125 0.1888958328125 0.555015625 0.1568125 0.52428125 0.1514583328125
1 0.140625 0.56875 0.1421875 0.5833333328125 0.1484375 0.59375 0.1640625 0.5916666671875 0.1671875 0.6125 0.171875 0.6208333328125 0.1796875 0.6270833328125 0.1984375 0.625 0.2203125 0.5916666671875 0.221875 0.5729166671875 0.2125 0.5416666671875 0.2046875 0.53125 0.1984375 0.5166666671875 0.19375 0.5125 0.184375 0.5125 0.178125 0.5 0.1625 0.5 0.15 0.5145833328125 0.14375 0.5166666671875 0.1359375 0.53125 0.13125 0.5333333328125 0.128125 0.5395833328124999 0.125 0.55 0.125 0.5625 0.1296875 0.56875 0.140625 0.56875