1 0.37124999999999997 0.2476875 0.3628125 0.26827083281249997 0.362109375 0.3066666671875 0.355796875 0.31695833281249997 0.34878125 0.32818749999999997 0.352984375 0.34129166718750004 0.362109375 0.3422291671875 0.369140625 0.33941666718749997 0.382484375 0.331 0.38668749999999996 0.3132083328125 0.38668749999999996 0.2841875 0.379671875 0.27014583281250004 0.37615625 0.2570416671875 0.376859375 0.2570416671875 0.37475 0.2504791671875 0.37124999999999997 0.2476875
1 0.1556875 0.3455625 0.178953125 0.3455625 0.189796875 0.3352291671875 0.194453125 0.3269583328125 0.203765625 0.3145416671875 0.2053125 0.2566458328125 0.20220312499999998 0.22356250000000003 0.17275000000000001 0.21735416718749997 0.161890625 0.23183333281250001 0.15723437499999998 0.25252083281250004 0.1556875 0.27525 0.12621875 0.3186875 0.12310937500000001 0.33729166718750003 0.12621875 0.3435 0.1556875 0.3455625
1 0.612359375 0 0.614765625 0.012166667187499999 0.6275000000000001 0.046416667187499996 0.65078125 0.0710208328125 0.680203125 0.0721875 0.698859375 0.06983333281250001 0.713125 0.0590208328125 0.7045625 0.0358958328125 0.68546875 0.0209583328125 0.663078125 0.0019375 0.655171875 0 0.61784375 0 0.612359375 0
1 0.790453125 0.3280833328125 0.812359375 0.33258333281249997 0.8207812499999999 0.3168541671875 0.844375 0.3258333328125 0.8545 0.3146041671875 0.835953125 0.296625 0.808984375 0.2786458328125 0.798875 0.2629166671875 0.8005625000000001 0.2269583328125 0.7938125 0.2157291671875 0.77190625 0.2269583328125 0.758421875 0.26516666718750004 0.77190625 0.303375 0.790453125 0.3280833328125
1 0.69040625 0.2776458328125 0.6729375 0.3054166671875 0.670921875 0.3215416671875 0.67428125 0.3260208328125 0.684359375 0.325125 0.689734375 0.3233333328125 0.6998125 0.3233333328125 0.707203125 0.3161666671875 0.709890625 0.27137500000000003 0.704515625 0.2588125 0.6918124999999999 0.2394583328125 0.684703125 0.2413541671875 0.686375 0.2516458328125 0.689734375 0.2615 0.69040625 0.2776458328125
1 0.356875 0.39045833281250003 0.354015625 0.3949375 0.34831249999999997 0.3980625 0.34571874999999996 0.4060208328125 0.3446875 0.418125 0.350640625 0.42814583281249996 0.35765625 0.4361041671875 0.367765625 0.4406041671875 0.375546875 0.43956249999999997 0.37684375000000003 0.4374791671875 0.37892187499999996 0.43541666718750005 0.377875 0.434375 0.3758125 0.43091666718750005 0.36803125 0.42641666718750004 0.35998437499999997 0.41604166718749996 0.35920312499999996 0.4056666671875 0.36025 0.39597916718750004 0.36335937500000004 0.39147916718750003 0.36257812500000003 0.387 0.36025 0.387 0.356875 0.39045833281250003
1 0.38009375 0.4110208328125 0.372203125 0.4150208328125 0.369515625 0.4221875 0.369671875 0.4230208328125 0.378515625 0.42722916718750004 0.3859375 0.4289166671875 0.3961875 0.42112499999999997 0.401078125 0.40787500000000004 0.401875 0.39649999999999996 0.397921875 0.3880833328125 0.397609375 0.3880833328125 0.39334375 0.3857708328125 0.38971875 0.3788333328125 0.38940625 0.3788333328125 0.385453125 0.3735625 0.383875 0.37525 0.38403125 0.38325 0.384515625 0.3859791671875 0.384515625 0.39860416718749997 0.38009375 0.4110208328125
1 0.091515625 0.3597916671875 0.10003124999999999 0.3597916671875 0.109109375 0.3597916671875 0.11496875 0.3562708328125 0.12025 0.3402291671875 0.119953125 0.325 0.11204687499999999 0.3163958328125 0.11087499999999999 0.30975 0.10853125 0.3050625 0.104125 0.30583333281249997 0.10501562499999999 0.3175625 0.104125 0.32225000000000004 0.10325 0.3332083328125 0.0985625 0.343375 0.08653125 0.3488333328125 0.08478125 0.3519583328125 0.086828125 0.3554791671875 0.091515625 0.3597916671875
1 0.10389062499999999 0.4580208328125 0.10698437499999999 0.45725 0.10640625 0.4587916671875 0.10795312500000001 0.4608541671875 0.11221874999999999 0.46008333281249997 0.11570312499999999 0.45518749999999997 0.118984375 0.4402291671875 0.120140625 0.420875 0.11725000000000001 0.4172708328125 0.11646875000000001 0.40772916718749996 0.114140625 0.40464583281250005 0.10989062499999999 0.4059166671875 0.10989062499999999 0.40797916718750005 0.11104687499999999 0.41752083281249996 0.11028125 0.42114583281250006 0.107578125 0.4337708328125 0.105640625 0.4458958328125 0.10215624999999999 0.45183333281250004 0.101765625 0.4538958328125 0.10389062499999999 0.45466666718750004 0.10389062499999999 0.4580208328125
1 0.001140625 0.1436666671875 0.00043750000000000006 0.1905833328125 0.011703125 0.20277083281250002 0.03421875 0.21497916718750001 0.048296875 0.20089583281249998 0.015921875 0.17181249999999998 0.001140625 0.1436666671875
1 0.769578125 0.20839583281250001 0.781703125 0.1956875 0.7964375 0.1991458328125 0.8094374999999999 0.17375000000000002 0.803359375 0.0998125 0.7912343749999999 0.0697708328125 0.78603125 0.05475 0.778234375 0.0512916671875 0.769578125 0.0512916671875 0.773046875 0.053604167187499996 0.768703125 0.0697708328125 0.7558125 0.1050208328125 0.7562031250000001 0.1922083328125 0.769578125 0.20839583281250001
1 0.058203125 0.4024791671875 0.0640625 0.41227083281250004 0.072875 0.41325 0.07728125 0.41714583281250006 0.0868125 0.4220416671875 0.094140625 0.4210625 0.0978125 0.4152083328125 0.08828125 0.40933333281250006 0.081671875 0.39660416718749997 0.07946875 0.3809583328125 0.083875 0.3702083328125 0.0758125 0.3702083328125 0.063328125 0.3702083328125 0.0589375 0.3760833328125 0.056734375000000004 0.3858541671875 0.058203125 0.4024791671875
1 0.8268125 0.089625 0.8224843749999999 0.0718958328125 0.81784375 0.060333332812499994 0.810421875 0.0549791671875 0.8029999999999999 0.0529166671875 0.79928125 0.0455 0.7974375 0.0455 0.79434375 0.0450833328125 0.7952656250000001 0.0487916671875 0.79340625 0.0512708328125 0.791859375 0.0487916671875 0.790625 0.0516875 0.791546875 0.055395832812500004 0.7909375 0.060333332812499994 0.790625 0.0681875 0.803921875 0.10075 0.80640625 0.1325208328125 0.8073281250000001 0.15106250000000002 0.8091875 0.1659166671875 0.8091875 0.1688125 0.816921875 0.1564375 0.8237187499999999 0.1353958328125 0.8265 0.11147916718749999 0.8268125 0.089625
1 0.4765625 0.38333333281250004 0.4796875 0.3875 0.4796875 0.4 0.4890625 0.43541666718750005 0.4953125 0.4458333328125 0.5015625 0.45 0.5109375 0.45 0.5203125 0.43125 0.5203125 0.40416666718750005 0.515625 0.3958333328125 0.5203125 0.38333333281250004 0.5203125 0.375 0.515625 0.36666666718749996 0.503125 0.36666666718749996 0.4921875 0.3479166671875 0.53625 0.2179166671875 0.614821428125 0.03220238125 0.6171875 0.0375 0.6234375 0.0375 0.6265625 0.0395833328125 0.6234375 0.04375 0.6203125 0.05208333281250001 0.6234375 0.05625 0.6265625 0.0458333328125 0.63125 0.0489583328125 0.6359375 0.058333332812500006 0.6759375000000001 0.0141666671875 0.7046875 0.0375 0.70859375 0.0479166671875 0.709375 0.0645833328125 0.7125 0.058333332812500006 0.7140625 0.0625 0.734375 0.0666666671875 0.7359375 0.0770833328125 0.740625 0.08333333281250001 0.7515625 0.08333333281250001 0.7640625 0.075 0.76875 0.0375 0.759375 0.01875 0.728125 0.0041666671875 0.725 0 0.66875 0.0020833328125000002 0.66875 0.0083333328125 0.6604166671875 0.00555555625 0.61875 0.0229166671875 0.6171875 0.0208333328125 0.532321428125 0.22720238125 0.48125 0.3479166671875 0.4765625 0.3541666671875 0.4765625 0.38333333281250004