3 0.464199346875 0.5334477125 0.50116013125 0.561879084375 0.5736764703125 0.567565359375 0.6205882359375 0.563300653125 0.6689379078125001 0.5391339875 0.69879085 0.5192320265625 0.738594771875 0.4666339875 0.7570915031250001 0.40833333281249995 0.751405228125 0.3457679734375 0.7201143796875 0.29459150312500004 0.6717810453124999 0.25194444374999997 0.6149019609375 0.23772875781249997 0.5822058828125 0.2334477125 0.5196405234375 0.23629085 0.4457189546875 0.26900326875 0.40732026093749996 0.33581699375 0.393104575 0.4054901953125 0.39452614375 0.4467156859375 0.41444444375 0.495065359375 0.464199346875 0.5334477125
3 0.9646241828125 0.7352941171875 0.9662581703124999 0.64099673125 0.95 0.5857189546875 0.9028431375 0.5385620921875 0.8524346406250001 0.515800653125 0.8215522875 0.5060457515625 0.746748365625 0.5076633984375001 0.665457515625 0.551568628125 0.624803921875 0.61823529375 0.6101797390625 0.70116013125 0.6313071890625 0.772696078125 0.6735784312499999 0.8312254906250001 0.7126143796875 0.8556209156250001 0.776013071875 0.8702614375 0.82805555625 0.8686274515625 0.9158496734374999 0.8166013078125 0.9646241828125 0.7352941171875
3 0.2716503265625 0.7979248359375 0.2844117640625 0.8435294125 0.3409803921875 0.9201797390625 0.37565359531250003 0.9402450984374999 0.43405228749999997 0.9493790843750001 0.470539215625 0.9475490203125 0.4997385625 0.943905228125 0.5362254906249999 0.9219934640625 0.5927941171875 0.8800326796875 0.6238235296875 0.82710784375 0.6311274515624999 0.7559477125 0.6165196078124999 0.708513071875 0.5727287578125 0.6336928109375 0.51616013125 0.6026797390625 0.44133986875 0.5825980390625001 0.36834967343749997 0.5953758171875 0.2990196078125 0.6592320265625 0.2862418296875 0.724934640625 0.27529411718749996 0.7559477125 0.2716503265625 0.7979248359375
3 0.4144281046875 0.346568628125 0.407696078125 0.275882353125 0.3639379078125 0.2203431375 0.3050326796875 0.18163398749999998 0.259591503125 0.1614379078125 0.20573529375000002 0.1614379078125 0.15692810468750001 0.1782679734375 0.10307189531250001 0.206879084375 0.0643627453125 0.2590522875 0.05763071875 0.312908496875 0.050898692187500004 0.353300653125 0.0677287578125 0.41727124218749995 0.10307189531250001 0.46439542500000003 0.1417810453125 0.4896405234375 0.18217320312500002 0.50478758125 0.225931371875 0.516568628125 0.2663235296875 0.521617646875 0.28651960781249997 0.5148856203125 0.3420588234375 0.486274509375 0.3824509796875 0.450931371875 0.407696078125 0.41053921562499995 0.4144281046875 0.346568628125
3 0.26516339843750003 0.134460784375 0.276405228125 0.09176470625000001 0.2831535953125 0.0513071890625 0.28089869218749997 0.0086111109375 0.006748365625 0.0063725484375 0 0.13895424843749998 0.0134803921875 0.16367647031250002 0.11460784375 0.1996241828125 0.1685457515625 0.1816503265625 0.22472222187500002 0.17040849687499998 0.26516339843750003 0.134460784375
3 0.3115196078125 0 0.293186275 0.0026143796875 0.277042484375 0.041617646875 0.2736764703125 0.080620915625 0.29116013125 0.1458660125 0.30797385625 0.1801633984375 0.3463071890625 0.215800653125 0.385326796875 0.2467320265625 0.4209640515625 0.2575 0.4754411765625 0.25616013125000003 0.5548039218749999 0.215800653125 0.6052450984375 0.139803921875 0.612647059375 0.10214052343749999 0.6166830062499999 0.0510294125 0.613986928125 0.01539215625 0.6010294125 0 0.3115196078125 0
3 1 0.16179738593749998 0.973039215625 0.1640522875 0.9460620921875 0.16179738593749998 0.9191013078125 0.1685457515625 0.8786437906250001 0.1797712421875 0.8382026140625 0.2134803921875 0.8112418296874999 0.23594771250000002 0.775277778125 0.31460784375 0.775277778125 0.37303921562500003 0.7887581703125 0.43820261406250005 0.8314542484375 0.4988725484375 0.9101143796875 0.5370751640625 0.9977450984375 0.5415686281250001 1 0.5101143796875001 0.9977450984375 0.442696078125 1 0.36405228749999996 1 0.26516339843750003 1 0.16179738593749998
3 0.5562418296875 1 0.5455718953125 0.9902777781250001 0.5295751640625 0.965882353125 0.4990849671875 0.9453104578125 0.4579248359375 0.9475980390625001 0.4251633984375 0.9468300656249999 0.3771405234375 0.9422549015625 0.35122549062499997 0.93539215625 0.3169281046875 0.9506372546874999 0.2780718953125 0.9773202609375 0.26586601249999997 1 0.5562418296875 1
3 0.0883333328125 0.822352940625 0.1577287578125 0.81918300625 0.2397549015625 0.771879084375 0.27444444375 0.74978758125 0.28390522812499996 0.7119281046875 0.30284313749999997 0.645686275 0.293382353125 0.59521241875 0.261830065625 0.538431371875 0.2271241828125 0.516356209375 0.1356535953125 0.4911111109375 0.10094771250000001 0.4911111109375 0.047320260937500004 0.506895425 0.0031535953125 0.5415849671874999 0 0.756094771875 0.0031535953125 0.76555555625 0.0441666671875 0.8034150328124999 0.0883333328125 0.822352940625
3 0.9095588234375 0.1682026140625 0.9534803921874999 0.11135620937499999 0.9586601312499999 0.057091503125 0.9586601312499999 0.0054248359375 0.620147059375 0.0002450984375 0.6124019609375 0.0105882359375 0.625326796875 0.0958496734375 0.6666666671875 0.16303921562499998 0.7364379078125001 0.2095588234375 0.8242973859375 0.2198856203125 0.8785457515624999 0.18629085 0.9095588234375 0.1682026140625
3 0.8513235296874999 0.9285784312500001 0.8353431375 0.9125980390624999 0.819379084375 0.90400326875 0.7849673203124999 0.8867973859375 0.7665359484375001 0.8794281046875 0.7456535953125 0.876960784375 0.707565359375 0.876960784375 0.6522712421875 0.8917156859375 0.595751634375 0.9396241828124999 0.568725490625 1 0.8832679734375001 0.9973692812499999 0.8722058828125 0.961748365625 0.8513235296874999 0.9285784312500001
3 1 0.7922058828125 0.99926470625 0.77289215625 0.9164705874999999 0.81616013125 0.8911111109375 0.8564379078125001 0.8835620921875 0.8757679734374999 0.8767156859374999 0.9584313718749999 0.8835620921875 1 1 0.9870098046875 1 0.7922058828125
3 0.252696078125 1 0.2578104578125 0.9957026140625 0.268039215625 0.9241013078125 0.2322385625 0.859313725 0.179379084375 0.816699346875 0.1555228765625 0.8201143796875 0.12483660156250001 0.823513071875 0.05323529375 0.8064705875 0.00039215625 0.838856209375 0 1 0.252696078125 1