2 0.411109375 0.22156250000000002 0.410625 0.2648125 0.46482812500000004 0.3377291671875 0.474515625 0.3409583328125 0.49096875000000006 0.330625 0.49290625 0.32160416718749996 0.482734375 0.2912708328125 0.43821875 0.2067291671875 0.43579687500000003 0.2047916671875 0.416921875 0.2015625 0.411109375 0.22156250000000002
2 0.606234375 0.38727083281249997 0.60871875 0.38810416718749996 0.604375 0.343375 0.514296875 0.1984375 0.48820312499999996 0.23156249999999998 0.542875 0.3251458328125 0.5832499999999999 0.3814791671875 0.6025 0.3889166671875 0.606234375 0.38727083281249997
2 0.46754687500000003 0.1804375 0.46848437499999995 0.22941666718749998 0.55134375 0.1892291671875 0.5569843750000001 0.1817083328125 0.570171875 0.21433333281250003 0.576765625 0.2093125 0.666203125 0.193 0.6624375 0.1452916671875 0.658671875 0.1377708328125 0.46754687500000003 0.1804375
2 0.699875 0.290375 0.720203125 0.2700416671875 0.724109375 0.2617083328125 0.7260625 0.2465833328125 0.72528125 0.23356249999999998 0.68696875 0.2299166671875 0.682671875 0.2184375 0.61503125 0.2147916671875 0.656078125 0.1970625 0.575546875 0.2085416671875 0.570078125 0.21427083281249998 0.59040625 0.25910416718749996 0.6815 0.2882916671875 0.699875 0.290375
2 0.39278124999999997 0.34581249999999997 0.479390625 0.418625 0.49917187500000004 0.3771875 0.339109375 0.1826041671875 0.29862500000000003 0.1713125 0.286375 0.22277083281249999 0.39278124999999997 0.34581249999999997
2 0.741609375 0.3089375 0.65771875 0.35368750000000004 0.637578125 0.3693333328125 0.600671875 0.4006666671875 0.612421875 0.4207916671875 0.59228125 0.4386875 0.590609375 0.45435416718750005 0.6090625000000001 0.45435416718750005 0.6543593750000001 0.45883333281249994 0.77853125 0.3805208328125 0.77853125 0.34249999999999997 0.770140625 0.32683333281250004 0.741609375 0.3089375
2 0.44467187499999994 0.5196875000000001 0.46615624999999994 0.5537916671875001 0.47740625000000003 0.5456041671875 0.505046875 0.5237708328124999 0.532671875 0.48693749999999997 0.5449375 0.44737499999999997 0.552109375 0.46237500000000004 0.574609375 0.48285416718749996 0.5940624999999999 0.48693749999999997 0.5940624999999999 0.47056250000000005 0.5858749999999999 0.4487291671875 0.614515625 0.42281250000000004 0.48968749999999994 0.22091666718749997 0.47128125 0.2386458328125 0.465140625 0.1977083328125 0.45592187500000003 0.1827083328125 0.45592187500000003 0.2004375 0.45899999999999996 0.2277291671875 0.45081249999999995 0.2372708328125 0.47639062499999996 0.28775 0.48457812499999997 0.32458333281249996 0.47535937500000003 0.3491458328125 0.49992187499999996 0.38325 0.49992187499999996 0.3928125 0.48048437499999996 0.42281250000000004 0.43956249999999997 0.47056250000000005 0.443640625 0.47056250000000005 0.43853125000000004 0.4883125 0.44467187499999994 0.5196875000000001
2 0.3243125 0.176 0.339171875 0.1814166671875 0.364140625 0.20031249999999998 0.37629687500000003 0.2030208328125 0.412078125 0.20391666718749998 0.45528124999999997 0.1994166671875 0.45528124999999997 0.1859166671875 0.46743750000000006 0.2075208328125 0.4640625 0.1805 0.47553124999999996 0.1805 0.56059375 0.1679166671875 0.562609375 0.1661041671875 0.559921875 0.1373125 0.555859375 0.1265 0.54640625 0.131 0.47081249999999997 0.1436041671875 0.42490625 0.149 0.36346875 0.1463125 0.3141875 0.1481041671875 0.312171875 0.1453958328125 0.313515625 0.1715 0.3243125 0.176
2 0.458421875 0.4382083328125 0.46010937500000004 0.4224791671875 0.43314062499999995 0.3865208328125 0.40449999999999997 0.36854166718750003 0.382578125 0.35281250000000003 0.416296875 0.4269583328125 0.42134375 0.4426875 0.431453125 0.45841666718749996 0.458421875 0.4382083328125
2 0.635 0.3504791671875 0.618625 0.3027291671875 0.5603125 0.1922083328125 0.533703125 0.2058541671875 0.530640625 0.21131250000000001 0.6104375 0.3518333328125 0.616578125 0.3818541671875 0.632953125 0.3763958328125 0.635 0.3504791671875
2 0.700515625 0.3119375 0.700515625 0.3007083328125 0.690890625 0.2910833328125 0.5958593750000001 0.2654166671875 0.636765625 0.3440208328125 0.6524062500000001 0.35685416718749996 0.678859375 0.3424166671875 0.700515625 0.32637499999999997 0.700515625 0.3119375
2 0.41612499999999997 0.2057708328125 0.368921875 0.20366666718749998 0.367875 0.200875 0.340609375 0.1826875 0.341125 0.18829166718749998 0.4066875 0.2645 0.40982812500000004 0.2645 0.40982812500000004 0.21974999999999997 0.41612499999999997 0.2057708328125