1 0.08603125 0.8592832765624999 0.11470312499999999 0.8100511953125 0.13929687500000001 0.7787372015625 0.20484375 0.7518941984375 0.22326562499999997 0.7004436859375 0.23556249999999998 0.6601706484375 0.23965625 0.5796416375 0.23146874999999997 0.5147610921875 0.192546875 0.4409385671875 0.0553125 0.3872354953125 0 0.4275085328125 0.00409375 0.861518771875 0.069640625 0.8794027296875001 0.08603125 0.8592832765624999
1 0.158796875 0.2387372015625 0.18765625 0.2815358359375 0.23096875 0.387389078125 0.26190625 0.367116040625 0.342328125 0.3558532421875 0.4145 0.3738737203125 0.47225 0.457201365625 0.593921875 0.4684641640625 0.66196875 0.42793515312499997 0.7341562500000001 0.346843003125 0.746515625 0.290546075 0.7135312500000001 0.2026962453125 0.63928125 0.15540955625 0.5176093749999999 0.1396416375 0.4371875 0.171177475 0.25365625 0.20720136562499997 0.158796875 0.2387372015625
1 0.0041875 0.2605972703125 0.12146874999999999 0.23812286718750003 0.24285937500000002 0.175204778125 0.279890625 0.13699658750000002 0.29225 0.067337884375 0.2901875 0.0044197953125000005 0.072078125 0.006655290625 0.06796875 0.00890785 0.02475 0.18643344687500002 0.0041875 0.2605972703125
1 0.592578125 0.0067406140625 0.5720156249999999 0.0044880546875000005 0.294234375 0 0.29834375 0.10112627968750001 0.2386875 0.1842662109375 0.15226562500000002 0.22022184375 0.148140625 0.233703071875 0.4711875 0.1528157 0.5473125 0.1033788390625 0.576125 0.0651706484375 0.592578125 0.0067406140625
1 0.43003125000000003 0.9168600687499999 0.4444375 0.986518771875 0.77159375 0.98877133125 0.726328125 0.849436859375 0.670765625 0.7910068265625 0.576125 0.7662969281249999 0.5082187499999999 0.8089931734375 0.45884375000000005 0.874163821875 0.43003125000000003 0.9168600687499999
1 0.43584375 0.8932593859375 0.411140625 0.83931740625 0.32678124999999997 0.7471843 0.25065624999999997 0.7404436859375 0.13543750000000002 0.7763993171875 0.102515625 0.8280887375000001 0.079875 0.913481228125 0.08399999999999999 0.9966211609375 0.079875 1 0.427609375 0.9876450515625 0.43584375 0.8932593859375
1 0.969125 0.92322525625 0.87859375 0.7524402734375 0.8333281250000001 0.6827645046875 0.7571875 0.6917576796875 0.71809375 0.711979521875 0.6954687500000001 0.7456996593749999 0.699578125 0.804112628125 0.77159375 0.983890784375 0.9588281249999999 0.9816552906249999 0.969125 0.92322525625
1 0.523796875 0.5833276453125 0.602171875 0.61486348125 0.65371875 0.677935153125 0.7135312500000001 0.709453925 0.73003125 0.707201365625 0.773328125 0.677935153125 0.767140625 0.6058532421875 0.72590625 0.578822525 0.67434375 0.5495563140625 0.595984375 0.5337883953125 0.536171875 0.538293515625 0.476375 0.5630546078124999 0.48256249999999995 0.5698122859375 0.48256249999999995 0.572064846875 0.523796875 0.5833276453125
1 0.13579687499999998 0.23595563125000002 0.12345312500000001 0.23595563125000002 0.09053125 0.24269624531249998 0.074078125 0.26291808906249997 0.0288125 0.2651706484375 0.0288125 0.269658703125 0.016453125 0.2853924921875 0.01028125 0.2966211609375 0.004109375 0.3190955625 0.01234375 0.377525596875 0.016453125 0.377525596875 0.026750000000000003 0.38877133124999996 0.03703125 0.3955119453125 0.053500000000000006 0.397747440625 0.059671875 0.4 0.08025 0.3955119453125 0.08642187500000001 0.3955119453125 0.10700000000000001 0.40674061406249995 0.11728125 0.41122866875 0.14196875 0.41573378906249997 0.16048437499999998 0.422474403125 0.17284375000000002 0.422474403125 0.187234375 0.4269624578125 0.2078125 0.4314675765625 0.21604687500000003 0.4292150171875 0.22015625 0.422474403125 0.22428125 0.40899317343749997 0.230453125 0.3932593859375 0.230453125 0.386518771875 0.22839062499999999 0.377525596875 0.226328125 0.36629692812500003 0.21398437499999998 0.3550511953125 0.21398437499999998 0.3528157 0.21398437499999998 0.3123549484375 0.19546875 0.2809044375 0.17078125 0.24269624531249998 0.15226562500000002 0.23595563125000002 0.13579687499999998 0.23595563125000002
1 0.514390625 0.8 0.58640625 0.7730375421875 0.631671875 0.7842662109375 0.687234375 0.797747440625 0.699578125 0.7662969281249999 0.6810625 0.705614334375 0.629625 0.649436859375 0.582296875 0.61122866875 0.48353124999999997 0.5730375421875 0.41974999999999996 0.6089931734375 0.37859375 0.6674232078125 0.35184375 0.7685324234375 0.450609375 0.8786518765625001 0.462953125 0.856177475 0.514390625 0.8
1 0.23965625 0.6668771328124999 0.260140625 0.6982081906250001 0.315453125 0.7228157000000001 0.34821875 0.70267918125 0.3891875 0.6579351531250001 0.415828125 0.61095563125 0.46907812499999996 0.5796416375 0.479328125 0.5259385671875 0.45678124999999997 0.4364505125 0.409671875 0.3603924921875 0.337984375 0.358156996875 0.264234375 0.37158703125 0.22737500000000002 0.40513651875 0.20484375 0.45658703125000005 0.22532812500000002 0.510290103125 0.23760937499999998 0.5818771328125 0.23965625 0.6668771328124999
1 0.9958750000000001 0.7659215015624999 0.97940625 0.7187201359375 0.9650000000000001 0.700750853125 0.9444375 0.640068259375 0.8929843749999999 0.6108532421875 0.82715625 0.6018771328125 0.7736562499999999 0.592883959375 0.7613125000000001 0.608617746875 0.7613125000000001 0.6625426625 0.7736562499999999 0.67827645 0.8086249999999999 0.67827645 0.8456718750000001 0.67827645 0.8518437499999999 0.6850170656250001 0.8868124999999999 0.7614163828125 0.9526562500000001 0.885017065625 0.977359375 0.8625426624999999 0.9958750000000001 0.8108532421874999 0.9958750000000001 0.7659215015624999
1 0.87796875 0.1446245734375 0.8332499999999999 0.13177474375 0.80734375 0.12148464218749999 0.670828125 0.1446245734375 0.6449374999999999 0.1548976109375 0.7132031249999999 0.201177475 0.7485 0.283430034375 0.734390625 0.3528498296875 0.6778906250000001 0.42225255937500006 0.595515625 0.4736689421875 0.46604687499999997 0.46595563125000006 0.47546875 0.514795221875 0.48253124999999997 0.5610750859375 0.7649843749999999 0.42738907812500004 0.8920937500000001 0.25259385624999997 0.8991562500000001 0.1780375421875 0.87796875 0.1446245734375