2 0.698609375 0.46573333281249996 0.706265625 0.44832 0.679671875 0.37992 0.672390625 0.3761866671875 0.6705625000000001 0.39048 0.698609375 0.46573333281249996
2 0.285484375 0.4951466671875 0.279734375 0.49720000000000003 0.276703125 0.5132266671875 0.279734375 0.5349066671875 0.28609375 0.56432 0.293640625 0.5844533328125 0.310890625 0.6329866671875 0.336609375 0.67016 0.36896874999999996 0.71816 0.375328125 0.71816 0.3774375 0.7114666671875 0.37682812499999996 0.69856 0.372 0.68048 0.35021874999999997 0.65776 0.31815625000000003 0.6045866671875 0.3115 0.5922133328125 0.292140625 0.5054666671875 0.285484375 0.4951466671875
2 0.645359375 0.3250133328125 0.63771875 0.3157066671875 0.621359375 0.33248 0.5700624999999999 0.44048 0.579890625 0.45352 0.58425 0.4628266671875 0.58534375 0.44048 0.615890625 0.37344 0.645359375 0.3250133328125
2 0.3026875 0.11592 0.32709375 0.07008 0.323671875 0.060506667187499995 0.321234375 0.0554933328125 0.31709375 0.0554933328125 0.3075625 0.0725866671875 0.300234375 0.0875733328125 0.292421875 0.0992533328125 0.281921875 0.1163466671875 0.28314062500000003 0.1167466671875 0.283390625 0.13384000000000001 0.286328125 0.13384000000000001 0.289015625 0.13591999999999999 0.3026875 0.11592
2 0.33218749999999997 0.0298133328125 0.32846875 0.03192 0.328265625 0.0463733328125 0.3295 0.056266667187499994 0.34128125 0.08872 0.341703125 0.0876533328125 0.346046875 0.0897866671875 0.35203125 0.08061333281250001 0.336328125 0.0340266671875 0.33218749999999997 0.0298133328125
2 0.362765625 0.55064 0.346875 0.48056 0.38 0.5088266671875 0.37403125 0.5348266671874999 0.411125 0.5224 0.42703125000000003 0.50656 0.416421875 0.4896 0.39523437499999997 0.5009066671875 0.389265625 0.48733333281249996 0.381984375 0.46925333281250003 0.3501875 0.40368000000000004 0.33759375 0.3810666671875 0.342890625 0.36184 0.35084375 0.3414933328125 0.36343749999999997 0.32792 0.342234375 0.31322666718750003 0.292546875 0.32792 0.28328125000000004 0.33584 0.272015625 0.41272000000000003 0.26737500000000003 0.43872 0.26340625 0.4579466671875 0.259421875 0.48168 0.262078125 0.50544 0.293875 0.4862133328125 0.28990625 0.4658666671875 0.323015625 0.46245333281249995 0.351515625 0.5676 0.362765625 0.5732533328125 0.362765625 0.55064
2 0.06684375000000001 0.5399733328125 0.071109375 0.5534933328125 0.07781249999999999 0.5566133328125 0.09426562499999999 0.5337333328125 0.191796875 0.46402666718749996 0.1863125 0.45778666718750005 0.136328125 0.4817066671875 0.06684375000000001 0.5399733328125
2 0.584421875 0.3732266671875 0.628546875 0.3238933328125 0.6057187500000001 0.32128 0.617890625 0.3238933328125 0.5661562499999999 0.3576533328125 0.5661562499999999 0.4641333328125 0.57984375 0.4901066671875 0.584421875 0.3732266671875
2 0.616515625 0.4705333328125 0.617421875 0.46848 0.6207499999999999 0.45039999999999997 0.64 0.40288 0.632609375 0.3896 0.63121875 0.39130666718749996 0.630421875 0.39538666718750004 0.626625 0.40221333281250005 0.6184375 0.4209333328125 0.60834375 0.4364533328125 0.609859375 0.45504 0.616515625 0.4705333328125
2 0.3675625 0.3286133328125 0.364109375 0.33493333281250004 0.37128125 0.3503466671875 0.39940625 0.36528 0.399671875 0.35488 0.39409375 0.33992 0.3675625 0.3286133328125
2 0.62628125 0.3785866671875 0.647875 0.44002666718750005 0.6615624999999999 0.4412533328125 0.6637187499999999 0.40194666718749994 0.64715625 0.3650933328125 0.655796875 0.36632 0.6485937500000001 0.3613866671875 0.62628125 0.3785866671875
2 0.9105000000000001 0.3469333328125 0.9165625000000001 0.37056 0.935875 0.37104 0.93675 0.3538133328125 0.9289531249999999 0.35087999999999997 0.9105000000000001 0.3469333328125
2 0.809671875 0.2543733328125 0.8146875 0.2563466671875 0.819703125 0.26032 0.8247187500000001 0.2655733328125 0.828953125 0.2701866671875 0.830890625 0.2734666671875 0.8393750000000001 0.2741333328125 0.840921875 0.2682133328125 0.840921875 0.2622933328125 0.840921875 0.2570133328125 0.8389843750000001 0.2504266671875 0.8112187499999999 0.2372533328125 0.8092812500000001 0.2398933328125 0.80234375 0.2451733328125 0.8015625 0.2504266671875 0.80234375 0.2570133328125 0.8054218750000001 0.2557066671875 0.80696875 0.2543733328125 0.809671875 0.2543733328125
2 0.240625 0.2053333328125 0.253125 0.2266666671875 0.259375 0.2293333328125 0.2828125 0.2293333328125 0.2890625 0.2213333328125 0.2890625 0.2 0.4046875 0.1573333328125 0.40712890625 0.1548333328125 0.42661675312499997 0.2621666671875 0.43338068124999996 0.2579393953125 0.4353084421875 0.2717575765625 0.4290798609375 0.27599999999999997 0.43154296875 0.2898333328125 0.4372362015625 0.2855757578125 0.43849431875 0.2993939390625 0.433984375 0.30333333281249997 0.43642578125 0.31683333281250003 0.4410917203125 0.3132121203125 0.44190340937499994 0.3270303046875 0.4388671875 0.3303333328125 0.4436079546875 0.3408484859375 0.44130859375 0.3438333328125 0.4453125 0.3546666671875 0.4390625 0.36 0.4375 0.38133333281250004 0.446875 0.3946666671875 0.465625 0.40533333281250006 0.46875 0.43200000000000005 0.4734375 0.44000000000000006 0.4828125 0.44000000000000006 0.4875 0.42933333281249997 0.4875 0.4 0.5034375 0.3949333328125 0.5046875 0.4 0.5015625 0.40800000000000003 0.5015625 0.42400000000000004 0.50625 0.43200000000000005 0.509375 0.43200000000000005 0.5109375 0.45866666718750004 0.515625 0.46666666718750005 0.525 0.46666666718750005 0.5296875 0.45599999999999996 0.5328125 0.4186666671875 0.5296875 0.40800000000000003 0.51796875 0.3933333328125 0.534375 0.36266666718749996 0.553125 0.36266666718749996 0.5578125 0.352 0.5578125 0.33599999999999997 0.575 0.33599999999999997 0.5796875 0.3253333328125 0.5796875 0.31466666718749997 0.6284274187500001 0.295139784375 0.6921875 0.3973333328125 0.690625 0.4106666671875 0.696875 0.4266666671875 0.7046875 0.4266666671875 0.709375 0.41600000000000004 0.7078125 0.4 0.6226310484375001 0.2858494609375 0.570463709375 0.202236559375 0.5640625 0.2 0.5640625 0.1893333328125 0.5588709671875 0.18365591406249998 0.559375 0.1786666671875 0.5530745968749999 0.1743655921875 0.5472782265625 0.16507526875 0.5421875 0.16799999999999998 0.5371875 0.1597333328125 0.5414818546875 0.155784946875 0.534375 0.1493333328125 0.535685484375 0.1464946234375 0.540625 0.144 0.546875 0.144 0.5515625 0.13333333281249998 0.55 0.10933333281249999 0.540625 0.0986666671875 0.5203125 0.0986666671875 0.5182963703125 0.11862365625 0.5125 0.1253333328125 0.5125 0.10933333281249999 0.41875 0.13333333281249998 0.4144230765625 0.1339487171875 0.4125 0.1306666671875 0.40625 0.136 0.4046875 0.1413333328125 0.3983723953125 0.1365555546875 0.2408203125 0.1476666671875 0.234375 0.1453333328125 0.2329427078125 0.148222221875 0.2250651046875 0.14877777812499998 0.2234375 0.144 0.2171875 0.1493333328125 0.2140625 0.16 0.2140625 0.1973333328125 0.21875 0.2053333328125 0.240625 0.2053333328125