2 0.803439025 0.9122199999999999 0.7317073171875 0.88398 0.5939756093749999 0.85104 0.505024390625 0.8134 0.505024390625 0.79222 0.5164878046875 0.74046 0.5164878046875 0.69104 0.47346341406250003 0.6887 0.47346341406250003 0.64164 0.421804878125 0.62046 0.4160731703125 0.7592800000000001 0.43041463437500005 0.8675200000000001 0.44190243906250004 0.9098599999999999 0.553804878125 0.92398 0.659975609375 0.9686999999999999 0.8608292687500001 0.98282 0.8378780484374999 0.96164 0.8378780484374999 0.9451599999999999 0.803439025 0.9122199999999999
2 0.691634146875 0.5229199999999999 0.7157317078125 0.52698 0.766560975 0.53132 0.8163902437500001 0.52942 0.814756096875 0.51156 0.792634146875 0.5118400000000001 0.71539024375 0.51292 0.6989024390624999 0.5037200000000001 0.6741463421875 0.49966 0.6659024390625 0.49992000000000003 0.6384878046875 0.49966 0.62695121875 0.49776 0.618365853125 0.4937 0.6153902437500001 0.49288 0.6091219515625 0.4918 0.60517073125 0.49640000000000006 0.6015365859374999 0.49884000000000006 0.6035121953125 0.5050600000000001 0.6038536578125 0.5056 0.6015365859374999 0.50534 0.6150731703125001 0.514 0.64839024375 0.51886 0.665243903125 0.51562 0.691634146875 0.5229199999999999
2 0.7744390250000001 0.34038 0.817439025 0.2875 0.8192195124999999 0.27355999999999997 0.786975609375 0.26914 0.771756096875 0.28384 0.779804878125 0.28456000000000004 0.718024390625 0.36828 0.7072682921875 0.38664 0.7484634140625 0.38738 0.7744390250000001 0.34038
3 0.358195121875 0.40035999999999994 0.3575121953125 0.4102 0.3535121953125 0.42329999999999995 0.356195121875 0.43150000000000005 0.3528536578125 0.43696 0.3515121953125 0.44462 0.3535121953125 0.45389999999999997 0.3528536578125 0.46046 0.344195121875 0.47794 0.3515121953125 0.4856 0.352195121875 0.49105999999999994 0.346195121875 0.49544 0.3408536578125 0.5009 0.3588536578125 0.5009 0.3715121953125 0.50308 0.3915121953125 0.50964 0.39017073125 0.51456 0.3915121953125 0.52166 0.39817073125 0.52276 0.3994878046875 0.49269999999999997 0.40282926874999997 0.46428 0.40617073125000003 0.43696 0.40882926875000003 0.40692000000000006 0.41417073125000003 0.37412 0.41217073125 0.36920000000000003 0.4014878046875 0.35172 0.3895121953125 0.3479 0.37617073125 0.34736 0.3608536578125 0.35554 0.3615121953125 0.36102 0.3495121953125 0.37522 0.3508536578125 0.37522 0.3548536578125 0.38178 0.358195121875 0.40035999999999994
3 0.2853170734375 0.44874 0.3242195125 0.45086000000000004 0.3501463421875 0.47956000000000004 0.3501463421875 0.47531999999999996 0.3501463421875 0.46468 0.3553414640625 0.44448 0.354024390625 0.36688 0.342365853125 0.36263999999999996 0.3307073171875 0.35414 0.3138536578125 0.35306000000000004 0.3008780484375 0.3552 0.294414634375 0.36582 0.294414634375 0.39239999999999997 0.277560975 0.44767999999999997 0.2853170734375 0.44874
3 0.0062195125 0.35126 0.00217073125 0.35706000000000004 0.004195121875 0.49122000000000005 0.0122682921875 0.49372 0.0334878046875 0.48708 0.0334878046875 0.47051999999999994 0.020365853125 0.43326000000000003 0.0183414640625 0.38438 0.026414634375000003 0.37113999999999997 0.026414634375000003 0.35954 0.013292682812500001 0.35126 0.0062195125 0.35126
2 0.6357804875 0.7075 0.652243903125 0.7501800000000001 0.6303170734375 0.79064 0.701560975 0.79064 0.7152682921875 0.7681600000000001 0.7371951218749999 0.7457 0.808439025 0.73896 0.775560975 0.7075 0.8057073171875 0.67828 0.7591219515625001 0.64456 0.68239024375 0.61536 0.580975609375 0.62434 0.5645365859375 0.63334 0.580975609375 0.6557999999999999 0.6357804875 0.7075
2 0.5839024390625001 0.36546 0.64595121875 0.3485 0.6948536578125 0.34388 0.72682926875 0.35158 0.7136585359375001 0.33772 0.7136585359375001 0.30996 0.7776097562500001 0.3007 0.7588048781250001 0.28066 0.702365853125 0.2899 0.6083414640625 0.31304 0.5839024390625001 0.33772 0.582024390625 0.34388 0.5839024390625001 0.36546
2 0.6988292687500001 0.55244 0.7865121953124999 0.55918 0.8166585359375 0.5412 0.49053658593750005 0.51198 0.5015121953125 0.5412 0.6494878046875 0.5412 0.6988292687500001 0.55244
2 0.74095121875 0.23290000000000002 0.695024390625 0.2555 0.646024390625 0.27934000000000003 0.63839024375 0.2919 0.6047073171874999 0.30948000000000003 0.63839024375 0.30446 0.7287073171875 0.25926 0.74860975625 0.2467 0.7685121953125 0.23918 0.74095121875 0.23290000000000002
3 0.0750975609375 0.4915 0.07631707343750001 0.48804 0.0757073171875 0.48410000000000003 0.07690243906250001 0.47772 0.0799024390625 0.46984000000000004 0.0853170734375 0.46294 0.0895121953125 0.45508 0.0865121953125 0.44720000000000004 0.08409756093750001 0.43342 0.0823170734375 0.42408 0.0823170734375 0.41323999999999994 0.08351219531250001 0.39946000000000004 0.08470731718749999 0.39258000000000004 0.0883170734375 0.3852 0.0877073171875 0.37536 0.0853170734375 0.37092 0.08351219531250001 0.36404000000000003 0.0823170734375 0.35764 0.07690243906250001 0.3537 0.06251219531249999 0.35174 0.0492926828125 0.35616 0.0444878046875 0.36107999999999996 0.041487804687500004 0.366 0.0367073171875 0.36944 0.0300975609375 0.37388 0.024097560937500002 0.37829999999999997 0.0192926828125 0.38372 0.0186829265625 0.39405999999999997 0.0192926828125 0.4034 0.0229024390625 0.4344 0.0349024390625 0.47378 0.0360975609375 0.48952 0.0535121953125 0.49002 0.0649024390625 0.49002 0.0750975609375 0.4915
2 0.756634146875 0.35478 0.7325121953125 0.36138 0.7190975609375 0.34158 0.74860975625 0.3086 0.7190975609375 0.31520000000000004 0.7056829265625 0.34158 0.65204878125 0.34378000000000003 0.5823170734375 0.36138 0.52060975625 0.41856 0.5420731703125 0.43176 0.6091219515625 0.41416000000000003 0.6386341468750001 0.41416000000000003 0.7190975609375 0.39218000000000003 0.7861463421875 0.36578 0.7915121953125 0.34818 0.756634146875 0.35478
2 0.5303170734375 0.17008 0.5341707312499999 0.21749999999999997 0.549585365625 0.19222 0.5506829265625 0.16738 0.5303170734375 0.17008
2 0.5275121953124999 0.1778 0.49719512187500003 0.17214000000000002 0.49029268281249994 0.19476 0.49580487812499996 0.2298 0.5164878046875 0.31572 0.524756096875 0.2999 0.5302926828125 0.28972000000000003 0.5275121953124999 0.1778
2 0.47948780468749996 0.16224 0.47739024375000005 0.16738 0.458585365625 0.3216 0.462756096875 0.33532 0.47112195156250003 0.35416 0.47739024375000005 0.35588000000000003 0.4836585359375 0.3456 0.481585365625 0.3216 0.504560975 0.18280000000000002 0.51082926875 0.1708 0.5066585359375 0.16738 0.47948780468749996 0.16224
2 0.5449268296875001 0.5103 0.62839024375 0.51624 0.60117073125 0.50658 0.6029756093749999 0.49542 0.6111463421875001 0.48872 0.638365853125 0.49988 0.68282926875 0.50212 0.7182195124999999 0.51104 0.7680975609375 0.51328 0.7935121953125 0.50286 0.812560975 0.50658 0.8098536578125 0.48945999999999995 0.8252682921875 0.48647999999999997 0.8325365859374999 0.47309999999999997 0.8361463421875 0.45970000000000005 0.821634146875 0.4478 0.7363414640625 0.46566 0.6038780484374999 0.4545 0.57395121875 0.45524 0.5603414640625 0.48724 0.5322195125 0.49914 0.4959268296875 0.47384000000000004 0.4977317078125 0.50286 0.514975609375 0.50956 0.5449268296875001 0.5103
2 0.52560975625 0.17176 0.5908292687500001 0.15478 0.645414634375 0.13677999999999998 0.6786585359374999 0.12238 0.6755121953125001 0.10746 0.65104878125 0.11517999999999999 0.5594634140625 0.14604 0.48170731718750004 0.15838000000000002 0.49236585312500003 0.17432 0.503024390625 0.16970000000000002 0.52560975625 0.17176