0 0.6386458328125 0.267203125 0.6351458328125 0.280828125 0.6449374999999999 0.298640625 0.6603125000000001 0.30440625 0.6693958328125 0.294453125 0.6826666671875 0.278203125 0.7022291671875001 0.287640625 0.727375 0.290265625 0.7490416671875 0.285015625 0.7609166671875001 0.27715625 0.7567291671875 0.26196875 0.754625 0.252 0.7651041671875001 0.2341875 0.7518333328125 0.22423437499999999 0.7329791671875 0.21637499999999998 0.707125 0.214796875 0.6889583328125 0.22581250000000003 0.6805625 0.22999999999999998 0.6756875 0.24100000000000002 0.6638124999999999 0.24625 0.6589166671875 0.25410937499999997 0.6498333328125 0.258296875 0.6386458328125 0.267203125
0 0.4879583328125 0.31260937499999997 0.5070625 0.303578125 0.5067708328125 0.291234375 0.4956041671875 0.28859375 0.4841458328125 0.278015625 0.48120833281250003 0.268765625 0.49412500000000004 0.2628125 0.4967708328125 0.260828125 0.48708333281250005 0.256640625 0.47504166718749996 0.256640625 0.46622916718749996 0.260828125 0.4615208328125 0.264359375 0.4535833328125 0.263921875 0.44066666718749997 0.270078125 0.43624999999999997 0.2758125 0.4383125 0.282203125 0.4418333328125 0.29190625 0.44683333281250004 0.29696875 0.4691666671875 0.303796875 0.4879583328125 0.31260937499999997
0 0.9499375000000001 0.29253125 0.9493541671875001 0.2965 0.9470000000000001 0.30289062499999997 0.94025 0.31015625 0.9370208328125 0.3128125 0.9399583328125001 0.315234375 0.9458333328125 0.317875 0.9534583328125 0.317 0.9546458328125 0.31434375000000003 0.9608125 0.31303125 0.9640416671875001 0.311484375 0.9663958328125 0.3095 0.9669791671875 0.30003125 0.9631666671874999 0.294734375 0.9552291671875001 0.291875 0.9493541671875001 0.289890625 0.9499375000000001 0.29121874999999997 0.9499375000000001 0.29253125
0 0.5903958328125001 0.26253125 0.5818541671874999 0.265 0.5785625 0.268453125 0.5755 0.27354687499999997 0.5750625 0.278796875 0.5759375 0.28504687500000003 0.5783541671875 0.29128125 0.5838333328124999 0.2955625 0.590625 0.299828125 0.595875 0.300484375 0.6057291671875 0.299828125 0.6107708328125 0.29934375 0.6151666671875 0.296375 0.6186666671875 0.294078125 0.6239166671875 0.28915625 0.6258958328124999 0.283734375 0.6261041671875 0.27912499999999996 0.6245833328125 0.273875 0.6210833328125 0.269265625 0.6160416671875 0.265484375 0.608375 0.262203125 0.5991666671875 0.26171875 0.5903958328125001 0.26253125
0 0.9560208328125 0.25193750000000004 0.9440208328124999 0.256921875 0.9303750000000001 0.260921875 0.9277291671875 0.26715625 0.9297083328125 0.27165625000000004 0.9357083328125 0.27515625 0.9446875 0.275640625 0.9566874999999999 0.26940624999999996 0.9596666671875 0.263921875 0.9613333328125 0.2536875 0.9603333328125 0.2486875 0.9566874999999999 0.24320312500000002 0.9513541671875 0.241453125 0.9516875 0.242203125 0.9533541671875 0.2476875 0.9560208328125 0.25193750000000004
0 0.38514583281250003 0.31696875 0.3816875 0.3074375 0.3736041671875 0.29965625 0.3632291671875 0.29965625 0.3482291671875 0.30657812500000003 0.34362499999999996 0.31696875 0.34362499999999996 0.32820312500000004 0.3505416671875 0.335125 0.3701458328125 0.33771874999999996 0.3747708328125 0.335125 0.379375 0.32820312500000004 0.38514583281250003 0.31696875
0 0.9404999999999999 0.534390625 0.9409583328125001 0.54203125 0.94375 0.546546875 0.9506875000000001 0.546546875 0.9581041671875001 0.5448125 0.9636666671875 0.5427187499999999 0.9692083328125 0.53334375 0.9743124999999999 0.52953125 0.9775625 0.528828125 0.9817291671874999 0.529875 0.9840416671875 0.535078125 0.9863541671875 0.552109375 0.9960833328125 0.556265625 0.9997916671875 0.554875 1 0.5270937499999999 0.9868124999999999 0.5208437499999999 0.9757083328125 0.5208437499999999 0.976625 0.5205 0.9613541671875 0.52153125 0.953 0.526046875 0.9442083328124999 0.5309062499999999 0.9404999999999999 0.534390625
0 0.9353541671875 0.4791875 0.9353541671875 0.47629687499999995 0.9315 0.46615624999999994 0.9225 0.46134375 0.9167083328125001 0.45940624999999996 0.9032083328124999 0.46423437500000003 0.8967916671875 0.46953125 0.8922916671875001 0.47676562499999997 0.8922916671875001 0.486421875 0.9109375 0.500875 0.9231458328125 0.49171875 0.9263541671875 0.48882812500000006 0.9353541671875 0.4791875
0 0.8374166671875001 0.280515625 0.830125 0.280515625 0.8228541671875 0.280828125 0.8179791671875 0.284765625 0.8179791671875 0.289625 0.8228541671875 0.2920625 0.8277083328125 0.2941875 0.8337708328125 0.292671875 0.8374166671875001 0.29509375000000004 0.8402499999999999 0.29874999999999996 0.8487708328125001 0.289625 0.8467291671874999 0.28385937499999997 0.845125 0.27931249999999996 0.8374166671875001 0.280515625
0 0.8429791671875 0.30457812500000003 0.8435625 0.30678125 0.8435625 0.3083125 0.8414999999999999 0.311171875 0.840625 0.313375 0.8429791671875 0.31403125 0.8458958328125 0.31446874999999996 0.8494166671875 0.31578125 0.8514791671875 0.31842187499999997 0.8535208328125 0.31996875 0.8564583328125 0.31996875 0.8611458328125 0.31820312500000003 0.8614375000000001 0.31425000000000003 0.8599791671875 0.30809375 0.8529375 0.303703125 0.8488333328125 0.30084374999999997 0.8444375000000001 0.3001875 0.8397500000000001 0.30084374999999997 0.8409166671875001 0.3010625 0.842375 0.303484375 0.8429791671875 0.30457812500000003
0 0.7875 0.22517187500000002 0.7903125 0.22593749999999999 0.792125 0.22639062499999998 0.7959583328125001 0.22684375 0.7991875 0.22562500000000002 0.8013958328124999 0.22396875 0.8028124999999999 0.22290625 0.8048333328125 0.22335937499999997 0.8076458328125 0.22351562500000002 0.8094583328124999 0.22184374999999998 0.8126875 0.219578125 0.8151041671874999 0.216859375 0.8153124999999999 0.21595312500000002 0.8153124999999999 0.21081249999999999 0.8151041671874999 0.20596874999999998 0.8137083328125 0.202640625 0.810875 0.20007812500000002 0.80625 0.1978125 0.803625 0.196 0.7979791671875 0.19478125 0.7917291671875 0.19464062499999998 0.7868958328125 0.19584375 0.7852708328125 0.19765625 0.7872916671875 0.19978125 0.7895 0.200828125 0.792125 0.200984375 0.79375 0.2014375 0.79475 0.202796875 0.7943541671875 0.20445312499999999 0.7927291671875001 0.205671875 0.7899166671875 0.20703125 0.7907083328125 0.2086875 0.79375 0.2086875 0.798375 0.209140625 0.7997916671875 0.21065625 0.8006041671874999 0.213234375 0.7989791671875001 0.2151875 0.7965625000000001 0.217015625 0.7929375000000001 0.2180625 0.7828541671875 0.220640625 0.7834583328125 0.22200000000000003 0.7854791671875 0.22381250000000003 0.7875 0.22517187500000002
0 0.8163958328125 0.221390625 0.8206875 0.22156250000000002 0.8237708328125001 0.22084375 0.8263958328125 0.218890625 0.8295 0.21764062499999998 0.8321041671874999 0.21425 0.8323541671875001 0.21353125 0.8330624999999999 0.21192187499999998 0.8333125000000001 0.20800000000000002 0.8349791671875 0.20800000000000002 0.8356875 0.206390625 0.8342499999999999 0.202640625 0.8318749999999999 0.199609375 0.8244999999999999 0.195859375 0.8211666671875 0.194609375 0.8211666671875 0.195671875 0.8211666671875 0.199609375 0.8204375 0.202640625 0.8190208328124999 0.20228125000000002 0.8171041671875001 0.201203125 0.8152083328125 0.20014062500000002 0.8130625 0.19924999999999998 0.8102083328124999 0.198171875 0.8075833328125 0.198171875 0.8116458328125 0.20049999999999998 0.8135416671875 0.20245312499999998 0.8152083328125 0.206390625 0.8152083328125 0.211390625 0.8154375 0.21692187500000001 0.8130625 0.21942187500000002 0.8135416671875 0.21995312500000003 0.8147291671874999 0.22103125 0.8163958328125 0.221390625
0 0.3928125 0.30539062499999997 0.3919375 0.307359375 0.3845208328125 0.31390625 0.3843125 0.31471875 0.382125 0.32371875 0.383875 0.334515625 0.3873541671875 0.3405625 0.3952083328125 0.34040625 0.40393749999999995 0.3294375 0.40852083281249996 0.319953125 0.4139791671875 0.30965625 0.4168125 0.302453125 0.42312500000000003 0.297375 0.424875 0.287890625 0.414625 0.27840625 0.3954375 0.273828125 0.38235416718750004 0.27759375 0.3751458328125 0.28609375 0.3762291671875 0.29590625 0.3788541671875 0.301953125 0.3808125 0.30228125 0.38606250000000003 0.303921875 0.3928125 0.30539062499999997
0 0.0827651515625 0.5977272734375 0.0895833328125 0.6015625 0.08333333281250001 0.60625 0.0793560609375 0.605184659375 0.08125 0.609375 0.07594696875 0.6126420453125 0.0770833328125 0.6171875 0.0725378796875 0.62009943125 0.028219698437500003 0.7170454546875 0.03204365 0.7193452375 0.0166666671875 0.734375 0.0166666671875 0.759375 0.0208333328125 0.765625 0.0375 0.7765625 0.0645833328125 0.78125 0.0916666671875 0.78125 0.125 0.76875 0.1604166671875 0.75 0.16458333281249998 0.7546875 0.16458333281249998 0.771875 0.1708333328125 0.7828125 0.1875 0.79375 0.21875 0.7953125 0.23125 0.790625 0.24375 0.7796875 0.2479166671875 0.7703125 0.2479166671875 0.75625 0.2541666671875 0.7453125 0.2666666671875 0.75 0.2916666671875 0.75 0.3125 0.7390625 0.32083333281250004 0.725 0.32083333281250004 0.7109375 0.3166666671875 0.7015625 0.30416666718749996 0.690625 0.2916666671875 0.6859375 0.2666666671875 0.6859375 0.2666666671875 0.653125 0.2875 0.6421875 0.2958333328125 0.628125 0.2958333328125 0.615625 0.2916666671875 0.60625 0.2770833328125 0.59375 0.2645833328125 0.5890625 0.23541666718749998 0.5890625 0.22291666718749997 0.59375 0.2125 0.6015625 0.20625 0.5958333328125 0.20625 0.55546875 0.20208333281250002 0.553125 0.2125 0.5453125 0.21875 0.54375 0.23125 0.5328125 0.23541666718749998 0.5234375 0.23541666718749998 0.5109375 0.225 0.4953125 0.23574735468750002 0.489310515625 0.24738756718750002 0.476165675 0.2416666671875 0.4734375 0.2479166671875 0.4671875 0.2532076734375 0.4695932546875 0.2939484125 0.42358630937499997 0.2823113203125 0.4203714625 0.29060534531250004 0.4155660375 0.29976851875 0.41701388906250003 0.29889937031249997 0.4107606125 0.305588625 0.41044146875000004 0.3071933953125 0.40595518906250005 0.3154874203125 0.40114976406249997 0.3172288359375 0.39729662656250003 0.32378144531249997 0.3963443390625 0.3230489421875 0.39072420625 0.3320754703125 0.391538915625 0.3818396234375 0.3627063671875 0.5 0.3171875 0.50625 0.328125 0.5229166671875001 0.3390625 0.5395833328124999 0.340625 0.55625 0.3515625 0.56875 0.353125 0.5681818187500001 0.3573508515625 0.6515151515625 0.4178977265625 0.6583333328125 0.41875 0.6590909078125 0.42340198906250004 0.6625 0.4234375 0.6666666671875 0.42890625 0.6729166671875 0.4296875 0.674242425 0.43441051093749994 0.81818181875 0.5389914765625 0.81875 0.5484375 0.80625 0.5484375 0.79375 0.553125 0.7833333328125 0.5609375 0.7770833328125 0.571875 0.7770833328125 0.5875 0.7854166671875 0.6 0.7854166671875 0.625 0.7708333328125 0.6265625 0.75 0.615625 0.7229166671875 0.615625 0.7104166671875001 0.6203125 0.7010416671875 0.628125 0.6885416671875 0.628125 0.6854166671875 0.6203125 0.6729166671875 0.609375 0.6604166671875 0.6046875 0.6354166671875 0.6046875 0.6229166671875 0.609375 0.6125 0.6171875 0.60625 0.628125 0.60625 0.64375 0.6208333328125 0.675 0.6333333328124999 0.684375 0.6458333328125 0.6890625 0.6708333328125 0.6890625 0.6833333328125 0.684375 0.6916666671875 0.678125 0.7 0.665625 0.7166666671875 0.6765625 0.75 0.678125 0.7583333328124999 0.675 0.76875 0.6828125 0.78125 0.6875 0.80625 0.6875 0.8125 0.684375 0.8479166671874999 0.6859375 0.8604166671875 0.68125 0.8729166671874999 0.6703125 0.8770833328125001 0.6609375 0.8770833328125001 0.6484375 0.8729166671874999 0.6390625 0.8645833328125001 0.63125 0.86875 0.6203125 0.86875 0.6078125 0.8583333328125 0.5921875 0.8604166671875 0.5734375 0.85625 0.5640625 0.84375 0.553125 0.83125 0.5484375 0.8615384625000001 0.481009615625 0.9166666671874999 0.496875 0.9229166671875 0.5109375 0.9333333328125001 0.51875 0.9458333328125 0.5234375 0.975 0.521875 0.9833333328125 0.51875 0.9979166671874999 0.503125 0.9958333328125001 0.4765625 0.9833333328125 0.465625 0.9770833328125 0.4640625 0.9791666671874999 0.44375 0.975 0.434375 0.9625 0.4234375 0.95 0.41875 0.9270833328125001 0.41875 0.9270833328125001 0.4 0.9229166671875 0.390625 0.90625 0.378125 0.9375 0.3171875 0.9520833328125 0.3234375 0.9770833328125 0.3234375 0.9979166671874999 0.3125 0.9666666671874999 0.3 0.9604166671875 0.29375 0.9520833328125 0.2921875 0.9490384625000001 0.2862179484375 0.9524038453125 0.2787259609375 0.9458333328125 0.2765625 0.95576923125 0.271233975 0.9604166671875 0.259375 0.9979166671874999 0.2703125 0.9895833328125001 0.2640625 0.9861111109375 0.265625 0.9777777765625 0.2604166671875 0.97430555625 0.2609375 0.9659722234375 0.2567708328125 0.9541666671875 0.253125 0.9541666671875 0.25 0.9458333328125 0.246875 0.9458333328125 0.2421875 0.9625 0.2328125 0.9708333328125001 0.21875 0.9708333328125001 0.2046875 0.9625 0.190625 0.9416666671874999 0.1796875 0.9104166671874999 0.18125 0.89375 0.1921875 0.8833333328125 0.2109375 0.8708333328125001 0.215625 0.8583333328125 0.2265625 0.8416666671874999 0.209375 0.8333333328125001 0.209375 0.79375 0.190625 0.76875 0.190625 0.75625 0.1953125 0.7458333328125 0.203125 0.7395833328125 0.2140625 0.7395833328125 0.2203125 0.6979166671875 0.21875 0.6979166671875 0.20625 0.69375 0.196875 0.68125 0.1859375 0.66875 0.18125 0.64375 0.18125 0.63125 0.1859375 0.6208333328125 0.19375 0.6020833328124999 0.1953125 0.5854166671875001 0.20625 0.5770833328125 0.228125 0.5666666671875 0.2390625 0.5625 0.2546875 0.55 0.259375 0.5395833328124999 0.2671875 0.5333333328125 0.278125 0.5229166671875001 0.2796875 0.50625 0.290625 0.3901336484375 0.35790094375 0.38333333281250004 0.3390625 0.375 0.3359375 0.3770833328125 0.3328125 0.38333333281250004 0.33125 0.38125 0.325 0.3916666671875 0.30625 0.3770833328125 0.303125 0.3729166671875 0.3 0.3770833328125 0.2984375 0.3729166671875 0.2859375 0.3645833328125 0.2828125 0.3333333328125 0.284375 0.3166666671875 0.2953125 0.2979166671875 0.3 0.2875 0.3078125 0.28125 0.31875 0.28125 0.3359375 0.2875 0.346875 0.30416666718749996 0.3578125 0.250925925 0.42725694374999995 0.24375 0.43125 0.22291666718749997 0.4203125 0.1979166671875 0.4203125 0.1854166671875 0.425 0.1708333328125 0.4390625 0.16875 0.459375 0.175 0.4703125 0.1833333328125 0.47578125 0.18278301875 0.47803655625 0.17448899375 0.48284198125 0.175 0.4875 0.16619496875 0.48764740624999997 0.16354166718750002 0.49375 0.15790094375 0.4924528296875 0.14960691875 0.49725825468749996 0.1520833328125 0.5 0.1409722234375 0.5020833328125 0.13301886875 0.506869103125 0.1298611109375 0.5041666671875 0.11875 0.50625 0.12472484375 0.511674528125 0.1164308171875 0.516479953125 0.109375 0.5125 0.10813679218750001 0.521285378125 0.1 0.51875 0.0998427671875 0.5260908015625 0.08541666718749999 0.525 0.0915487421875 0.5308962265625 0.08325471718750001 0.5357016515625 0.07291666718749999 0.534375 0.0749606921875 0.5405070750000001 0.0666666671875 0.5453125 0.06875 0.565625 0.07291666718749999 0.571875 0.0895833328125 0.5828125 0.0827651515625 0.5977272734375