1 0.11608465625 0.54464 0.1336772484375 0.52868 0.1336772484375 0.5020800000000001 0.1864550265625 0.5206999999999999 0.2251587296875 0.4941 0.22164021093750003 0.48878000000000005 0.20052910000000002 0.47016 0.18293650781249998 0.45953999999999995 0.165343915625 0.45953999999999995 0.1477513234375 0.45422 0.1336772484375 0.45953999999999995 0.11960317499999999 0.45953999999999995 0.1055291 0.47016 0.0879365078125 0.45156 0.0633333328125 0.44889999999999997 0.049259259374999996 0.44092000000000003 0.031666667187500004 0.44623999999999997 0.0175925921875 0.4356 0 0.43826 0.00351851875 0.45156 0.00351851875 0.55794 0.0984920640625 0.55528 0.11608465625 0.54464
1 0.0405026453125 0.43684 0.0460582015625 0.44012 0.051005290625 0.44383999999999996 0.0676719578125 0.44898 0.08187830625 0.44898 0.091137565625 0.44478 0.09732804218749999 0.43592000000000003 0.09608465625 0.43078000000000005 0.09298941875 0.42889999999999995 0.0948412703125 0.42190000000000005 0.0948412703125 0.41116 0.0917724875 0.40696000000000004 0.082486771875 0.4093 0.07878306874999999 0.41444000000000003 0.07261904687500001 0.41256000000000004 0.0713756609375 0.40321999999999997 0.0676719578125 0.39062 0.0584126984375 0.38548 0.051005290625 0.38642 0.052222221874999995 0.40321999999999997 0.05161375625 0.40976 0.04851851875 0.41022 0.042354496874999994 0.39716 0.0324603171875 0.39016 0.026296296875000003 0.38876 0.0201058203125 0.38408000000000003 0.0108465609375 0.38222 0.0108465609375 0.39248 0.004682539062499999 0.39108 0 0.38688 0.0034391531250000003 0.43544 0.0052910046875 0.43592000000000003 0.007751323437500001 0.43544 0.023201057812500002 0.43544 0.0324603171875 0.43592000000000003 0.0405026453125 0.43684
1 0.08857142812499999 0.45346000000000003 0.1070634921875 0.46936 0.11727513281249999 0.46020000000000005 0.1402380953125 0.45827999999999997 0.14341269843749999 0.45393999999999995 0.1472486765625 0.44526000000000004 0.14341269843749999 0.43754 0.1376719578125 0.43464 0.133862434375 0.43464 0.136402115625 0.41344000000000003 0.1319312171875 0.4168 0.131296296875 0.40426 0.127486771875 0.39896 0.1204497359375 0.39896 0.117910053125 0.39944 0.11216931249999999 0.40282 0.1089682546875 0.41487999999999997 0.0924074078125 0.44236000000000003 0.0853703703125 0.44864 0.08857142812499999 0.45346000000000003
1 0.135211640625 0.43162 0.1394973546875 0.43368 0.141825396875 0.43632 0.1457142859375 0.44162 0.14648148125 0.44426 0.144947090625 0.45456 0.1453174609375 0.45426 0.151560846875 0.45368 0.1519312171875 0.4528 0.151164021875 0.44898 0.1492063484375 0.44014 0.148835978125 0.43426 0.1507671953125 0.42868000000000006 0.1542857140625 0.42279999999999995 0.1597089953125 0.41986 0.1601058203125 0.41513999999999995 0.158174603125 0.4122 0.158174603125 0.41014 0.15582010625 0.40426 0.1519312171875 0.40074 0.1472751328125 0.39926 0.1441534390625 0.40162000000000003 0.1441534390625 0.40780000000000005 0.144947090625 0.41337999999999997 0.141825396875 0.41544 0.141428571875 0.41838 0.1379365078125 0.42132 0.1371693125 0.42162 0.13677248749999998 0.42308 0.135211640625 0.43162
1 0.197089946875 0.45077999999999996 0.20566137499999998 0.4532 0.21314814843750002 0.43701999999999996 0.208862434375 0.41597999999999996 0.2013756609375 0.39980000000000004 0.1928042328125 0.40709999999999996 0.18960317499999998 0.42245999999999995 0.1821164015625 0.3982 0.1671428578125 0.39092 0.158571428125 0.40062 0.1660582015625 0.42408 0.1735449734375 0.43784 0.18960317499999998 0.44753999999999994 0.197089946875 0.45077999999999996
1 0.312645503125 0.44738 0.31616402187500003 0.44202 0.31616402187500003 0.434 0.31970899531249997 0.42464 0.32206349218749997 0.41796 0.32148148125 0.40948 0.317354496875 0.40948 0.312645503125 0.40679999999999994 0.30436507968750004 0.40146 0.29436507968750003 0.40458 0.2937566140625 0.39834 0.28611111093749997 0.39790000000000003 0.28492063437500004 0.39744 0.281957671875 0.39432 0.2695767203125 0.39611999999999997 0.2578042328125 0.40056 0.2519047625 0.40146 0.247777778125 0.40279999999999994 0.2424603171875 0.40236 0.231269840625 0.39924 0.22124338593749998 0.40102000000000004 0.21769841250000002 0.40726000000000007 0.218862434375 0.41796 0.22298941874999997 0.42329999999999995 0.22949735468750002 0.42954 0.23478835937500003 0.43802 0.24539682499999999 0.44694 0.2483597890625 0.44336000000000003 0.2548412703125 0.43312 0.2778306875 0.44248000000000004 0.306137565625 0.44916 0.312645503125 0.44738
1 0.43568783125 0.37888 0.43595238125 0.38605999999999996 0.4365079359375 0.38858000000000004 0.44124338593749995 0.38732 0.4434920640625 0.38394 0.44515872968750003 0.37636 0.44404761875 0.36602 0.442380953125 0.3618 0.4365079359375 0.37004000000000004 0.43568783125 0.37888
1 0.42132275156250004 0.35328 0.403174603125 0.3554 0.394788359375 0.36738 0.39198412656250003 0.37618 0.3966402109375 0.39026 0.40687830625 0.39836 0.4264550265625 0.40679999999999994 0.42457672031250004 0.3811 0.43391534375 0.36562 0.43251322812500004 0.35962 0.42132275156250004 0.35328
1 0.515476190625 0.3438 0.515132275 0.34009999999999996 0.513439153125 0.33088 0.5117460312500001 0.32677999999999996 0.510211640625 0.32564000000000004 0.5095502640625 0.32588 0.5078571421875 0.32677999999999996 0.50648148125 0.3296 0.5056349203125 0.33652000000000004 0.5059788359375 0.34266 0.5098941796875 0.34906000000000004 0.5127513234375 0.34868 0.51444444375 0.34726 0.515476190625 0.3438
1 0.4922486765625 0.39533999999999997 0.488439153125 0.38704 0.49082010625 0.38523999999999997 0.48891534375 0.37732 0.47603174531250003 0.37046 0.47507936562499997 0.38883999999999996 0.4769841265625 0.40759999999999996 0.488439153125 0.41444000000000003 0.50798941875 0.41479999999999995 0.507513228125 0.41264 0.5008465609375 0.40616 0.4922486765625 0.39533999999999997
1 0.45838624375 0.35514 0.45060846562499995 0.35514 0.44592592656249996 0.36025999999999997 0.44436507968749994 0.36732 0.44801587343750005 0.37714 0.43917989375 0.38814000000000004 0.4313756609375 0.39048 0.430873015625 0.39127999999999996 0.4298148140625 0.40776 0.44592592656249996 0.41601999999999995 0.457354496875 0.41012000000000004 0.4625396828125 0.4062 0.4625396828125 0.40148 0.47865079374999997 0.37360000000000004 0.47812169375 0.36496 0.4708465609375 0.35868 0.4625396828125 0.35554 0.45838624375 0.35514
1 0.501269840625 0.33726 0.49910052968749996 0.32526 0.49481481406250005 0.32654 0.49267195781249995 0.33012 0.49095238124999996 0.33402 0.484523809375 0.32752 0.48235449687500004 0.33336 0.48322751249999996 0.34798 0.48666666718749996 0.35706000000000004 0.49267195781249995 0.3574 0.501693121875 0.35575999999999997 0.5094179890625 0.35154 0.5107142859375 0.35122 0.50555555625 0.34668 0.501269840625 0.33726
1 0.29783068749999997 0.44802 0.255396825 0.43385999999999997 0.24547619062499998 0.44344 0.24656084687500002 0.44678000000000007 0.2460317453125 0.45885999999999993 0.26917989375 0.45302 0.2719312171875 0.45262 0.29783068749999997 0.44802
1 0.0132275125 0.322 0.0264550265625 0.306 0.0423280421875 0.314 0.07936507968749999 0.31 0.0873015875 0.302 0.0873015875 0.292 0.1375661375 0.27999999999999997 0.14550264531249998 0.286 0.1613756609375 0.286 0.174603175 0.292 0.174603175 0.304 0.1825396828125 0.31 0.1825396828125 0.316 0.174603175 0.322 0.174603175 0.33599999999999997 0.1825396828125 0.34199999999999997 0.19312169375 0.34199999999999997 0.2142857140625 0.35 0.2301587296875 0.35 0.2354497359375 0.354 0.25661375625 0.354 0.26455026406250004 0.348 0.27777777812500004 0.346 0.2989417984375 0.33599999999999997 0.3148148140625 0.34199999999999997 0.3518518515625 0.34199999999999997 0.365079365625 0.32999999999999996 0.375661375 0.32599999999999996 0.375661375 0.31 0.3703703703125 0.306 0.35978835937500003 0.306 0.341269840625 0.294 0.3359788359375 0.27799999999999997 0.3174603171875 0.268 0.296296296875 0.268 0.27777777812500004 0.282 0.2619047625 0.282 0.2513227515625 0.288 0.2301587296875 0.286 0.22486772500000002 0.272 0.2195767203125 0.268 0.21164021093750002 0.268 0.20634920625 0.262 0.20634920625 0.23399999999999999 0.20105820156249998 0.22599999999999998 0.1851851859375 0.21400000000000002 0.16931216875 0.21400000000000002 0.153439153125 0.20800000000000002 0.134920634375 0.20800000000000002 0.1269841265625 0.21400000000000002 0.121693121875 0.21000000000000002 0.0952380953125 0.21400000000000002 0.089947090625 0.22000000000000003 0.0740740734375 0.213 0.06878306875 0.21800000000000003 0.055555556250000006 0.22000000000000003 0.0582010578125 0.20600000000000002 0.029100529687499998 0.20600000000000002 0.0079365078125 0.22000000000000003 0.015873015625 0.22599999999999998 0.002645503125 0.22799999999999998 0.002645503125 0.322 0.0132275125 0.322