0 0.4077398375 0.28265040625000004 0.40453658593749997 0.2806829265625 0.39773983749999997 0.2815772359375 0.394 0.28426016249999997 0.393284553125 0.288 0.3950731703125 0.29336585312499996 0.409886178125 0.29139837343749997 0.4095284546875 0.28604878125 0.4077398375 0.28265040625000004
0 0.3785528453125 0.284113821875 0.3810569109375 0.283154471875 0.3824065046875 0.278715446875 0.3814471546875 0.2733008125 0.3810569109375 0.27060162656250003 0.3806666671875 0.2696422765625 0.3766178859375 0.2679024390625 0.3744878046875 0.2673170734375 0.3729430890625 0.2661626015625 0.3715934953125 0.2682764234375 0.3694634140625 0.2696422765625 0.36791869843749997 0.271365853125 0.36734959375 0.273886178125 0.36734959375 0.276975609375 0.36908943125000004 0.28065040625000004 0.3719837390625 0.282 0.3739024390625 0.28295935 0.3785528453125 0.284113821875
0 0.4246829265625 0.28465040625000004 0.4264878046875 0.2869430890625 0.42829268281250005 0.2856422765625 0.42926829218749996 0.2828617890625 0.42926829218749996 0.2764715453125 0.42533333281249996 0.2740162609375 0.41749593437500004 0.274504065625 0.41749593437500004 0.277284553125 0.42141463437500004 0.2799024390625 0.4246829265625 0.28465040625000004
0 0.38263414687499997 0.2582276421875 0.3824878046875 0.26097560937500003 0.3830731703125 0.26704065 0.3811869921875 0.26934959375 0.3832032515625 0.273674796875 0.38970731718749996 0.274113821875 0.3941788625 0.27295935 0.3952032515625 0.26920325156249997 0.395479675 0.26343089375 0.3927479671875 0.2599674796875 0.385804878125 0.2576585359375 0.38595121875 0.2576585359375 0.38465040625 0.2570731703125 0.38263414687499997 0.2582276421875
0 0.41014634218749996 0.26782113750000003 0.4160325203125 0.266975609375 0.4199674796875 0.26134959375 0.416325203125 0.25517073125 0.41182113749999993 0.2537723578125 0.406764228125 0.2546178859375 0.39891056874999997 0.257414634375 0.4008617890625 0.2647317078125 0.40508943124999996 0.2675284546875 0.41014634218749996 0.26782113750000003
3 0.3826991875 0.2884715453125 0.3851382109375 0.28969105625 0.3900162609375 0.29030894375 0.3930731703125 0.29 0.3946016265625 0.286634146875 0.39734959375 0.283284553125 0.39917073125 0.28144715468750003 0.3976422765625 0.2784065046875 0.3946016265625 0.27504065 0.3930731703125 0.2747317078125 0.3881788625 0.274439025 0.38239024375 0.2780975609375 0.37995121875 0.28144715468750003 0.37933333281250003 0.2872520328125 0.3826991875 0.2884715453125
3 0.3508130078125 0.271756096875 0.346373984375 0.2727479671875 0.34435772343750004 0.2769918703125 0.34517073125 0.2802113828125 0.3493983734375 0.285235771875 0.35604878125 0.2878536578125 0.36107317031249997 0.2858536578125 0.36308943125000004 0.2775934953125 0.3572520328125 0.27195121875 0.3578536578125 0.2711382109375 0.356243903125 0.27094308906250003 0.3508130078125 0.271756096875
0 0.4246991875 0.2888617890625 0.425105690625 0.28705691093749997 0.42201626093750005 0.28026016249999997 0.41689430937500005 0.276243903125 0.409235771875 0.277105690625 0.407024390625 0.280504065625 0.40995121875 0.2842926828125 0.410894309375 0.2897398375 0.41230894375 0.29021138281250003 0.419414634375 0.2898211375 0.4246991875 0.2888617890625
0 0.4007317078125 0.28147967500000004 0.404764228125 0.28147967500000004 0.4086666671875 0.2800975609375 0.412243903125 0.2757235765625 0.41362601562499995 0.2737723578125 0.4135121953125 0.270195121875 0.41213008125000006 0.26813008125 0.40614634218749995 0.26754471562500004 0.40268292656250004 0.265934959375 0.4007317078125 0.2614471546875 0.3978536578125 0.2619024390625 0.39508943125 0.2639837390625 0.3942926828125 0.26708943125 0.39395121875 0.270894309375 0.39395121875 0.27456910625000003 0.3980813015625 0.2799837390625 0.39889430937500003 0.2811382109375 0.4007317078125 0.28147967500000004
3 0.3820325203125 0.264113821875 0.3815284546875 0.25832520312499996 0.378764228125 0.25556097499999997 0.3719674796875 0.2570731703125 0.36869918749999997 0.2606016265625 0.36819512187500003 0.26588617812500004 0.3702113828125 0.2696585359375 0.378520325 0.26788617812500004 0.3792682921875 0.2676422765625 0.381284553125 0.26689430937499997 0.3820325203125 0.264113821875
3 0.40764227656249996 0.27978861718750003 0.4055121953125 0.2820813015625 0.40865040625000004 0.2837723578125 0.4098373984375 0.28582113750000004 0.40933333281250006 0.29091056875 0.40967479687499997 0.2912520328125 0.41876422812499997 0.2912520328125 0.42343089375 0.2901463421875 0.4246991875 0.28717073125 0.4246991875 0.2835284546875 0.424455284375 0.2813170734375 0.42232520312500005 0.2792682921875 0.418504065625 0.27834146406250004 0.4178211375 0.27995121875 0.41629268281250004 0.2830081296875 0.41476422812499997 0.28360975625 0.41239024375 0.2780813015625 0.41265040624999993 0.276975609375 0.40933333281250006 0.27773983750000003 0.40764227656249996 0.27978861718750003