1 0.47612 0.21183183125 0.48949999999999994 0.20564564531250001 0.50082 0.1391891890625 0.48538 0.08045044999999999 0.45039999999999997 0.038708709375 0.43906 0.0402702703125 0.41952 0.0479879875 0.4226 0.068078078125 0.44421999999999995 0.1870870875 0.44318 0.1917417421875 0.472 0.196366365625 0.47612 0.21183183125
1 0.49892000000000003 0.3431231234375 0.53928 0.3144144140625 0.55272 0.26444444375 0.50034 0.199609609375 0.46706000000000003 0.211321321875 0.42812 0.23681681718749997 0.42954 0.24852852812499998 0.40688 0.3250450453125 0.43804 0.3558858859375 0.46424000000000004 0.3622522515625 0.49892000000000003 0.3431231234375
1 0.5198400000000001 0.3640540546875 0.5259 0.3794894890625 0.53478 0.424384384375 0.5305799999999999 0.4741741734375 0.5287200000000001 0.486096096875 0.54786 0.4797897890625 0.5595399999999999 0.45522522499999996 0.5628 0.41876876875 0.55908 0.3809009015625 0.5586 0.3787987984375 0.54832 0.3619519515625 0.53338 0.35705705781249997 0.53244 0.356366365625 0.53104 0.3549549546875 0.5198400000000001 0.3640540546875
1 0.5742200000000001 0.50921921875 0.55054 0.5184984984375001 0.53098 0.5154054046875001 0.5093799999999999 0.50921921875 0.50526 0.563303303125 0.5104 0.5849549546875 0.51864 0.58339339375 0.52688 0.6096696703125 0.5454 0.6081381375 0.5454 0.594234234375 0.5772999999999999 0.6189489484374999 0.6154 0.6127627625 0.6267199999999999 0.591141140625 0.62774 0.5710510515625 0.63906 0.5602102109375 0.6380399999999999 0.532402403125 0.60202 0.4860360359375 0.6009800000000001 0.492222221875 0.5876 0.4984084078125 0.5742200000000001 0.50921921875
1 0.72274 0.27570570625 0.72274 0.2719519515625 0.71898 0.241921921875 0.7071 0.24099099062499998 0.69086 0.24753753750000002 0.6714800000000001 0.2569369375 0.64212 0.270060059375 0.63712 0.27849849843749996 0.6515 0.318858859375 0.6615 0.3394894890625 0.6671199999999999 0.35918918906249997 0.68148 0.363903903125 0.70024 0.3291891890625 0.7121000000000001 0.3122822828125 0.72024 0.285075075 0.72274 0.27570570625
1 0.64586 0.2667867875 0.64854 0.25924925 0.65156 0.24918918906249998 0.6538999999999999 0.243633634375 0.6538999999999999 0.22804804843749998 0.65324 0.2134834828125 0.64854 0.19186186249999998 0.63348 0.170240240625 0.62076 0.1647147140625 0.61204 0.17123123125 0.6103799999999999 0.1792792796875 0.6160599999999999 0.1903603609375 0.62142 0.1984084078125 0.6241 0.2089489484375 0.63046 0.24213213281249998 0.6368199999999999 0.2662762765625 0.63918 0.2703003 0.64586 0.2667867875
1 0.59368 0.43843843906249996 0.60976 0.43723723750000004 0.62984 0.4227327328125 0.63306 0.3973873875 0.64432 0.375675675 0.64994 0.3575675671875 0.64994 0.32618618593750004 0.6426999999999999 0.2984384390625 0.6234200000000001 0.2718918921875 0.60252 0.2477477484375 0.5977 0.2441141140625 0.5960799999999999 0.2441141140625 0.58 0.26102102031249996 0.57198 0.27429429375000003 0.5591 0.28153153125 0.5454399999999999 0.32618618593750004 0.576 0.3684384390625 0.58644 0.416696696875 0.59368 0.43843843906249996
1 0.022539999999999998 0.023933934375 0.00035999999999999997 0.027537537499999997 0.00035999999999999997 0.22285285312499997 0.018340000000000002 0.28675675625 0.03512 0.32276276249999997 0.04052 0.320060059375 0.04592 0.3029429421875 0.0735 0.31555555625 0.08428 0.301141140625 0.08308 0.276846846875 0.09268 0.2840540546875 0.11186 0.2849549546875 0.11486 0.25075075 0.11066000000000001 0.2120420421875 0.12684 0.21294294218749998 0.12023999999999999 0.1454354359375 0.09806000000000001 0.0878378375 0.058499999999999996 0.0410210203125 0.0603 0.0410210203125 0.048920000000000005 0.034744745312500006 0.022539999999999998 0.023933934375
1 0.48738000000000004 0.497777778125 0.49754 0.5015915921875 0.5082 0.4794894890625 0.5142800000000001 0.3926126125 0.50972 0.365915915625 0.50566 0.3727927921875 0.49348000000000003 0.41849849843750003 0.49044 0.45129129062500006 0.48738000000000004 0.4840540546875 0.48738000000000004 0.497777778125
1 0.303 0.12003002968750001 0.2931 0.1083483484375 0.27898 0.107297296875 0.25778 0.1295795796875 0.24366 0.165615615625 0.26768000000000003 0.16246246250000002 0.28321999999999997 0.16246246250000002 0.29806 0.1687987984375 0.30582 0.175165165625 0.31288 0.1995795796875 0.33972 0.24729729687500002 0.35386 0.28759759687500003 0.35386 0.306696696875 0.35598 0.3247147140625 0.3482 0.34909909843750003 0.36304 0.3533633640625 0.37788 0.35018017968750004 0.38776 0.34063063125 0.39906 0.337447446875 0.40187999999999996 0.3226126125 0.41529999999999995 0.306696696875 0.42519999999999997 0.2727627625 0.42732000000000003 0.2430630625 0.4365 0.226096096875 0.43579999999999997 0.1932132125 0.4245 0.14123123125 0.40259999999999996 0.1083483484375 0.37504 0.0987987984375 0.36444 0.11579579531249999 0.35526 0.1147147140625 0.34326 0.1147147140625 0.31994 0.11366366406249999 0.303 0.12003002968750001
1 0.34468 0.26888888906249997 0.33832 0.24570570625000002 0.32833999999999997 0.22522522500000003 0.31288 0.199309309375 0.29834 0.177477478125 0.28836 0.167927928125 0.27926 0.1651951953125 0.27746 0.17339339375 0.27926 0.189759759375 0.28108 0.20339339375 0.2938 0.24159159218749998 0.31379999999999997 0.2784384390625 0.33924 0.30573573593750003 0.35286 0.3070870875 0.35196 0.292072071875 0.34468 0.26888888906249997
1 0.00732 0.496396396875 0.0033799999999999998 0.5397297296875 0.009940000000000001 0.557447446875 0.012559999999999998 0.56924925 0.01912 0.5535135140625 0.0165 0.575165165625 0.0165 0.594864865625 0.025679999999999998 0.6086486484375 0.0283 0.646066065625 0.0388 0.67168168125 0.03748 0.6184984984375 0.04536 0.58108108125 0.04666 0.6184984984375 0.05978 0.6913513515624999 0.07289999999999999 0.7169669671875 0.08076 0.7228828828125 0.08732 0.7071171171875 0.08732 0.6972672671875 0.08993999999999999 0.6874174171874999 0.09519999999999999 0.7071171171875 0.10306 0.7228828828125 0.10626 0.7252552546875 0.11182 0.7276576578125 0.12298 0.7228828828125 0.12298 0.7192792796874999 0.15084 0.7276576578125 0.15562 0.7097297296875 0.16916 0.718078078125 0.1803 0.71570570625 0.1878 0.7179579578124999 0.20392000000000002 0.7168768765625 0.20612 0.70585585625 0.21566000000000002 0.70585585625 0.22884000000000002 0.70585585625 0.2325 0.704774775 0.24642 0.7102702703125 0.24422000000000002 0.6970570578124999 0.25082 0.686066065625 0.25082 0.672852853125 0.26182 0.6673573578124999 0.2706 0.6552552546875 0.26988 0.6464564562499999 0.26254 0.6343543546875 0.22738 0.6046546546875 0.22518 0.5804504500000001 0.22224 0.5463363359375 0.20612 0.50891891875 0.19146000000000002 0.49243243281250004 0.16362000000000002 0.4770270265625 0.14898 0.4770270265625 0.13138 0.4847147140625 0.12186 0.483633634375 0.10647999999999999 0.47921921875000006 0.09913999999999999 0.4781081078125 0.08449999999999999 0.4781081078125 0.08082 0.48690690625000005 0.08376 0.49792792812500003 0.08376 0.5045345343750001 0.0779 0.5133333328125 0.0713 0.5133333328125 0.0669 0.5001201203125001 0.07862 0.49351351406250005 0.0757 0.483633634375 0.07276 0.475915915625 0.06323999999999999 0.47261261250000003 0.06502 0.47276276250000004 0.05192 0.4589789796875 0.030919999999999996 0.45699699687499995 0.0165 0.46882882812500004 0.00732 0.496396396875
1 0.13033999999999998 0.21075075000000001 0.11382 0.21552552500000002 0.1119 0.28045045 0.08774 0.27948948906250004 0.11128 0.3014414421875 0.13544 0.3176876875 0.15832 0.3320120125 0.17868 0.35396396406249997 0.20666 0.371141140625 0.21747999999999998 0.3682882890625 0.22066 0.352072071875 0.23654000000000003 0.3463363359375 0.24672 0.3310510515625 0.23399999999999999 0.310990990625 0.2162 0.2918918921875 0.21492 0.2584984984375 0.227 0.26231231250000003 0.23718 0.2565765765625 0.23782 0.241291290625 0.21747999999999998 0.21171171093750002 0.21747999999999998 0.1964264265625 0.21556000000000003 0.17636636562500002 0.2022 0.1524924921875 0.16532 0.12195195156250001 0.13544 0.1047447453125 0.11382 0.107627628125 0.11446 0.11048048125000001 0.12462 0.14198198125 0.13033999999999998 0.21075075000000001
0 0.63706 0.890840840625 0.63268 0.8768468468749999 0.6273799999999999 0.8751951953124999 0.62336 0.8768468468749999 0.62154 0.877927928125 0.61678 0.8801201203125 0.61112 0.8872672671874999 0.61624 0.898228228125 0.62682 0.905375375 0.63158 0.9061861859375 0.6361399999999999 0.8987687687499999 0.63706 0.890840840625
0 0.68672 0.8910510515625001 0.6657 0.8878978984374999 0.6552 0.8800300296874999 0.61424 0.8406005999999999 0.6048 0.8469069062499999 0.58904 0.83429429375 0.56174 0.8248348343749999 0.53234 0.8421621625 0.49241999999999997 0.8626726734375 0.47458 0.9068168171875 0.50188 0.9446846843750001 0.56384 0.995135134375 0.68462 1 0.7066600000000001 0.96675675625 0.72872 0.950990990625 0.7318800000000001 0.9320420421875 0.7087600000000001 0.9147147140625 0.70036 0.9194294296875001 0.68672 0.8910510515625001
0 0.69056 0.917777778125 0.69206 0.9078678671875 0.68996 0.8975075078125 0.68486 0.8934234234374999 0.67466 0.8920720718749999 0.66776 0.8929729734375 0.6596599999999999 0.9024624625 0.66386 0.9146246250000001 0.67586 0.9227327328125 0.67616 0.9218318312499999 0.68066 0.92138138125 0.69056 0.917777778125
1 0.568 1 0.558 0.9789789796875 0.70955555625 0.7275608953125 0.708 0.7177177171875 0.736 0.7147147140625 0.766 0.678678678125 0.774 0.6546546546875 0.757777778125 0.64756423125 0.7715555562499999 0.6247080421875 0.774 0.6276276281250001 0.77844444375 0.6132799453125 0.7991111125 0.5789956640625 0.808 0.5765765765624999 0.8240000000000001 0.615615615625 0.8320000000000001 0.6276276281250001 0.8480000000000001 0.6396396390625 0.9 0.6396396390625 0.9179999999999999 0.624624625 0.93 0.6006006 0.9480000000000001 0.5375375375 0.9480000000000001 0.51951951875 0.9339999999999999 0.48048048125 0.9259999999999999 0.471471471875 0.9099999999999999 0.471471471875 0.898 0.48648648593750005 0.884 0.48648648593750005 0.876 0.49549549531250003 0.8400000000000001 0.49549549531250003 0.818 0.5105105109375 0.8140000000000001 0.4984984984375 0.8240000000000001 0.465465465625 0.8240000000000001 0.4354354359375 0.8140000000000001 0.4084084078125 0.8 0.396396396875 0.778 0.396396396875 0.766 0.4084084078125 0.738 0.4084084078125 0.738 0.39939939999999996 0.75 0.3873873875 0.758 0.36336336406249997 0.756 0.32732732656249997 0.75 0.3123123125 0.74 0.3003003 0.718 0.297297296875 0.712 0.31531531562500004 0.6839999999999999 0.3603603609375 0.6839999999999999 0.36936936875000004 0.67 0.3873873875 0.6599999999999999 0.375375375 0.646 0.372372371875 0.64725 0.30799549531250003 0.644 0.30630630625 0.644 0.3003003 0.6475 0.2924174171875 0.64 0.2882882890625 0.638 0.2792792796875 0.64775 0.2768393390625 0.646 0.2702702703125 0.6599999999999999 0.26426426406250003 0.654 0.23123123125 0.632 0.24924925 0.622 0.2012012015625 0.61 0.1771771765625 0.6 0.1771771765625 0.58 0.1321321328125 0.55 0.090090090625 0.54 0.084084084375 0.526 0.084084084375 0.484 0.015015015625 0.45599999999999996 0.012012012499999999 0.446 0.0210210203125 0.43600000000000005 0.0420420421875 0.426 0.0450450453125 0.40800000000000003 0.0270270265625 0.392 0.0210210203125 0.35 0.0210210203125 0.344 0.0270270265625 0.33999999999999997 0.012012012499999999 0.33199999999999996 0.0030030031249999997 0.176 0 0.172 0.006006006249999999 0.16999999999999998 0.030030029687499998 0.178 0.0450450453125 0.21000000000000002 0.0450450453125 0.22599999999999998 0.051051051562500005 0.22599999999999998 0.14414414375 0.21400000000000002 0.153153153125 0.20800000000000002 0.165165165625 0.21600000000000003 0.18318318281249998 0.21800000000000003 0.2132132125 0.236 0.240240240625 0.23399999999999999 0.2612612609375 0.21600000000000003 0.2612612609375 0.21600000000000003 0.2882882890625 0.246 0.3333333328125 0.242 0.3423423421875 0.194 0.36636636562499997 0.18 0.3573573578125 0.162 0.3363363359375 0.132 0.31831831875 0.096 0.2882882890625 0.074 0.31531531562500004 0.046 0.303303303125 0.041999999999999996 0.31831831875 0.038 0.32432432499999997 0.034 0.321321321875 0.036 0.3333333328125 0.041999999999999996 0.3423423421875 0.048 0.3423423421875 0.0472 0.35015015 0.0538 0.36156156093749997 0.06 0.3603603609375 0.064 0.36936936875000004 0.060399999999999995 0.3729729734375 0.068 0.375375375 0.067 0.384384384375 0.1 0.4414414421875 0.094 0.453453453125 0.094 0.48048048125 0.134 0.48648648593750005 0.13799999999999998 0.48048048125 0.132 0.46846846875 0.14229411875 0.45733969375 0.148 0.46901446875 0.16799999999999998 0.47884247812499997 0.1655 0.48648648593750005 0.21191176406249998 0.544780075 0.21600000000000003 0.534534534375 0.21800000000000003 0.5375375375 0.22200000000000003 0.5465465468749999 0.2196470578125 0.5544956734375 0.22738235156250003 0.5642112703125 0.22400000000000003 0.5675675671875 0.22999999999999998 0.609609609375 0.284 0.6516516515624999 0.306 0.6516516515624999 0.30473529374999997 0.66136725 0.4594411765625 0.8556792078125 0.45999999999999996 0.8738738734375 0.414 0.8738738734375 0.39 0.8828828828124999 0.374 0.8738738734375 0.362 0.858858859375 0.33799999999999997 0.846846846875 0.288 0.846846846875 0.27599999999999997 0.864864865625 0.27799999999999997 0.9009009015625 0.24 0.903903903125 0.23199999999999998 0.9129129125000001 0.21800000000000003 0.9129129125000001 0.20800000000000002 0.924924925 0.2 0.9459459453125 0.2 0.9729729734375001 0.20800000000000002 0.9879879875 0.24 1 0.568 1