0 0.011828125 0.85871194375 0 0.874988290625 0.00096875 0.9121779859375 0.021140625 0.9121779859375 0.053703125 0.904051521875 0.07153125 0.8831381734375 0.065328125 0.86451990625 0.045953125 0.84709601875 0.0381875 0.8447775171874999 0.028109375 0.8447775171874999 0.011828125 0.85871194375
3 0.242875 0.1570491796875 0.247640625 0.1470491796875 0.259078125 0.10419203749999999 0.258125 0.0884777515625 0.24478125 0.0584777515625 0.23334375000000002 0.0484777515625 0.220953125 0.044192037499999996 0.20665624999999999 0.045620609374999996 0.197125 0.062763465625 0.17806249999999998 0.0899063234375 0.16759375 0.1299063234375 0.157109375 0.1799063234375 0.2009375 0.1799063234375 0.21046874999999998 0.1684777515625 0.23810937499999998 0.1670491796875 0.242875 0.1570491796875
3 0.26853125 0.136276346875 0.273734375 0.14320843125 0.278921875 0.14927400468750002 0.288734375 0.152716628125 0.295671875 0.15098360625 0.304328125 0.1458079625 0.31240625 0.136276346875 0.316453125 0.125035128125 0.31759375 0.11119437968749998 0.30721875 0.089555034375 0.29278125 0.0861124125 0.27834375 0.0930210765625 0.26968749999999997 0.10255269375 0.266796875 0.11899297499999999 0.26737500000000003 0.12416861875 0.26853125 0.1285011703125 0.26853125 0.136276346875
3 0.31434375000000003 0.10517564374999999 0.325046875 0.108992975 0.32759375 0.0983138171875 0.32556250000000003 0.07386416875 0.3189375 0.062412178124999995 0.30670312499999997 0.0517330203125 0.287859375 0.0608899296875 0.28378125 0.0746370015625 0.28581249999999997 0.085316159375 0.28734375 0.085316159375 0.30771875 0.087611240625 0.31434375000000003 0.10517564374999999
3 0.326171875 0.0897892265625 0.326453125 0.09388758750000001 0.33001562500000003 0.0988056203125 0.333296875 0.0996252921875 0.337390625 0.10208430937499999 0.33959375 0.10456674531250001 0.34178125000000004 0.106604215625 0.342875 0.106604215625 0.344515625 0.1033255265625 0.344515625 0.09758782187500001 0.342875 0.093067915625 0.340140625 0.0881498828125 0.337390625 0.08405152187500001 0.33410937500000004 0.07871194375 0.329453125 0.0770726 0.327546875 0.08159250625 0.3278125 0.086908665625 0.328359375 0.09512880625 0.327 0.08199063281249999 0.327 0.0852693203125 0.326171875 0.0897892265625
3 0.305234375 0.1457611234375 0.29828125 0.152716628125 0.295734375 0.162435596875 0.297359375 0.17355971875 0.3026875 0.18189695625 0.3121875 0.18433255312500002 0.32446875 0.1832786890625 0.3305 0.180163934375 0.33606250000000004 0.17320843125000002 0.33884375 0.16522248281250002 0.33999999999999997 0.1429976578125 0.335125 0.12423887656249999 0.33003125 0.116932084375 0.31821875 0.11590163906249999 0.31659375 0.12805620625 0.31310937499999997 0.135339578125 0.305234375 0.1457611234375
3 0.28884375 0.1670023421875 0.290640625 0.15351288125 0.27804687499999997 0.15283372343749999 0.2690625 0.135995315625 0.268609375 0.12386416874999999 0.263203125 0.1258782203125 0.26545312499999996 0.12519906249999999 0.25646874999999997 0.1380093671875 0.25017187500000004 0.1622716625 0.258265625 0.1670023421875 0.28884375 0.1670023421875
0 0 0.9659484781250001 0.030406250000000003 0.9803981265624999 0.051296875 0.969555034375 0.06737499999999999 0.9575175640625 0.08665625 0.9538875875 0.093078125 0.9803981265624999 0.09790625 0.9900234187500001 0.2505625 0.9900234187500001 0.26823437499999997 0.8973067921875 0.29474999999999996 0.7563934421875 0.286703125 0.7383372359375 0.24895312500000003 0.7323185015625 0.21037499999999998 0.739555034375 0.183875 0.72871194375 0.151734375 0.74194379375 0.13084374999999998 0.739555034375 0.10834375 0.721475409375 0.08103125 0.7274941453125 0.062546875 0.7551990625 0.0665625 0.7479625296875 0.056125 0.7588056203125 0.048078125 0.7829039812499999 0.03603125 0.8358782203124999 0.027203125 0.8418969562499999 0 0.865995315625 0 0.9659484781250001
0 0.5984375 0.482107728125 0.6229218750000001 0.4796018734375 0.6326562499999999 0.4876346609375 0.63634375 0.49971897031249995 0.6450625 0.510772834375 0.65446875 0.49416861875 0.654125 0.47053864218749997 0.645734375 0.45093676875 0.6306406250000001 0.4418735359375 0.611515625 0.44489461406249997 0.59878125 0.4710538640625 0.5994375 0.46751756406249995 0.59475 0.482107728125 0.5984375 0.482107728125
0 0.11160937500000001 0.6552224828125001 0.10459375 0.6657377046875 0.10928125 0.68674473125 0.11978124999999999 0.6955035125 0.13496875 0.697259953125 0.154828125 0.68674473125 0.16534374999999998 0.6692505859375 0.16534374999999998 0.6552224828125001 0.13964062500000002 0.6517330203125 0.11160937500000001 0.6552224828125001
0 0.067453125 0.6402576109375 0.052265625 0.6455035125 0.042921875 0.6752693203125 0.05109375000000001 0.684028103125 0.058109375 0.684028103125 0.09081249999999999 0.6770257609375 0.107171875 0.6665339578125 0.09315625 0.650772834375 0.067453125 0.6402576109375
0 0.77634375 0.42320843124999996 0.78584375 0.4528337234375 0.790015625 0.4613583140625 0.8303125 0.46023419218750006 0.872109375 0.457939109375 0.8705937499999999 0.4431381734375 0.8584375 0.4186416859375 0.8561562500000001 0.40440281093749997 0.8409531250000001 0.3896018734375 0.8208125000000001 0.39644028124999997 0.8120625 0.40325526875 0.791546875 0.40440281093749997 0.790015625 0.40384074999999997 0.7816562499999999 0.409531615625 0.77634375 0.42320843124999996
0 0.7988125 0.5131615921875 0.806578125 0.5343325531249999 0.8143437499999999 0.553372365625 0.82634375 0.5597189703125001 0.85740625 0.5565573765625 0.88071875 0.548079625 0.906125 0.5470257609375 0.910359375 0.54067915625 0.905421875 0.519508196875 0.89625 0.49622950781249997 0.88565625 0.47505854843749995 0.877890625 0.46449648750000005 0.8595312500000001 0.46449648750000005 0.8454062499999999 0.46871194374999997 0.8355312500000001 0.4729508203125 0.8108124999999999 0.4803512875 0.8087031250000001 0.48248243593750006 0.795984375 0.49836065625000003 0.7988125 0.5131615921875
3 0.32040625 0.1176814984375 0.34453125 0.1271896953125 0.338171875 0.1081733015625 0.3229375 0.10435597187500001 0.32040625 0.1176814984375
0 0.507375 0.88676815 0.48757812500000003 0.8953864171875001 0.478640625 0.9078454328125 0.474796875 0.9499531609374999 0.48054687500000004 0.9671896953125 0.5003437500000001 0.9767681500000001 0.5252656250000001 0.9652693203125 0.535484375 0.94325526875 0.544421875 0.9107025765625 0.541859375 0.8973067921875 0.52909375 0.88676815 0.507375 0.88676815
0 0.12909375 0.47222482499999996 0.1213125 0.46740046875 0.11168750000000001 0.46740046875 0.10207812499999999 0.47222482499999996 0.094296875 0.48456674531250005 0.097953125 0.4900702578125 0.10848437500000001 0.49419203749999996 0.11581250000000001 0.49829039843749995 0.128640625 0.5024121781249999 0.13825 0.48524590156249997 0.135046875 0.4797658078125 0.12909375 0.47222482499999996
0 0.49378124999999995 0.8532552687500001 0.5075000000000001 0.84194379375 0.51471875 0.84194379375 0.523296875 0.8434894609375 0.529125 0.8434894609375 0.54490625 0.85067915625 0.54696875 0.8491334890625 0.54903125 0.8321779859375 0.54696875 0.7987353625 0.5459375 0.7940983609375001 0.53015625 0.7863934421875001 0.505109375 0.7817564406249999 0.485890625 0.7833021078125 0.46804687500000003 0.798220140625 0.45946875 0.8239344265625 0.462203125 0.8475878218749999 0.46873437500000004 0.8712646375 0.47146875 0.8763934421874999 0.47800000000000004 0.8722950812500001 0.49378124999999995 0.8532552687500001
0 0.234171875 0.4049414515625 0.24362499999999998 0.40866510468749995 0.255578125 0.4064168625 0.262046875 0.4041920375 0.268015625 0.393747071875 0.268015625 0.3892740046875 0.262546875 0.38105386406249997 0.2575625 0.378079625 0.255578125 0.378079625 0.24910937500000002 0.376580796875 0.240640625 0.3788290390625 0.234171875 0.386276346875 0.2316875 0.3989695546875 0.234171875 0.4049414515625
0 0.55940625 0.9061124125 0.55246875 0.8615925062500001 0.536625 0.8437939109375 0.503953125 0.843044496875 0.475234375 0.8734660421875 0.472265625 0.909836065625 0.474734375 0.909836065625 0.51484375 0.8771896953124999 0.535140625 0.8764402812500001 0.55296875 0.887564403125 0.55940625 0.9061124125
0 0.44895312499999995 0.9892037468750001 0.466140625 0.8994613578124999 0.4546875 0.845035128125 0.450859375 0.8278454328124999 0.45785937499999996 0.777236534375 0.45340625 0.74 0.4221875 0.7208899296875 0.43556249999999996 0.7228103046875 0.40053124999999995 0.71613583125 0.38778125 0.7342622953125 0.3795 0.7333255265624999 0.33428125 0.71421545625 0.311984375 0.730444965625 0.31325 0.7333255265624999 0.300515625 0.8574473062499999 0.28521874999999997 0.9586651046875 0.28904687500000004 0.9863466046875 0.44895312499999995 0.9892037468750001