1 0.5670625 0.64 0.5929375 0.6188281250000001 0.5952968750000001 0.555296875 0.5929375 0.46353125000000006 0.5858749999999999 0.404703125 0.5670625 0.33646875 0.545875 0.30353125 0.5364687499999999 0.3270625 0.501171875 0.381171875 0.49412500000000004 0.442359375 0.477640625 0.508234375 0.501171875 0.6094062499999999 0.50353125 0.6564687499999999 0.522359375 0.6564687499999999 0.5670625 0.64
1 0.691765625 0.6443125000000001 0.7105937499999999 0.543140625 0.698828125 0.44195312500000006 0.7035312499999999 0.361953125 0.665875 0.401953125 0.6470625 0.44195312500000006 0.6 0.585484375 0.597640625 0.651375 0.5929375 0.670203125 0.668234375 0.672546875 0.691765625 0.6443125000000001
1 0.40093750000000006 0.5070781249999999 0.39387500000000003 0.676890625 0.42453124999999997 0.8773593749999999 0.48820312499999996 0.95046875 0.5 0.8301875000000001 0.49528125 0.738203125 0.48820312499999996 0.70046875 0.5 0.577828125 0.47642187500000005 0.5353749999999999 0.44575 0.45754687499999996 0.422171875 0.443390625 0.408015625 0.452828125 0.40093750000000006 0.5070781249999999
1 0.23293750000000002 0.616078125 0.2 0.576078125 0.15059375 0.505484375 0.12 0.481953125 0.09646875 0.505484375 0.12 0.599609375 0.16940625 0.6843125 0.24 0.7360781249999999 0.26823437499999997 0.7149062500000001 0.2729375 0.66078125 0.23293750000000002 0.616078125
1 0.8064843749999999 0.478578125 0.82825 0.405078125 0.8064843749999999 0.3941875 0.7493125 0.44046874999999996 0.70846875 0.490828125 0.704390625 0.56434375 0.700296875 0.6133437500000001 0.731609375 0.58475 0.7561093750000001 0.5425625000000001 0.7983125 0.51396875 0.8064843749999999 0.478578125
1 0.882671875 0.485328125 0.882671875 0.47164062500000004 0.86603125 0.4579375 0.8484375 0.46381249999999996 0.834734375 0.48826562500000004 0.8005000000000001 0.5088125 0.749640625 0.546953125 0.697796875 0.618359375 0.693890625 0.6457499999999999 0.7251875 0.632046875 0.73203125 0.663359375 0.73203125 0.696609375 0.74571875 0.696609375 0.752578125 0.7376875 0.7594218749999999 0.7044374999999999 0.8455 0.59096875 0.86603125 0.543046875 0.86896875 0.505875 0.882671875 0.485328125
1 0 0.56621875 0.0111875 0.8592812500000001 0.046984375 0.8794062500000001 0.172265625 0.92415625 0.17450000000000002 0.8950781250000001 0.170015625 0.8458593750000001 0.20134375000000002 0.812296875 0.23714062500000002 0.807828125 0.275171875 0.78321875 0.2620549109375 0.7373294640625 0.268453125 0.736234375 0.281875 0.729515625 0.28717187499999997 0.704515625 0.32010937500000003 0.719328125 0.37303794687499997 0.7246316968750001 0.39871875 0.780390625 0.3963102671875 0.7725513390625001 0.4038828125 0.7744921875 0.40904687500000003 0.76859375 0.39725 0.6667500000000001 0.401671875 0.535390625 0.401671875 0.479296875 0.41200000000000003 0.4483125 0.43118749999999995 0.43796875 0.42085937500000004 0.427640625 0.40609375 0.387796875 0.39725 0.344984375 0.37953125 0.291859375 0.358875 0.27709375 0.330828125 0.30070312499999996 0.3205 0.344984375 0.2926696421875 0.441131696875 0.28478125 0.441215625 0.27178125 0.377453125 0.24817187500000001 0.370078125 0.20389062500000002 0.46159375 0.19865625 0.51553125 0.10770089218750001 0.538719865625 0.10290625 0.51475 0.10290625 0.485671875 0.067109375 0.458828125 0.046984375 0.41184374999999995 0.020140625000000002 0.41409375 0.020140625000000002 0.52146875 0.0738318015625 0.600428309375 0.06934375000000001 0.602 0 0.56621875
1 0.858421875 0.9029999999999999 0.865171875 0.8490624999999999 0.865171875 0.8445625 0.858421875 0.8018750000000001 0.8449375 0.797375 0.8112343750000001 0.813109375 0.7955 0.837828125 0.766296875 0.914234375 0.7730312500000001 0.97715625 0.786515625 0.968171875 0.858421875 0.9029999999999999
1 0.29431250000000003 0.70875 0.29259375 0.72759375 0.29259375 0.7618750000000001 0.290875 0.8235625000000001 0.33199999999999996 0.9315312499999999 0.41940625000000004 0.9897812500000001 0.47767187499999997 0.9760781250000001 0.369703125 0.789296875 0.34228125 0.744734375 0.32171875 0.703609375 0.29431250000000003 0.70875
1 0.745296875 0.844546875 0.7365625 0.881609375 0.732515625 0.8934374999999999 0.733453125 0.907140625 0.7368750000000001 0.909328125 0.7403125 0.9180468749999999 0.743421875 0.933921875 0.74934375 0.92396875 0.763671875 0.8946875000000001 0.7727031249999999 0.880671875 0.780484375 0.8675937499999999 0.787640625 0.853578125 0.79575 0.844546875 0.808203125 0.8317656250000001 0.8268906250000001 0.818375 0.836546875 0.81090625 0.844328125 0.8 0.8518125 0.795640625 0.861765625 0.79440625 0.868625 0.7975156250000001 0.8705 0.77571875 0.871109375 0.757640625 0.868 0.742703125 0.868625 0.73428125 0.873296875 0.7199687499999999 0.873609375 0.7096875 0.8707968749999999 0.70065625 0.8645781250000001 0.695046875 0.85740625 0.6925625 0.846828125 0.694421875 0.836546875 0.7037656250000001 0.82378125 0.722140625 0.8100781250000001 0.733671875 0.789046875 0.7524375 0.779984375 0.7655624999999999 0.76278125 0.796359375 0.762734375 0.795640625 0.74871875 0.8283437499999999 0.745296875 0.844546875
1 0.192203125 0.875328125 0.210390625 0.9246718749999999 0.257140625 0.9870156250000001 0.32987500000000003 0.9870156250000001 0.35325 0.97921875 0.327265625 0.95584375 0.283109375 0.93246875 0.28571875 0.90909375 0.29090625000000003 0.9038906250000001 0.22078125 0.8233750000000001 0.1948125 0.8233750000000001 0.187015625 0.8285781249999999 0.184421875 0.836359375 0.192203125 0.875328125
1 0.9067343749999999 0.6 0.930046875 0.55078125 0.909328125 0.5274687499999999 0.875640625 0.54559375 0.772015625 0.675125 0.756484375 0.7373125 0.7694375 0.742484375 0.81346875 0.67253125 0.9067343749999999 0.6
1 0.615671875 0.9414374999999999 0.626671875 0.860953125 0.655484375 0.783 0.656328125 0.7711406249999999 0.686828125 0.741484375 0.704625 0.7245468749999999 0.72071875 0.70421875 0.72665625 0.679640625 0.7410625 0.65846875 0.7435937499999999 0.649140625 0.73596875 0.633890625 0.730046875 0.6305 0.723265625 0.62796875 0.714796875 0.62796875 0.6986875 0.65084375 0.6495625 0.68896875 0.6131249999999999 0.7558906249999999 0.57584375 0.8795937500000001 0.5902499999999999 0.921109375 0.603796875 0.9499062500000001 0.615671875 0.9414374999999999
1 0.76875 1 0.775 0.9859375 0.7734375 0.978125 0.7765625 0.978125 0.7765625 0.975 0.809375 0.9671875 0.815625 0.9796875 0.828125 0.9875 0.8578125 0.9859375 0.8734375 0.9796875 0.8890625 0.9796875 0.90625 0.975 0.909375 0.975 0.915625 0.98125 0.9328125 0.990625 0.95 0.9953125 0.975 0.9953125 0.9984375 0.9875 0.9984375 0.7484375 0.9921875 0.7375 0.9864583328125001 0.7317708328125 0.975 0.7203125 0.9640625 0.7140625 0.9671875 0.6921875 0.9609375 0.678125 0.95 0.6703125 0.9390625 0.66875 0.925 0.6734375 0.921875 0.66875 0.9234375 0.65625 0.9328125 0.64375 0.934375 0.6359375 0.9328125 0.6171875 0.925 0.60625 0.9171875 0.6015625 0.9078125 0.6 0.840625 0.6515625 0.8296875 0.6625 0.81875 0.66875 0.8109375 0.6765625 0.7828125 0.721875 0.7671875 0.7114583328124999 0.7578125 0.7125 0.759375 0.70625 0.746875 0.7046875 0.7453125 0.696875 0.7328125 0.696875 0.73125 0.690625 0.725 0.690625 0.7188701921875 0.7046875 0.68641826875 0.68125 0.683220109375 0.675407609375 0.8015625 0.509375 0.8015625 0.5 0.809375 0.496875 0.80390625 0.4921875 0.80625 0.484375 0.815625 0.4875 0.81953125 0.4765625 0.80859375 0.4765625 0.8109375 0.46875 0.8234375 0.465625 0.8234375 0.4609375 0.81328125 0.4609375 0.815625 0.453125 0.7935697109375 0.4998197109375 0.6337139421875 0.49621394218750003 0.6296875 0.4953125 0.63125 0.471875 0.628125 0.4578125 0.628125 0.440625 0.625 0.43125 0.61875 0.4234375 0.6109375 0.41875 0.6 0.4171875 0.5890625 0.4203125 0.59375 0.4953125 0.617728365625 0.49585336562500004 0.628125 0.5 0.6 0.5859375 0.59375 0.5984375 0.58890625 0.6171875 0.5921875 0.6203125 0.571875 0.6375 0.5609375 0.64375 0.521875 0.6578125 0.5046875 0.6578125 0.4984375 0.665625 0.4890625 0.703125 0.267690971875 0.4675173609375 0.2875 0.453125 0.2857638890625 0.4447916671875 0.290234375 0.4453125 0.2984375 0.421875 0.2953125 0.396875 0.2875 0.3828125 0.2809375 0.37625000000000003 0.2736111109375 0.3864583328125 0.271875 0.378125 0.274375 0.3696875 0.2546875 0.35 0.2234375 0.334375 0.2015625 0.3140625 0.1828125 0.3046875 0.171875 0.303125 0.15625 0.2890625 0.1453125 0.284375 0.1234375 0.2625 0.1015625 0.25 0.0921875 0.2375 0.0875 0.21875 0.075 0.20625 0.0703125 0.196875 0.0296875 0.1828125 0.0046875 0.1828125 0.003125 0.1859375 0.0046875 0.1921875 0.0015625 0.19375 0.00349786875 0.2014026984375 0.0015625 0.2078125 0.005433239062499999 0.2090553984375 0.0015625 0.215625 0.0037566484375000002 0.223304521875 0.0015625 0.2234375 0.0015625 0.23125 0.0048537234375000005 0.23105053125000002 0.0059507984375 0.23879654218750002 0.0015625 0.2390625 0.0015625 0.3359375 0.003125 0.346875 0.0109375 0.3546875 0.025 0.3578125 0.0235039890625 0.3627327125 0.053125 0.571875 0.0421875 0.5765625 0.0390625 0.5875 0.0625 0.5984375 0.065625 0.5890625 0.0720703125 0.58486328125 0.0994140625 0.60009765625 0.1076438203125 0.5997025921875 0.10625 0.60390625 0.1130859375 0.60771484375 0.10817964218750001 0.6116586093749999 0.1660688921875 0.844229403125 0.1703125 0.846875 0.1680042609375 0.8518821015625001 0.171875 0.8671875 0.1734375 0.909375 0.16875 0.9265625 0.1765625 0.9421875 0.178125 0.953125 0.1953125 0.9703125 0.209375 0.96875 0.2140625 0.9734375 0.225 0.9734375 0.23125 0.96875 0.234375 0.9578125 0.2859375 0.934375 0.325 0.9546875 0.340625 0.96875 0.3453125 0.96875 0.3515625 0.975 0.378125 0.978125 0.3859375 0.9703125 0.4875 0.95625 0.49375 0.96875 0.5 0.9734375 0.5046875 0.996875 0.5078125 1 0.6046875 1 0.60625 0.9875 0.6125 0.978125 0.6171875 0.984375 0.628125 0.990625 0.6421875 0.990625 0.6515625 0.9859375 0.6625 1 0.76875 1