1 0.74236 0.25078078125 0.71506 0.21660660625 0.6884 0.21954954999999998 0.6702 0.235165165625 0.6643600000000001 0.22540540468749998 0.5597000000000001 0.2429729734375 0.56556 0.257597596875 0.5714 0.30444444375 0.57076 0.311291290625 0.548 0.3239639640625 0.53242 0.42351351406250004 0.53566 0.444984984375 0.55126 0.46060059999999997 0.55386 0.4723123125 0.5662 0.4723123125 0.57856 0.4615615609375 0.59026 0.45669669687500003 0.60066 0.46450450468750004 0.6143 0.44009009062500004 0.62926 0.4391291296875 0.64096 0.4527927921875 0.6507 0.4840240234375 0.6695599999999999 0.49084084062500005 0.6936 0.46936936874999996 0.7085600000000001 0.4615615609375 0.7443 0.44888888906249996 0.7417 0.3649549546875 0.75536 0.342522521875 0.76316 0.3083483484375 0.74236 0.25078078125
2 0.45536000000000004 0.6617417421875 0.47603999999999996 0.70198198125 0.5059199999999999 0.773303303125 0.5327200000000001 0.8112312312500001 0.5495599999999999 0.8043543546875 0.55876 0.7893994 0.55416 0.746846846875 0.5135799999999999 0.65138138125 0.46685999999999994 0.5800900906249999 0.46532 0.5800900906249999 0.44234 0.584684684375 0.44004000000000004 0.6215015015625001 0.44464 0.63645645625 0.45536000000000004 0.6617417421875
2 0.59748 0.719939940625 0.61452 0.754324325 0.6305799999999999 0.767477478125 0.65346 0.761621621875 0.65444 0.71921921875 0.6408 0.68924925 0.61646 0.63660660625 0.60818 0.6344144140625 0.58628 0.632222221875 0.57166 0.6256456453125 0.5668 0.623453453125 0.58092 0.6753453453125 0.59748 0.719939940625
2 0.60606 0.6388888890625 0.66056 0.651171171875 0.73962 0.66615615625 0.7505200000000001 0.6416216218749999 0.74962 0.61570570625 0.73234 0.5924924921875 0.64876 0.558378378125 0.60332 0.5515615609375 0.5724400000000001 0.5665765765625 0.54972 0.6034234234375 0.5724400000000001 0.6252552546875 0.60606 0.6388888890625
2 0.59496 0.5547447453125 0.60458 0.536696696875 0.6062000000000001 0.48249249218749996 0.59978 0.459609609375 0.57972 0.45600600625 0.57492 0.459609609375 0.5276 0.515015015625 0.53962 0.5667867875 0.5572600000000001 0.584864865625 0.59496 0.5547447453125
2 0.60536 0.4275675671875 0.6003999999999999 0.4456456453125 0.60536 0.48498498437500004 0.60536 0.5264264265625 0.6089 0.5498198203125 0.62942 0.5647147140625 0.662 0.541321321875 0.645 0.4562762765625 0.6365000000000001 0.43819819843749996 0.62022 0.42864864843749995 0.60536 0.4275675671875
2 0.55894 0.7628828828125 0.5702200000000001 0.8062762765624999 0.58642 0.852852853125 0.60122 0.8496696703125 0.61884 0.8168768765625 0.597 0.704684684375 0.55542 0.5819519515625 0.53498 0.572402403125 0.51876 0.5808708703125001 0.51032 0.59570570625 0.51384 0.63801801875 0.52864 0.669759759375 0.54344 0.7184384390624999 0.55894 0.7628828828125
2 0.5854199999999999 0.8882882890625 0.5875600000000001 0.8754054046874999 0.58434 0.8593093093749999 0.57684 0.8512312312500001 0.56718 0.8399699703125 0.55752 0.82063063125 0.55108 0.819009009375 0.54464 0.819009009375 0.53712 0.82384384375 0.5242600000000001 0.8157957953125001 0.5178200000000001 0.8012912906249999 0.50816 0.7851951953125 0.50064 0.7722822828125 0.48134 0.7593994000000001 0.46202 0.74168168125 0.46094 0.7561861859375 0.45772 0.7706906906250001 0.45128 0.7851951953125 0.44699999999999995 0.794834834375 0.4427 0.8077477484375001 0.43734 0.82063063125 0.44055999999999995 0.82384384375 0.45022 0.8335135140625001 0.46630000000000005 0.8415615609374999 0.4867 0.8576876875 0.50708 0.8689489484375 0.52962 0.8882882890625 0.56074 0.9027927921875 0.56396 0.907627628125 0.5789799999999999 0.896366365625 0.5854199999999999 0.8882882890625
3 0.22874 0.6241141140625001 0.20788 0.6436636640625 0.19798 0.6616516515625 0.18392 0.6929729734375 0.18808 0.7602402406250001 0.1985 0.7915615609375 0.23237999999999998 0.8228528531249999 0.26886 0.8510210203125 0.2944 0.849459459375 0.33399999999999996 0.8392792796874999 0.3908 0.7782582578125 0.41425999999999996 0.6796696703125 0.40435999999999994 0.64444444375 0.38246 0.6217417421875 0.34964 0.6154954953125 0.33192 0.62645645625 0.31836000000000003 0.6342642640625 0.2871 0.6389789796875001 0.27198 0.625675675 0.2428 0.6193994 0.22874 0.6241141140625001
3 0.27842 0.864834834375 0.28158 0.8826126125 0.34950000000000003 0.89801801875 0.40716 0.8612612609375001 0.45772 0.7841741734375 0.4664 0.7082582578125 0.45772 0.639459459375 0.39293999999999996 0.6086486484375 0.36136 0.6145645640625 0.40242000000000006 0.6608108109375 0.40874 0.6821621625 0.40874 0.7058858859375 0.40716 0.737927928125 0.37951999999999997 0.7818018015625 0.31948 0.8245045046874999 0.28868 0.8446546546875 0.27842 0.864834834375
2 0.5041800000000001 0.5950450453125 0.5038 0.6072072078125 0.5153800000000001 0.5875075078124999 0.5397000000000001 0.5718618625 0.54086 0.5602702703125 0.52966 0.5167867875 0.54318 0.49591591562500004 0.5532199999999999 0.4825825828125 0.55168 0.4570870875 0.5501199999999999 0.448378378125 0.53932 0.4414414421875 0.51962 0.4524324328125 0.51616 0.488378378125 0.51074 0.5515615609375 0.5041800000000001 0.5950450453125