2 0.5181875 0.6389583328125 0.625328125 0.8571458328125001 0.63896875 0.8026041671874999 0.5318125 0.6207708328125 0.5181875 0.6389583328125
2 0.27331249999999996 0.7534583328125 0.29265625 0.8038333328125 0.34334375 0.8640416671875 0.406921875 0.9156458328125 0.47787499999999994 0.9475833328125001 0.493546875 0.9488125000000001 0.5064375 0.9426666671874999 0.53225 0.9389791671875001 0.542390625 0.9365208328125 0.539625 0.9316041671875 0.516578125 0.9254583328124999 0.43732812499999996 0.8996666671875 0.35807812499999997 0.8382291671875001 0.29265625 0.7608333328125 0.28712499999999996 0.751 0.27146875000000004 0.751 0.27331249999999996 0.7534583328125
2 0.32721875 0.7607708328125 0.35896875 0.77025 0.379328125 0.782875 0.38928124999999997 0.781625 0.387390625 0.7765625 0.383125 0.769625 0.375546875 0.758875 0.36512500000000003 0.7525625 0.34475 0.7475208328125 0.31728125 0.7292083328125 0.301640625 0.7247708328125 0.23721874999999998 0.7266666671875 0.228703125 0.7260416671875001 0.20406249999999998 0.7235208328125 0.196953125 0.7538333328125 0.257125 0.7557291671875 0.279859375 0.7494166671875 0.30828125 0.7487708328125 0.32721875 0.7607708328125
2 0.249265625 0.7275625 0.25823828125000003 0.7273229171875 0.25434375 0.7561666671875 0.259484375 0.8487083328124999 0.264625 0.8401458328125001 0.273625 0.7458958328125 0.27795312499999997 0.7343333328125 0.27618359375 0.72684375 0.28515625 0.7266041671875 0.28228125 0.7227708328125 0.268640625 0.6796875 0.2650625 0.6031041671875 0.249984375 0.6107708328125 0.24962499999999999 0.6222604171875 0.242078125 0.62225 0.2226875 0.6375625 0.249265625 0.7275625
2 0.11284374999999999 0.3286875 0.1630625 0.3997083328125 0.185890625 0.4078333328125 0.17828125 0.3692708328125 0.12959375 0.31043750000000003 0.0839375 0.2089791671875 0.08240625 0.2170833328125 0.11284374999999999 0.3286875
2 0.542953125 0.5700000000000001 0.5475625 0.5614166671875 0.471078125 0.5515833328124999 0.41209375000000004 0.5269999999999999 0.407484375 0.5515833328124999 0.454484375 0.5724583328125 0.542953125 0.5700000000000001
2 0.45345312499999996 0.7201666671875 0.43168749999999995 0.7041875 0.418640625 0.7288541671875 0.46107812499999995 0.8768750000000001 0.473046875 0.8681666671875 0.466515625 0.8289791671875 0.45345312499999996 0.7201666671875
2 0.46743750000000006 0.7009791671875 0.46987500000000004 0.6645 0.47717187499999997 0.5834583328125 0.45953125000000006 0.5802083328125 0.44737499999999997 0.6628958328125 0.45771875 0.7204375 0.45893750000000005 0.7277291671875 0.466828125 0.7228749999999999 0.46743750000000006 0.7009791671875
2 0.20600000000000002 0.4491458328125 0.1639375 0.4050833328125 0.1569375 0.425125 0.173953125 0.4491458328125 0.144921875 0.4665 0.192984375 0.4691875 0.198984375 0.4718541671875 0.205 0.4611666671875 0.20600000000000002 0.4491458328125
2 0.28833125000000004 0.7405791671874999 0.29118750000000004 0.7266874999999999 0.30728125 0.7014166671875001 0.296390625 0.6578333328125 0.2931953125 0.6633645828125 0.2869140625 0.6654166671875 0.28715625 0.655 0.2811171875 0.6466354171875001 0.2933125 0.6439375 0.290234375 0.6300416671875 0.2819453125 0.6328854171875 0.27365625 0.6357291671875 0.275078125 0.6382708328125 0.27934375 0.6988958328125 0.28833125000000004 0.7405791671874999
2 0.31440625 0.8945624999999999 0.308078125 0.84228819375 0.311375 0.8298125000000001 0.30681250000000004 0.8318333328125 0.289734375 0.826765625 0.297703125 0.920875 0.31440625 0.8945624999999999