1 0.24158 0.3592792796875 0.24572 0.3734834828125 0.25192000000000003 0.3748048046875 0.26434 0.385915915625 0.26316 0.4138738734375 0.26876 0.4222822828125 0.27881999999999996 0.4218618625 0.28738 0.43516516562499996 0.29653999999999997 0.4360360359375 0.29891999999999996 0.4360360359375 0.3125 0.431171171875 0.32136 0.43204204218750003 0.33348 0.41165165156250005 0.33584 0.3996696703125 0.34412 0.389909909375 0.34856 0.385465465625 0.35122 0.37924925 0.3524 0.3677177171875 0.35712 0.362402403125 0.35624 0.33399399375 0.3459 0.31138138125000003 0.3258 0.2958258265625 0.32018 0.2914114109375 0.31013999999999997 0.282522521875 0.29212 0.2829729734375 0.28650000000000003 0.28384384375 0.2661 0.293633634375 0.25548000000000004 0.31093093125000004 0.24602 0.32912912968749997 0.24158 0.3592792796875
1 0.5783 0.446696696875 0.57338 0.4629429421875 0.57732 0.47327327343750003 0.58026 0.4747447453125 0.5841999999999999 0.45849849843749996 0.59304 0.44375375312500004 0.6009 0.4319519515625 0.6068 0.4289789796875 0.61466 0.42603603593750006 0.6127 0.4186486484375 0.61466 0.41717717656250003 0.60286 0.40831831875 0.59206 0.42015015 0.5831999999999999 0.436366365625 0.5783 0.446696696875
1 0.60914 0.4123123125 0.6009800000000001 0.4103603609375 0.5898 0.414234234375 0.5743400000000001 0.4510210203125 0.57218 0.4665165171875 0.57734 0.476846846875 0.57692 0.497477478125 0.58034 0.5084684687500001 0.5880799999999999 0.5129729734375 0.59626 0.503933934375 0.60356 0.51168168125 0.61086 0.520060059375 0.62246 0.5148948953125 0.6276200000000001 0.5207207203124999 0.6345 0.520060059375 0.64008 0.513603603125 0.6443800000000001 0.49876876875000004 0.6486799999999999 0.5020120125 0.65556 0.500060059375 0.6581400000000001 0.48069069062500003 0.66372 0.48069069062500003 0.66974 0.47489489531249995 0.6719 0.465225225 0.66716 0.447777778125 0.67576 0.45489489531249994 0.67748 0.42972972968749995 0.66974 0.41810810781249996 0.64266 0.3981081078125 0.63536 0.395525525 0.62806 0.3987387390625 0.6220399999999999 0.40585585625 0.61732 0.41552552499999995 0.60914 0.4123123125
1 0.59328 0.2908108109375 0.5889800000000001 0.30048048125000004 0.58642 0.31081081093749996 0.58642 0.3172672671875 0.58384 0.327597596875 0.58384 0.334684684375 0.58598 0.3372672671875 0.58598 0.34888888906250004 0.58556 0.36051051093750003 0.58684 0.36630630625 0.59286 0.36954955 0.59586 0.3721021015625 0.59844 0.3805105109375 0.60232 0.3869669671875 0.60662 0.3869669671875 0.60876 0.3901801796875 0.61348 0.390840840625 0.6160599999999999 0.3869669671875 0.61822 0.37921921875 0.62208 0.37984985 0.62596 0.3818018015625 0.62854 0.3869669671875 0.63154 0.3824324328125 0.63498 0.37339339374999997 0.63584 0.3618018015625 0.6392800000000001 0.3559759765625 0.64142 0.34759759687499997 0.641 0.3321021015625 0.64358 0.3327627625 0.64874 0.3372672671875 0.6526 0.3372672671875 0.65732 0.3301801796875 0.65776 0.314684684375 0.6521600000000001 0.294684684375 0.6453 0.2798198203125 0.63454 0.2759759765625 0.6328199999999999 0.2740240234375 0.62854 0.27660660625 0.62252 0.2791891890625 0.61864 0.27660660625 0.61564 0.2721021015625 0.61392 0.27660660625 0.6096199999999999 0.2791891890625 0.6053200000000001 0.2791891890625 0.5988800000000001 0.2811111109375 0.59328 0.2908108109375
1 0.1058 0.49888888906249995 0.11504 0.5242942937499999 0.12503999999999998 0.5520120125 0.14272 0.5600900906249999 0.15426 0.5612612609375 0.16272 0.5589489484375 0.1658 0.555465465625 0.16966 0.539309309375 0.17966 0.545075075 0.18734 0.53585585625 0.19274 0.5208108109375 0.2012 0.5231231234375 0.20657999999999999 0.5092792796875 0.21503999999999998 0.48846846875 0.21503999999999998 0.465375375 0.18658 0.4538138140625 0.17196 0.4515015015625 0.14426 0.4630630625 0.12350000000000001 0.4630630625 0.1058 0.47807807812499997 0.1058 0.49888888906249995
1 0.36134 0.7196996999999999 0.3653 0.710540540625 0.36924 0.6992192187499999 0.3705 0.693303303125 0.36960000000000004 0.6906006 0.36728 0.6903303296875001 0.36152 0.6884384390625 0.3608 0.6884384390625 0.35974 0.68951951875 0.35488 0.6943843843749999 0.34986 0.6994894890625 0.34628000000000003 0.7102702703125 0.34592 0.716216215625 0.34914 0.7234834828125 0.36134 0.7196996999999999
1 0.44394 0.753753753125 0.44882 0.753003003125 0.45076 0.740540540625 0.44783999999999996 0.731771771875 0.44783999999999996 0.719309309375 0.44394 0.71123123125 0.44001999999999997 0.700990990625 0.43662 0.6995195187500001 0.43368 0.6878078078125001 0.42245999999999995 0.681921921875 0.41562 0.684864865625 0.41466000000000003 0.7024624625 0.41416000000000003 0.7090390390625 0.41757999999999995 0.725165165625 0.41757999999999995 0.741291290625 0.4205 0.731771771875 0.4205 0.7398198203125 0.43368 0.7420120125 0.43757999999999997 0.74861861875 0.44394 0.753753753125
1 0.39818 0.6884084078125 0.38956 0.6784384390625 0.37629999999999997 0.6767867875 0.3688 0.681771771875 0.37454 0.6986786781250001 0.38758 0.6986786781250001 0.39927999999999997 0.7083183187500001 0.4037 0.707297296875 0.40834000000000004 0.703003003125 0.39818 0.6884084078125
1 0.47458 0.7177177171875 0.48403999999999997 0.7312612609375 0.48231999999999997 0.7415915921875 0.50252 0.7473873875 0.49863999999999997 0.7215915921875 0.49391999999999997 0.7170570578125 0.48231999999999997 0.714474475 0.47458 0.7177177171875
0 0.18548 0.7538738734375 0.18206 0.74690690625 0.17672000000000002 0.7445945953125 0.1714 0.7451051046875 0.16814 0.7479579578125 0.16555999999999998 0.7533633640625 0.16574 0.7611111109375 0.16986 0.769609609375 0.18428 0.7690990984375 0.18548 0.760060059375 0.18548 0.7538738734375
0 0.16204000000000002 0.7070270265625 0.16706000000000001 0.7119219218749999 0.17328 0.7145645640625 0.17506 0.719909909375 0.17594 0.7323423421874999 0.1783 0.7372072078125 0.21436000000000002 0.7381081078125 0.28118 0.7332132125 0.28058 0.719459459375 0.28118 0.7052552546874999 0.27852 0.6928228234375 0.2661 0.692372371875 0.2584 0.699939940625 0.25604 0.69015015 0.24569999999999997 0.684384384375 0.24866000000000002 0.6772972968750001 0.25102 0.6679579578125 0.24718 0.6599699703125 0.23445999999999997 0.6679579578125 0.22796 0.6630930937499999 0.22884000000000002 0.6546546546875 0.21939999999999998 0.6502102109375001 0.20607999999999999 0.6537837843750001 0.2052 0.6493393390625 0.19634000000000001 0.6409009015625 0.18954 0.6506606609375 0.17918 0.6564264265624999 0.17624 0.6568768765625 0.1718 0.664864865625 0.16706000000000001 0.673303303125 0.15938000000000002 0.6799699703125001 0.15494000000000002 0.68615615625 0.15642 0.6932732734375 0.16204000000000002 0.7070270265625
0 0.17787999999999998 0.7452852859375 0.17809999999999998 0.741141140625 0.17604 0.734924925 0.17234 0.73078078125 0.16912 0.730090090625 0.16544 0.730090090625 0.16244 0.7331831828125 0.16060000000000002 0.7366366359375001 0.15854 0.7418318312500001 0.15854 0.743903903125 0.16519999999999999 0.75324324375 0.16843999999999998 0.7477177171875 0.17258 0.7452852859375 0.17787999999999998 0.7452852859375