0 0.0368125 0.2483958328125 0.07215625 0.2330208328125 0.081375 0.2125416671875 0.082140625 0.1643958328125 0.063703125 0.1306041671875 0.049109375 0.1224166671875 0.025296875000000003 0.1193333328125 0.009171875 0.12754166718749999 0.00071875 0.13983333281250002 0.001484375 0.1992291671875 0.00609375 0.2125416671875 0.012234375 0.21970833281250002 0.028375 0.23199999999999998 0.0368125 0.2483958328125
0 0.305765625 0.6163333328125 0.3264375 0.5851041671874999 0.3278125 0.5557083328125 0.3278125 0.5354791671875 0.35125 0.5207916671875 0.362265625 0.4968958328125 0.36915624999999996 0.4583125 0.38293750000000004 0.4288958328125 0.42153124999999997 0.3976666671875 0.4835625 0.3829583328125 0.47528125 0.3572291671875 0.44359374999999995 0.3223125 0.42290625000000004 0.3223125 0.39121875 0.3315 0.376046875 0.36275 0.36778125 0.3884791671875 0.347109375 0.36825 0.3278125 0.3664166671875 0.296109375 0.3737708328125 0.269921875 0.40133333281250005 0.26303125 0.4105208328125 0.23546874999999998 0.3701041671875 0.20653125 0.3756041671875 0.18309375 0.40133333281250005 0.1651875 0.45462499999999995 0.1651875 0.4968958328125 0.188609375 0.5299791671875 0.18309375 0.5630416671875 0.18448437499999998 0.609 0.194125 0.6200208328125 0.214796875 0.6144999999999999 0.26579687500000004 0.6236875000000001 0.276828125 0.6402291671875 0.305765625 0.6163333328125
3 0.359234375 0.5008541671875 0.364921875 0.5349791671874999 0.373453125 0.5653125 0.388625 0.5615208328125 0.41231249999999997 0.5703750000000001 0.44359374999999995 0.6095416671875 0.45971875000000006 0.6221875 0.48531250000000004 0.60575 0.52890625 0.5716249999999999 0.546921875 0.5084375 0.547875 0.4705208328125 0.5146875 0.39975 0.46825 0.37825000000000003 0.424640625 0.389625 0.39715625 0.41616666718750006 0.36965625 0.4465 0.359234375 0.5008541671875
3 0.6470625 0.4368333328125 0.6374531250000001 0.46243749999999995 0.6374531250000001 0.4712916671875 0.672171875 0.4762291671875 0.706890625 0.5047708328125 0.715015625 0.5362916671875 0.72165625 0.5402291671875 0.740125 0.5205416671875 0.760796875 0.4841041671875 0.763015625 0.4456875 0.757109375 0.41025 0.736421875 0.3905416671875 0.7238749999999999 0.38068749999999996 0.7031875000000001 0.3747916671875 0.674390625 0.3797083328125 0.655921875 0.3935 0.6477968749999999 0.40433333281249995 0.6470625 0.4368333328125
3 0.59525 0.5086041671875 0.588890625 0.5318333328125 0.58653125 0.5465833328125 0.58821875 0.5800833328125 0.5939062500000001 0.5975208328125 0.60028125 0.6091458328125 0.60128125 0.611375 0.6230625 0.6086875 0.643171875 0.6118125 0.668984375 0.6305833328125 0.682390625 0.6422083328125 0.7014843749999999 0.623 0.71690625 0.5854583328125 0.71825 0.5675833328125 0.71825 0.5412083328125 0.7135625 0.5278125 0.7095312500000001 0.5117291671875 0.7045 0.5023333328125 0.665296875 0.4728541671875 0.643515625 0.4697291671875 0.63178125 0.47106250000000005 0.6073125 0.4876041671875 0.59525 0.5086041671875
3 0.083140625 0.5884375000000001 0.104359375 0.61675 0.10790625000000001 0.6285416671874999 0.109671875 0.6356041671875 0.12028125 0.6450416671875 0.129125 0.6497708328125 0.13796875 0.6497708328125 0.171578125 0.6308958328125 0.189265625 0.61675 0.1875 0.5742916671875 0.185734375 0.5483541671875 0.17865625000000002 0.5200416671875 0.180421875 0.5153333328125 0.17865625000000002 0.5129791671875 0.16628125 0.5035416671874999 0.15035937500000002 0.4893958328125 0.145046875 0.4893958328125 0.127359375 0.5011875 0.113203125 0.5058958328125 0.08490625 0.5412708328125 0.083140625 0.546 0.07959374999999999 0.5648541671875 0.083140625 0.5884375000000001
3 0.6919375 0.6691666671875 0.678171875 0.6404375 0.645859375 0.6133124999999999 0.606359375 0.6085208328125 0.575234375 0.6244791671875001 0.5524843749999999 0.6587916671875 0.544109375 0.7114583328124999 0.551296875 0.7497708328125 0.586609375 0.805625 0.6117343749999999 0.8104166671874999 0.638671875 0.8104166671874999 0.662609375 0.7968541671875 0.67996875 0.7800833328125 0.7015156250000001 0.7258333328125001 0.697921875 0.6923125 0.6919375 0.6691666671875
3 0.13725 0.87375 0.16698437500000002 0.8407083328124999 0.17579687500000002 0.79225 0.1746875 0.7547916671875 0.164234375 0.7283541671875 0.14990625 0.7019166671875 0.11907812499999999 0.6850416671875 0.08546875000000001 0.6798958328125 0.056843750000000005 0.6916458328124999 0.029296875 0.715875 0.016078125 0.7459791671875 0.013328125 0.8039999999999999 0.01278125 0.82675 0.03315625 0.8700833328125 0.06509374999999999 0.8906458328125 0.097046875 0.8950416671875001 0.13725 0.87375
3 0.26356250000000003 0.6285416671874999 0.244109375 0.6143958328125 0.203421875 0.6143958328125 0.1698125 0.6356041671875 0.16273437500000001 0.6922083328124999 0.16628125 0.7464583328125001 0.21403124999999998 0.8054166671875 0.2281875 0.7889166671875001 0.251171875 0.7818333328125 0.297171875 0.7488125 0.291859375 0.6757083328125 0.26356250000000003 0.6285416671874999
3 0.44196875 0.5989375 0.40676562499999996 0.5676249999999999 0.38034375 0.56175 0.345140625 0.5832708328125 0.32606250000000003 0.6116458328125 0.31946875 0.6537083328125 0.32018749999999996 0.6859791671875 0.332671875 0.7182708328125 0.342203125 0.7309791671875 0.34954687500000003 0.7348958328124999 0.36348437499999997 0.7339166671874999 0.3876875 0.7309791671875 0.416296875 0.73 0.439046875 0.7035833328125001 0.44857812499999994 0.645875 0.44196875 0.5989375
0 0.312234375 0.3705 0.316140625 0.3660833328125 0.314640625 0.3572708328125 0.296609375 0.3516666671875 0.286390625 0.3516666671875 0.27165625000000004 0.3540625 0.2629375 0.3604791671875 0.26053125 0.3624791671875 0.25453125 0.3741041671875 0.253015625 0.3857291671875 0.25392187499999996 0.392125 0.26084375 0.41137499999999994 0.29300000000000004 0.3773125 0.312234375 0.3705