2 0.3529375 0.458828125 0.357640625 0.458828125 0.355240359375 0.4512686171875 0.358425346875 0.450984375 0.35754321875 0.443709109375 0.35921006875 0.443140625 0.3599947921875 0.43529687499999997 0.36214893593749997 0.42859009375 0.3607795140625 0.427453125 0.3644517953125 0.42103058437499996 0.3615642359375 0.419609375 0.3623489578125 0.41176562499999997 0.3667546546875 0.4134710765625 0.3690575140625 0.40591156875 0.36313368125 0.403921875 0.363918403125 0.396078125 0.371360371875 0.39835206093750003 0.41281183437499996 0.2622809171875 0.40882031249999995 0.2554404296875 0.41511469375 0.254721409375 0.41293749999999996 0.248529296875 0.41741755312500006 0.2471619015625 0.4170546875 0.2416181640625 0.4197204125 0.23960239374999998 0.422023271875 0.23204288593750003 0.4252890625 0.2277958984375 0.42432612968749994 0.22448337812500002 0.42940625 0.220884765625 0.4266289890625 0.2169238703125 0.4335234375 0.2139736328125 0.42893184843750004 0.2093643609375 0.43123470781249995 0.201804853125 0.43764062499999995 0.2070625 0.44234895781250005 0.19137500000000002 0.43353756718750003 0.19424534531249998 0.4362991078125 0.18185044687500002 0.438143284375 0.1791263296875 0.44470312500000003 0.18353124999999998 0.44044614375 0.171566821875 0.46117187499999995 0.10353125 0.475296875 0.0470625 0.46823437500000004 0.028234375 0.451765625 0.025875 0.404703125 0.08 0.418828125 0.09646875 0.411087053125 0.1768080359375 0.385875 0.171765625 0.36 0.16940625 0.357640625 0.1929375 0.291765625 0.24235937500000002 0.26353125 0.322359375 0.2472135421875 0.426359375 0.24470312500000002 0.442359375 0.265875 0.46587500000000004 0.322359375 0.475296875 0.3529375 0.458828125
2 0.908140625 0.295421875 0.906234375 0.27925 0.89196875 0.27164062499999997 0.7483125 0.32682812499999997 0.7425937499999999 0.34584375 0.740703125 0.34965625 0.774 0.37820312500000003 0.908140625 0.295421875
2 0.71328125 0.7399843749999999 0.7184801140625 0.7083025562499999 0.736140625 0.711421875 0.7384265625 0.703565625 0.74385625 0.706278125 0.77471875 0.6857031250000001 0.776140625 0.662859375 0.78328125 0.652859375 0.804703125 0.6585625 0.8304218750000001 0.627140625 0.81328125 0.627140625 0.7961406249999999 0.597140625 0.7594739578125 0.6298368062499999 0.7567140625000001 0.640715625 0.7528072921875 0.6353923609375001 0.7328072921875 0.6520590281249999 0.727578125 0.652859375 0.726278409375 0.6607798296875 0.7204322921874999 0.6599999999999999 0.7194739578125 0.6631701390625 0.7132864578125 0.667140625 0.7128072921874999 0.66872569375 0.637578125 0.741421875 0.573296875 0.794265625 0.523296875 0.82284375 0.4733125 0.811421875 0.46331249999999996 0.82284375 0.4833125 0.858546875 0.5075937500000001 0.8657031249999999 0.71328125 0.7399843749999999
2 0.688390625 0.46048437499999995 0.699546875 0.46271874999999996 0.72484375 0.426265625 0.683921875 0.381625 0.6169687500000001 0.320625 0.5901875000000001 0.340703125 0.5886875 0.35484375 0.6110156250000001 0.379390625 0.6035781250000001 0.38534375 0.648953125 0.461234375 0.649703125 0.46271874999999996 0.672015625 0.457515625 0.688390625 0.46048437499999995
2 0.1702301140625 0.8355383515625 0.21425 0.769515625 0.253359375 0.555359375 0.216109375 0.5423125 0.190046875 0.754625 0.2061822921875 0.7645520828125 0.165828125 0.8421406250000001 0.157180803125 0.9459084828125001 0.156515625 0.953890625 0.162109375 0.979953125 0.197484375 0.84959375 0.1702301140625 0.8355383515625
2 0.268140625 0.564921875 0.24701562500000002 0.63928125 0.31039062500000003 0.63759375 0.35095312500000003 0.6545 0.409265625 0.6697031250000001 0.44221875 0.648578125 0.50053125 0.5877343749999999 0.49629687499999997 0.559015625 0.48362499999999997 0.547171875 0.4430625 0.55225 0.428703125 0.57253125 0.381375 0.5632343750000001 0.307015625 0.5607031250000001 0.305328125 0.558171875 0.287578125 0.5657656249999999 0.268140625 0.564921875
2 0.20034375 0.069546875 0.20871875 0.077921875 0.226859375 0.0793125 0.2324375 0.0876875 0.23523437500000002 0.09048437499999999 0.24918749999999998 0.0876875 0.2575625 0.0876875 0.243609375 0.108625 0.243609375 0.12815625 0.260359375 0.142109375 0.2659375 0.137921875 0.30920312499999997 0.091875 0.32315625 0.126765625 0.296640625 0.151875 0.332921875 0.15746875 0.43340625 0.17003125 0.51853125 0.20212500000000003 0.63715625 0.2230625 0.691578125 0.22864062500000001 0.711109375 0.237015625 0.740421875 0.21746875000000002 0.76275 0.224453125 0.8115937499999999 0.17421875 0.72646875 0.16584375 0.42362500000000003 0.098859375 0.182203125 0.036046875 0.171046875 0.037453125 0.19337500000000002 0.058374999999999996 0.20034375 0.069546875
2 1 0.15978125 0.9861093750000001 0.155546875 0.9496874999999999 0.178421875 0.931046875 0.186046875 0.9276562500000001 0.19790625 0.936125 0.20553125 0.9420624999999999 0.21146875 0.9598437499999999 0.20553125 0.969171875 0.193671875 0.992890625 0.20045312499999998 1 0.20129687500000001 1 0.15978125
2 0.568828125 0.992203125 0.636359375 0.9948124999999999 0.6415625 0.7896093750000001 0.571421875 0.8311718750000001 0.566234375 0.8831093750000001 0.623375 0.9246718749999999 0.571421875 0.948046875 0.568828125 0.992203125
2 0.58690625 0 0.5715 0.026921875 0.55203125 0.07129687500000001 0.54659375 0.09259375 0.543875 0.11975 0.5420625 0.1251875 0.554296875 0.12790625 0.561546875 0.095296875 0.586453125 0.04096875 0.597765625 0.02375 0.6032031250000001 0.015609375 0.606828125 0 0.58690625 0
2 0.113203125 0.68909375 0.11134375 0.739375 0.156046875 0.7505468750000001 0.14859375 0.7133125 0.113203125 0.68909375