1 0.4479375 0.17583138125 0.47062499999999996 0.172740046875 0.48815625 0.12327868906249999 0.487125 0.09702576093750001 0.48403124999999997 0.0784777515625 0.483 0.0460187359375 0.483 0.032107728125 0.4809375 0.002740046875 0.42731250000000004 0 0.41390625 0.030562060937500003 0.3778125 0.058384075 0.36646875 0.076932084375 0.38503125 0.08775175625000001 0.40978125 0.10011709531249999 0.417 0.10166276406250001 0.41596875000000005 0.11709601875 0.40153125 0.10629976562500001 0.39637500000000003 0.098571428125 0.38503125 0.10011709531249999 0.3819375 0.120187353125 0.37884375000000003 0.149555034375 0.37884375000000003 0.1711943796875 0.39534375 0.165011709375 0.4066875 0.161920375 0.4025625 0.127915690625 0.40359375000000003 0.11864168593749999 0.40565625 0.135644028125 0.40771875 0.1464637 0.40978125 0.15728337187500002 0.4479375 0.17583138125
1 0.3815 0.220163934375 0.385046875 0.20686182656250002 0.379734375 0.1935831375 0.36553125 0.19889929687500002 0.36907812500000003 0.18028102968749998 0.360203125 0.174964871875 0.35134375 0.177611240625 0.344234375 0.20421545624999998 0.306984375 0.2175175640625 0.28390624999999997 0.209531615625 0.282140625 0.20421545624999998 0.282140625 0.230796253125 0.30165625 0.23346604218749997 0.3584375 0.24676815 0.3815 0.220163934375
1 0.766203125 0.30407494218750003 0.765453125 0.264004684375 0.761 0.219484778125 0.753578125 0.18718969531250002 0.737984375 0.1883138171875 0.725359375 0.25063231875 0.7298125 0.27400468437500003 0.74465625 0.306299765625 0.7595156249999999 0.3096252921875 0.766203125 0.30407494218750003
1 0.501046875 0.081311475 0.502234375 0.08709601875 0.50490625 0.098243559375 0.510265625 0.1035831375 0.51859375 0.113395784375 0.5215625 0.1187587828125 0.5248437499999999 0.1236533953125 0.52840625 0.1299063234375 0.533765625 0.12810304374999998 0.53971875 0.12098360625 0.5450625 0.11742388749999999 0.550125 0.11428571406250002 0.5560625 0.094683840625 0.5578593749999999 0.0835363 0.5560625 0.075948478125 0.553390625 0.068384075 0.5468437500000001 0.04608899375 0.54446875 0.0371662765625 0.539109375 0.0193442625 0.53465625 0.011756440625 0.528703125 0.002388759375 0.48498437499999997 0.0006089 0.48498437499999997 0.0090866515625 0.49301562499999996 0.0411943796875 0.4956875 0.055456675 0.497765625 0.0674941453125 0.501046875 0.081311475
1 0.674671875 0.330187353125 0.689546875 0.3155737703125 0.686984375 0.2955737703125 0.680828125 0.2648009375 0.677234375 0.2494145203125 0.680828125 0.24173302031250002 0.6792812500000001 0.2394145203125 0.6726093750000001 0.24173302031250002 0.666453125 0.2432786890625 0.660296875 0.2494145203125 0.6520937499999999 0.2894145203125 0.653625 0.304028103125 0.65465625 0.300187353125 0.6679999999999999 0.30325526875 0.674671875 0.330187353125
0 0.357046875 0.8864871187500001 0.3830625 0.8441451984375 0.3791875 0.8076112406249999 0.3636875 0.7968384078125 0.34928125 0.7843793906250001 0.32934375 0.778571428125 0.32048437500000004 0.7843793906250001 0.28115625 0.833348946875 0.29778125 0.87901639375 0.33321875 0.8873067921875 0.357046875 0.8864871187500001
0 0.5274375 0.8952693203125 0.518421875 0.877259953125 0.495875 0.877259953125 0.482359375 0.8614754093749999 0.47184375 0.7961826703125 0.450796875 0.7736533953125 0.41925 0.7736533953125 0.40421874999999996 0.818688525 0.40421874999999996 0.8367213109374999 0.38468749999999996 0.859227165625 0.380171875 0.81644028125 0.33059375 0.7826463703125001 0.287015625 0.8479625296875 0.31706249999999997 0.9110304453125 0.29603125 0.9042857140624999 0.273484375 0.881756440625 0.235921875 0.8952693203125 0.232921875 0.8952693203125 0.205859375 0.9020374703125 0.13974999999999999 0.9110304453125 0.14275 0.9245433249999999 0.22690625 0.9853629984375001 0.5725156250000001 0.9876112406249999 0.5920468750000001 0.9560889937500001 0.586046875 0.9020374703125 0.551484375 0.881756440625 0.5274375 0.8952693203125
0 0.324125 0.70355971875 0.312796875 0.6804215453125 0.288109375 0.6680796250000001 0.261359375 0.661920375 0.2376875 0.6757845437500001 0.22946875000000003 0.7158782203125 0.23254687500000001 0.7652459015625 0.3086875 0.7868149890625 0.32206250000000003 0.7621545671875001 0.324125 0.70355971875
0 0.20070312499999998 0.779203746875 0.217484375 0.751756440625 0.222578125 0.718992975 0.216984375 0.6877283375000001 0.190546875 0.6671662765625 0.1691875 0.65648711875 0.142734375 0.6702107734375 0.13409374999999998 0.6999297421875 0.135625 0.6885011703125 0.127484375 0.7174707265625 0.1320625 0.7608899296875 0.140203125 0.7670023421875001 0.20070312499999998 0.779203746875
0 0.11815625 0.6446604218750001 0.104453125 0.6622716625 0.097921875 0.677915690625 0.09596875 0.704332553125 0.10053125 0.7258548015625 0.1129375 0.7444262296875 0.12468749999999999 0.7522716625 0.131203125 0.75030445 0.127296875 0.7170491796875 0.139046875 0.672060890625 0.172328125 0.6563934421875001 0.161875 0.643676815625 0.146875 0.6368384078125 0.132515625 0.6358548015625 0.11815625 0.6446604218750001
0 0.092296875 0.7111943796875 0.0991875 0.67836065625 0.0991875 0.65676815 0.094171875 0.641756440625 0.08728125 0.6276814984375 0.06787499999999999 0.6239344265625 0.06035937500000001 0.6239344265625 0.052859375 0.6239344265625 0.04346875 0.62674473125 0.035328125 0.631451990625 0.017796875 0.6464637 0.01028125 0.6624121781250001 0.010906250000000001 0.7018266984375 0.017796875 0.7252693203125 0.061 0.73840749375 0.08353125 0.7224590156249999 0.090421875 0.728079625 0.092296875 0.7271428578125 0.092296875 0.7111943796875
0 0.29031250000000003 0.566651053125 0.292109375 0.6026463703125 0.2963125 0.626955503125 0.31253125000000004 0.6350585484375 0.3269375 0.639555034375 0.346765625 0.6242388765625 0.35757812499999997 0.601756440625 0.35757812499999997 0.5576346609375 0.35757812499999997 0.5405386421875 0.33234375 0.5270491796875 0.32334375 0.5252459015625 0.3149375 0.5252459015625 0.299921875 0.536932084375 0.29031250000000003 0.566651053125
0 0.490046875 0.533700234375 0.5270937499999999 0.5414051515625 0.52296875 0.5167213109375 0.501375 0.4874238875 0.46535937499999996 0.49360655781249996 0.44375 0.52290398125 0.44478125 0.55836065625 0.466390625 0.5506557375 0.490046875 0.533700234375
0 0.894515625 0.8514988296875 0.8814062500000001 0.8402810296875 0.86221875 0.834660421875 0.84490625 0.8367681499999999 0.823390625 0.8529039812500001 0.807015625 0.8746370015625 0.798125 0.8935831375 0.79296875 0.9055035124999999 0.8088749999999999 0.911100703125 0.8275937499999999 0.9391569093750001 0.8374218750000001 0.955995315625 0.858953125 0.94615925 0.8846875000000001 0.9405620609374999 0.89496875 0.9153161593749999 0.914625 0.8977751749999999 0.909953125 0.8725292734375 0.894515625 0.8514988296875
0 0.33696875 0.7797892265625 0.353953125 0.7797892265625 0.378 0.7702576109375 0.363140625 0.7490398125 0.34828125 0.736299765625 0.32634375000000004 0.732060890625 0.32210937500000003 0.7352459015624999 0.32351562500000003 0.7532786890625001 0.33696875 0.7797892265625
0 0.270578125 0.5753864171874999 0.25968749999999996 0.5841686187499999 0.254671875 0.5904449656249999 0.252984375 0.6017330203125 0.26053125 0.6393911 0.267234375 0.645667446875 0.274765625 0.645667446875 0.28984375 0.6368852453125 0.295703125 0.62936768125 0.2931875 0.5678454328125 0.28900000000000003 0.5703512875000001 0.270578125 0.5753864171874999
3 0.7699374999999999 0.425971896875 0.78390625 0.4316861828125 0.7864375 0.42407494218749997 0.815640625 0.38601873593749997 0.8422968750000001 0.40313817343749997 0.8422968750000001 0.37840749375 0.8346875 0.330819671875 0.830875 0.2984777515625 0.8219843750000001 0.24140515156250003 0.8296093750000001 0.23379391093750002 0.849921875 0.2223653390625 0.8753125 0.2090398125 0.894359375 0.21857142812500002 0.8981562500000001 0.258524590625 0.924828125 0.2642388765625 0.934984375 0.23948477812500002 0.9476718749999999 0.220468384375 0.97053125 0.20524590156250003 0.976875 0.1881264640625 0.9971875000000001 0.1595784546875 0.98321875 0.13864168593749998 0.9667187500000001 0.1215222484375 0.954015625 0.11770491875 0.94259375 0.1196252921875 0.9235468750000001 0.1215222484375 0.900703125 0.11009367656249999 0.8930781250000001 0.125316159375 0.88165625 0.1519672125 0.8727656250000001 0.161475409375 0.86134375 0.1671896953125 0.849921875 0.1957377046875 0.843578125 0.19763466093749998 0.8207187499999999 0.2109601875 0.8181875 0.22807962499999998 0.792796875 0.24140515156250003 0.7699374999999999 0.25662763437499997 0.766125 0.285152225 0.75978125 0.296580796875 0.740734375 0.3041920375 0.700109375 0.321311475 0.6963125 0.3479625296875 0.717890625 0.3669789234375 0.724234375 0.4012412171875 0.728046875 0.3936299765625 0.7445468749999999 0.4012412171875 0.7699374999999999 0.425971896875
3 1 0.4708899296875 0.995265625 0.42754098437500004 0.974375 0.43114754062499994 0.9607187500000001 0.4215222484375 0.9526875 0.4058548015625 0.9293906249999999 0.37334894687500003 0.89725 0.37093676875 0.87234375 0.3877985953125 0.86109375 0.4082669796875 0.8506406249999999 0.40466042187499995 0.8193125 0.39259953125 0.8024374999999999 0.3986416859375 0.790390625 0.42391100625 0.782359375 0.43355971875000004 0.771109375 0.4660655734375 0.7686875 0.5202576109375 0.751015625 0.5070023421875 0.74378125 0.4997892265625 0.7518281250000001 0.46487119374999997 0.74459375 0.43234192031249996 0.7140625 0.3986416859375 0.68915625 0.40466042187499995 0.6634375 0.43597189687500004 0.658625 0.48533957812499995 0.647375 0.48533957812499995 0.62165625 0.4997892265625 0.6088125 0.5202576109375 0.78075 0.528688525 0.78878125 0.6214051515625 0.8024374999999999 0.6346604218749999 0.8144843749999999 0.6671662765625 0.8144843749999999 0.7285948484375 0.95028125 0.5925058546875 0.974375 0.5720374703125 1 0.5985245906250001 1 0.4708899296875
3 0.11551562500000001 0.505644028125 0.11421875 0.48901639374999994 0.10703125 0.45674473125 0.0809375 0.4410772828125 0.054171875 0.45674473125 0.04503125 0.4821779859375 0.048296875 0.5105386421875 0.055484374999999996 0.5154332546875 0.06853125 0.5281498828125 0.081578125 0.5428103046875 0.08745312499999999 0.5408665109374999 0.110296875 0.5291100703125 0.11551562500000001 0.505644028125
3 0.07759374999999999 0.586252928125 0.07715625000000001 0.594004684375 0.078453125 0.6004683843749999 0.08490625 0.6004683843749999 0.09609375 0.596580796875 0.112890625 0.597868853125 0.122796875 0.604964871875 0.12882812500000002 0.617236534375 0.136578125 0.606276346875 0.140453125 0.584332553125 0.140453125 0.556580796875 0.130546875 0.537868853125 0.11073437500000001 0.5268852453124999 0.10514062500000002 0.530772834375 0.08534375 0.5430210765625 0.08103125 0.5514051515625 0.08103125 0.5572131140625001 0.08103125 0.5714285718750001 0.07759374999999999 0.586252928125
3 0.175296875 0.59517564375 0.190953125 0.592224825 0.20074999999999998 0.5883138171875 0.209234375 0.592224825 0.209234375 0.5873302109375 0.20792187499999998 0.5746135828125001 0.20401562499999998 0.5540749421875 0.192265625 0.53648711875 0.174640625 0.5306089 0.16028125 0.53159250625 0.1505 0.5384309140625 0.142015625 0.546252928125 0.13940625 0.548220140625 0.13940625 0.5492037468750001 0.141359375 0.5599531609375 0.1400625 0.59517564375 0.141359375 0.6078922718750001 0.163546875 0.608852459375 0.163546875 0.6098360656249999 0.169421875 0.6039578453125001 0.175296875 0.59517564375
3 0.009578125 0.6211709609375 0.02434375 0.619812646875 0.031265625000000005 0.6202810296875 0.039703125 0.628852459375 0.04634375 0.6292974234375001 0.055078125 0.6180093671875 0.06471875 0.6044496484375 0.066234375 0.572388759375 0.06503125 0.5507025765625 0.055078125 0.5362529281249999 0.0418125 0.5213583140625 0.02915625 0.5218032781249999 0.0165 0.5258782203125001 0.00053125 0.5457377046875 0 0.6094379390625 0.00415625 0.61936768125 0.009578125 0.6211709609375
3 0.691328125 0.9821545671875 0.73096875 0.951147540625 0.7292500000000001 0.9253161593750001 0.620640625 0.917564403125 0.60340625 0.9614988296875 0.6344375 0.9847540984375 0.660296875 0.9873302109375001 0.687875 0.9873302109375001 0.691328125 0.9821545671875
1 0.46693749999999995 0.17672131093750001 0.477859375 0.17747072656250001 0.49671875 0.168548009375 0.51409375 0.1603512875 0.5180625 0.12613583125 0.515578125 0.105292740625 0.499703125 0.08 0.486796875 0.064379390625 0.478359375 0.068852459375 0.476375 0.085948478125 0.4679375 0.10826697968750001 0.46148437500000006 0.12463700156249999 0.44857812499999994 0.1387822015625 0.440140625 0.146955503125 0.41332812499999994 0.1536533953125 0.41432812500000005 0.1573770484375 0.42921875 0.1618501171875 0.46693749999999995 0.17672131093750001
1 0.63725 0.3585948484375 0.64946875 0.3731147546875 0.648203125 0.359227165625 0.6355625 0.301756440625 0.627140625 0.286580796875 0.6149218750000001 0.2828103046875 0.60859375 0.2973302109375 0.6115468749999999 0.33459016406250003 0.6149218750000001 0.3352224828125 0.6385156249999999 0.35100702500000003 0.63725 0.3585948484375
0 0.526359375 0.55674473125 0.5358906250000001 0.5529976578125 0.5606718749999999 0.5400468390625 0.573390625 0.5376580796875 0.586125 0.5458548015625 0.589078125 0.5318735359375 0.591796875 0.5192740046875 0.59315625 0.5029274 0.586796875 0.48215456718749994 0.5765781249999999 0.47159250625000004 0.56475 0.46409836093749995 0.549296875 0.46409836093749995 0.530671875 0.46648711875000004 0.523625 0.47737704843750006 0.5163593750000001 0.50224824375 0.51590625 0.5097423890624999 0.52271875 0.542435596875 0.526359375 0.55674473125
0 0.9765625 1 0.98125 0.9929742390625 0.984375 0.976580796875 0.984375 0.9578454328125 0.98125 0.9437939109375 0.9921875 0.932084309375 0.99375 0.9156908671874999 0.975 0.887587821875 0.9671875 0.8852459015624999 0.9546875 0.8711943796874999 0.9515625 0.8711943796874999 0.915625 0.8313817328124999 0.903125 0.8220140515625 0.8734375 0.7892271656250001 0.8703125 0.7892271656250001 0.8671875 0.7822014046875 0.8640625 0.7822014046875 0.8578125 0.7728337234375 0.8546875 0.7728337234375 0.84375 0.7587822015625 0.821875 0.7400468390625 0.81875 0.7330210765625 0.815625 0.7330210765625 0.809375 0.7236533953125 0.80625 0.7236533953125 0.7953125 0.7096018734375 0.7734375 0.6908665109375 0.7703125 0.68384075 0.7671875 0.68384075 0.7609375 0.6744730671875 0.7578125 0.6744730671875 0.746875 0.6604215453125 0.725 0.6416861828125 0.7125 0.6252927406250001 0.709375 0.6252927406250001 0.6796875 0.5925058546875 0.6765625 0.5925058546875 0.675 0.5878220140625 0.609375 0.52224824375 0.609375 0.517564403125 0.621875 0.4988290390625 0.63125 0.49648711875 0.634375 0.491803278125 0.64375 0.491803278125 0.6546875 0.47775175625 0.6640625 0.47540983593749997 0.675 0.4660421546875 0.6765625 0.45199063281249996 0.6671875 0.43091334843749995 0.671875 0.41920374687499995 0.678125 0.41451990624999996 0.68125 0.40281030468749995 0.715625 0.405152225 0.71875 0.400468384375 0.7203125 0.3864168625 0.709375 0.37002341875 0.7046875 0.3489461359375 0.6984375 0.3348946140625 0.6828125 0.320843090625 0.6609375 0.3255269328125 0.6515625 0.33255269374999996 0.6515625 0.35597189687499997 0.6234375 0.37002341875 0.6140625 0.3934426234375 0.5890625 0.40749414531249994 0.5875 0.42622950781249996 0.575 0.444964871875 0.56875 0.4426229515625 0.559375 0.4496487125 0.5040865390625 0.40281030468749995 0.5015625 0.4121779859375 0.4984375 0.4121779859375 0.4953125 0.405152225 0.49717548125000005 0.396955503125 0.4902644234375 0.391100703125 0.4828125 0.39578454375 0.48335336562500003 0.3852459015625 0.475390625 0.387587821875 0.47644230781249997 0.3793911 0.46796875 0.3793911 0.46953125 0.3735363 0.46262019218750006 0.3676814984375 0.460546875 0.3711943796875 0.455709134375 0.3618266984375 0.45 0.3629976578125 0.44879807656250004 0.35597189687499997 0.446875 0.35597189687499997 0.44188701874999997 0.3501170953125 0.434375 0.346604215625 0.4349759609375 0.34426229531249997 0.4142427890625 0.3266978921875 0.412109375 0.32201405156249996 0.40733173125000005 0.320843090625 0.4046875 0.3138173296875 0.4004206734375 0.314988290625 0.39350961562500003 0.30913348906250004 0.3953125 0.305620609375 0.3890625 0.29742388750000004 0.3865985578125 0.3032786890625 0.3796875 0.29742388750000004 0.375 0.3044496484375 0.371875 0.29752354375 0.246875 0.29911804218750004 0.0953125 0.2599531609375 0.090625 0.2505854796875 0.08125 0.2459016390625 0.0375 0.2459016390625 0.0296875 0.2529274 0.016796875 0.289812646875 0.0203125 0.302008071875 0.0125 0.30210772812500003 0.009375 0.31615925 0.009375 0.3489461359375 0.0015625 0.3536299765625 0 0.3583138171875 0.0045138890625 0.3684621375 0 0.3723653390625 0.003125 0.3817330203125 0.003125 0.400468384375 0.0078125 0.40749414531249994 0.009375 0.4496487125 0.0140625 0.4566744734375 0.034375 0.4566744734375 0.0390625 0.45199063281249996 0.0515625 0.4800936765625 0.0609375 0.4800936765625 0.065625 0.4707259953125 0.0671875 0.444964871875 0.0734375 0.444964871875 0.0859375 0.4238875875 0.0859375 0.4121779859375 0.078125 0.400468384375 0.06875 0.3723653390625 0.065625 0.3536299765625 0.071875 0.3536299765625 0.078125 0.346604215625 0.0875 0.32786885312499997 0.0890625 0.3142857140625 0.0828125 0.301210821875 0.2390625 0.2992176984375 0.375 0.31850117031249997 0.3796875 0.3255269328125 0.453125 0.400468384375 0.45625 0.400468384375 0.459375 0.40749414531249994 0.471875 0.4168618265625 0.5015625 0.4496487125 0.5046875 0.4496487125 0.5171875 0.4660421546875 0.5203125 0.4660421546875 0.525 0.473067915625 0.534375 0.4660421546875 0.54296875 0.4660421546875 0.54375 0.454332553125 0.5515625 0.4660421546875 0.5671875 0.4660421546875 0.575 0.4707259953125 0.5875 0.4847775171875 0.59375 0.5011709609375 0.5890625 0.5386416859375001 0.6015625 0.5480093671875 0.6140625 0.5644028109375 0.6171875 0.5644028109375 0.628125 0.5784543328125 0.65 0.5971896953125 0.6515625 0.6018735359375 0.728125 0.679156909375 0.73125 0.679156909375 0.734375 0.6861826703125 0.746875 0.6955503515625 0.7765625 0.7283372359375 0.7796875 0.7283372359375 0.7828125 0.7353629984375 0.7953125 0.7447306796875 0.825 0.7775175640625 0.828125 0.7775175640625 0.83125 0.784543325 0.84375 0.79391100625 0.8546875 0.8079625296874999 0.796875 0.8946135828124999 0.784375 0.8922716625 0.778125 0.8969555031249999 0.775 0.9039812640625 0.775 0.9274004687499999 0.7453125 0.9203747078125 0.7328125 0.913348946875 0.715625 0.911007025 0.709375 0.8992974234375 0.6953125 0.8922716625 0.6875 0.8922716625 0.68125 0.8969555031249999 0.6796875 0.9156908671874999 0.6859375 0.932084309375 0.6734375 0.941451990625 0.6703125 0.9484777515625 0.6703125 0.9625292734374999 0.675 0.969555034375 0.7140625 0.976580796875 0.71875 0.9812646375 0.7390625 0.9836065578125 0.7421875 0.9882903984375 0.753125 0.9882903984375 0.7703125 0.995316159375 0.790625 0.995316159375 0.8046875 1 0.9765625 1