3 0.32171875 0.9432332562499999 0.302390625 0.9432332562499999 0.276296875 0.960369515625 0.25503125 0.9575057734374999 0.234734375 0.95893764375 0.210578125 0.9675057734375001 0.19028125 0.9718013859375001 0.17384375000000002 0.99893764375 0.195109375 0.9932101609374999 0.3874375 1 0.4019375 0.996073903125 0.4145 0.9860739031250001 0.4145 0.9718013859375001 0.41159375000000004 0.9532332562500001 0.396125 0.9532332562500001 0.37584375 0.940369515625 0.360375 0.936073903125 0.3565 0.9475057734375 0.3623125 0.9460739031250001 0.339109375 0.9546420328125 0.32171875 0.9432332562499999
1 0.450390625 0.3226097 0.451578125 0.341939953125 0.46009374999999997 0.3914087765625 0.471390625 0.39667436562499997 0.47614062500000004 0.3934411078125 0.47495312500000003 0.372378753125 0.46901562500000005 0.327297921875 0.46920312500000005 0.30415704374999997 0.46821875 0.3032794453125 0.4605 0.30387990781249996 0.450390625 0.3226097
1 0.7109062500000001 0.0618706703125 0.702625 0.034665126562499995 0.6832812500000001 0.027852193749999997 0.6584218749999999 0.0523556578125 0.6390781249999999 0.1095150109375 0.64 0.1476443421875 0.65196875 0.18030023125 0.664859375 0.2143418015625 0.675921875 0.21570438749999998 0.694328125 0.21025404218750002 0.7145937499999999 0.2238568125 0.7302500000000001 0.23612009218750002 0.756953125 0.24290993125 0.7716875 0.24157043906250003 0.779984375 0.2483602765625 0.790109375 0.2265819859375 0.7965625000000001 0.176212471875 0.80853125 0.2143418015625 0.816828125 0.2279445734375 0.826953125 0.23475750624999997 0.8637812500000001 0.2252194 0.8637812500000001 0.21025404218750002 0.8601093750000001 0.157159353125 0.8518125 0.12177829062500001 0.8573437500000001 0.094549653125 0.842609375 0.050993071875 0.80853125 0.034665126562499995 0.788265625 0.0373903 0.7689375 0.0482678984375 0.75328125 0.060508082812499996 0.7495937500000001 0.0618706703125 0.73209375 0.06732101562500001 0.7109062500000001 0.0618706703125
1 0.666578125 0.7126097 0.650859375 0.76046189375 0.650859375 0.7905542718749999 0.655484375 0.8110623562500001 0.655484375 0.8260969984375001 0.662890625 0.84524249375 0.672140625 0.8575519625 0.68415625 0.8712240187500001 0.692484375 0.8848960734375 0.7072812500000001 0.8889838343750001 0.699890625 0.876697459375 0.7054375 0.86986143125 0.7100625 0.8548036953124999 0.736890625 0.8821478062500001 0.758171875 0.8862586609375 0.76371875 0.8862586609375 0.7655624999999999 0.8739491921875 0.764640625 0.8643879906249999 0.7563125 0.8424942265625001 0.750765625 0.8260969984375001 0.7479843749999999 0.816535796875 0.7479843749999999 0.7809699765625 0.7479843749999999 0.7700461890625 0.736890625 0.7645727484375 0.730421875 0.74953810625 0.73134375 0.74953810625 0.738734375 0.7221709 0.730421875 0.6907390296875 0.704515625 0.6879907625 0.666578125 0.7126097
1 0.4984375 0.42517321093750005 0.501046875 0.42000000000000004 0.50846875 0.4141801390625 0.50890625 0.3948267890625 0.503234375 0.3748267890625 0.491890625 0.3264203234375 0.486640625 0.325773671875 0.486640625 0.35030023125 0.49362500000000004 0.39676674375 0.4931875 0.4006466515625 0.4958125 0.4141801390625 0.4984375 0.42517321093750005
1 0.498359375 0.4395612015625 0.497328125 0.45861431875 0.5009375 0.49062355625 0.5081562500000001 0.5386374140625 0.515890625 0.5378752890625 0.5195000000000001 0.52339491875 0.5195000000000001 0.49443417968750003 0.516921875 0.45404157031250003 0.5133125 0.4555658203125 0.507640625 0.443371825 0.498359375 0.4395612015625
1 0.539234375 0.6398614312500001 0.54084375 0.6374826796875 0.5452656250000001 0.6238106234374999 0.5464687500000001 0.5994688218750001 0.5460625 0.5792840640625 0.54125 0.561478059375 0.531609375 0.5608775984375 0.53 0.5691916859374999 0.53240625 0.6095612015625 0.531203125 0.621454965625 0.5348124999999999 0.6362817546875 0.539234375 0.6398614312500001
1 0.7243125 0.44900692812500004 0.705796875 0.44489607343750004 0.685453125 0.4654041578125 0.668796875 0.47498845312500004 0.6530781250000001 0.5023325640625 0.6428906249999999 0.522840646875 0.627375 0.5693302546875 0.637640625 0.6185450343750001 0.6569843750000001 0.6346651265625 0.66971875 0.680092378125 0.6882343750000001 0.6923787531250001 0.717828125 0.693764434375 0.7307812499999999 0.691016165625 0.7307812499999999 0.6568360281250001 0.736328125 0.6418013859375 0.746515625 0.6294919171875 0.7594531250000001 0.5912009234375 0.76315625 0.5433487296874999 0.762234375 0.49138568125 0.757609375 0.4790762125 0.745578125 0.4763510390625 0.732625 0.47362586562500003 0.731703125 0.468152425 0.7243125 0.44900692812500004
1 0.36209375 0.410069284375 0.3676875 0.44900692812500004 0.373859375 0.420831409375 0.385625 0.41919168593749995 0.39459374999999997 0.41420323281250004 0.399078125 0.40759815312500003 0.4175625 0.334711315625 0.41028125 0.2941108546875 0.40018750000000003 0.289145496875 0.372171875 0.29247113125 0.353125 0.3264203234375 0.34976562499999997 0.3769515015625 0.36209375 0.410069284375
1 0.368328125 0.4863510390625 0.37784375 0.526697459375 0.387359375 0.5248267890625 0.38990625 0.517321015625 0.40768750000000004 0.5379676671875 0.40831249999999997 0.5332794453124999 0.41784375 0.535150115625 0.42164062500000005 0.5426558890625001 0.422921875 0.535150115625 0.424828125 0.53138568125 0.43751562499999996 0.4948036953125 0.45846875000000004 0.441316396875 0.4565625 0.41974595781249996 0.45275 0.4103464203125 0.44132812499999996 0.41785219375000004 0.42164062500000005 0.4000230953125 0.41846875 0.3972286375 0.41085937499999997 0.402840646875 0.40514062500000003 0.40660508125000006 0.3759375 0.42348729843750005 0.370859375 0.44508083125000003 0.367046875 0.4554041578125 0.368328125 0.4863510390625
1 0.6655625 0.2166512703125 0.6543125 0.22448036875000002 0.63975 0.2821939953125 0.63446875 0.320323325 0.6477031249999999 0.36533487343750004 0.656296875 0.3887990765625 0.6880625 0.438683603125 0.711890625 0.45041570468750003 0.7330625000000001 0.466073903125 0.752921875 0.47096997656250006 0.760859375 0.4641108546875 0.7714531250000001 0.4778060046875 0.77675 0.4641108546875 0.7946093750000001 0.482702078125 0.804546875 0.472933025 0.8151249999999999 0.47586605156250006 0.82175 0.47976905312499996 0.8303437499999999 0.476836028125 0.842921875 0.4787990765625 0.8554999999999999 0.46117782968750004 0.86675 0.417159353125 0.8813124999999999 0.40152425 0.8859375 0.3839030015625 0.882625 0.314457275 0.8713749999999999 0.2919630484375 0.8634375000000001 0.2948960734375 0.8475625000000001 0.2860969984375 0.821078125 0.277297921875 0.81778125 0.277297921875 0.8018906250000001 0.269468821875 0.797265625 0.2782678984375 0.786015625 0.272401846875 0.778734375 0.26750577343750004 0.7655000000000001 0.27630485 0.758875 0.2841339484375 0.75159375 0.2792609703125 0.738359375 0.2743648953125 0.7330625000000001 0.273371825 0.711890625 0.2381755203125 0.699984375 0.21861431874999998 0.6854218750000001 0.2166512703125 0.6655625 0.2166512703125
1 0.8600468749999999 0.630531178125 0.86996875 0.65986143125 0.86996875 0.6872517328125001 0.8772500000000001 0.69214780625 0.883875 0.688244803125 0.8911562500000001 0.66769053125 0.890484375 0.6187990765625 0.866671875 0.56891455 0.8468125000000001 0.5483602765625 0.8289375 0.5424942265625 0.81703125 0.551293303125 0.79784375 0.575750578125 0.791890625 0.5904157046875 0.791890625 0.6011778296875 0.791890625 0.6080369515624999 0.797171875 0.5972748265625001 0.8071093749999999 0.592378753125 0.826296875 0.5943418015625 0.85078125 0.61290993125 0.8600468749999999 0.630531178125
1 0.439390625 0.5647344109375 0.434359375 0.5509237875 0.42932812499999995 0.5477367203125 0.41925 0.5572979218749999 0.41996874999999995 0.568983834375 0.425015625 0.5774826796875 0.430765625 0.5806697453125 0.436515625 0.5774826796875 0.44370312500000003 0.591316396875 0.41637500000000005 0.585981525 0.39984375 0.591316396875 0.39192187500000003 0.5955658203125 0.389765625 0.6083140874999999 0.393359375 0.6231870671874999 0.399125 0.628521940625 0.40199999999999997 0.6221247109375 0.40415625000000005 0.613625865625 0.4135 0.613625865625 0.41278125 0.6338337187499999 0.41565624999999995 0.6402078515625 0.41421875 0.66891455 0.40990624999999997 0.6890993078125 0.41134375 0.7167436484375 0.42214062500000005 0.7390531171875 0.44154687499999995 0.7390531171875 0.4501875 0.73692840625 0.46671874999999996 0.7518244796875 0.476078125 0.7316166281250001 0.473921875 0.7167436484375 0.486140625 0.7146189374999999 0.49260937499999996 0.7018475750000001 0.50484375 0.6774133953125 0.51059375 0.6986605078125 0.51634375 0.6912240187500001 0.5170625 0.67847575 0.5141875 0.6529561203124999 0.50771875 0.627459584375 0.5041249999999999 0.6178752890625 0.50053125 0.6104387984375 0.49260937499999996 0.6040646656249999 0.48470312499999996 0.601939953125 0.47320312500000006 0.6008775984375 0.46743750000000006 0.6104387984375 0.46671874999999996 0.6104387984375 0.46528125 0.5955658203125 0.45809375 0.585981525 0.4501875 0.579607390625 0.439390625 0.5647344109375
1 0.43315625 0.231454965625 0.435328125 0.22023094687500003 0.4375 0.207921478125 0.44039062500000004 0.1972286375 0.442921875 0.1827944578125 0.44509375 0.1699538109375 0.44328124999999996 0.1694226328125 0.42446875000000006 0.187598153125 0.4205 0.22290993124999997 0.427734375 0.2458891453125 0.4324375 0.2458891453125 0.432796875 0.2394919171875 0.43315625 0.231454965625
1 0.3631009609375 0.24125066562500003 0.35625 0.2471131640625 0.3578125 0.26558891406249996 0.3625 0.279445728125 0.371875 0.293302540625 0.39375 0.290993071875 0.3922619046875 0.3019905421875 0.4102678578125 0.339821840625 0.415625 0.34411085468749997 0.409375 0.3672055421875 0.415625 0.39030023125 0.4265625 0.40646651250000004 0.4390625 0.41801385625 0.453125 0.41339491875 0.45625 0.420323325 0.45078125 0.4249422625 0.4552827375 0.4344000875 0.4578125 0.4341801390625 0.4578125 0.44341801406250003 0.4234375 0.5357967671874999 0.425 0.5519630484375 0.434375 0.5519630484375 0.4390625 0.5658198609375 0.459375 0.5889145499999999 0.471875 0.5889145499999999 0.4828125 0.58198614375 0.4875 0.6027713625 0.49375 0.60508083125 0.503125 0.616628175 0.5109375 0.6420323328124999 0.515625 0.6466512703125 0.55 0.6489607390625001 0.56875 0.6351039265625 0.5796875 0.61431870625 0.5828125 0.57736720625 0.578125 0.5542725171875 0.5609375 0.524249421875 0.5609375 0.498845265625 0.5578125 0.475750578125 0.5484375 0.45034642031249994 0.5578125 0.4411085453125 0.56875 0.420323325 0.571875 0.401847575 0.5708059203125 0.3701227671875 0.6631030703125 0.435436165625 0.7625 0.517321015625 0.7625 0.5519630484375 0.7578125 0.598152425 0.746875 0.6304849890625001 0.75625 0.6581986140625 0.7609375 0.711316396875 0.76875 0.7344110859375 0.7828125 0.7528868359375 0.7953125 0.7621247109375 0.80625 0.7644341796874999 0.821875 0.7829099312500001 0.8515625 0.7829099312500001 0.86875 0.7644341796874999 0.875 0.7459584296874999 0.8765625 0.692840646875 0.8703125 0.6882217093749999 0.86875 0.6581986140625 0.859375 0.6304849890625001 0.8484375 0.6120092374999999 0.828125 0.59584295625 0.80625 0.5935334875 0.796875 0.598152425 0.79375 0.58660508125 0.7953125 0.58198614375 0.8140625 0.5565819859375 0.8125 0.5357967671874999 0.8015625 0.5150115468750001 0.7859375 0.503464203125 0.7625 0.505773671875 0.5703125 0.3672055421875 0.563706140625 0.3650986578125 0.56875 0.3556581984375 0.559375 0.28637413437500003 0.54375 0.2286374140625 0.5265625 0.2101616625 0.5078125 0.20785219375000002 0.496875 0.18937644375 0.4859375 0.18013856875 0.4546875 0.18013856875 0.4375 0.1662817546875 0.41875 0.1662817546875 0.409375 0.17090069218749998 0.4 0.1824480375 0.3796875 0.18475750625 0.3625 0.205542725 0.3578125 0.21939953750000002 0.35625 0.2263279453125 0.36491228124999997 0.224423646875 0.3720120609375 0.22944775312500001 0.3631009609375 0.24125066562500003