3 0.275828125 0.620843090625 0.25634375 0.6417330203125 0.24718749999999998 0.6697658078125001 0.246390625 0.7329742390625 0.25475 0.759812646875 0.26110937500000003 0.7562295078125 0.27425 0.7449180328125 0.28896875 0.7371428578125 0.3100625 0.735971896875 0.31842187499999997 0.7407259953125 0.334328125 0.74608899375 0.343890625 0.7389461359375 0.34945312500000003 0.7204449656249999 0.35343749999999996 0.695995315625 0.35343749999999996 0.672740046875 0.346671875 0.6405386421875 0.32359375 0.61548009375 0.322796875 0.617259953125 0.300515625 0.6101170953125 0.275828125 0.620843090625
3 0.38482812499999997 0.711779859375 0.40854687500000003 0.7169789234375 0.43112500000000004 0.7100468390625 0.444421875 0.6987822015625 0.45715625 0.67189695625 0.462359375 0.6484777515625 0.46120312500000005 0.6189929750000001 0.454265625 0.592107728125 0.4426875 0.5747540984375 0.427640625 0.56002341875 0.411453125 0.5582903984375001 0.392359375 0.561756440625 0.3726875 0.5678220140625 0.359953125 0.5790866515624999 0.353015625 0.5981733015625 0.34953124999999996 0.628524590625 0.355328125 0.6736299765625 0.35821875 0.6857611234375 0.366890625 0.700515221875 0.38482812499999997 0.711779859375
3 0.54940625 0.5906557375 0.563828125 0.5897189703125 0.577640625 0.5812646375 0.598328125 0.5831381734375001 0.61590625 0.586908665625 0.620921875 0.5831381734375001 0.63471875 0.5596487125 0.640984375 0.5342622953125 0.63346875 0.5069789234375001 0.620921875 0.47501170937500004 0.60021875 0.454332553125 0.577 0.442107728125 0.546890625 0.44775175625 0.526828125 0.4627868859375 0.51740625 0.49852459062500004 0.519921875 0.5229742390625 0.5255625 0.541779859375 0.5368593749999999 0.5718501171875 0.54940625 0.5906557375
3 0.4720625 0.6344262296875 0.50196875 0.6202810296875 0.527140625 0.639156909375 0.535015625 0.6202810296875 0.53815625 0.57548009375 0.5177031249999999 0.525948478125 0.508265625 0.5094379390625 0.50196875 0.5070726 0.46576562499999996 0.4976346609375 0.44059375 0.5141451984375001 0.42171875 0.5495316156250001 0.420140625 0.5495316156250001 0.45475000000000004 0.5825526937500001 0.4720625 0.6344262296875
3 0.729625 0.42168618281250003 0.7244531249999999 0.43875878281249997 0.72340625 0.462060890625 0.722375 0.4868852453125 0.7202968750000001 0.5086182671875 0.7327343749999999 0.5288056203125 0.734796875 0.519484778125 0.742046875 0.5132786890625 0.7482656249999999 0.5086182671875 0.7658750000000001 0.5055269328125 0.783484375 0.5163934421875 0.794875 0.517939109375 0.797984375 0.5163934421875 0.8042031250000001 0.5039578453125 0.81040625 0.48533957812499995 0.813515625 0.46669789218749996 0.8145468749999999 0.44653395781249994 0.8114531250000001 0.43255269375000005 0.80834375 0.420140515625 0.802125 0.410819671875 0.799015625 0.40615924999999997 0.790734375 0.393747071875 0.776234375 0.3844262296875 0.761734375 0.3844262296875 0.749296875 0.39220140468750003 0.738953125 0.40461358281250004 0.727546875 0.420140515625 0.74515625 0.4014988296875 0.7368750000000001 0.410819671875 0.729625 0.42168618281250003
3 0.8319218749999999 0.476299765625 0.8487031249999999 0.4825761125 0.8755625 0.463723653125 0.883953125 0.412131146875 0.8747187500000001 0.38447306718749996 0.8512187499999999 0.35929742343750004 0.8302343750000001 0.35805620625 0.8050625 0.3731381734375 0.7933125000000001 0.402084309375 0.80003125 0.400819671875 0.8109375 0.425971896875 0.8319218749999999 0.476299765625
3 0.191515625 0.7458782203125 0.17425 0.748243559375 0.149140625 0.7529508203125 0.14128125 0.795292740625 0.12559375 0.8188290390624999 0.120875 0.8494145203125001 0.120875 0.8847072593749999 0.128734375 0.9058782203125 0.199375 0.9270491796875 0.21193749999999997 0.8611709609375 0.25275 0.8400000000000001 0.25903125 0.844707259375 0.2543125 0.795292740625 0.23234375 0.7576580796875 0.208796875 0.7388290390625001 0.191515625 0.7458782203125
3 0.48821875 0.7526697890625 0.5055 0.74325526875 0.508625 0.7267915687500001 0.508625 0.722084309375 0.5368906250000001 0.6797189703125001 0.55259375 0.6726697890625 0.5761406250000001 0.658548009375 0.590265625 0.6562060890625 0.609109375 0.6491334890625 0.61225 0.63030445 0.629515625 0.618548009375 0.64834375 0.59030445 0.656203125 0.5762060890625 0.664046875 0.5691334890624999 0.6985781249999999 0.5644262296875 0.7064375 0.5526697890625 0.71428125 0.5362060890625 0.708 0.5314988296875 0.6703281249999999 0.5291334890625 0.662484375 0.5291334890625 0.657765625 0.538548009375 0.64834375 0.555011709375 0.643640625 0.5644262296875 0.635796875 0.5785480093750001 0.6279375 0.5973770484375 0.624796875 0.6044262296875 0.604390625 0.595011709375 0.598109375 0.59030445 0.590265625 0.5855971890625 0.58084375 0.5855971890625 0.563578125 0.5926697890625 0.555734375 0.5926697890625 0.549453125 0.6067915687500001 0.544734375 0.6209133484375 0.54003125 0.6373770484375 0.538453125 0.65384075 0.5353125000000001 0.6491334890625 0.52590625 0.642084309375 0.48507812499999997 0.63030445 0.480375 0.63030445 0.46467187499999996 0.65384075 0.45996875 0.658548009375 0.45525000000000004 0.6726697890625 0.452125 0.6962060890624999 0.44898437500000005 0.7291334890625001 0.458390625 0.7362060890625 0.46781249999999996 0.7479625296875 0.48821875 0.7526697890625
3 1 0.3215222484375 0.9990625 0.28259953125 0.990171875 0.28259953125 0.9683125 0.279531615625 0.9478125000000001 0.302060890625 0.936875 0.31435597187500003 0.928671875 0.344051521875 0.929359375 0.37988290468749997 0.9402968749999999 0.407540984375 0.959421875 0.41573770468750004 0.9751406250000001 0.41573770468750004 0.991546875 0.4096018734375 0.998375 0.407540984375 1 0.373747071875 1 0.3215222484375
0 0.370328125 0.48538641718750003 0.358328125 0.4629274 0.33284375 0.4674238875 0.307359375 0.47864168593749995 0.295359375 0.5191100703125 0.299859375 0.5460655734375 0.308859375 0.5550585484375 0.32684375 0.561803278125 0.353828125 0.5820140515625 0.376328125 0.5685480093749999 0.379328125 0.5236065578125 0.370328125 0.48538641718750003
0 0.8373906249999999 0.772412178125 0.8109999999999999 0.7833255265625 0.800078125 0.8106089000000001 0.79553125 0.8269789234375 0.7755 0.807868853125 0.7427343750000001 0.79969555 0.707234375 0.796955503125 0.6771874999999999 0.82969555 0.6599062499999999 0.891100703125 0.6608125 0.8992740046875 0.6426093749999999 0.8870023421875001 0.616203125 0.867892271875 0.601640625 0.8665339578125 0.585265625 0.8665339578125 0.5525 0.8665339578125 0.535203125 0.87744730625 0.50971875 0.903372365625 0.49059375000000005 0.951124121875 0.477859375 0.968852459375 0.45509374999999996 0.95384075 0.42142187499999995 0.9497658078125 0.385015625 0.9920608906249999 0.39684375 1 0.49696875 0.9975175640625 0.620765625 1 0.743640625 0.998875878125 0.88928125 0.993419203125 0.993953125 0.9975175640625 1 1 0.9984999999999999 0.6482669796875 0.9984999999999999 0.5936768156250001 0.97028125 0.6455269328125001 0.9311406249999999 0.623700234375 0.8774374999999999 0.641428571875 0.8801718749999999 0.6496252921875 0.851953125 0.6782669796875 0.849234375 0.7287587828125 0.85559375 0.7737704921875 0.8373906249999999 0.772412178125
0 0.38496874999999997 0.4142622953125 0.375546875 0.39103044531250003 0.376109375 0.3744262296875 0.383296875 0.355316159375 0.38440625 0.34454332499999996 0.379421875 0.339555034375 0.369453125 0.333747071875 0.35617187499999997 0.333747071875 0.339546875 0.333747071875 0.32237499999999997 0.3503512875 0.313515625 0.365292740625 0.31240625 0.39517564374999997 0.3151875 0.4134426234375 0.32404687499999996 0.4316861828125 0.325703125 0.4300468390625 0.34065625 0.41840749375 0.34896875 0.4134426234375 0.3744375 0.4134426234375 0.38496874999999997 0.4142622953125
0 0.7105 0.33355971875 0.714890625 0.3255035125 0.716359375 0.31309133437500003 0.714890625 0.30796252968750004 0.714890625 0.29480093749999997 0.713421875 0.2831147546875 0.7075781250000001 0.26189695625 0.6978125000000001 0.24583138125 0.68903125 0.23925058593749998 0.675859375 0.2370491796875 0.6631875 0.2341217796875 0.6513125 0.243676815625 0.642953125 0.2573302109375 0.631546875 0.2721545671875 0.62965625 0.31030445 0.637625 0.3302576109375 0.6478906249999999 0.3388056203125 0.6543593750000001 0.3410772828125 0.66709375 0.34014051562500003 0.678796875 0.34597189687499996 0.7105 0.33355971875
0 0.8233124999999999 0.3502576109375 0.8354687500000001 0.3303747078125 0.8332499999999999 0.3071896953125 0.8233124999999999 0.29063231875 0.799 0.2690866515625 0.78075 0.25997658125 0.7603125000000001 0.260819671875 0.7409687500000001 0.2989227171875 0.7409687500000001 0.3303747078125 0.747046875 0.3444730671875 0.764734375 0.35440281093750003 0.785171875 0.365995315625 0.8233124999999999 0.3502576109375
0 0.21290625 0.6202341921875 0.19940625 0.5955035125 0.178421875 0.5797658078125 0.154421875 0.5707962531249999 0.13193749999999999 0.5707962531249999 0.106453125 0.6247306796875 0.10345312499999999 0.6471896953125 0.115453125 0.6898829046875 0.12893749999999998 0.698875878125 0.164921875 0.705620609375 0.20540625 0.6876346609375 0.21290625 0.6786416859375 0.21590625000000002 0.6471896953125 0.21290625 0.6202341921875
0 0.321 0.348875878125 0.30012500000000003 0.3244262296875 0.27140624999999996 0.322459015625 0.25573437499999996 0.3381264640625 0.25378124999999996 0.35278688593749996 0.24203125 0.3674707265625 0.28250000000000003 0.39290398125000003 0.31251562499999996 0.391920375 0.313828125 0.3606089 0.321 0.348875878125
0 0.170703125 0.4967213109375 0.16653125 0.480772834375 0.1688125 0.4505854796875 0.1786875 0.4255035125 0.1783125 0.42323184999999997 0.163109375 0.41526932031249997 0.13459375 0.41810304374999996 0.115984375 0.44318501093749996 0.11179687499999999 0.47051522187500006 0.11750000000000001 0.480772834375 0.130421875 0.492740046875 0.170703125 0.4967213109375
0 0.44129687500000003 0.513348946875 0.47421875 0.488688525 0.43531250000000005 0.47297423906249997 0.41735937500000003 0.47971897031250005 0.40689062500000006 0.49988290468749996 0.3889375 0.513348946875 0.384453125 0.5424824359375 0.3889375 0.5649180328125001 0.41137499999999994 0.555948478125 0.41587500000000005 0.555948478125 0.42334375 0.5469789234375 0.44129687500000003 0.513348946875
0 0.47821875 0.3064637 0.48539062499999996 0.30482435625000004 0.49037499999999995 0.2791334890625 0.48098437499999996 0.2625761125 0.466609375 0.250140515625 0.443953125 0.255948478125 0.434 0.2650585484375 0.422953125 0.29320843124999996 0.4306875 0.3164168625 0.44671874999999994 0.31060889999999997 0.47821875 0.3064637
0 0.51465625 0.34189695625 0.5180625 0.352131146875 0.5229375 0.3499297421875 0.53075 0.3426229515625 0.542453125 0.33679156875 0.55415625 0.3302107734375 0.564890625 0.32362997656250003 0.565875 0.3068149890625 0.565875 0.28925058593749997 0.563421875 0.27608899375 0.5580625 0.25709601875 0.553671875 0.2490398125 0.550265625 0.24028102968749998 0.5448906250000001 0.23297423906249998 0.53415625 0.23004683906249998 0.516109375 0.23735362968749998 0.5005 0.24100702499999999 0.49660937499999996 0.25709601875 0.48928125 0.27608899375 0.490265625 0.3060655734375 0.500015625 0.3207025765625 0.508796875 0.33093676875 0.51465625 0.34189695625
0 0.48726562500000004 0.3029976578125 0.45728125000000003 0.32098360625 0.437796875 0.354683840625 0.431796875 0.38163934374999997 0.439296875 0.41536299843749996 0.500765625 0.4288290390625 0.515765625 0.361428571875 0.505265625 0.3456908671875 0.48726562500000004 0.3029976578125
3 0.2844375 0.8247775171875 0.297671875 0.7910538640625 0.32810937500000004 0.7652693203125 0.33606250000000004 0.7493911 0.33340625 0.7474238875 0.32546875000000003 0.741451990625 0.304296875 0.7335363 0.28046875 0.7434426234375 0.260625 0.7632786890625 0.25003125000000004 0.77517564375 0.2526875 0.7791569093749999 0.265921875 0.8346838406250001 0.29900000000000004 0.8485714281250001 0.2910625 0.84063231875 0.2844375 0.8247775171875
3 0.7045 0.529812646875 0.715359375 0.5489461359375001 0.722375 0.527892271875 0.72365625 0.49437939062499997 0.71790625 0.46758782187500003 0.7019375 0.45320843125000004 0.6815 0.45416861875 0.6565937500000001 0.4733255265625 0.63934375 0.5087353625000001 0.6412656250000001 0.528852459375 0.647015625 0.523091334375 0.676390625 0.5173536296875 0.7045 0.529812646875
0 0.26646875 0.5377985953125 0.285203125 0.5201170953124999 0.29700000000000004 0.50451990625 0.310890625 0.4660187359375 0.3101875 0.46081967187500006 0.294234375 0.4202341921875 0.25675 0.4202341921875 0.24009375 0.4368852453125 0.224125 0.46810304374999995 0.22690625 0.506580796875 0.226203125 0.506580796875 0.238 0.5284309140625 0.26646875 0.5377985953125
0 0.5046875 1 0.7878605765625 0.8334234078125 0.790625 0.824355971875 0.7953125 0.8290398124999999 0.8008482140625001 0.806825025 0.8109375 0.784543325 0.8375 0.7728337234375 0.8546875 0.77517564375 0.85 0.7353629984375 0.853125 0.679156909375 0.878125 0.653395784375 0.8796875 0.6416861828125 0.9328125 0.6252927406250001 0.9703125 0.6463700234374999 0.9984375 0.5948477750000001 0.9984375 0.44730679218749997 0.9859375 0.43793910937499997 0.98125 0.43793910937499997 0.971875 0.41920374687499995 0.9640625 0.41920374687499995 0.9484375 0.40749414531249994 0.9265625 0.40749414531249994 0.9265625 0.3840749421875 0.93125 0.374707259375 0.93125 0.3395784546875 0.934375 0.32318501093749996 0.940625 0.31850117031249997 0.9484375 0.2997658078125 0.959375 0.292740046875 0.9671875 0.292740046875 0.975 0.283372365625 0.9875 0.283372365625 0.9921875 0.27400468437500003 0.9921875 0.2599531609375 0.9984375 0.2552693203125 0.9984375 0.22014051562499998 0.9921875 0.203747071875 0.984375 0.18969555 0.98125 0.18969555 0.9703125 0.1686182671875 0.9625 0.16627634687499998 0.9453125 0.16627634687499998 0.9421875 0.1709601875 0.9328125 0.1709601875 0.925 0.175644028125 0.909375 0.1967213109375 0.903125 0.2271662765625 0.878125 0.22482435625 0.865625 0.2341920375 0.8578125 0.2459016390625 0.846875 0.1920374703125 0.8359375 0.1733021078125 0.8234375 0.16393442656249999 0.8015625 0.16393442656249999 0.79375 0.1686182671875 0.7796875 0.1873536296875 0.7703125 0.21779859531249998 0.759375 0.21779859531249998 0.75 0.2271662765625 0.746875 0.2271662765625 0.734375 0.203747071875 0.721875 0.194379390625 0.7 0.194379390625 0.6875 0.203747071875 0.675 0.22482435625 0.653125 0.22482435625 0.65 0.210772834375 0.640625 0.194379390625 0.63125 0.1873536296875 0.60625 0.1873536296875 0.596875 0.194379390625 0.5890625 0.20608899374999998 0.5796875 0.2365339578125 0.559375 0.2365339578125 0.5515625 0.2412177984375 0.5390625 0.22014051562499998 0.5265625 0.210772834375 0.5046875 0.210772834375 0.4921875 0.22014051562499998 0.4796875 0.24355971875 0.4671875 0.210772834375 0.459375 0.19906323125 0.446875 0.18969555 0.4203125 0.1920374703125 0.4125 0.19906323125 0.4015625 0.21779859531249998 0.384375 0.2014051515625 0.3625 0.2014051515625 0.35 0.210772834375 0.3390625 0.2271662765625 0.3046875 0.2271662765625 0.2953125 0.2341920375 0.2875 0.2459016390625 0.259375 0.24355971875 0.2546875 0.238875878125 0.23125 0.2412177984375 0.21875 0.257611240625 0.2109375 0.2903981265625 0.1890625 0.2903981265625 0.18125 0.2950819671875 0.1671875 0.3138173296875 0.1609375 0.3348946140625 0.1453125 0.32318501093749996 0.11875 0.3255269328125 0.1046875 0.31147540937499996 0.08125 0.3138173296875 0.06875 0.3302107734375 0.0609375 0.3676814984375 0.0484375 0.3934426234375 0.0390625 0.3864168625 0.028125 0.3864168625 0.021875 0.3817330203125 0.003125 0.3817330203125 0.0015625 0.39578454375 0.006987846875 0.3949063234375 0.050390625 0.4628220140625 0.0491071421875 0.47975911718750003 0.0015625 0.4847775171875 0.0015625 0.545667446875 0.003125 0.5573770484375 0.0078125 0.5644028109375 0.00625 0.5714285718750001 0.003125 0.5714285718750001 0.0015625 0.5878220140625 0.0015625 0.5948477750000001 0.0046875 0.599531615625 0.0015625 0.662763465625 0.00625 0.6697892265625 0.00625 0.679156909375 0.0109375 0.69320843125 0.0109375 0.707259953125 0.015625 0.7236533953125 0.0296875 0.742388759375 0.034375 0.75644028125 0.0390625 0.7915690859375 0.0453125 0.8126463703125 0.0625 0.833723653125 0.0890625 0.8360655734375 0.1015625 0.8266978921874999 0.109375 0.8149882906249999 0.1234375 0.8056206093749999 0.140625 0.784543325 0.153125 0.784543325 0.1671875 0.7728337234375 0.1953125 0.7587822015625 0.228125 0.75644028125 0.2375 0.7494145203125 0.240277778125 0.7599531609375 0.289105903125 0.8363583140624999 0.2890625 0.8407494140624999 0.2390625 0.843091334375 0.225 0.8524590156249999 0.209375 0.8735362999999999 0.2046875 0.887587821875 0.203125 0.9250585484375 0.209375 0.94613583125 0.2359375 0.985948478125 0.2578125 1 0.5046875 1