1 0.5553125 0.2426886796875 0.58359375 0.2202358484375 0.5865781250000001 0.2 0.57465625 0.16405660312499998 0.5567968750000001 0.148325471875 0.527015625 0.16405660312499998 0.50915625 0.188773584375 0.486828125 0.238207546875 0.4719375 0.26516509374999997 0.454078125 0.3191037734375 0.4213125 0.3393160375 0.379640625 0.3595518875 0.36475 0.4202358484375 0.358796875 0.5168632078125001 0.38409375 0.5932547171875 0.43770312499999997 0.710117925 0.5329843750000001 0.7910141515625 0.549359375 0.7932547171875 0.570203125 0.7954952828125 0.61784375 0.788773584375 0.622296875 0.7820283015625 0.62975 0.7415801890625 0.61634375 0.7168632078125 0.5806250000000001 0.68540094375 0.5448906250000001 0.6584198109375 0.44514062499999996 0.5033726421875 0.46449999999999997 0.3573113203125 0.51809375 0.23370282968749997 0.52553125 0.238207546875 0.547859375 0.2449528296875 0.5553125 0.2426886796875
1 0.17715625 0.16179245312499999 0.10718749999999999 0.235943396875 0.08932812500000001 0.3595518875 0.10421875 0.48313679218749994 0.1578125 0.6202358484375 0.21587499999999998 0.6449528296875 0.238203125 0.651674528125 0.29031250000000003 0.662924528125 0.348375 0.72584905625 0.39451562500000004 0.7348349062499999 0.42578125 0.7438207546875 0.431734375 0.698867925 0.4064375 0.6494339625000001 0.38559375 0.613490565625 0.370703125 0.5595518875 0.358796875 0.44719339687500004 0.35284375 0.3954952828125 0.358796875 0.3415801890625 0.378140625 0.2966273578125 0.407921875 0.2674056609375 0.436203125 0.2449528296875 0.449609375 0.2157311328125 0.424296875 0.188773584375 0.33496875 0.177523584375 0.27690625 0.13483490625 0.22778125 0.1303301890625 0.17715625 0.16179245312499999
1 0.51659375 0.0561792453125 0.489796875 0.042688679687499995 0.436203125 0.112358490625 0.4213125 0.1797641515625 0.44067187499999994 0.1954952828125 0.448125 0.213490565625 0.419828125 0.2674056609375 0.449609375 0.26068396250000003 0.49725 0.202240565625 0.527015625 0.15504717031249998 0.5642343750000001 0.1438207546875 0.5880625 0.16179245312499999 0.589546875 0.188773584375 0.5806250000000001 0.251674528125 0.582109375 0.31459905625 0.5865781250000001 0.3303301890625 0.61784375 0.4202358484375 0.6714375 0.51459905625 0.70865625 0.5370754718749999 0.714609375 0.5303301890625 0.777140625 0.5483254718749999 0.792015625 0.52584905625 0.7756406250000001 0.47191037812500003 0.8173281250000001 0.47415094375000005 0.8605 0.4786556609375 0.859015625 0.41797169843750004 0.82775 0.3820283015625 0.733953125 0.2808962265625 0.67440625 0.16853773593750002 0.646125 0.09662735781250001 0.6550625 0.0314622640625 0.6386875 0.0045047171875 0.55978125 0.035943396875 0.547859375 0.0449528296875 0.51659375 0.0561792453125
1 0.466421875 0.5290330187500001 0.598625 0.715141509375 0.675875 0.715141509375 0.717453125 0.7218632078125 0.724890625 0.6770283015625 0.558515625 0.5850943390625 0.5109843749999999 0.44608490625 0.52584375 0.28240566093749997 0.47534375000000006 0.35415094375 0.4515625 0.49540094375 0.466421875 0.5290330187500001
1 0.183125 0.9439622640625001 0.20992187499999998 0.9866745281249999 0.412390625 0.9776886796875001 0.602953125 0.9866745281249999 0.65059375 0.961957546875 0.672921875 0.921509434375 0.598484375 0.78891509375 0.47045312499999997 0.7304952828125 0.42728124999999995 0.6945283015625 0.413875 0.7529481125 0.32604687499999996 0.7147641515625 0.266484375 0.6563207546875 0.147390625 0.6675707546874999 0.1325 0.7327358484375 0.15035937500000002 0.8046462265625 0.183125 0.8630660375 0.183125 0.9439622640625001
1 0.1995 0.986509434375 0.175671875 0.9505660375 0.129515625 0.8831367921875 0.113140625 0.822476415625 0.10718749999999999 0.7662971703125 0.081875 0.737075471875 0.058062499999999996 0.737075471875 0.02828125 0.7415801890625 0 0.7752830187499999 0.001484375 0.9842688671875001 0.10271875 0.986509434375 0.1995 0.986509434375
1 0.019359375 0.748325471875 0.016375 0.7438207546875 0.047640625 0.737075471875 0.056578125 0.737075471875 0.058062499999999996 0.737075471875 0.11165624999999998 0.748325471875 0.11909375 0.712358490625 0.08932812500000001 0.6022405656250001 0.11612499999999999 0.5820283015625 0.12803124999999999 0.57528301875 0.133984375 0.5483254718749999 0.10271875 0.498867925 0.10718749999999999 0.5101179250000001 0.022328124999999997 0.501132075 0.001484375 0.4786556609375 0 0.7662971703125 0.019359375 0.748325471875
1 0.8161875000000001 0.2263443390625 0.8311093749999999 0.2556367921875 0.874375 0.190306603125 0.8728906249999999 0.122759434375 0.91615625 0.059693396875000006 0.984796875 0.0056367921875 0.8728906249999999 0.001132075 0.80575 0.13625 0.8161875000000001 0.2263443390625
1 0.7503437500000001 0.2994339625 0.7518281250000001 0.076957546875 0.744375 0.0342688671875 0.6595156249999999 0.101674528125 0.647609375 0.12191037812500001 0.702703125 0.26122641562500004 0.7503437500000001 0.2994339625
1 0.684875 0.948042453125 0.714125 0.9792216984375001 0.9825625 0.9870047171874999 0.934390625 0.9168867921875 0.865546875 0.867523584375 0.808765625 0.7454481125 0.803609375 0.6701415093749999 0.803609375 0.6285613203125 0.77090625 0.66233490625 0.753703125 0.685707546875 0.6642187500000001 0.758443396875 0.6590625 0.8649292453124999 0.684875 0.948042453125
1 0.575640625 0.5235141515625 0.72496875 0.6536792453125 0.754421875 0.685424528125 0.859578125 0.5806603781249999 0.859578125 0.5362028296875 0.6934218750000001 0.5425471703125 0.62821875 0.43778301875 0.5861562499999999 0.3203301890625 0.575640625 0.2314386796875 0.554609375 0.260023584375 0.542 0.329858490625 0.575640625 0.5235141515625
1 0.9982031250000001 1 0.9982031250000001 0.8936556609374999 1 0.66415094375 0.9899531250000001 0.6370283015625 0.98246875 0.607617925 0.968984375 0.560141509375 0.95625 0.5047405656249999 0.942765625 0.480990565625 0.9270468749999999 0.473089621875 0.9090624999999999 0.480990565625 0.9038281250000001 0.48551886718750004 0.8903437500000001 0.5216981125 0.8903437500000001 0.5183018875000001 0.8723593749999999 0.502476415625 0.8618750000000001 0.49908018906249996 0.84315625 0.5070047171875001 0.8304218750000001 0.5262264156249999 0.8356562500000001 0.5307547171875 0.846140625 0.5296226421875 0.8641249999999999 0.5499528296875 0.8618750000000001 0.5578773578125 0.856640625 0.5703066031249999 0.8483906250000001 0.5895283015625 0.8042031250000001 0.625707546875 0.7989531249999999 0.6607547171875 0.8146875 0.7557311328125 0.8723593749999999 0.8631367921875001 0.9457656249999999 0.9343632078124999 0.992953125 1 0.9982031250000001 1
1 0.42557812500000003 0.26224056562500003 0.401484375 0.2766037734375 0.38689062500000004 0.3014858484375 0.371671875 0.35700471718750004 0.3640625 0.43742924531250005 0.380546875 0.38573113281250004 0.39640624999999996 0.35700471718750004 0.44396874999999997 0.32733490625 0.44904687499999996 0.31584905625 0.464265625 0.2871226421875 0.49660937499999996 0.220117925 0.498515625 0.20766509375000003 0.45221875 0.2670283015625 0.42557812500000003 0.26224056562500003
1 0.9921875 1 0.9984375 0.6603773578125 0.9875 0.62971698125 0.96875 0.5613207546875 0.9578125 0.511792453125 0.9421875 0.481132075 0.928125 0.47405660312500003 0.90625 0.48349056562500003 0.8921875 0.518867925 0.8859375 0.516509434375 0.871875 0.502358490625 0.8609375 0.5 0.859375 0.478773584375 0.8359375 0.47641509375 0.8367788468749999 0.46661828749999995 0.859375 0.43396226406249994 0.8578125 0.41745282968749997 0.7796875 0.3325471703125 0.77015625 0.3175943390625 0.76796875 0.2941037734375 0.77171875 0.28136792499999996 0.8120312500000001 0.24033018906249998 0.8265625 0.247641509375 0.83125 0.257075471875 0.8421875 0.2405660375 0.8565896734375 0.2297990171875 0.8640625 0.238207546875 0.8609375 0.25471698125 0.865625 0.26650943437499997 0.8765625 0.27594339687499997 0.8984375 0.27594339687499997 0.9015625 0.271226415625 0.925 0.271226415625 0.93125 0.27594339687499997 0.934375 0.257075471875 0.9375 0.252358490625 0.946875 0.252358490625 0.9546875 0.26650943437499997 0.9669157609375001 0.232670221875 0.9984375 0.233490565625 0.996875 0.22641509375000002 0.9890625 0.21933962187499997 0.975 0.21933962187499997 0.965625 0.23113207500000002 0.9590353265625 0.232465134375 0.8644701093749999 0.2300041015625 0.859375 0.22169811250000002 0.8546875 0.22169811250000002 0.84375 0.238207546875 0.8408288046875001 0.22938884375000002 0.825067934375 0.22897867187499998 0.821875 0.238207546875 0.815625 0.22169811250000002 0.80625 0.136792453125 0.871875 0.002358490625 0.778125 0.002358490625 0.7625 0.025943396875000004 0.75 0.0660377359375 0.7515625 0.11792452812500001 0.766875 0.28235849062499996 0.7546875 0.3042452828125 0.7515625 0.30188679218750003 0.7734375 0.3254716984375 0.77125 0.329339621875 0.784375 0.47028301875 0.7765625 0.47641509375 0.784375 0.502358490625 0.7876562500000001 0.5055188671875 0.7859375 0.507075471875 0.790625 0.52358490625 0.784375 0.5400943390624999 0.7375 0.5400943390624999 0.73125 0.5353773578125 0.7098214281249999 0.5333557953125 0.709375 0.5377358484375 0.70625 0.5377358484375 0.7013392859375001 0.5316711578125 0.6984375 0.5330188671875 0.6828125 0.52358490625 0.55226293125 0.400699415625 0.5421875 0.3301886796875 0.553125 0.268867925 0.5609375 0.252358490625 0.5609375 0.24528301875 0.5421875 0.24528301875 0.5171875 0.23584905625000002 0.4859375 0.3089622640625 0.4828125 0.3183962265625 0.4828125 0.33490566093749996 0.4734375 0.3372641515625 0.4640625 0.36084905625 0.4546875 0.43160377343749995 0.4609375 0.44103773593750006 0.453125 0.44339622656250005 0.459375 0.4504716984375 0.4515625 0.45518867968750004 0.45264423125000003 0.46698113281250003 0.45 0.46698113281250003 0.4546875 0.478773584375 0.4484375 0.478773584375 0.4453125 0.50471698125 0.21621621562499999 0.6390872 0.2171875 0.6462264156249999 0.1640625 0.625 0.1640625 0.641509434375 0.16875 0.6580188671875 0.1546875 0.6650943390624999 0.1296875 0.6627358484375 0.121875 0.6674528296875 0.1109375 0.6816037734375 0.11875 0.7122641515625 0.1125 0.74528301875 0.1109375 0.75 0.10625 0.747641509375 0.10625 0.752358490625 0.103125 0.75471698125 0.1 0.75 0.09375 0.75 0.10625 0.766509434375 0.1078125 0.77358490625 0.0357142859375 0.9763027859375001 0.0359375 0.98584905625 0.028125 0.98584905625 0.028125 0.997641509375 0.03125 1 0.6140625 1 0.621875 0.997641509375 0.625 0.9929245281249999 0.6296875 0.974056603125 0.6375 0.974056603125 0.6515625 0.99528301875 0.6578125 1 0.778125 1 0.8029017859375 0.9929245281249999 0.8015625 0.9834905656249999 0.8125 0.9834905656249999 0.8111607140625001 0.9905660375 0.8140625 0.9834905656249999 0.8203125 0.9834905656249999 0.8194196421875001 0.9882075468749999 0.821875 0.9834905656249999 0.8609375 0.9834905656249999 0.8640625 0.98584905625 0.8640625 1 0.9921875 1