1 0.2116503265625 0.747483659375 0.211225490625 0.7534477125000001 0.2116503265625 0.7602450984375 0.2116503265625 0.7628104578125 0.2125 0.7666339875 0.2176143796875 0.7645098046875 0.2214379078125 0.759395425 0.22272875781249998 0.754722221875 0.22187908437499998 0.7457843140625 0.22400326874999998 0.7389705875 0.22825163437499998 0.7347058828125 0.23081699375000003 0.730016340625 0.235065359375 0.7257679734375 0.23633986875000002 0.722352940625 0.23678104531250002 0.7202287578125001 0.23633986875000002 0.718104575 0.235065359375 0.7176797390625 0.23209150312500001 0.718104575 0.22655228749999998 0.7219281046875 0.22655228749999998 0.722352940625 0.22655228749999998 0.7232189546875001 0.22230392187499998 0.729591503125 0.2176143796875 0.73555555625 0.213774509375 0.7402450984375 0.2116503265625 0.747483659375
1 0.34464052343749996 0.759379084375 0.3463235296875 0.7462418296875 0.3484477125 0.7352287578125 0.35099673125 0.7246241828125 0.3505718953125 0.7110620921875 0.349722221875 0.7008986921875 0.3463235296875 0.6919934640625 0.33573529375 0.6856372546875 0.326830065625 0.6966503265624999 0.31581699375 0.7025817 0.3136928109375 0.7127614375 0.31496732031249997 0.7229411765625 0.30986928125 0.7335294125 0.3026633984375 0.7339542484375 0.308186275 0.7534477125000001 0.31539215625 0.76107843125 0.3213235296875 0.7678594765625 0.329379084375 0.7754901953125 0.3378594765625 0.77168300625 0.3429411765625 0.7649019609375001 0.34464052343749996 0.759379084375
1 0.37745097968749997 0.732352940625 0.384934640625 0.7707352937499999 0.3924183 0.79694444375 0.40366013125 0.7800980390625 0.3999183 0.7538888890625 0.41490196093750004 0.7669934640625 0.424248365625 0.75013071875 0.43736928124999996 0.7613725484375 0.45140522812499995 0.7594934640625 0.4532843140625 0.75013071875 0.44297385624999996 0.7332843140625 0.4411111109375 0.7089379078125 0.4392320265625 0.6902124187500001 0.4289379078125 0.6789869281249999 0.404591503125 0.6799183 0.39055555625 0.6902124187500001 0.38400326875 0.712696078125 0.378382353125 0.7164379078125 0.37745097968749997 0.7211111109375 0.37745097968749997 0.732352940625
1 0.4751633984375 0.730620915625 0.47813725468749996 0.72710784375 0.479248365625 0.7224673203124999 0.479803921875 0.715800653125 0.4801633984375 0.708382353125 0.47905228749999995 0.7017156859375 0.47294117656249995 0.69633986875 0.471830065625 0.6952287578125 0.467565359375 0.69633986875 0.4653431375 0.7141339875 0.46923202656249996 0.7228431375000001 0.472565359375 0.7282189546875 0.4751633984375 0.730620915625
1 0.273643790625 0.6946241828125 0.2600326796875 0.6769281046875 0.257303921875 0.6959803921875001 0.2436928109375 0.7490686281250001 0.2682026140625 0.7422712421875 0.27228758124999997 0.7354575156250001 0.273643790625 0.6946241828125
1 0.28452614375 0.58013071875 0.28653594843749997 0.552042484375 0.294068628125 0.5455228765625 0.29055555625 0.5420098046875 0.28001634062499997 0.5430065359375 0.27400326875 0.5465196078125001 0.268986928125 0.56107843125 0.2725 0.5866503265625 0.27751634062499997 0.59168300625 0.28302287656249997 0.5901633984375 0.28452614375 0.58013071875
1 0.2340196078125 0.8056045749999999 0.23816993437499998 0.8114215687499999 0.25228758125 0.80892156875 0.253120915625 0.80892156875 0.2547712421875 0.8022875812500001 0.26058823593749997 0.7948202609374999 0.2663888890625 0.8097549015625001 0.2846568625 0.8139052281250001 0.2871405234375 0.8097549015625001 0.2838235296875 0.7998039218749999 0.2771895421875 0.7898366015625 0.28549019531250003 0.797303921875 0.2896405234375 0.7989705875 0.3070751640625 0.808104575 0.31039215625 0.8022875812500001 0.31702614375 0.8014542484374999 0.3236764703125 0.7931535953125 0.31370915 0.7840196078125 0.311225490625 0.770751634375 0.29129085 0.7491666671874999 0.267222221875 0.742516340625 0.244803921875 0.7416830062499999 0.2340196078125 0.749983659375 0.2190849671875 0.761617646875 0.2074509796875 0.7773856203125 0.21326797343749998 0.7749019609375 0.209117646875 0.7931535953125 0.21493464062499998 0.7998039218749999 0.2199019609375 0.7989705875 0.2340196078125 0.8056045749999999
1 0.249313725 0.5249673203125 0.250065359375 0.49066993437499995 0.249313725 0.4838071890625 0.2371241828125 0.4761928109375 0.22187908437499998 0.46629085000000003 0.21959150312500003 0.5028594765625 0.2241666671875 0.49905228749999997 0.238643790625 0.505147059375 0.249313725 0.5249673203125
1 0.4152941171875 0.641568628125 0.4261274515625 0.6381372546875 0.43181372500000004 0.6244771234375001 0.43238562031249994 0.6102287578125 0.43011437968750005 0.60168300625 0.4341013078125 0.5834640515625 0.42954248437500003 0.5675 0.418725490625 0.55952614375 0.41187908437500004 0.563513071875 0.4033333328125 0.562957515625 0.40049019531249996 0.5743464046875 0.39478758125 0.5914379078125 0.39194444375000004 0.59599673125 0.3913725484375 0.5982679734375 0.397647059375 0.61478758125 0.3993464046875 0.6182026140625 0.4090359484375 0.6324509796875 0.4152941171875 0.641568628125
1 0.40658496718750003 0.56228758125 0.40870914999999997 0.56289215625 0.41330065312500003 0.55831699375 0.4197058828125 0.5549509796875001 0.4184803921875 0.5491503265625 0.417565359375 0.5415196078125 0.41633986875 0.5354248359375 0.41482026093749996 0.5311437906250001 0.41176470624999995 0.5277941171875 0.395277778125 0.5299183000000001 0.3955882359375 0.5332843140625 0.401699346875 0.5546568625 0.40658496718750003 0.56228758125
1 0.2021405234375 0.7330718953125 0.2074673203125 0.728186275 0.209673203125 0.7091013078125 0.2216666671875 0.6895751640625 0.2198856203125 0.6802450984374999 0.19813725468750001 0.693120915625 0.1879248359375 0.7082189546875 0.19547385625 0.7312908499999999 0.2021405234375 0.7330718953125
1 0.46241830000000006 0.7608496734375 0.44560457500000006 0.763774509375 0.43975490156249997 0.7893627453125001 0.4477941171875 0.7930228765625 0.46460784374999997 0.7857026140625 0.46241830000000006 0.7608496734375
1 0.42243464062499997 0.6787581703125001 0.43513071875 0.6869771234375001 0.4470588234375 0.6862254906249999 0.4425817 0.6713071890625 0.42243464062499997 0.6563888890625 0.402303921875 0.6571405234375 0.3955882359375 0.663104575 0.3911111109375 0.6727941171875 0.3911111109375 0.6735457515625 0.40379085000000003 0.6780228765625 0.42243464062499997 0.6787581703125001
1 0.133986928125 0.614379084375 0.13888888906250002 0.62418300625 0.1486928109375 0.633986928125 0.1485801203125 0.6371422124999999 0.13657877031250001 0.6594545859375 0.13888888906250002 0.66176470625 0.1209150328125 0.6830065359375 0.11601307187500001 0.6928104578125 0.116576515625 0.6966418765625 0.114379084375 0.69607843125 0.1045751640625 0.7189542484375 0.10620915 0.759803921875 0.1127450984375 0.7745098046875001 0.12254902031249999 0.784313725 0.1486928109375 0.8006535953125 0.1650326796875 0.8055555562500001 0.1797385625 0.8055555562500001 0.186274509375 0.810457515625 0.19607843125 0.812091503125 0.20751634062500002 0.8202614374999999 0.2189542484375 0.8235294124999999 0.26797385625 0.8235294124999999 0.27777777812500004 0.8186274515624999 0.3036701859375 0.8153594765625 0.40196078437500005 0.813725490625 0.4166666671875 0.810457515625 0.44281045781249995 0.7973856203125 0.44607843125 0.792483659375 0.47455648906250003 0.7831465921875 0.49229691875 0.7840802984375 0.5065359484374999 0.795751634375 0.51960784375 0.795751634375 0.526143790625 0.7892156859375 0.527777778125 0.7859477125 0.5011671343749999 0.7845471515625 0.4852941171875 0.76797385625 0.46568627500000004 0.7826797390625 0.45669934687499997 0.7720588234375 0.46241830000000006 0.7614379078125 0.44771241875 0.7647058828125 0.4526143796875 0.75 0.44281045781249995 0.73202614375 0.44117647031249996 0.7107843140625 0.43464052343750004 0.7049019609375 0.439542484375 0.6944444437499999 0.439542484375 0.687908496875 0.44607843125 0.687908496875 0.4673202609375 0.6993464046875 0.47222222187499996 0.69607843125 0.4787581703125 0.7026143796875 0.46568627500000004 0.715686275 0.47385620937499995 0.73039215625 0.4787581703125 0.7254901953124999 0.527777778125 0.7271241828125 0.51960784375 0.7173202609375 0.5114379078125 0.6911764703125 0.509803921875 0.6813725484375001 0.5147058828125 0.6748366015625 0.5130718953125 0.66176470625 0.5065359484374999 0.6552287578125 0.4983660125 0.6552287578125 0.491830065625 0.6421568625 0.48366013125 0.633986928125 0.47222222187499996 0.6290849671875 0.4673202609375 0.6209150328125 0.46568627500000004 0.6029411765625 0.46241830000000006 0.598039215625 0.4705882359375 0.578431371875 0.4705882359375 0.5506535953125 0.4673202609375 0.542483659375 0.44934640468750003 0.51797385625 0.44771241875 0.5016339875 0.44117647031249996 0.49509803906250005 0.42973856250000003 0.49509803906250005 0.421568628125 0.490196078125 0.4166666671875 0.4787581703125 0.4052287578125 0.46568627500000004 0.3921568625 0.4591503265625 0.3692810453125 0.4591503265625 0.3578431375 0.46568627500000004 0.313725490625 0.46568627500000004 0.2990196078125 0.47222222187499996 0.259803921875 0.47222222187499996 0.2565359484375 0.46405228750000005 0.2467320265625 0.4526143796875 0.23692810468749997 0.4526143796875 0.23202614375000002 0.45751634062499996 0.23202614375000002 0.4673202609375 0.23529411718749998 0.47385620937499995 0.2189542484375 0.48202614375 0.1928104578125 0.48202614375 0.1748366015625 0.490196078125 0.1552287578125 0.5065359484374999 0.1470588234375 0.5245098046875001 0.1470588234375 0.5473856203125 0.150326796875 0.5588235296875 0.133986928125 0.5931372546875 0.133986928125 0.614379084375