0 0.36353125 0.6490833328125001 0.37117187500000004 0.6499375 0.385515625 0.6465416671875001 0.39315625 0.6414375 0.398890625 0.6325208328125 0.40112500000000006 0.6236041671875 0.401765625 0.6129791671875 0.40081249999999996 0.6040625000000001 0.397625 0.5976874999999999 0.39060937500000004 0.5913125 0.38328125 0.5862083328125001 0.3753125 0.5857916671875001 0.36543749999999997 0.5900416671875 0.35939062499999996 0.5964166671875 0.354609375 0.6070208328125 0.351421875 0.6223124999999999 0.35078125 0.6282708328125 0.35715625 0.6414375 0.36353125 0.6490833328125001
0 0.50834375 0.2893541671875 0.526046875 0.27608333281249997 0.52715625 0.2554166671875 0.526046875 0.23770833281249998 0.526046875 0.2244166671875 0.5149843749999999 0.1934166671875 0.505015625 0.1786666671875 0.50059375 0.16685416718749999 0.489515625 0.1535833328125 0.481765625 0.1521041671875 0.4563125 0.16243749999999998 0.444125 0.16685416718749999 0.43639062500000003 0.16833333281250001 0.40981249999999997 0.18604166718749998 0.40981249999999997 0.2096666671875 0.420890625 0.2819791671875 0.4253125 0.2996875 0.43639062500000003 0.3085416671875 0.46073437500000003 0.3159375 0.46959375000000003 0.318875 0.483984375 0.3056041671875 0.50834375 0.2893541671875
0 0.670203125 0.6036458328125 0.7068749999999999 0.5951458328125 0.729203125 0.5505 0.7268125000000001 0.5058541671875 0.71565625 0.4803541671875 0.6973125 0.4612083328125 0.676578125 0.4537708328125 0.651078125 0.46333333281250005 0.635125 0.4761041671875 0.6207812500000001 0.5122291671875 0.616796875 0.556875 0.642296875 0.5951458328125 0.670203125 0.6036458328125
0 0.42521875 0.7746875 0.428890625 0.8186875 0.440625 0.8323958328125001 0.45237499999999997 0.8451041671875 0.47437500000000005 0.85 0.49565625 0.8548958328125 0.5315937500000001 0.8245625000000001 0.54553125 0.7893541671875 0.555078125 0.76 0.542609375 0.7287083328125 0.530125 0.7003333328125 0.519859375 0.698375 0.49198437500000003 0.6827291671875 0.45823437499999997 0.6905625 0.44429687500000004 0.7052291671875001 0.42521875 0.7306666671875 0.42521875 0.7746875
0 0.236140625 0.6537083328125 0.23815624999999999 0.6212916671875 0.228703125 0.6041875 0.2131875 0.597 0.1996875 0.6068958328125 0.209140625 0.5753958328125 0.2064375 0.5573958328125 0.195625 0.5438958328125 0.1794375 0.5438958328125 0.164578125 0.5483958328125 0.156484375 0.561 0.15242187499999998 0.5816874999999999 0.155125 0.5978958328124999 0.16929687499999999 0.6131875 0.15917187500000002 0.6338958328125 0.153109375 0.6591041671875 0.172 0.6807083328125 0.188203125 0.6771041671875 0.20440624999999998 0.6707916671875 0.21857812499999998 0.678 0.22668750000000001 0.6672083328125 0.236140625 0.6537083328125
0 0.33020312500000004 0.6401666671874999 0.32278125 0.638625 0.310203125 0.6416875 0.302203125 0.6515833328125 0.299921875 0.653875 0.3210625 0.7178958328125 0.3370625 0.7041666671875 0.34164062500000003 0.6843541671875 0.347359375 0.6713958328125 0.35535937500000003 0.6675833328125 0.35421874999999997 0.6630208328125 0.34964062500000004 0.653875 0.3445 0.6477708328125 0.339359375 0.6432083328125 0.33020312500000004 0.6401666671874999
0 0.18426562500000002 0.41618750000000004 0.1710625 0.40737500000000004 0.15492187500000001 0.41910416718750004 0.142453125 0.4230208328125 0.142453125 0.4465 0.14684375 0.4621458328125 0.15565625 0.47781250000000003 0.167390625 0.47389583281250003 0.1710625 0.46900000000000003 0.16885937499999998 0.46900000000000003 0.18059375 0.46018749999999997 0.190140625 0.45237499999999997 0.190875 0.4328125 0.18426562500000002 0.41618750000000004
0 0.281015625 0.56025 0.27345312499999996 0.5739166671875 0.27834375 0.5988541671875 0.289921875 0.6178541671875 0.311296875 0.6184583328125 0.323765625 0.6095416671875 0.32778125 0.5970625 0.3264375 0.5834166671875 0.317984375 0.5650000000000001 0.311296875 0.56025 0.302390625 0.5555 0.3015 0.5549166671875 0.291703125 0.5555 0.281015625 0.56025
0 0.759109375 0.744125 0.7598125 0.7892708328125 0.766875 0.7930208328125 0.7407812500000001 0.8089999999999999 0.754875 0.8146458328125 0.790140625 0.7967916671874999 0.8028437500000001 0.7582291671875 0.793671875 0.7224999999999999 0.782390625 0.6971041671875 0.756296875 0.6905208328125 0.734421875 0.6999166671875 0.741484375 0.7130833328125 0.7365468749999999 0.7055625 0.745 0.7196666671874999 0.759109375 0.744125
0 0.735734375 0.717375 0.746796875 0.7266666671875 0.7455625 0.7376041671875 0.740796875 0.7455625 0.733359375 0.7599791671875 0.72728125 0.7356666671875 0.711765625 0.7257708328125 0.692859375 0.7086666671875 0.6800312500000001 0.711375 0.6685625 0.7284583328124999 0.660453125 0.7662708328125001 0.6685625 0.792375 0.687453125 0.814875 0.726609375 0.8157708328125001 0.74484375 0.792375 0.754296875 0.7644791671875 0.746859375 0.7185625 0.7259375 0.702375 0.70771875 0.7005625 0.71359375 0.702625 0.726296875 0.7097291671875 0.735734375 0.717375
0 0.48817187500000003 0.3201041671875 0.49362500000000004 0.3232083328125 0.49596875 0.333625 0.49596875 0.3429791671875 0.49440625000000005 0.359625 0.489734375 0.369 0.47490625 0.3773125 0.4694375 0.3825208328125 0.4756875 0.40125 0.480375 0.41060416718750004 0.49207812500000003 0.41995833281249995 0.50221875 0.42933333281249997 0.5271874999999999 0.430375 0.540453125 0.4168541671875 0.556046875 0.3991666671875 0.56775 0.3793958328125 0.5724375 0.3544166671875 0.5740000000000001 0.3398541671875 0.57165625 0.3263333328125 0.563859375 0.3044791671875 0.551375 0.28577083281250004 0.5240625 0.2816041671875 0.485046875 0.3107291671875 0.46476562499999996 0.327375 0.458515625 0.3450625 0.45773437499999997 0.369 0.47646875 0.3440208328125 0.481140625 0.3294583328125 0.48817187500000003 0.3201041671875
0 0.32815625000000004 0.7745625 0.336265625 0.783125 0.345390625 0.778625 0.3460625 0.7750208328125 0.33947656249999997 0.7666875 0.344046875 0.7632916671875 0.34978125000000004 0.7673541671875 0.35890625 0.7601458328125 0.36701562499999996 0.7587916671875 0.3700625 0.75475 0.37174999999999997 0.7439375 0.368375 0.7308749999999999 0.359921875 0.7371666671875 0.332890625 0.735375 0.33187500000000003 0.7448333328125 0.3381328125 0.7545104171875 0.329859375 0.7610416671875 0.32815625000000004 0.7745625