2 0.61414 0.77912 0.6158 0.77912 0.6900999999999999 0.7568533328125 0.81364 0.7078666671875 0.81114 0.6778133328125 0.78442 0.6633600000000001 0.69426 0.70008 0.64 0.7334666671875001 0.6082799999999999 0.76464 0.61246 0.77912 0.61414 0.77912
0 0.33555999999999997 0.69264 0.3275 0.66936 0.30735999999999997 0.6675733328125 0.27646000000000004 0.6747466671875 0.25766 0.68728 0.25632 0.7230933328125 0.26302 0.7463733328125 0.27378 0.76608 0.29258 0.7768266671874999 0.30870000000000003 0.7768266671874999 0.32884 0.7535466671875 0.3396 0.7356266671875 0.34362 0.7177066671875 0.33555999999999997 0.69264
0 0.23148 0.7410133328125 0.24548 0.7276266671875 0.25552 0.7101333328125 0.26076 0.6897599999999999 0.26338 0.6670133328125 0.25552 0.65944 0.23936000000000002 0.6542133328124999 0.22406 0.6454666671875 0.20264000000000001 0.63264 0.19302 0.6431199999999999 0.18604 0.6559466671874999 0.18036000000000002 0.6705066671875 0.17774 0.6874133328124999 0.17642 0.7177066671875 0.18516 0.7241333328125 0.20002 0.7363733328125 0.23148 0.7410133328125
0 0.19885999999999998 0.7424000000000001 0.16266 0.7699733328125 0.16266 0.7998666671875 0.173 0.82744 0.19197999999999998 0.8458399999999999 0.20922000000000002 0.8527466671875 0.22646000000000002 0.82744 0.25232 0.7722933328125 0.23852 0.7424000000000001 0.19885999999999998 0.7424000000000001
0 0.17392000000000002 0.6633066671875001 0.16454 0.6414666671875 0.15284 0.6352 0.12788 0.63 0.10446 0.63728 0.08262 0.6695466671875 0.08652 0.7142666671875 0.10991999999999999 0.7454933328125 0.13879999999999998 0.7506933328125001 0.17392000000000002 0.7257333328125 0.17392000000000002 0.7205333328125 0.17938 0.6872266671875 0.17392000000000002 0.6633066671875001
0 0.18142 0.62968 0.1967 0.6075466671875 0.20326 0.5603466671875 0.19976 0.53528 0.18316 0.5160533328125 0.14296 0.50848 0.12634 0.5195466671875 0.1176 0.53296 0.11674 0.57024 0.11498 0.61336 0.14034 0.63144 0.15694 0.6331733328125 0.18142 0.62968
0 0.12918000000000002 0.4473066671875 0.13086 0.47416 0.15156 0.50176 0.17450000000000002 0.50624 0.19632 0.49728000000000006 0.20693999999999999 0.4801333328125 0.20918 0.45029333281249995 0.20638 0.4249333328125 0.198 0.40928000000000003 0.184 0.4018133328125 0.15492 0.40330666718749997 0.14035999999999998 0.41077333281249995 0.13366 0.41970666718749994 0.12918000000000002 0.4331466671875 0.12918000000000002 0.4473066671875
0 0.21334 0.1855733328125 0.21503999999999998 0.16832 0.2274 0.16232 0.23696 0.14208 0.24034 0.13008 0.23302 0.10458666718750001 0.20042 0.08061333281250001 0.16948000000000002 0.08136 0.1588 0.09184 0.14756 0.1270933328125 0.15598 0.16458666718749998 0.17565999999999998 0.17058666718749999 0.18072 0.16984 0.20098 0.1870666671875 0.21334 0.1855733328125
0 0.12716 0.26488 0.15076 0.2876533328125 0.18328 0.2844 0.18084 0.2518666671875 0.202 0.24210666718749999 0.21338 0.2323466671875 0.21094 0.2193333328125 0.18816 0.1792 0.1597 0.1629333328125 0.11657999999999999 0.20306666718750002 0.12716 0.26488
0 0.11966000000000002 0.3306933328125 0.11966000000000002 0.34181333281250004 0.11966000000000002 0.3442666671875 0.11966000000000002 0.37144 0.14282 0.39615999999999996 0.18544 0.40850666718750006 0.18636 0.40850666718750006 0.20488 0.39368 0.21414 0.3504533328125 0.19283999999999998 0.31709333281249996 0.18819999999999998 0.2924 0.153 0.2874666671875 0.13542 0.30352 0.12430000000000001 0.3134133328125 0.11966000000000002 0.3306933328125
0 0.26124 0.7432000000000001 0.26092 0.73944 0.25748000000000004 0.7290133328125 0.25686 0.7144533328125 0.25342 0.7181866671875 0.24592 0.72736 0.23874 0.7340266671875 0.2378 0.7398666671874999 0.2403 0.7461066671875 0.24498000000000003 0.7523733328125 0.2506 0.75736 0.25217999999999996 0.7557066671875 0.25592000000000004 0.7502666671875 0.26124 0.7432000000000001
0 0.28318 0.1179733328125 0.29488 0.11381333281249999 0.3019 0.12112 0.3105 0.11485333281250001 0.31518 0.0898933328125 0.31284 0.0784533328125 0.30816 0.0628533328125 0.28942 0.0430933328125 0.27382 0.0399466671875 0.25354 0.051413332812500004 0.2426 0.0680533328125 0.23792 0.0878133328125 0.24026 0.1117333328125 0.25354 0.12736 0.25744 0.12840000000000001 0.26680000000000004 0.12216 0.28318 0.1179733328125
0 0.30934 0.11421333281249998 0.31286 0.12413333281250001 0.34352 0.1521866671875 0.372 0.16034666718749999 0.3799 0.1568533328125 0.38078 0.15626666718749999 0.3961 0.1340533328125 0.4053 0.1124533328125 0.40268 0.0908266671875 0.39522 0.0703733328125 0.3707 0.043519999999999996 0.34834 0.045253332812500005 0.33564 0.0540266671875 0.32467999999999997 0.0657066671875 0.31812 0.08792 0.32073999999999997 0.07624 0.31066 0.09552000000000001 0.30934 0.11421333281249998
2 0.52912 0.6768533328124999 0.55354 0.69696 0.64256 0.7055733328125 0.6835 0.7074933328124999 0.69858 0.6816266671875 0.68996 0.6596266671875 0.67918 0.66344 0.59948 0.66152 0.52912 0.6768533328124999