1 0.219234375 0.6384791671875 0.21032812500000003 0.6503541671875 0.20365625 0.6681458328125001 0.21589062499999997 0.6918541671875 0.22367187500000002 0.7155833328125001 0.2548125 0.7511666671875 0.2970625 0.7571041671875001 0.307078125 0.7304166671875 0.33709375 0.7289166671875 0.33153125 0.70075 0.34376562499999996 0.6888958328125 0.322640625 0.6547916671875 0.3404375 0.6429375 0.32375 0.6103125 0.292609375 0.585125 0.271484375 0.5747291671875 0.24592187499999998 0.5866041671875 0.24146874999999998 0.6117916671875 0.23479687500000002 0.6103125 0.21589062499999997 0.6147708328125 0.219234375 0.6384791671875
1 0.43562500000000004 0.6872083328125 0.45292187500000003 0.7402291671875 0.463296875 0.7379166671874999 0.470203125 0.699875 0.463296875 0.6168958328125 0.456375 0.5984583328124999 0.44946875000000003 0.5984583328124999 0.43303125 0.611125 0.434765625 0.6122916671875 0.434765625 0.6457083328125 0.43562500000000004 0.6872083328125
1 0.6347968749999999 0.5491666671875 0.6331562500000001 0.54625 0.618859375 0.5330625 0.593578125 0.5337916671875 0.59084375 0.5381875 0.5809375 0.530125 0.5650000000000001 0.5389166671875001 0.573796875 0.5601666671875 0.594140625 0.5748125 0.605671875 0.5865416671875 0.593578125 0.6217083328124999 0.5919375 0.6620208328125 0.592484375 0.6825416671875 0.59303125 0.6839999999999999 0.596328125 0.689125 0.601828125 0.689125 0.625453125 0.678875 0.648546875 0.6239166671875 0.648546875 0.5865416671875 0.6347968749999999 0.5491666671875
1 0.6478906249999999 0.6317708328125 0.651078125 0.6657916671875 0.6542656250000001 0.734875 0.667015625 0.7412708328125001 0.67659375 0.7210625 0.682171875 0.6806666671875 0.681375 0.6243333328125 0.67021875 0.587125 0.66303125 0.5818125000000001 0.64709375 0.587125 0.6478906249999999 0.6317708328125
1 0.7770625 0.6273541671875 0.839703125 0.6076458328125 0.861515625 0.5710625 0.853765625 0.5175625 0.839703125 0.5035000000000001 0.83828125 0.5316458328125 0.83265625 0.5447708328124999 0.8094374999999999 0.5738749999999999 0.760875 0.6188958328124999 0.747515625 0.6273541671875 0.7791718750000001 0.6414166671875 0.7770625 0.6273541671875
0 0.057859375000000005 0.12081249999999999 0.05834375000000001 0.13435416718749998 0.063671875 0.1395208328125 0.06803125 0.14016666718749998 0.07528125 0.1414583328125 0.09125 0.1472708328125 0.099484375 0.1472708328125 0.1086875 0.138875 0.10674999999999998 0.12081249999999999 0.099484375 0.1085416671875 0.093671875 0.1078958328125 0.0859375 0.10918749999999999 0.08351562500000001 0.1098333328125 0.075765625 0.1040208328125 0.066578125 0.10725 0.060281249999999995 0.1098333328125 0.057859375000000005 0.12081249999999999
0 0.13673437500000002 0.1898958328125 0.138828125 0.18897916718750002 0.142296875 0.187125 0.1450625 0.1838958328125 0.145765625 0.1769375 0.142984375 0.1667708328125 0.14264062500000002 0.1667708328125 0.13673437500000002 0.1584375 0.13153125000000002 0.1552083328125 0.123203125 0.1556666671875 0.1173125 0.16075 0.113140625 0.17093750000000002 0.11453125 0.1792708328125 0.119046875 0.18572916718750002 0.12459374999999999 0.1922083328125 0.127375 0.19268749999999998 0.1305 0.19175 0.13673437500000002 0.1898958328125
0 0 0.2667291671875 0.0016093750000000001 0.274625 0.00425 0.27931249999999996 0.010390625 0.2819583328125 0.021812500000000002 0.2804791671875 0.026421875 0.2652708328125 0.027078124999999998 0.2529791671875 0.025109375 0.2453541671875 0.018515625 0.2397916671875 0.01303125 0.240375 0.00403125 0.2412708328125 0 0.24975 0 0.2667291671875
0 0.057296875000000004 0.3479375 0.07753125 0.3187291671875 0.07753125 0.29625 0.05225 0.294 0.050562499999999996 0.294 0.042140625 0.32995833281250003 0.048875 0.3524375 0.057296875000000004 0.3479375
0 0.073515625 0.29158333281250004 0.09140625 0.2983958328125 0.090453125 0.2928541671875 0.092359375 0.2839166671875 0.09428125000000001 0.2775416671875 0.09746875 0.27156250000000004 0.094921875 0.2622083328125 0.08821875 0.25964583281250003 0.080234375 0.2622083328125 0.073515625 0.26135416718750004 0.06809375 0.27156250000000004 0.069046875 0.2835 0.073515625 0.29158333281250004
0 0.067484375 0.2287708328125 0.061406249999999996 0.23516666718749998 0.05821875 0.24325000000000002 0.057890624999999994 0.2517708328125 0.060453124999999996 0.2611458328125 0.068109375 0.2666666671875 0.07290624999999999 0.26156250000000003 0.08184375 0.262 0.08759375 0.256875 0.09046875 0.25135416718750003 0.089515625 0.2402708328125 0.084078125 0.2334583328125 0.07578125 0.2292083328125 0.067484375 0.2287708328125
0 0.010171875 0.40675 0.0061875 0.4144375 0.00440625 0.4280416671875 0.006625000000000001 0.4392708328125 0.0115 0.4493125 0.0159375 0.4475416671875 0.0296875 0.4339583328125 0.03678125 0.4250833328125 0.035453125 0.4138541671875 0.028359375 0.4049791671875 0.022140625 0.40083333281250005 0.01328125 0.4049791671875 0.010171875 0.40675
0 0.028078125 0.4040208328125 0.032546874999999996 0.4086666671875 0.03578125 0.40599999999999997 0.034546875 0.40070833281249996 0.0315625 0.3960625 0.032546874999999996 0.3933958328125 0.033296875 0.38908333281249996 0.032546874999999996 0.3871041671875 0.0310625 0.38410416718749996 0.026578125 0.3837708328125 0.02309375 0.3827916671875 0.017875 0.38610416718749996 0.015890625 0.3877708328125 0.013453125 0.3965416671875 0.01415625 0.40533333281250006 0.020859375 0.4023541671875 0.021609375 0.4023541671875 0.028078125 0.4040208328125
0 0.023796875000000002 0.2848541671875 0.01715625 0.28118750000000003 0.008453125 0.2775208328125 0.001125 0.2793541671875 0 0.2985833328125 0.00043750000000000006 0.3056041671875 0.0045625 0.31262500000000004 0.016468749999999997 0.3114166671875 0.0194375 0.3034791671875 0.024484375 0.2955416671875 0.023796875000000002 0.2848541671875
3 0.130859375 0.22725 0.1333125 0.21852083281249998 0.1361875 0.21579166718749998 0.13946875 0.2179791671875 0.146015625 0.21852083281249998 0.148484375 0.2119583328125 0.148484375 0.2032083328125 0.142734375 0.1982916671875 0.14028125 0.19610416718749998 0.13290625 0.1944791671875 0.129625 0.19283333281249998 0.11815625 0.1939375 0.11282812499999999 0.19610416718749998 0.110359375 0.2026666671875 0.10709375000000002 0.21522916718750001 0.1038125 0.2234375 0.1038125 0.23435416718750002 0.10790625000000001 0.24364583281250002 0.1214375 0.24474999999999997 0.124703125 0.2409166671875 0.127171875 0.2371041671875 0.130859375 0.22725
3 0.091296875 0.1940416671875 0.08234375000000001 0.1986875 0.073375 0.21031249999999999 0.075875 0.230875 0.07934375 0.231875 0.0863125 0.2345208328125 0.09528125 0.2388333328125 0.103484375 0.23816666718750001 0.103484375 0.22389583281249997 0.109453125 0.2073125 0.10970312499999998 0.20233333281250002 0.101 0.1937083328125 0.091296875 0.1940416671875
1 0.36378125 0.5858333328125 0.35531250000000003 0.594875 0.354453125 0.59825 0.352765625 0.6073125 0.3510625 0.6129583328125 0.34173437500000003 0.61975 0.33665625 0.6310416671875 0.33834375 0.6434791671875 0.335796875 0.6536666671875 0.33665625 0.6672291671874999 0.340890625 0.6796666671875 0.34173437500000003 0.6932291671875 0.3375 0.7135833328125 0.33240625 0.7599375 0.33410937500000004 0.7712291671875 0.34767187499999996 0.7701041671875 0.360390625 0.7599375 0.371421875 0.7327916671875 0.37565624999999997 0.7339375 0.38075000000000003 0.7497499999999999 0.390921875 0.7395833328125 0.39515625 0.7271458328125 0.396859375 0.7181041671874999 0.403640625 0.7305416671875 0.423140625 0.7000208328124999 0.4256875 0.6604375 0.423984375 0.6434791671875 0.417203125 0.6333125 0.41974999999999996 0.6140833328124999 0.423140625 0.6027916671875 0.4214375 0.5926041671875 0.412109375 0.5892083328125 0.404484375 0.5835625 0.40025000000000005 0.5632083328124999 0.38921875 0.5666041671875 0.37820312500000003 0.568875 0.37565624999999997 0.5801666671875 0.373953125 0.5835625 0.36378125 0.5858333328125
1 0.562984375 0.5740208328125 0.54934375 0.5636458328125 0.54740625 0.5896041671875001 0.5376562500000001 0.6129791671875 0.533765625 0.6337708328125 0.527921875 0.6571458328124999 0.522078125 0.7065 0.5318125 0.7065 0.520125 0.7272708328124999 0.533765625 0.7584375 0.54934375 0.7454583328125 0.584421875 0.7506458328125001 0.5941562499999999 0.7220833328125 0.598046875 0.6883125 0.5922031249999999 0.6441458328125 0.586359375 0.623375 0.580515625 0.6129791671875 0.574671875 0.5973958328125 0.562984375 0.5740208328125
1 0.35296875 0.3125 0.35743749999999996 0.3042916671875 0.327796875 0.28341666718749997 0.3244375 0.2685 0.344578125 0.2602916671875 0.344578125 0.24089583281250002 0.335625 0.22374999999999998 0.315484375 0.223 0.29478125 0.22522916718750002 0.28471875 0.21627083281249998 0.2550625 0.2140416671875 0.23771874999999998 0.22149999999999997 0.23771874999999998 0.2073333328125 0.21703125 0.20135416718750002 0.203046875 0.197625 0.179546875 0.2021041671875 0.1655625 0.2312083328125 0.166109375 0.2632708328125 0.1644375 0.2998125 0.191296875 0.3020625 0.19632812500000002 0.32145833281249997 0.198 0.2953541671875 0.22317187500000002 0.2878958328125 0.243875 0.2878958328125 0.2444375 0.336375 0.310453125 0.3289166671875 0.32051562499999997 0.3095208328125 0.327234375 0.30354166718750003 0.35296875 0.3125
1 0.8544375000000001 0.5191874999999999 0.856984375 0.53275 0.8595312500000001 0.5406666671875 0.8637656249999999 0.5643958328124999 0.858671875 0.5813541671875 0.851890625 0.5915416671875 0.840015625 0.6062291671875 0.8366250000000001 0.6085 0.814578125 0.6186666671875 0.788296875 0.6254583328125001 0.77896875 0.6345 0.78659375 0.6435416671875 0.794234375 0.6514583328125 0.8035625 0.6537083328125 0.8137343749999999 0.6537083328125 0.825609375 0.6525833328124999 0.838328125 0.6503333328124999 0.8535937499999999 0.6412708328125001 0.8713906250000001 0.6288541671875 0.882421875 0.6186666671875 0.8875 0.5915416671875 0.8875 0.5689166671875 0.8858124999999999 0.5531041671875 0.8739375 0.5451875 0.868 0.5395208328125001 0.8612187499999999 0.5248333328125 0.8612187499999999 0.5225625 0.852734375 0.5078750000000001 0.8544375000000001 0.5191874999999999
1 0.5201875 0.5689166671875 0.51934375 0.5937916671875 0.51765625 0.5994375 0.51340625 0.6152708328125 0.508328125 0.6457916671875 0.514265625 0.6604791671875 0.528671875 0.6593541671875001 0.5346093749999999 0.6525833328124999 0.53715625 0.6401458328125 0.53715625 0.6209166671874999 0.5422343749999999 0.61075 0.547328125 0.6028333328125 0.547328125 0.5824791671875 0.547328125 0.559875 0.5388437500000001 0.5395208328125001 0.532921875 0.5304791671875 0.52528125 0.5349999999999999 0.514265625 0.5462916671875 0.51765625 0.5496875 0.51934375 0.5564791671875 0.5201875 0.5689166671875
1 0.9081250000000001 0.6477291671875001 0.8998437499999999 0.6722916671875 0.907203125 0.6808958328125 0.90353125 0.7189791671875 0.9044531250000001 0.7447916671875 0.9164218749999999 0.7644375 0.922875 0.7705833328125 0.9661875 0.7533958328125 0.968953125 0.7582916671875 0.97909375 0.7644375 0.99475 0.7558541671875 1 0.6477291671875001 0.9929062500000001 0.6428125 0.98921875 0.639125 0.984609375 0.6329791671875 0.9809218749999999 0.6206875000000001 0.9735625000000001 0.6047291671874999 0.967109375 0.5936666671874999 0.9578906249999999 0.581375 0.93946875 0.5715416671875 0.9219531249999999 0.5740000000000001 0.907203125 0.5875208328125 0.893390625 0.5899791671875 0.9044531250000001 0.6133124999999999 0.9081250000000001 0.6477291671875001
0 0.088671875 0.1591041671875 0.08284375000000001 0.1682708328125 0.081 0.17675000000000002 0.08284375000000001 0.1859166671875 0.08734375 0.1933333328125 0.092375 0.19437500000000002 0.096875 0.19437500000000002 0.105609375 0.1979166671875 0.107203125 0.1979166671875 0.107984375 0.18943749999999998 0.10878125000000001 0.1795625 0.110109375 0.1739166671875 0.10904687500000002 0.1717916671875 0.10693749999999999 0.1640416671875 0.10323437499999999 0.1615625 0.0979375 0.15804166718749998 0.088671875 0.1591041671875
0 0.085640625 0.1607916671875 0.093453125 0.15912500000000002 0.081265625 0.14495833281249998 0.072828125 0.1607916671875 0.059078125 0.1599583328125 0.051578124999999996 0.161625 0.046578125 0.18120833281249998 0.059703125 0.194125 0.073453125 0.18662499999999999 0.085015625 0.1949583328125 0.085640625 0.1945416671875 0.081890625 0.1699583328125 0.085640625 0.1607916671875
0 0.091421875 0.3008333328125 0.09440625 0.306125 0.101359375 0.3087708328125 0.10879687499999999 0.3074375 0.097875 0.281625 0.11376562500000001 0.3047916671875 0.11773437499999999 0.3021458328125 0.11178125000000001 0.2822916671875 0.11525 0.2796458328125 0.12071875000000001 0.2928958328125 0.1241875 0.2842916671875 0.121203125 0.2750208328125 0.11376562500000001 0.272375 0.105328125 0.2690625 0.092921875 0.2822916671875 0.092921875 0.281625 0.091421875 0.29752083281249997 0.091421875 0.3008333328125
3 0.075609375 0.208875 0.0848125 0.19452083281250002 0.0791875 0.1924791671875 0.06331250000000001 0.1890625 0.062281249999999996 0.1924791671875 0.058703125 0.2136458328125 0.05971875 0.21568749999999998 0.073046875 0.21979166718749998 0.075609375 0.208875
3 0.042046875 0.2079583328125 0.047140625000000005 0.2145 0.04840625 0.21935416718749998 0.0560625 0.2198541671875 0.058062499999999996 0.21595833281250001 0.059703125 0.20891666718750002 0.059703125 0.1992083328125 0.057874999999999996 0.1950833328125 0.055874999999999994 0.18975 0.053515625 0.18416666718750002 0.046406249999999996 0.18416666718750002 0.0395 0.1844166671875 0.035125 0.1907291671875 0.029484375 0.2028541671875 0.029296875 0.20964583281250002 0.032218750000000004 0.2065 0.037671875 0.2060208328125 0.042046875 0.2079583328125
1 0.6696718749999999 0.5900833328124999 0.681453125 0.6215416671875 0.677921875 0.7096041671875 0.6849999999999999 0.7174791671875 0.700328125 0.7096041671875 0.71684375 0.6734375 0.709765625 0.607375 0.7026875 0.5932291671875001 0.6838124999999999 0.5885 0.6696718749999999 0.5900833328124999
1 0.8430156249999999 0.7797916671875 0.8661562500000001 0.7523541671875 0.8764375 0.7609375 0.88671875 0.7557916671875 0.906 0.6855208328125 0.903421875 0.6118541671875 0.889296875 0.5861458328125 0.87771875 0.6187083328125 0.8571562500000001 0.6443958328125 0.822453125 0.6598333328125 0.7877500000000001 0.6478333328125 0.768484375 0.7609375 0.791609375 0.7712083328125 0.8430156249999999 0.7797916671875
1 0.4166666671875 0.6395833328125 0.4075520828125 0.7161458328125 0.4125 0.71875 0.40625 0.7270833328124999 0.409375 0.7284722234375 0.40625 0.75 0.4140625 0.7854166671875 0.41875 0.7916666671875 0.4265625 0.7916666671875 0.434375 0.7979166671875 0.4828125 0.7979166671875 0.5015625 0.7791666671875 0.5203125 0.7229166671875 0.5203125 0.6604166671875 0.5459375 0.661 0.5984375 0.6895833328125 0.59375 0.725 0.5890625 0.7385416671875 0.5796875 0.75 0.584375 0.7520833328125 0.5875 0.7625 0.596875 0.76875 0.6171875 0.76875 0.6328125 0.7833333328125 0.6546875 0.78125 0.6671875 0.76875 0.671875 0.75625 0.675 0.7416666671875001 0.6828125 0.7395833328125 0.6953125 0.7458333328125 0.7078125 0.7458333328125 0.7234375 0.7583333328124999 0.765625 0.7583333328124999 0.7703125 0.7520833328125 0.784375 0.66875 0.775 0.6395833328125 0.78125 0.6395833328125 0.7953125 0.625 0.7921875 0.6229166671875 0.7875 0.6270833328125 0.7859375 0.6322916671875001 0.7809375000000001 0.6313888890625 0.7671875 0.6145833328125 0.796875 0.5875 0.7984375 0.58125 0.790625 0.5666666671875 0.778125 0.5583333328125 0.75625 0.5583333328125 0.7375 0.56875 0.728125 0.56875 0.71875 0.575 0.7109375 0.5854166671875001 0.70625 0.6 0.7109375 0.61875 0.7162499999999999 0.6695138890625 0.7115985578124999 0.674358975 0.65985576875 0.7046474359375 0.6526041671875 0.69930555625 0.6484375 0.6395833328125 0.646875 0.6354166671875 0.64375 0.6354166671875 0.6234375 0.68125 0.6067708328125 0.6868055562500001 0.5384375 0.6569166671875 0.5159374999999999 0.6446666671875 0.509375 0.65 0.5084375 0.6405833328125 0.5171875 0.6020833328124999 0.5125 0.5770833328125 0.5078125 0.5645833328125 0.4953125 0.5520833328125 0.4703125 0.55 0.4484375 0.5604166671875 0.4296875 0.58125 0.4203125 0.58125 0.4184375 0.5915833328125 0.4109375 0.5875 0.4205729171875 0.6067708328125 0.41796875 0.6286458328125 0.41875 0.6375 0.4166666671875 0.6395833328125