1 0.44362500000000005 0.51134375 0.44683333281250004 0.51115625 0.44706250000000003 0.506359375 0.444125 0.49806249999999996 0.4399375 0.49603125 0.43600000000000005 0.49050000000000005 0.4296041671875 0.49050000000000005 0.4234583328125 0.49253125000000003 0.421 0.495109375 0.4170625 0.496578125 0.412875 0.496765625 0.40131249999999996 0.496765625 0.3946666671875 0.49621875 0.3917291671875 0.496953125 0.3946666671875 0.5019375 0.40279166718750004 0.5074687499999999 0.41214583281249995 0.5091249999999999 0.41608333281250004 0.510234375 0.41977083281249994 0.513375 0.42270833281250003 0.5122656250000001 0.43181250000000004 0.505625 0.4330416671875 0.502859375 0.4372291671875 0.5095 0.44362500000000005 0.51134375
1 0.4984166671875 0.5016875 0.5015208328125 0.50065625 0.5008333328125001 0.49989062500000003 0.49704166718750004 0.499109375 0.49393750000000003 0.49884375 0.4901458328125 0.499109375 0.4860208328125 0.499375 0.4836041671875 0.499625 0.4801666671875 0.499625 0.4756875 0.49989062500000003 0.4739583328125 0.500140625 0.4739583328125 0.502984375 0.47670833281249997 0.506859375 0.47843749999999996 0.51021875 0.4801666671875 0.514359375 0.49429166718750006 0.5179843749999999 0.4956666671875 0.517203125 0.4956666671875 0.514875 0.4949791671875 0.513578125 0.49291666718749994 0.511 0.4911875 0.507890625 0.4873958328125 0.50634375 0.48566666718749996 0.504796875 0.4887708328125 0.50609375 0.49360416718750005 0.50609375 0.4973958328125 0.5022031250000001 0.4984166671875 0.5016875
1 0.4810416671875 0.517765625 0.47552083281249996 0.513171875 0.47489583281250003 0.509015625 0.47366666718749995 0.504875 0.4730625 0.5035000000000001 0.46752083281249995 0.503953125 0.46691666718749997 0.513171875 0.46997916718750005 0.5173125 0.47675 0.519609375 0.4810416671875 0.517765625
1 0.402125 0.49484374999999997 0.4103125 0.49762500000000004 0.41860416718750004 0.4959375 0.4197291671875 0.49400000000000005 0.41714583281250006 0.49106249999999996 0.40716666718749994 0.49140625 0.40347916718750004 0.491234375 0.40225 0.4915625 0.402125 0.49484374999999997
1 0.3918958328125 0.500375 0.3880416671875 0.49589062500000003 0.3855416671875 0.49878125000000006 0.3845833328125 0.506 0.3878541671875 0.5078750000000001 0.3920833328125 0.502828125 0.3918958328125 0.500375
0 0.614625 0.8276875 0.6173333328124999 0.8397343749999999 0.6252500000000001 0.837875 0.6296875 0.833984375 0.6333958328125 0.823234375 0.6385833328125 0.812859375 0.6314166671875 0.8067343749999999 0.6188125 0.8008124999999999 0.6020208328125001 0.8002499999999999 0.5906458328124999 0.8054375 0.5849583328125 0.812859375 0.592875 0.8134062500000001 0.6072083328125 0.81896875 0.614625 0.8276875
0 0.4699583328125 0.7498125 0.4725416671875 0.752390625 0.6188125 0.742703125 0.6171041671874999 0.739484375 0.6085 0.731734375 0.5874375 0.7242656249999999 0.5732083328125 0.732609375 0.5641875 0.723171875 0.5499791671875001 0.72140625 0.5353125000000001 0.727484375 0.5284791671875 0.726578125 0.5236666671875 0.71278125 0.5058333328125 0.70721875 0.4871666671875 0.714953125 0.4845833328125 0.7110937500000001 0.4605 0.704640625 0.446 0.710671875 0.4622083328125 0.7407812500000001 0.46825 0.7407812500000001 0.4699583328125 0.7498125
0 0.6721458328125001 0.80040625 0.6702291671875 0.795 0.6654166671875 0.792484375 0.6615833328125 0.78959375 0.6533958328125 0.7867031250000001 0.6375416671874999 0.7816562499999999 0.6332083328125 0.781296875 0.6212083328125 0.78021875 0.6154375 0.783828125 0.61975 0.789234375 0.6221666671875 0.794640625 0.6207291671874999 0.8000468749999999 0.6212083328125 0.8029375 0.6236041671875 0.804734375 0.6288958328125 0.807625 0.6351458328125 0.8105 0.6404375 0.809421875 0.6490833328125001 0.8065312499999999 0.666375 0.8050937499999999 0.6716666671875 0.804375 0.6721458328125001 0.80040625
0 0.5558958328125 0.8417031250000001 0.5584583328125 0.8494375 0.5661875000000001 0.8563906250000001 0.5733958328125001 0.8585156250000001 0.6073958328125 0.8531093750000001 0.6138333328125001 0.8473124999999999 0.61975 0.836109375 0.6176875 0.8285781249999999 0.6079166671875 0.817765625 0.5939166671875 0.813703125 0.5818333328125 0.813703125 0.5619166671875 0.8204375 0.5564166671875 0.8303125 0.5558958328125 0.836109375 0.5558958328125 0.8417031250000001
0 0.5070208328125 0.835796875 0.5125 0.84603125 0.516 0.8571562500000001 0.5323958328125 0.8474999999999999 0.5562083328125 0.843109375 0.5554375 0.8393124999999999 0.5530833328125 0.8267187500000001 0.5433333328125001 0.821453125 0.5347500000000001 0.8205625 0.5202916671875 0.821453125 0.5226458328125 0.83725 0.5163958328125 0.8375468749999999 0.5070208328125 0.835796875
0 0.5220625 0.8508281249999999 0.5180833328125 0.85465625 0.5254791671875 0.8704062499999999 0.528875 0.8750937499999999 0.549875 0.8725468749999999 0.5646458328125 0.8699843749999999 0.5663541671875 0.8674375 0.5669166671875 0.85721875 0.5578333328125 0.8491250000000001 0.541375 0.846140625 0.5220625 0.8508281249999999
0 0.584125 0.8698124999999999 0.5954166671875 0.8666406249999999 0.6010416671875001 0.8655781250000001 0.6222083328125 0.86346875 0.6391458328125 0.86346875 0.65325 0.8602812500000001 0.6744166671875 0.859234375 0.6885208328125 0.8560625 0.7012291671875001 0.852875 0.7082916671875 0.8550000000000001 0.71675 0.8550000000000001 0.7322708328124999 0.857109375 0.7421458328125 0.857109375 0.7520208328125 0.8539375 0.7576666671875001 0.8518281249999999 0.7605000000000001 0.848640625 0.7590833328125 0.843359375 0.7548541671875 0.841234375 0.7449791671875 0.8401875000000001 0.7379166671874999 0.8391249999999999 0.7350833328124999 0.8401875000000001 0.7294583328125 0.8391249999999999 0.7266250000000001 0.837 0.7223958328125 0.8348906250000001 0.7223958328125 0.83065625 0.7223958328125 0.828546875 0.7223958328125 0.82325 0.7223958328125 0.8221875000000001 0.71675 0.80103125 0.7195625 0.797859375 0.7209791671875 0.796796875 0.7238125 0.789390625 0.7238125 0.779859375 0.7096875 0.774578125 0.687125 0.7766875 0.6800625 0.773515625 0.673 0.7682187500000001 0.65325 0.765046875 0.6391458328125 0.7682187500000001 0.6320833328125001 0.774578125 0.6320833328125001 0.7788125 0.6405624999999999 0.7819843750000001 0.6447916671875 0.78303125 0.6504375 0.78515625 0.6574791671875 0.7883281249999999 0.673 0.7915 0.6744166671875 0.79996875 0.6716041671874999 0.79996875 0.6617291671875 0.8020781250000001 0.6476041671874999 0.8073750000000001 0.643375 0.811609375 0.6377291671875 0.82325 0.6335 0.83171875 0.6278541671875 0.837 0.6222083328125 0.8444218749999999 0.6179791671875 0.84759375 0.6109166671875 0.8518281249999999 0.6081041671875 0.8550000000000001 0.5996458328125 0.858171875 0.5812916671874999 0.86134375 0.5671875 0.8698124999999999 0.5742499999999999 0.8698124999999999 0.5798958328125 0.8698124999999999 0.584125 0.8698124999999999
0 0.4885833328125 0.5550312500000001 0.4949375 0.555984375 0.5009583328125 0.55621875 0.5060208328125 0.5550312500000001 0.5069791671874999 0.558359375 0.512375 0.558125 0.5161875 0.558359375 0.5228333328125 0.55765625 0.5247499999999999 0.5569375 0.5358333328125 0.558125 0.5532916671875 0.558359375 0.5580416671874999 0.557171875 0.5707291671875 0.55575 0.5704166671875 0.552171875 0.5634375 0.547890625 0.5608958328125 0.546703125 0.5561458328125 0.54575 0.5469375000000001 0.54575 0.538375 0.544328125 0.5279166671875 0.5448125 0.5215625 0.5464687500000001 0.5187083328125001 0.544328125 0.5072916671875001 0.542671875 0.4974583328125 0.543859375 0.495875 0.54575 0.4933541671875 0.5421875 0.48604166718749997 0.54053125 0.47874999999999995 0.54053125 0.4727291671875 0.5390937499999999 0.4676666671875 0.541953125 0.4648125 0.540046875 0.4565625 0.539328125 0.4511666671875 0.5398125 0.4483125 0.540046875 0.44704166718750005 0.5445625 0.4489375 0.54884375 0.4502083328125 0.55003125 0.45275 0.550984375 0.461625 0.55003125 0.4743125 0.551703125 0.4809791671875 0.55384375 0.4885833328125 0.5550312500000001
0 0.4640625 0.8467499999999999 0.4606041671875 0.8675312500000001 0.5125625 0.8675312500000001 0.5194791671875 0.8415625 0.4952291671875 0.8337656250000001 0.4640625 0.8467499999999999
0 0.4676875 0.843578125 0.4854583328125 0.8381718749999999 0.5054583328125 0.8356718750000001 0.5087916671875 0.833171875 0.43879166718749996 0.79440625 0.4293541671875 0.757328125 0.41600000000000004 0.754828125 0.402125 0.7560781249999999 0.397125 0.76315625 0.3882291671875 0.762328125 0.3765625 0.76025 0.3654583328125 0.76025 0.3615625 0.75940625 0.3604583328125 0.757328125 0.3565625 0.749 0.3482291671875 0.73940625 0.336875 0.73940625 0.31945833281249997 0.743765625 0.30204166718750003 0.766984375 0.2865625 0.7698750000000001 0.2672083328125 0.774234375 0.25947916718749997 0.784390625 0.25947916718749997 0.797453125 0.2575416671875 0.8105156250000001 0.2575416671875 0.829375 0.25947916718749997 0.83953125 0.2575416671875 0.858390625 0.4593541671875 0.867328125 0.4615625 0.850671875 0.4676875 0.843578125
0 0.3408333328125 0.522953125 0.2951041671875 0.5165625 0.2827083328125 0.5194687499999999 0.2819375 0.531671875 0.38035416718750004 0.5450468749999999 0.40049999999999997 0.5514375 0.4229583328125 0.54853125 0.40824999999999995 0.523546875 0.3640833328125 0.517140625 0.3408333328125 0.522953125
0 0.4492916671875 0.56878125 0.44729166718749996 0.5647031250000001 0.4415833328125 0.563 0.43614583281249997 0.56578125 0.433 0.563203125 0.4287291671875 0.5625625000000001 0.4224375 0.5625625000000001 0.41929166718750005 0.5625625000000001 0.4141666671875 0.558921875 0.40872916718749996 0.5580625 0.40158333281249997 0.5608593749999999 0.3981666671875 0.562140625 0.3930208328125 0.5645 0.39045833281250003 0.5615 0.38675000000000004 0.5565625 0.3798958328125 0.554859375 0.37075 0.5555 0.3670416671875 0.555921875 0.3604583328125 0.55571875 0.3576041671875 0.556140625 0.35389583281250003 0.553359375 0.34989583281250003 0.55078125 0.34275 0.550359375 0.3378958328125 0.551859375 0.3370416671875 0.55228125 0.3324791671875 0.5509999999999999 0.32677083281249997 0.552078125 0.3233333328125 0.554421875 0.325625 0.5615 0.40016666718750005 0.570921875 0.4070208328125 0.563859375 0.4492916671875 0.56878125
3 0.2441458328125 0.639515625 0.2473541671875 0.636328125 0.2452083328125 0.632328125 0.2452083328125 0.6307343750000001 0.2494791671875 0.62753125 0.24787499999999998 0.623140625 0.2430833328125 0.6199375 0.2494791671875 0.61634375 0.2500208328125 0.611140625 0.24575 0.60834375 0.23402083281250002 0.6035468749999999 0.2281666671875 0.60475 0.22335416718749998 0.6079375 0.22122916718750002 0.611140625 0.215375 0.607140625 0.2132291671875 0.601953125 0.20416666718749998 0.5995468749999999 0.1945833328125 0.59915625 0.185 0.601953125 0.1764583328125 0.59834375 0.1663333328125 0.597953125 0.1599375 0.59834375 0.1551458328125 0.593546875 0.1476875 0.589953125 0.1370208328125 0.589953125 0.1290208328125 0.59275 0.1237083328125 0.5955468749999999 0.1231666671875 0.5995468749999999 0.11837500000000001 0.6011562500000001 0.11410416718750001 0.605546875 0.1130416671875 0.607140625 0.10558333281250001 0.61034375 0.10079166718749999 0.614734375 0.0970416671875 0.6267343750000001 0.0959791671875 0.627125 0.130625 0.6331249999999999 0.24362499999999998 0.6463125 0.24681250000000002 0.6423281249999999 0.2441458328125 0.639515625
3 0.2638125 0.6415 0.2658125 0.64896875 0.35331250000000003 0.657171875 0.3483541671875 0.64896875 0.3393958328125 0.6482187500000001 0.3344166671875 0.6415 0.3264791671875 0.63553125 0.3185208328125 0.63553125 0.343375 0.6153906250000001 0.3344166671875 0.61465625 0.3274583328125 0.616140625 0.3225 0.6109218750000001 0.3135416671875 0.6086875 0.3026041671875 0.609421875 0.296625 0.61390625 0.2936458328125 0.617640625 0.2866875 0.61390625 0.27675 0.6131562500000001 0.2727708328125 0.6131562500000001 0.2628125 0.616890625 0.2608333328125 0.62584375 0.2608333328125 0.6347968749999999 0.2638125 0.6415
3 0.40822916718749996 0.6229843749999999 0.39827083281250003 0.616703125 0.38075000000000003 0.616703125 0.3711875 0.623875 0.3723958328125 0.6334375 0.37716666718749997 0.6403125000000001 0.3962916671875 0.6403125000000001 0.4014583328125 0.64 0.40864583281250005 0.63253125 0.40822916718749996 0.6229843749999999
1 0.39068749999999997 0.48665624999999996 0.3822083328125 0.48864062500000005 0.3822083328125 0.49979687500000003 0.3842708328125 0.5005 0.38747916718750003 0.49598437500000003 0.391625 0.49824999999999997 0.3952083328125 0.49584374999999997 0.3991666671875 0.49217187500000004 0.4014166671875 0.48878125 0.3991666671875 0.4885 0.39068749999999997 0.48665624999999996
0 0.0876875 0.838953125 0.09406250000000001 0.81953125 0.0890625 0.804546875 0.061812500000000006 0.7946718749999999 0.0454583328125 0.7946718749999999 0.0341041671875 0.7994375 0.0236666671875 0.8110156249999999 0.0186666671875 0.827359375 0.0195833328125 0.835875 0.0876875 0.838953125
0 0.0190104171875 0.788671875 0 0.796875 0.0041666671875 0.840625 0.0166666671875 0.840625 0.0208333328125 0.8375 0.0208333328125 0.8203125 0.03125 0.803125 0.0458333328125 0.7953125 0.0625 0.7953125 0.0895833328125 0.80625 0.09375 0.81875 0.0875 0.8390625 0.0895833328125 0.8421875 0.1458333328125 0.8421875 0.175 0.8484375 0.2125 0.85 0.2166666671875 0.853125 0.23333333281250002 0.853125 0.2375 0.85 0.2375 0.821875 0.23125 0.815625 0.21458333281250003 0.8125 0.2104166671875 0.8078125 0.2270833328125 0.7953125 0.23958333281250002 0.7953125 0.24375 0.7921875 0.24479166718749998 0.78359375 0.29375 0.7819196421875 0.5020833328125 0.79913903125 0.50625 0.8046875 0.50625 0.8140625 0.51875 0.821875 0.54375 0.821875 0.55625 0.8296875 0.5625 0.8546875 0.56875 0.8578125 0.5666666671875 0.8625 0.5333333328125 0.8765625 0.5479166671875 0.8765625 0.5479166671875 0.87421875 0.55 0.8734375 0.5604166671875 0.8734375 0.5625 0.871875 0.5708333328124999 0.8734375 0.5729166671875 0.8671875 0.5854166671875001 0.871875 0.5895833328125 0.86875 0.6 0.86875 0.6 0.859375 0.6208333328125 0.846875 0.6208333328125 0.8390625 0.6270833328125 0.8375 0.63125 0.834375 0.6333333328124999 0.8265625 0.6361111109375 0.8255208328125001 0.6354166671875 0.81875 0.6409722234374999 0.8166666671874999 0.6375 0.8109375 0.6458333328125 0.8078125 0.65805555625 0.8053125 0.7791666671875 0.790625 0.8 0.8078125 0.8208333328125 0.80625 0.8354166671875 0.7921875 0.871875 0.81875 0.8729166671874999 0.8296875 0.8833333328125 0.8375 0.89375 0.840625 0.91875 0.840625 0.94375 0.853125 0.95 0.8578125 0.9625 0.8578125 0.96875 0.8515625 0.96875 0.8453125 0.9625 0.8390625 0.95 0.8390625 0.94375 0.84375 0.9408854171875 0.8345703125 0.9317708328125001 0.830078125 0.925 0.834375 0.92430555625 0.825 0.92265625 0.8255859375 0.9135416671875 0.82109375 0.9236111109375 0.815625 0.9229166671875 0.80625 0.9166666671874999 0.8015625 0.9083333328125001 0.8 0.8958333328125001 0.8 0.8953125 0.812109375 0.8861979171875 0.8076171875 0.8833333328125 0.8 0.8708333328125001 0.8078125 0.8675925921875001 0.79930555625 0.8391203703125001 0.787847221875 0.8354166671875 0.78125 0.8296296296874999 0.784027778125 0.8201388890624999 0.7802083328125 0.8291666671875 0.7671875 0.825 0.7640625 0.8114583328125 0.7640625 0.8106481484374999 0.7763888890625 0.8011574078124999 0.7725694437499999 0.7979166671875 0.7640625 0.7916666671875 0.76875 0.7813888890625 0.7715625 0.7791666671875 0.7796875 0.7711111109375001 0.774375 0.6683333328125001 0.8025 0.6270833328125 0.8100260421875 0.6166666671875001 0.8091145828125 0.6208333328125 0.803125 0.61875 0.7796875 0.6166666671875001 0.7859375 0.60625 0.7791666671875 0.58125 0.778125 0.575 0.7828125 0.5708333328124999 0.7921875 0.5779761890625 0.798883928125 0.575 0.80546875 0.5708333328124999 0.809375 0.5645833328125 0.8045572921874999 0.5541666671875001 0.8078125 0.5541666671875001 0.8036458328125 0.54375 0.802734375 0.5375 0.80625 0.53125 0.8 0.2520833328125 0.778475765625 0.24583333281250003 0.775 0.2416666671875 0.7776147953125 0.23125 0.7767538265625 0.2375 0.7682291671875 0.2208333328125 0.7546875 0.20625 0.75625 0.20208333281250002 0.7520833328125 0.2 0.7390625 0.18125 0.7265625 0.1583333328125 0.7265625 0.1330729171875 0.739453125 0.130324075 0.7451388890625 0.1208333328125 0.7421875 0.1208333328125 0.7296875 0.10625 0.721875 0.06875 0.721875 0.05625 0.7296875 0.054166667187499996 0.7390625 0.010416667187500001 0.7359375 0.0041666671875 0.740625 0.0020833328125000002 0.7578125 0.0125 0.75867346875 0.0020833328125000002 0.76875 0.0020833328125000002 0.7796875 0.0190104171875 0.788671875