1 0.4893541671875 0.48081250000000003 0.5070833328125001 0.48346875 0.5212708328125 0.478140625 0.5248125 0.46218750000000003 0.5070833328125001 0.44090625 0.49291666718749994 0.419640625 0.528375 0.40634375 0.5602916671875 0.395703125 0.567375 0.37975 0.5780208328125 0.37707812500000004 0.567375 0.36112500000000003 0.606375 0.345171875 0.6028333328125 0.33187500000000003 0.5815625 0.31059375 0.5602916671875 0.31590625 0.5425625000000001 0.31325 0.5141875 0.30793750000000003 0.4893541671875 0.31325 0.49291666718749994 0.326546875 0.5035416671874999 0.33187500000000003 0.528375 0.33187500000000003 0.528375 0.33718750000000003 0.5070833328125001 0.342515625 0.48581250000000004 0.345171875 0.47872916718749997 0.350484375 0.4574375 0.36378125 0.432625 0.41431250000000003 0.40070833281249996 0.494109375 0.4290833328125 0.5100625 0.43970833281250005 0.499421875 0.47162499999999996 0.51271875 0.48227083281249994 0.50475 0.47872916718749997 0.494109375 0.4893541671875 0.5020781249999999 0.4893541671875 0.494109375 0.4893541671875 0.48081250000000003
1 0.4494375 0.8337031250000001 0.4254583328125 0.813484375 0.37752083281250004 0.8 0.3355833328125 0.77753125 0.2516875 0.761796875 0.21872916718750002 0.7483125 0.1707916671875 0.741578125 0.1617916671875 0.7483125 0.1617916671875 0.784265625 0.1737916671875 0.8067343749999999 0.20375000000000001 0.8157343750000001 0.2486875 0.8337031250000001 0.33258333281249997 0.835953125 0.4224791671875 0.840453125 0.44343750000000004 0.840453125 0.4494375 0.8337031250000001
1 0.7551666671875 0.294625 0.7569583328125 0.289515625 0.7623333328124999 0.288703125 0.7648541671875 0.28142187500000004 0.7648541671875 0.275765625 0.753 0.27065625 0.753 0.266609375 0.7461666671875 0.26768749999999997 0.744375 0.297859375 0.7476041671875 0.29867187500000003 0.7551666671875 0.294625
1 0.8114791671875 0.245953125 0.7940416671875 0.252140625 0.78325 0.25475 0.7772291671875 0.25784375000000004 0.7902291671875 0.26165625000000003 0.8019791671875 0.26475 0.8114791671875 0.262125 0.82575 0.255234375 0.8273333328125 0.250234375 0.8225833328125001 0.2464375 0.8114791671875 0.245953125
1 0.40475000000000005 0.4345625 0.3942708328125 0.450765625 0.3942708328125 0.473890625 0.4022916671875 0.490546875 0.4109375 0.46325000000000005 0.42758333281249994 0.43503125000000004 0.4269583328125 0.42207812499999997 0.4133958328125 0.42715625 0.40475000000000005 0.4345625
1 0.7841666671875 0.275953125 0.8105833328125 0.275953125 0.80475 0.26823437499999997 0.7927500000000001 0.262046875 0.77525 0.259484375 0.7625416671874999 0.26 0.7553333328125 0.263859375 0.756375 0.27028125 0.7663125 0.27414062499999997 0.7642708328125 0.27414062499999997 0.7666666671875 0.2756875 0.7841666671875 0.275953125
1 0.6381458328125 0.30903125 0.587625 0.30434375 0.5683333328125 0.309453125 0.5870625 0.315421875 0.6262291671875 0.325640625 0.6398541671875 0.32606250000000003 0.6500625 0.315421875 0.6381458328125 0.30903125
1 0.8440208328125 0.244296875 0.8275 0.242140625 0.8199583328125 0.24537499999999998 0.8267708328125 0.249421875 0.8246249999999999 0.255078125 0.8228125000000001 0.257765625 0.8328749999999999 0.257765625 0.8432916671875 0.261265625 0.8540833328125 0.25534375 0.8440208328125 0.244296875
1 0.6798124999999999 0.2816875 0.6825208328125 0.286140625 0.6879375 0.285734375 0.6917083328125 0.27884375 0.6949583328125 0.28250000000000003 0.7030624999999999 0.2800625 0.7014375 0.274390625 0.7176666671875 0.27721874999999996 0.7230624999999999 0.273984375 0.7236041671875 0.270734375 0.7211875 0.26956250000000004 0.7202708328125 0.262015625 0.713875 0.260640625 0.7160416671875 0.270734375 0.7117083328125 0.272359375 0.7074583328124999 0.27059375 0.6996666671875 0.27265625 0.6996666671875 0.2640625 0.6886875 0.26853125 0.6877708328125001 0.27678125 0.6818125 0.278828125 0.6781666671875 0.27334375 0.6745 0.27540624999999996 0.6745 0.278484375 0.6767916671875 0.281578125 0.6798124999999999 0.2816875
1 0.648625 0.329140625 0.6826666671875 0.3273125 0.6984583328125 0.308171875 0.6826666671875 0.27717187499999996 0.6401041671875001 0.288109375 0.5987916671875 0.287203125 0.5987916671875 0.299046875 0.6 0.303609375 0.6474166671875 0.31546875 0.648625 0.329140625
1 0.6155208328125 0.503984375 0.5739166671875 0.500875 0.5142708328125 0.49046874999999995 0.49485416718749997 0.4831875 0.49068750000000005 0.500875 0.4962291671875 0.511265625 0.5572708328125 0.527921875 0.6099791671875 0.526875 0.6224583328125 0.5175156249999999 0.6155208328125 0.503984375
1 0.9355 0.32623437499999997 0.9463541671875 0.325171875 0.9532083328125 0.324515625 0.9552083328125001 0.323234375 0.9423541671875 0.317875 0.9315 0.31637499999999996 0.9109375 0.314234375 0.9037916671874999 0.314234375 0.8983541671875 0.311453125 0.8952291671875001 0.311453125 0.8932291671874999 0.31403125 0.8932291671874999 0.31809375 0.8932291671874999 0.318953125 0.8957916671874999 0.32109375 0.9063541671875001 0.325171875 0.9143541671875001 0.32687499999999997 0.9237916671875 0.32687499999999997 0.9355 0.32623437499999997
1 0.8546666671875001 0.312265625 0.8783333328125 0.3143125 0.8947083328125001 0.308171875 0.8610208328125 0.30407812500000003 0.8610208328125 0.30203125000000003 0.8519166671875 0.308171875 0.8546666671875001 0.312265625