1 0.26553125 0.25459695 0.26021875 0.261416121875 0.265125 0.272244009375 0.2704375 0.282505446875 0.273703125 0.28078431406250004 0.27696875 0.264270153125 0.27575 0.25174291875 0.27125 0.2352287578125 0.265125 0.21699346406250003 0.2581875 0.21529411718749997 0.263078125 0.2261002171875 0.26553125 0.25459695
1 0.36109375 0.715054465625 0.348140625 0.6969934640625 0.33365625 0.7097385625 0.315359375 0.7097385625 0.332125 0.7639651421875 0.365671875 0.7894771234375 0.38778125 0.7905228765625 0.42589062499999997 0.786274509375 0.44114062499999995 0.778845315625 0.446484375 0.7639651421875 0.419796875 0.7554466234375 0.42589062499999997 0.7278213499999999 0.419796875 0.722505446875 0.41140625000000003 0.738453159375 0.40303125 0.706557734375 0.389296875 0.7288888890624999 0.381671875 0.70337690625 0.36871875 0.7001742921874999 0.3664375 0.715054465625 0.36109375 0.715054465625
1 0.5454375 0.6499782140625 0.5402812499999999 0.644923746875 0.536078125 0.6472766890625 0.534140625 0.648867103125 0.5340625 0.652244009375 0.538984375 0.659782134375 0.54859375 0.661023965625 0.545125 0.6561655765625 0.5454375 0.6499782140625
1 0.6305468750000001 0.6044226578125 0.6264062499999999 0.6048583875 0.61778125 0.6044226578125 0.5989687499999999 0.617777778125 0.592578125 0.617777778125 0.58046875 0.6186492375 0.563875 0.632897603125 0.5779062500000001 0.6600217859375 0.601203125 0.6609150328125 0.6251249999999999 0.660479303125 0.625765625 0.6408932468749999 0.6305468750000001 0.6173202609375 0.6305468750000001 0.6044226578125
1 0.31642187499999996 0.1757734203125 0.31051562499999996 0.1773420484375 0.29674999999999996 0.1836165578125 0.29421875000000003 0.1949673203125 0.2995625 0.20281045781249998 0.308546875 0.21300653593750002 0.308828125 0.21886710312500002 0.29984375 0.2223965140625 0.3006875 0.23612200468750003 0.310234375 0.23690631875 0.315859375 0.23612200468750003 0.32934375 0.2282788671875 0.341421875 0.2204357296875 0.349015625 0.21418300625 0.35350000000000004 0.2086928109375 0.35378125 0.20281045781249998 0.354625 0.1969281046875 0.35378125 0.18636165625 0.3563125 0.1796949890625 0.35715625 0.17148148125 0.341703125 0.16246187343750002 0.33384375 0.159716775 0.32821875 0.1687363828125 0.32146875 0.1699128546875 0.31642187499999996 0.1757734203125
1 0.165734375 0.12477124218749999 0.14445312500000002 0.133159040625 0.15231250000000002 0.15315904062500002 0.16018749999999998 0.1525272328125 0.171296875 0.158322440625 0.16990624999999998 0.16285403125 0.154171875 0.1822004359375 0.158796875 0.1996296296875 0.16528125 0.1996296296875 0.17915625 0.1938126359375 0.186109375 0.1822004359375 0.185171875 0.21640522812500002 0.188875 0.218997821875 0.19490625 0.2280174296875 0.20970312500000002 0.21834422656250002 0.21387499999999998 0.22028322500000003 0.21942187500000002 0.2170588234375 0.22590625000000003 0.22738562031249998 0.232390625 0.23254902031250002 0.23748437500000003 0.2093028328125 0.24489062499999997 0.2112418296875 0.25182812499999996 0.21189542499999997 0.25553125 0.21446623125 0.26525 0.21446623125 0.26803125 0.2009150328125 0.270796875 0.195751634375 0.276359375 0.1880174296875 0.278203125 0.18673202656250001 0.28145312499999997 0.17575163437500002 0.276359375 0.15897603437500002 0.27404687499999997 0.1434858390625 0.26940624999999996 0.13381263593749998 0.254140625 0.12283224374999999 0.23840625000000001 0.120893246875 0.22174999999999997 0.12734204843750002 0.21109375 0.133159040625 0.20600000000000002 0.13703703750000001 0.193515625 0.12734204843750002 0.165734375 0.12477124218749999
1 0.760296875 0.7314596953125 0.754203125 0.7314596953125 0.7381875 0.7197603484374999 0.717609375 0.7155119828125 0.7115 0.7229629625 0.71303125 0.7367755984375 0.70921875 0.75379085 0.7076875 0.7707843140625 0.712265625 0.773986928125 0.722171875 0.77716775625 0.723703125 0.7793028328125 0.73590625 0.7888671031250001 0.72521875 0.8048148140625001 0.748859375 0.8122440093750001 0.749625 0.8122440093750001 0.7458125 0.7994989109375 0.780109375 0.8005446624999999 0.78621875 0.797363834375 0.78621875 0.796296296875 0.796125 0.77716775625 0.80603125 0.7622875812500001 0.80984375 0.7484749453124999 0.793078125 0.7442265796875 0.79078125 0.7197603484374999 0.777828125 0.7378431375 0.7717343750000001 0.7378431375 0.7610625 0.7314596953125 0.760296875 0.7314596953125
1 0.67865625 0.7898257078124999 0.6713125 0.7854248359375 0.6660625 0.782505446875 0.65715625 0.782505446875 0.65453125 0.7854248359375 0.6550625 0.79420479375 0.6550625 0.7993246187499999 0.648234375 0.802244009375 0.645625 0.8051633984375 0.65034375 0.8095642703125 0.6524375 0.81174291875 0.6524375 0.8212636171875 0.65034375 0.8278431375 0.65190625 0.8293028328125001 0.65715625 0.83148148125 0.6634375 0.832222221875 0.674984375 0.8285620921874999 0.68075 0.8344226578124999 0.686515625 0.8344226578124999 0.697 0.839542484375 0.7069687499999999 0.8417211328124999 0.7111562499999999 0.8417211328124999 0.71378125 0.841002178125 0.7169218749999999 0.8329629625000001 0.7143125 0.8212636171875 0.724796875 0.8000435734375 0.7253125 0.7927450984375 0.7253125 0.7839651421875 0.721125 0.7810457515625 0.717453125 0.7832461875 0.71325 0.7905446625 0.702765625 0.7934640515625 0.69228125 0.787625271875 0.687046875 0.7854248359375 0.68075 0.78688453125 0.67865625 0.7898257078124999
1 0.8324999999999999 0.8496949890625001 0.8236874999999999 0.816949890625 0.8031406249999999 0.803311546875 0.78553125 0.81013071875 0.750296875 0.8442483656249999 0.7581249999999999 0.8578867109375 0.8070468749999999 0.8633333328124999 0.8324999999999999 0.8496949890625001
1 0.822515625 0.8381263609375 0.8269375 0.8486710234375 0.83196875 0.852483659375 0.8430937500000001 0.8533551203125 0.8487656250000001 0.851895425 0.852546875 0.8477995640625 0.8563281249999999 0.8393028328125001 0.8588437499999999 0.8281699343750001 0.853390625 0.8272984750000001 0.838484375 0.8252505453125 0.82378125 0.830217865625 0.8195781249999999 0.8343355125 0.822515625 0.8381263609375
1 0.85803125 0.8150762531250001 0.85740625 0.8227015249999999 0.86096875 0.8317647062500001 0.8647500000000001 0.8367538124999999 0.8723124999999999 0.8367538124999999 0.87440625 0.829128540625 0.873984375 0.814793028125 0.8668437499999999 0.8039651421875 0.8620156250000001 0.8066013078125 0.85803125 0.8150762531250001
1 0.867953125 0.780217865625 0.872265625 0.7897385625 0.8845000000000001 0.799782134375 0.8935000000000001 0.7927450984375 0.895296875 0.8012854031250001 0.901765625 0.81581699375 0.9021250000000001 0.8253594765625 0.920484375 0.82986928125 0.929828125 0.8283660125000001 0.93775 0.8308714593750001 0.9391875000000001 0.8349019609375 0.9417031250000001 0.8399128546875 0.954296875 0.8389106749999999 0.9615 0.8328758171875 0.9672499999999999 0.832374728125 0.975171875 0.8308714593750001 0.9809218749999999 0.8238562093749999 0.98525 0.8183442265625 0.9938750000000001 0.8088017421875 0.9938750000000001 0.7947494546875 0.991 0.7927450984375 0.9856093749999999 0.792244009375 0.972296875 0.7972549015625 0.97121875 0.7892374734375001 0.960421875 0.7902396515625 0.9460312500000001 0.7962527234375 0.944953125 0.790740740625 0.9431406250000001 0.7786928109375 0.940625 0.769673203125 0.9334374999999999 0.780217865625 0.933078125 0.7796949890625 0.92875 0.7596296296875 0.921921875 0.7516122000000001 0.9165156250000001 0.7576252718750001 0.9168749999999999 0.7781917218750001 0.91615625 0.7817211328125 0.9118437500000001 0.7791939 0.894578125 0.768169934375 0.886296875 0.769673203125 0.8830625 0.7796949890625 0.8798281250000001 0.7796949890625 0.867953125 0.780217865625
1 0.3074375 0.716557734375 0.30290625000000004 0.71498910625 0.28707812499999996 0.7228758171874999 0.262203125 0.7228758171874999 0.24184375 0.7276034859375 0.22940624999999998 0.744945534375 0.23167187500000003 0.7654466234374999 0.2350625 0.7780610015625 0.24184375 0.8064488015625001 0.26106250000000003 0.80960784375 0.268984375 0.8222222218749999 0.274640625 0.831677559375 0.28934375 0.8206318078124999 0.28934375 0.82379085 0.30290625000000004 0.8253594765625 0.304046875 0.8127450984375001 0.311953125 0.8080174296875 0.328921875 0.7859477125 0.32214062499999996 0.7796296296875 0.3311875 0.7686056640625 0.327796875 0.7512636171875 0.32214062499999996 0.744945534375 0.31648437500000004 0.71498910625 0.315359375 0.7134204796875 0.31309375 0.7102614375 0.3074375 0.716557734375
1 0.0625 0.1655773421875 0.071875 0.222222221875 0.071875 0.2483660125 0.0671875 0.26797385625 0.0671875 0.2984749453125 0.071875 0.31154684062500004 0.084375 0.3246187359375 0.1171875 0.3224400875 0.11875 0.3529411765625 0.1296875 0.37690631875 0.1390625 0.3877995640625 0.153125 0.3877995640625 0.159375 0.3812636171875 0.171875 0.3812636171875 0.1828125 0.366013071875 0.1921875 0.3638344234375 0.2 0.348583878125 0.1984375 0.3224400875 0.2015625 0.31154684062500004 0.209375 0.3202614375 0.21022873749999998 0.3256519109375 0.2125 0.3224400875 0.2171875 0.3267973859375 0.2155605671875 0.33362531875 0.306201675 0.4691732359375 0.30625 0.47494553437500003 0.290625 0.4771241828125 0.278125 0.46623093750000005 0.2609375 0.46623093750000005 0.2484375 0.47930283281249997 0.2421875 0.5032679734375 0.2328125 0.5228758171875 0.2328125 0.546840959375 0.2390625 0.5708061 0.2296875 0.5925925921874999 0.21875 0.58823529375 0.2078125 0.57298475 0.18125 0.57298475 0.1734375 0.5773420484375 0.165625 0.58823529375 0.1609375 0.6078431375 0.1453125 0.6405228765625 0.1453125 0.6579520703124999 0.153125 0.6775599125 0.159375 0.686274509375 0.171875 0.6884531593750001 0.171875 0.6928104578125 0.1765625 0.69825708125 0.1703125 0.7189542484375 0.1484375 0.721132896875 0.1375 0.73202614375 0.128125 0.7472766890625 0.096875 0.7472766890625 0.0921875 0.7538126359375 0.0921875 0.7712418296875 0.1 0.7799564265625001 0.1015625 0.795206971875 0.10625 0.8017429187499999 0.1203125 0.8017429187499999 0.125 0.795206971875 0.1453125 0.795206971875 0.1546875 0.8039215687500001 0.18125 0.812636165625 0.19375 0.830065359375 0.2203125 0.830065359375 0.23125 0.810457515625 0.23125 0.7487291218750001 0.23510638281250001 0.7395818843749999 0.23125 0.7363834421875 0.2390625 0.73202614375 0.24271941562500002 0.7371251109375 0.250332446875 0.7346683359374999 0.2515625 0.7254901953124999 0.265625 0.723311546875 0.2655585109375 0.7297547859375 0.271875 0.723311546875 0.2734375 0.723311546875 0.2731715421875 0.7272980109375 0.280784575 0.7248412375 0.2859375 0.7189542484375 0.2890625 0.7189542484375 0.28839760625 0.7223844625 0.2953125 0.7167755984374999 0.2960106390625 0.7199276890624999 0.3015625 0.71459695 0.30362367031250004 0.7174709125 0.3078125 0.7102396515625 0.3109375 0.7080610015625 0.3112367015625 0.7150141375 0.35691489375 0.700273490625 0.3609375 0.6928104578125 0.36452792500000003 0.6978167140625 0.378125 0.7015250546875 0.396875 0.71459695 0.4015625 0.7102396515625 0.409375 0.723311546875 0.425 0.7276688453125 0.425 0.7385620921875 0.4296875 0.758169934375 0.4453125 0.7647058828125 0.4421875 0.777777778125 0.4328125 0.784313725 0.4328125 0.8235294124999999 0.44375 0.8453159046875 0.4515625 0.8518518515625001 0.4765625 0.8518518515625001 0.49375 0.8496732031249999 0.5046875 0.8409586062500001 0.528125 0.8997821343749999 0.5234375 0.9063180828125 0.5234375 0.921568628125 0.5265625 0.936819171875 0.53125 0.9433551203125001 0.5984375 0.9455337687500001 0.634375 0.9302832249999999 0.6421875 0.9172113296875001 0.6421875 0.9063180828125 0.6375 0.8976034859375 0.6 0.8954248359375001 0.596875 0.8823529406249999 0.590625 0.87363834375 0.5796875 0.87363834375 0.5796875 0.69652005 0.63125 0.6999835578125 0.725 0.7995642703125 0.7296875 0.8082788671875001 0.7203125 0.8093681921875 0.715625 0.8191721140625001 0.715625 0.8278867109375 0.71875 0.832244009375 0.765625 0.830065359375 0.7859375 0.810457515625 0.7859375 0.7995642703125 0.79375 0.7886710234375001 0.7984375 0.7973856203125 0.7953125 0.8017429187499999 0.7953125 0.8082788671875001 0.8046875 0.8061002171875 0.8234375 0.8169934640625 0.8265625 0.8278867109375 0.8463541671874999 0.8278867109375 0.846875 0.8540305015625 0.85625 0.8409586062500001 0.85625 0.8671023968749999 0.8875 0.8671023968749999 0.8921875 0.8627450984375 0.909375 0.8605664484375 0.9171875 0.8518518515625001 0.9203125 0.8431372546875 0.9203125 0.830065359375 0.903125 0.8257080609375 0.89375 0.795206971875 0.8828125 0.7995642703125 0.8734375 0.7908496734375 0.875 0.777777778125 0.8828125 0.777777778125 0.890625 0.7690631812500001 0.9046875 0.7734204796874999 0.9125 0.760348584375 0.9109375 0.7472766890625 0.90625 0.740740740625 0.896875 0.740740740625 0.8875 0.7494553374999999 0.875 0.7472766890625 0.8671875 0.742919390625 0.8609375 0.73420479375 0.85625 0.73420479375 0.846875 0.723311546875 0.828125 0.7254901953124999 0.821875 0.73420479375 0.8171875 0.7538126359375 0.8078125 0.7559912859375 0.7890625 0.7908496734375 0.778125 0.7995642703125 0.746875 0.7995642703125 0.7484375 0.812636165625 0.7390625 0.810457515625 0.7359375 0.8082788671875001 0.73671875 0.7995642703125 0.625 0.69334484375 0.5875 0.6535125578125001 0.5796875 0.6522404749999999 0.58125 0.64687384375 0.5796875 0.64117058125 0.575 0.64023513125 0.56875 0.633596415625 0.5796875 0.6301006890624999 0.5796875 0.48619207343750004 0.5768229171875 0.47555071406250005 0.5796875 0.47512218125 0.58125 0.46623093750000005 0.590625 0.47276688437500003 0.609375 0.47276688437500003 0.61875 0.46623093750000005 0.628125 0.4509803921875 0.6390625 0.40087145937499996 0.6390625 0.355119825 0.6328125 0.3355119828125 0.6171875 0.3202614375 0.5984375 0.3202614375 0.584375 0.3333333328125 0.5625 0.33769063125 0.55 0.3529411765625 0.546875 0.3616557734375 0.5453125 0.3899782140625 0.5140625 0.3812636171875 0.5140625 0.34422657968750003 0.5109375 0.331154684375 0.5 0.313725490625 0.4875 0.30501089375 0.453125 0.30501089375 0.446875 0.3093681921875 0.428125 0.31154684062500004 0.415625 0.3180827890625 0.403125 0.3333333328125 0.375625 0.3093681921875 0.3703125 0.2984749453125 0.3625 0.2897603484375 0.35 0.2897603484375 0.346875 0.2810457515625 0.3640625 0.2461873640625 0.3640625 0.23093681875 0.35625 0.215686275 0.35 0.213507625 0.328125 0.23093681875 0.3140625 0.23747276718750002 0.3125 0.241830065625 0.3015625 0.23747276718750002 0.3 0.224400871875 0.30625 0.2200435734375 0.30625 0.2113289765625 0.2953125 0.19825708125 0.2953125 0.18954248437500001 0.2828125 0.18954248437500001 0.28125 0.1568627453125 0.290625 0.1459694984375 0.2953125 0.1307189546875 0.2953125 0.08714596875 0.2890625 0.069716775 0.2625 0.030501089062499997 0.2578125 0.01742919375 0.25 0.008714596875 0.2375 0.008714596875 0.2265625 0.0217864921875 0.2140625 0.06535947656249999 0.2109375 0.0675381265625 0.20625 0.0675381265625 0.1984375 0.052287581250000006 0.1875 0.043572984375 0.1484375 0.0413943359375 0.140625 0.0479302828125 0.13125 0.063180828125 0.1171875 0.063180828125 0.103125 0.078431371875 0.078125 0.0762527234375 0.0703125 0.0827886703125 0.0625 0.0958605671875 0.06875 0.10249928125 0.0625 0.10748002812499999 0.0625 0.1655773421875