2 0.10445833281250001 0.8286562500000001 0.10145833281250001 0.828375 0.0864791671875 0.837078125 0.066625 0.8466250000000001 0.0486458328125 0.856171875 0.0385416671875 0.860390625 0.0482708328125 0.8674062499999999 0.0936041671875 0.8457812499999999 0.10633333281249999 0.840734375 0.1100833328125 0.8331406250000001 0.10445833281250001 0.8286562500000001
2 0.32360416718749996 0.862921875 0.2157291671875 0.9303437499999999 0.2307083328125 0.9438124999999999 0.3116041671875 0.8898906249999999 0.32360416718749996 0.862921875
2 0.2916666671875 0.8077500000000001 0.2986458328125 0.7931874999999999 0.3211875 0.770453125 0.3429375 0.733171875 0.3421666671875 0.727921875 0.3273958328125 0.725 0.3064166671875 0.7553124999999999 0.28854166718749996 0.7873593750000001 0.2768958328125 0.808921875 0.2784583328125 0.8141562499999999 0.2854375 0.8141562499999999 0.2916666671875 0.8077500000000001
2 0.3306666671875 0.676921875 0.3246666671875 0.669734375 0.313875 0.670859375 0.3102916671875 0.6776093750000001 0.307 0.68546875 0.2988958328125 0.7162499999999999 0.2982916671875 0.721875 0.3186666671875 0.72996875 0.3189791671875 0.7113125 0.3225625 0.706359375 0.3315625 0.686140625 0.3306666671875 0.676921875
2 0.6839375000000001 0.717703125 0.6911666671875001 0.72115625 0.7101875 0.72803125 0.7475833328125 0.7378750000000001 0.7705625 0.743296875 0.7803958328125 0.7423124999999999 0.7849791671874999 0.73246875 0.7797291671875 0.729515625 0.7554583328125 0.72509375 0.722 0.71671875 0.7160833328125 0.71671875 0.7095208328125 0.71671875 0.7055833328125 0.7152499999999999 0.6996875 0.71328125 0.687875 0.71278125 0.6819791671875 0.71475 0.6819791671875 0.716234375 0.6839375000000001 0.717703125
2 0.4178958328125 0.866984375 0.4417708328125 0.837890625 0.4487291671875 0.8222343750000001 0.44672916718750005 0.82296875 0.43977083281249996 0.8237187499999999 0.4338125 0.8274531250000001 0.4278333328125 0.83415625 0.4099375 0.855046875 0.397 0.871453125 0.38508333281249996 0.888609375 0.38806250000000003 0.894578125 0.3920416671875 0.893828125 0.4178958328125 0.866984375
2 0.6498541671875 0.59859375 0.7371666671875 0.607796875 0.7371666671875 0.5975625 0.7132916671875 0.59603125 0.589125 0.5873437499999999 0.5754791671875 0.588359375 0.5952708328125 0.5945 0.6498541671875 0.59859375
2 0.29158333281250004 0.6391875 0.29882916718749997 0.6326937499999999 0.30334374999999997 0.631953125 0.3151041671875 0.62471875 0.3235833328125 0.6211875 0.3320416671875 0.60778125 0.35368750000000004 0.60284375 0.36543749999999997 0.597546875 0.3772083328125 0.5813125 0.3710833328125 0.578140625 0.3621458328125 0.58096875 0.346625 0.59084375 0.3278125 0.60671875 0.3212291671875 0.610609375 0.3205666671875 0.6132125 0.31604166718750004 0.613078125 0.3193333328125 0.618375 0.3086083328125 0.619709375 0.306075 0.6262 0.301175 0.626340625 0.278875 0.6462343749999999 0.29158333281250004 0.6391875
2 0.411625 0.654875 0.4092708328125 0.66625 0.411625 0.676625 0.41702083281249996 0.672578125 0.4173541671875 0.664734375 0.411625 0.654875
2 0.5229375 0.32128125 0.5645 0.34465625 0.647625 0.329078125 0.5956666671875 0.264140625 0.6926458328125 0.152453125 0.5575833328125 0.196609375 0.5021666671875 0.1888125 0.4640625 0.18621875000000002 0.3913333328125 0.287515625 0.39827083281250003 0.355046875 0.4883125 0.29271875 0.5229375 0.32128125
2 0.4603125 0.60734375 0.46975 0.600265625 0.4763541671875 0.59071875 0.49474999999999997 0.5818749999999999 0.5263541671875 0.57303125 0.525875 0.5684375 0.521625 0.5663125 0.5084166671875 0.56878125 0.4815416671875 0.577625 0.44662499999999994 0.5985 0.44710416718749996 0.60309375 0.4541875 0.605921875 0.4603125 0.60734375
2 0.8728958328124999 0.6890468750000001 0.8728958328124999 0.6853281250000001 0.8718958328124999 0.676390625 0.86 0.6756562500000001 0.7657499999999999 0.69871875 0.7320416671875 0.7128593750000001 0.7568333328125 0.71434375 0.7905625 0.707640625 0.8728958328124999 0.6890468750000001
2 0.418625 0.75946875 0.45906250000000004 0.743515625 0.4611666671875 0.7383437500000001 0.45608333281249996 0.737 0.44947916718750003 0.736328125 0.42162499999999997 0.746203125 0.4108333328125 0.75475 0.41622916718749997 0.758796875 0.418625 0.75946875
2 0.175 0 0.1666666671875 0.0078125 0.1666666671875 0.0203125 0.175 0.028125 0.2 0.0296875 0.2270833328125 0.0234375 0.2375 0.0265625 0.25 0.0234375 0.2604166671875 0.025 0.2833333328125 0.04375 0.28958333281250004 0.053125 0.2958333328125 0.05625 0.32083333281250004 0.08125 0.3333333328125 0.0828125 0.3416666671875 0.0890625 0.35208333281250004 0.090625 0.3645833328125 0.096875 0.3708333328125 0.096875 0.3770833328125 0.1015625 0.3916666671875 0.1046875 0.41875 0.1171875 0.4270833328125 0.1171875 0.43333333281249997 0.121875 0.4479166671875 0.125 0.475 0.1375 0.48125 0.1375 0.47291666718750003 0.1484375 0.47291666718750003 0.1609375 0.48125 0.16875 0.49791666718750005 0.171875 0.4969907421875 0.1875 0.5006278546875 0.193621575 0.4965277765625 0.1953125 0.5022260265625 0.2013912671875 0.49606481406249997 0.203125 0.4905092578125 0.296875 0.4875 0.2984375 0.48541666718750004 0.2953125 0.46666666718750005 0.3078125 0.4125 0.3453125 0.4125 0.35 0.425 0.359375 0.44375 0.359375 0.45208333281249996 0.35625 0.46666666718750005 0.3421875 0.4791666671875 0.321875 0.48541666718750004 0.31875 0.4895833328125 0.3125 0.4895833328125 0.3015625 0.5208333328125 0.2985491078125 0.56455479375 0.504409246875 0.5625 0.509375 0.5395833328124999 0.5109375 0.5291666671875 0.5203125 0.50625 0.51875 0.49375 0.5265625 0.4625 0.5265625 0.4458333328125 0.5328125 0.4270833328125 0.534375 0.4166666671875 0.53125 0.3854166671875 0.53125 0.38125 0.528125 0.36875 0.528125 0.3583333328125 0.5359375 0.3375 0.534375 0.3291666671875 0.5390625 0.2875 0.540625 0.275 0.5453125 0.2604166671875 0.5453125 0.2166666671875 0.565625 0.1979166671875 0.5671875 0.18125 0.5796875 0.16875 0.5828125 0.14791666718750002 0.603125 0.15 0.6203125 0.15625 0.625 0.1729166671875 0.6296875 0.1729166671875 0.6453125 0.1583333328125 0.65 0.14375 0.6515625 0.13333333281249998 0.6453125 0.0916666671875 0.6421875 0.07291666718749999 0.6484375 0.0666666671875 0.653125 0.05256226093750001 0.6526041671875 0.05208333281250001 0.6578125 0.0479166671875 0.6578125 0.0416666671875 0.6546875 0.0420498078125 0.6520833328125 0.0375 0.653125 0.0208333328125 0.646875 0.0208333328125 0.6375 0.025 0.63125 0.0458333328125 0.6203125 0.05 0.6203125 0.0645833328125 0.609375 0.0666666671875 0.5984375 0.0625 0.59375 0.05 0.59375 0.0333333328125 0.6078125 0.0208333328125 0.609375 0.0020833328125000002 0.6234375 0.0141666671875 0.6375 0.01875 0.6390625 0.0202083328125 0.64453125 0.0105124515625 0.6505208328125 0 0.65 0 0.6546875 0.0041666671875 0.659375 0.0208333328125 0.6640625 0.0270833328125 0.66875 0.0270833328125 0.68125 0.0375 0.6890625 0.0375 0.69375 0.0229166671875 0.7171875 0.0229166671875 0.746875 0.01875 0.75 0.0020833328125000002 0.7515625 0.0020833328125000002 0.7640625 0.0229166671875 0.7671875 0.0270833328125 0.78125 0.0270833328125 0.79375 0.010416667187500001 0.8546875 0.010416667187500001 0.8703125 0 0.8890625 0.0020833328125000002 0.9296875 0.01875 0.928125 0.0229166671875 0.9234375 0.0208333328125 0.903125 0.0270833328125 0.8765625 0.0625 0.8875 0.0625 0.9015625 0.07291666718749999 0.9171875 0.0979166671875 0.9171875 0.1125 0.928125 0.1 0.9359375 0.1 0.9453125 0.1041666671875 0.9484375 0.11875 0.9484375 0.13125 0.9546875 0.1583333328125 0.9546875 0.175 0.940625 0.18125 0.9296875 0.20833333281250002 0.91875 0.23541666718749998 0.896875 0.2416666671875 0.8953125 0.25 0.8859375 0.25 0.878125 0.2440727703125 0.8678257046875 0.24583333281250003 0.8609375 0.2645833328125 0.85625 0.2640258203125 0.86267605625 0.27291666718749996 0.8609375 0.2770833328125 0.8640625 0.3 0.8640625 0.3083333328125 0.8609375 0.3144927546875 0.8665760875 0.41911231875 0.9024456515624999 0.42083333281249996 0.9140625 0.40833333281249995 0.9140625 0.40416666718750005 0.9171875 0.40416666718750005 0.9265625 0.40833333281249995 0.9296875 0.4291666671875 0.9296875 0.43541666718750005 0.9328125 0.44375 0.9328125 0.45208333281249996 0.9390625 0.45208333281249996 0.9484375 0.4479166671875 0.9515625 0.4479166671875 0.9703125 0.4625 0.9765625 0.48333333281249996 0.9765625 0.4875 0.971875 0.4875 0.9546875 0.4770833328125 0.94375 0.4791666671875 0.940625 0.5125 0.946875 0.5375 0.946875 0.54375 0.9453125 0.5479166671875 0.940625 0.5458333328125 0.93125 0.5291666671875 0.9234375 0.4895833328125 0.921875 0.46458333281249997 0.9171875 0.47413194374999995 0.8787760421874999 0.4895833328125 0.8765625 0.5 0.85625 0.5104166671875 0.8484375 0.51875 0.8375 0.5354166671875 0.8390625 0.5416666671875 0.8359375 0.5541666671875001 0.8453125 0.56875 0.8453125 0.58125 0.8296875 0.6 0.8296875 0.60625 0.8140625 0.65625 0.8171875 0.6875 0.815625 0.6895833328125 0.80625 0.6854166671875 0.8015625 0.6375 0.7984375 0.6208333328125 0.79375 0.6291666671875 0.771875 0.6375 0.7640625 0.6431338015625 0.764832746875 0.64375 0.7609375 0.7229166671875 0.7609375 0.75 0.7578125 0.7541666671875 0.753125 0.7541666671875 0.7453125 0.75 0.740625 0.7528755874999999 0.7365096828125 0.7628521125 0.7339348593749999 0.7666666671875 0.728125 0.7708333328125 0.728125 0.7728286375 0.7313600359375 0.7791666671875 0.7296875 0.7854166671875 0.7359375 0.8479166671874999 0.73125 0.8520833328125 0.728125 0.8604166671875 0.728125 0.8645833328125001 0.73125 0.8729166671874999 0.73125 0.8791666671874999 0.734375 0.9145833328125 0.7390625 0.9979166671874999 0.7375 0.9979166671874999 0.7203125 0.9625 0.7203125 0.9541666671875 0.7171875 0.9541666671875 0.709375 0.9833333328125 0.696875 0.9979166671874999 0.69375 0.9979166671874999 0.678125 0.9666666671874999 0.6796875 0.9583333328125001 0.684375 0.96875 0.66875 0.9708333328125001 0.6546875 0.98125 0.65 0.9979166671874999 0.6359375 0.9979166671874999 0.61875 0.9875 0.6046875 0.9791666671874999 0.6 0.9729166671874999 0.6 0.9708333328125001 0.59375 0.975 0.5875 0.975 0.5765625 0.9708333328125001 0.5703125 0.9625 0.565625 0.9729166671874999 0.5546875 0.9979166671874999 0.5546875 0.9708333328125001 0.4734375 0.9666666671874999 0.4703125 0.9708333328125001 0.4671875 0.9708333328125001 0.4546875 0.9739583328125001 0.451171875 0.9708333328125001 0.4421875 0.9755208328125 0.4431640625 0.9817708328125001 0.4111328125 0.9979166671874999 0.403125 0.9625 0.4015625 0.9541666671875 0.3984375 0.9416666671874999 0.4 0.9354166671874999 0.396875 0.86875 0.3921875 0.85 0.359375 0.8479166671874999 0.325 0.84375 0.31875 0.8354166671875 0.3140625 0.81875 0.3140625 0.8041666671875 0.31875 0.78125 0.31875 0.76875 0.321875 0.7416666671875001 0.3234375 0.7083333328125 0.3328125 0.7 0.340625 0.6333333328124999 0.2890625 0.6416666671875 0.2796875 0.6416666671875 0.259375 0.6479166671875001 0.25625 0.6583333328125 0.24375 0.6583333328125 0.228125 0.65 0.21875 0.6375 0.2171875 0.5875 0.1703125 0.5958333328125 0.1640625 0.6458333328125 0.1609375 0.6833333328125 0.146875 0.7104166671875001 0.1453125 0.71875 0.1359375 0.71875 0.125 0.7104166671875001 0.115625 0.69375 0.1125 0.6520833328125 0.1125 0.63125 0.115625 0.625 0.11875 0.60625 0.1203125 0.5916666671875 0.125 0.575 0.134375 0.5583333328125 0.1328125 0.5520833328125 0.128125 0.5375 0.125 0.5104166671875 0.1125 0.5020833328125 0.1125 0.49583333281249997 0.1078125 0.48125 0.1046875 0.45416666718750004 0.0921875 0.4458333328125 0.0921875 0.43958333281249995 0.0875 0.425 0.084375 0.39791666718749996 0.071875 0.3895833328125 0.071875 0.38333333281250004 0.0671875 0.36875 0.0640625 0.3583333328125 0.0578125 0.35208333281250004 0.0578125 0.3270833328125 0.0390625 0.3229166671875 0.03125 0.3145833328125 0.0265625 0.3083333328125 0.0171875 0.2875 0 0.175 0