1 0.044687500000000005 0.7555269328125 0.036203125 0.7788290390625 0.0235 0.8010304453125 0.014328125 0.8317330203125 0.0037343750000000003 0.8486651046875 0.0016093750000000001 0.8571194375 0.010078125 0.8793442625000001 0.0023125 0.8920608906249999 0.017140625 0.903700234375 0.027734375 0.9026229515624999 0.043265625 0.8962763468749999 0.024203125 0.9386182671875 0.0355 0.9566042156250001 0.045390625000000004 0.9386182671875 0.06375 0.9481264640625 0.067984375 0.9481264640625 0.0948125 0.9428337234375 0.10398437499999999 0.934379390625 0.112453125 0.91744730625 0.11951562499999999 0.8763466046874999 0.123046875 0.867868853125 0.12940625 0.83613583125 0.11034375 0.794847775 0.12234375 0.7461826703125001 0.102578125 0.7324121781249999 0.07715625000000001 0.736651053125 0.06728125 0.7144262296874999 0.064453125 0.722740046875 0.055265625 0.734379390625 0.044687500000000005 0.7555269328125
1 0.42160937499999995 0.7268384078125 0.443515625 0.6970491796875 0.44709374999999996 0.6802341921874999 0.44453125 0.6703044499999999 0.44096875 0.6748946140625 0.42465624999999996 0.6977985953125 0.4063125 0.721475409375 0.392046875 0.745152225 0.40428125000000004 0.7421077281249999 0.42160937499999995 0.7268384078125
1 0.14475 0.594051521875 0.15253125 0.5780093671875 0.172484375 0.5707259953125 0.1744375 0.56997658125 0.176375 0.5400702578125001 0.1603125 0.5305854796875 0.152046875 0.5305854796875 0.133546875 0.5313348953125 0.12284375 0.5291334890625 0.1194375 0.537892271875 0.10774999999999998 0.5553864171875 0.092671875 0.5663466046875001 0.08196875 0.58384075 0.086828125 0.599156909375 0.099484375 0.61229508125 0.111171875 0.6195784546875001 0.11895312499999999 0.6115690859375 0.131609375 0.6100936765625 0.136953125 0.61229508125 0.1423125 0.6071896953125 0.14475 0.594051521875
1 0.375484375 0.8833021078125001 0.375484375 0.8518969562500001 0.363515625 0.8137939109375001 0.362015625 0.8384543328125 0.348546875 0.8944964875 0.35154687500000004 0.8944964875 0.3665 0.8922716625 0.375484375 0.8833021078125001
1 0.290265625 0.582412178125 0.3056875 0.570843090625 0.310015625 0.5592740046875 0.311875 0.55002341875 0.309703125 0.5398360656250001 0.309703125 0.5379859484375 0.30321875 0.544004684375 0.290875 0.5685245906249999 0.28625 0.5814754093750001 0.290265625 0.582412178125
1 0.8037656249999999 0.17093676875 0.805015625 0.1925761125 0.8100468749999999 0.197259953125 0.8150625 0.20667447343749998 0.8182031249999999 0.2048009375 0.825734375 0.199156909375 0.829484375 0.197259953125 0.829484375 0.185035128125 0.82259375 0.1793911 0.830125 0.17187353593750002 0.8307499999999999 0.165292740625 0.8307499999999999 0.152131146875 0.826984375 0.1474238875 0.8188281249999999 0.1399063234375 0.8182031249999999 0.1399063234375 0.8131718749999999 0.1342622953125 0.8069062499999999 0.14648711875 0.80878125 0.1605854796875 0.8037656249999999 0.17093676875
1 0.3621875 0.733676815625 0.35984375 0.72159250625 0.3601875 0.7019906328125 0.36320312499999996 0.6692974234375 0.35917187500000003 0.6612646375 0.354140625 0.666299765625 0.34776562499999997 0.6768384078125 0.34340625 0.692435596875 0.343078125 0.713044496875 0.34575 0.730140515625 0.3538125 0.747236534375 0.36320312499999996 0.7502576109375 0.3665625 0.747236534375 0.364203125 0.7402107734375 0.3621875 0.733676815625
1 0.438546875 0.5068618265625 0.42778124999999995 0.5088056203125 0.418734375 0.5223653390624999 0.412703125 0.5339812640625 0.417015625 0.5475175640625001 0.4174375 0.5565573765625 0.423046875 0.5649414515625 0.426921875 0.580444965625 0.43165624999999996 0.5830210765625 0.43896875 0.5901170953125 0.447578125 0.5823653390625 0.451890625 0.5733255265625 0.4600625 0.5759250578125 0.463078125 0.5675175640625 0.463515625 0.5559016390625 0.4609375 0.5462295078125 0.45834374999999994 0.5410772828125 0.451890625 0.5410772828125 0.44671874999999994 0.5410772828125 0.4415625 0.5365573765625 0.441125 0.5339812640625 0.4406875 0.5333255265625 0.446296875 0.5191334890625 0.45059375 0.5139578453125 0.4493125 0.5094379390625 0.438546875 0.5068618265625
1 0.486984375 0.5038641687500001 0.49598437500000003 0.50487119375 0.501359375 0.5020608906249999 0.496390625 0.497236534375 0.49329687499999997 0.49622950781249997 0.48590625000000004 0.4948009375 0.47878125000000005 0.4944028109375 0.4774375 0.499836065625 0.481609375 0.5028571421875 0.486984375 0.5038641687500001
1 0.162875 0.7397892265625 0.16603125000000002 0.7267681500000001 0.167625 0.74512880625 0.170390625 0.746908665625 0.17434375 0.7403747078125 0.179484375 0.7314988296875 0.179875 0.7474941453125 0.1834375 0.753419203125 0.19173437499999998 0.7374238875 0.18659375 0.7569789234375001 0.18659375 0.7646838406249999 0.19924999999999998 0.7569789234375001 0.20398437500000002 0.74098360625 0.208734375 0.7374238875 0.216640625 0.721428571875 0.216640625 0.698899296875 0.20992187499999998 0.6858782203125 0.20359375000000002 0.6858782203125 0.196078125 0.6781733015625 0.18896875 0.6769789234375 0.185015625 0.6734426234375 0.1786875 0.6728337234375 0.1739375 0.668688525 0.16998437500000002 0.6698829046875 0.160890625 0.6675175640625 0.135203125 0.67936768125 0.124921875 0.6965339578124999 0.116234375 0.7155035125 0.12334375 0.717283371875 0.131640625 0.706604215625 0.13282812500000002 0.7155035125 0.1300625 0.7356440281250001 0.137578125 0.7368384078125 0.140734375 0.73030445 0.1423125 0.7415690859375 0.1470625 0.74098360625 0.15378125 0.724988290625 0.156546875 0.74098360625 0.1605 0.74512880625 0.162875 0.7397892265625
1 0.23700000000000002 0.5555737703125 0.24401562499999999 0.552060890625 0.25078125 0.543091334375 0.252875 0.5341217796875 0.253390625 0.525152225 0.25053125 0.524355971875 0.246625 0.5266978921875001 0.24090625000000002 0.5399531609375 0.23179687499999999 0.552435596875 0.22945312499999998 0.5571194375 0.23204687499999999 0.5571194375 0.23700000000000002 0.5555737703125
1 0.277484375 0.48733021093750006 0.277109375 0.485620609375 0.271015625 0.48618267031249995 0.270625 0.485620609375 0.269859375 0.47477751718750005 0.263765625 0.47419203750000005 0.26034375 0.4684777515625 0.254625 0.4593442625 0.24701562500000002 0.4696252921875 0.2424375 0.478196721875 0.230625 0.47362997656249994 0.225296875 0.48733021093750006 0.239015625 0.49360655781249996 0.239015625 0.5050351281250001 0.2424375 0.512459015625 0.25271875 0.520444965625 0.255390625 0.53128805625 0.26071875 0.5392740046875 0.259203125 0.55355971875 0.254625 0.5752459015625 0.26415625 0.578688525 0.269859375 0.5718266984375 0.271390625 0.5689695546875 0.2744375 0.554707259375 0.273671875 0.5478454328125 0.27825 0.5404215453125001 0.281671875 0.5392740046875 0.293484375 0.5272833718750001 0.28471875 0.5021779859375 0.281296875 0.4959016390625 0.277484375 0.48733021093750006
1 0.404828125 0.45648711875 0.40648437499999995 0.4592740046875 0.405453125 0.46548009375 0.40503125000000006 0.47419203750000005 0.4066875 0.47419203750000005 0.40565625 0.4828805625 0.4073125 0.49035128749999995 0.408359375 0.49035128749999995 0.41146874999999994 0.48878220156249996 0.41290625 0.486604215625 0.416640625 0.48693208437499996 0.42162499999999997 0.48039812656249997 0.42203125 0.47761124062500004 0.419546875 0.4738875875 0.41934375 0.46735362968749994 0.42140625 0.4586651046875 0.42328124999999994 0.45400468437499997 0.42328124999999994 0.45337236562500005 0.42078125 0.44901639375 0.41353125 0.4474707265625 0.407734375 0.4514988296875 0.404828125 0.45648711875
1 0.79375 1 0.80625 0.9742388765625 0.8109375 0.9578454328125 0.825 0.94613583125 0.8484375 0.913348946875 0.8609375 0.878220140625 0.8640625 0.8548009375 0.8640625 0.824355971875 0.8609375 0.80093676875 0.85 0.770491803125 0.8546875 0.7658079625 0.875 0.7775175640625 0.9078125 0.7775175640625 0.9265625 0.7681498828125 0.9390625 0.75644028125 0.9578125 0.7283372359375 0.96875 0.7002341921874999 0.9734375 0.679156909375 0.975 0.6370023421875 0.965625 0.58548009375 0.953125 0.5503512875000001 0.9328125 0.52224824375 0.8984375 0.4941451984375 0.8765625 0.4847775171875 0.8609375 0.473067915625 0.8171875 0.4660421546875 0.7953125 0.45199063281249996 0.78125 0.4496487125 0.7703125 0.43793910937499997 0.7421875 0.4238875875 0.7328125 0.40983606562499997 0.7140625 0.39578454375 0.6984375 0.3723653390625 0.6859375 0.3606557375 0.6625 0.3489461359375 0.6375 0.34426229531249997 0.634375 0.3395784546875 0.6234375 0.3348946140625 0.6234375 0.2997658078125 0.6171875 0.28805620625 0.609375 0.28571428593750003 0.60625 0.2810304453125 0.6046875 0.2669789234375 0.5984375 0.2529274 0.5765625 0.2529274 0.5671875 0.215456675 0.5734375 0.2014051515625 0.584375 0.2014051515625 0.5890625 0.18969555 0.5984375 0.18032786875 0.5984375 0.14754098437500002 0.5953125 0.13817330156250002 0.5921875 0.1334894609375 0.58125 0.1334894609375 0.5796875 0.1194379390625 0.5734375 0.1147540984375 0.56875 0.10304449687499999 0.5625 0.10304449687499999 0.559375 0.1077283375 0.553125 0.131147540625 0.540625 0.131147540625 0.5328125 0.1428571421875 0.5328125 0.152224825 0.5390625 0.156908665625 0.5390625 0.1709601875 0.534375 0.17798594843749999 0.534375 0.1920374703125 0.5375 0.1967213109375 0.5453125 0.19906323125 0.5452168375 0.216269178125 0.359375 0.24355971875 0.353125 0.23185011718749998 0.3296875 0.23185011718749998 0.325 0.210772834375 0.315625 0.185011709375 0.309375 0.175644028125 0.2859375 0.175644028125 0.278125 0.185011709375 0.2734375 0.185011709375 0.2640625 0.175644028125 0.2453125 0.175644028125 0.240625 0.18032786875 0.23125 0.18032786875 0.225 0.1873536296875 0.2015625 0.1873536296875 0.1859375 0.19906323125 0.171875 0.1967213109375 0.1671875 0.2014051515625 0.1640625 0.2131147546875 0.1578125 0.2131147546875 0.153125 0.21779859531249998 0.1515625 0.238875878125 0.1546875 0.248243559375 0.16875 0.26463700156250003 0.18125 0.2669789234375 0.178125 0.29742388750000004 0.125 0.29742388750000004 0.103125 0.30679156875 0.0390625 0.3536299765625 0.0328125 0.3676814984375 0.015625 0.3817330203125 0.00625 0.39578454375 0.0046875 0.40749414531249994 0.0046875 0.444964871875 0.0015625 0.454332553125 0.0015625 0.468384075 0.0073660718750000005 0.476580796875 0.003125 0.4800936765625 0.0015625 0.653395784375 0.0078125 0.6557377046874999 0.009375 0.6604215453125 0.00625 0.6744730671875 0.0015625 0.7447306796875 0.0015625 0.8056206093749999 0.0046875 0.8384074937499999 0.0078125 0.843091334375 0.00625 0.8454332546875 0.014118303125 0.851789896875 0.0078125 0.8735362999999999 0.0078125 0.8829039812499999 0.1090576171875 0.9052620015624999 0.1140625 0.9086651046875 0.1046875 0.9391100703124999 0.1265625 0.94613583125 0.184375 0.94613583125 0.1984375 0.941451990625 0.21875 0.9531615921875 0.25625 0.9531615921875 0.275 0.9437939109375 0.278125 0.9391100703124999 0.2803955078125 0.943098653125 0.2828125 0.93676815 0.28818359375 0.9448185015625 0.50625 0.9929742390625 0.5078125 1 0.553125 1 0.54375 0.9812646375 0.54453125 0.973067915625 0.55921875 0.96229508125 0.5578125 0.9531615921875 0.5671875 0.9531615921875 0.5665625000000001 0.9569086656250001 0.571875 0.9578454328125 0.571875 0.976580796875 0.5765625 0.985948478125 0.6046875 1 0.79375 1