3 0.6328750000000001 0.3300208328125 0.6364375 0.3120833328125 0.63525 0.298875 0.6320781249999999 0.2904375 0.599234375 0.2909583328125 0.57746875 0.2994166671875 0.5818125000000001 0.322625 0.589734375 0.3432083328125 0.5921093749999999 0.339 0.597640625 0.3479583328125 0.6126875 0.34427083281250004 0.628515625 0.34110416718750003 0.6328750000000001 0.3300208328125
3 0.532296875 0.3192083328125 0.5192187500000001 0.3142083328125 0.508 0.31483333281250003 0.4963125 0.3322916671875 0.490234375 0.3397708328125 0.489765625 0.3634583328125 0.490703125 0.3734166671875 0.5070625 0.3640833328125 0.5192187500000001 0.36906249999999996 0.5332343749999999 0.3590833328125 0.546796875 0.349125 0.542578125 0.33166666718750004 0.532296875 0.3192083328125
3 0.6344375 0.3453125 0.625390625 0.34989583281250003 0.622390625 0.3631041671875 0.62153125 0.38545833281249997 0.6288437499999999 0.39177083281249997 0.647765625 0.4043958328125 0.651640625 0.40495833281250004 0.65809375 0.40725 0.66109375 0.3992291671875 0.655078125 0.3820208328125 0.6438906249999999 0.361375 0.6344375 0.3453125
3 0.35746875 0.44279166718749996 0.3929375 0.47183333281250006 0.4025625 0.4569791671875 0.399015625 0.44818749999999996 0.391421875 0.43197916718749996 0.4020625 0.4015625 0.3736875 0.37385416718750003 0.366078125 0.394125 0.35796875 0.4171041671875 0.35746875 0.44279166718749996
2 0.321953125 0.353125 0.294875 0.3553541671875 0.29053125 0.3682708328125 0.318609375 0.3700625 0.321953125 0.353125
0 0.423390625 0.9961249999999999 0.42579687499999996 0.9748749999999999 0.423390625 0.9510624999999999 0.417109375 0.9394583328125 0.41373437500000004 0.9246458328125 0.416140625 0.9014791671875001 0.4113125 0.8834375 0.39440624999999996 0.8570416671875 0.37509375 0.8461041671875 0.343703125 0.8499583328125 0.309421875 0.8699166671875 0.27995312499999997 0.9008333328125 0.2645 0.9291666671875 0.26354687499999996 0.9568541671874999 0.26692187500000003 0.9729374999999999 0.265953125 0.9890416671875 0.268375 0.9980625 0.26932812500000003 0.9980625 0.4219375 0.9993541671875 0.423390625 0.9961249999999999
0 0.42471875 0.9820208328125 0.443265625 0.9842708328124999 0.57978125 0.9865208328125 0.57640625 0.9775208328125 0.559546875 0.9460625 0.539328125 0.9191041671875 0.51909375 0.9101041671875001 0.5174218749999999 0.9101041671875001 0.49887499999999996 0.9146041671875 0.48034375 0.9348333328124999 0.46517187499999996 0.9415833328125001 0.43314062499999995 0.9460625 0.431453125 0.9505625 0.42809375000000005 0.9573124999999999 0.42471875 0.9820208328125
2 0.41643749999999996 0.48266666718750006 0.4263125 0.4760833328125 0.43265624999999996 0.46291666718749996 0.427015625 0.4535208328125 0.42067187500000003 0.4488125 0.40796875000000005 0.4563333328125 0.40726562499999996 0.4563333328125 0.41009375 0.47325 0.394578125 0.4845416671875 0.395984375 0.49018750000000005 0.41643749999999996 0.48266666718750006
2 0.42056250000000006 0.3691458328125 0.455171875 0.3583125 0.453890625 0.3497708328125 0.439359375 0.348625 0.42526562500000004 0.3492083328125 0.4154375 0.3583125 0.4154375 0.3691458328125 0.42056250000000006 0.3691458328125
2 0.487484375 0.3118125 0.487484375 0.32425000000000004 0.487484375 0.3358333328125 0.49182812499999995 0.3399791671875 0.49554687499999994 0.3267291671875 0.512328125 0.315125 0.521015625 0.315125 0.531578125 0.31843750000000004 0.531578125 0.31016666718749997 0.51915625 0.2877916671875 0.5247499999999999 0.2877916671875 0.532828125 0.2811666671875 0.51853125 0.27868750000000003 0.510453125 0.2762083328125 0.505484375 0.2712291671875 0.49679687499999997 0.26627083281249997 0.503 0.2629583328125 0.497421875 0.25135416718750003 0.484375 0.26129166718749997 0.491203125 0.2704166671875 0.49679687499999997 0.27868750000000003 0.503625 0.2869791671875 0.506734375 0.3010625 0.491203125 0.3060208328125 0.491203125 0.3051875 0.48934375 0.3051875 0.487484375 0.3118125
0 0.689265625 0.4110833328125 0.69028125 0.44006249999999997 0.68721875 0.456375 0.699453125 0.4541041671875 0.712359375 0.44279166718749996 0.7259375 0.441875 0.7351093750000001 0.4441458328125 0.743265625 0.43916666718749997 0.745296875 0.4341875 0.743265625 0.4219583328125 0.73884375 0.4174375 0.7415625 0.41154166718749996 0.73646875 0.4029375 0.7249218749999999 0.3956875 0.71371875 0.3893541671875 0.7031875000000001 0.3825625 0.6851875 0.3739583328125 0.683828125 0.3726041671875 0.69028125 0.40022916718749996 0.693 0.40475000000000005 0.6923125 0.4110833328125 0.689265625 0.4110833328125
2 0.33428125 0.398 0.342765625 0.4024375 0.34534375 0.39456250000000004 0.341296875 0.38668749999999996 0.335390625 0.3778333328125 0.327640625 0.3738958328125 0.3239375 0.3792916671875 0.32209374999999996 0.39308333281249996 0.319515625 0.3955416671875 0.31656249999999997 0.4029166671875 0.313609375 0.4181666671875 0.323203125 0.42604166718750003 0.32615625000000004 0.429 0.321734375 0.44966666718750004 0.33059375 0.4422916671875 0.33759375 0.42604166718750003 0.3394375 0.41670833281249997 0.33428125 0.40981249999999997 0.33428125 0.398
2 0.323296875 0.44114583281249997 0.32640625 0.4294791671875 0.31684375 0.4230208328125 0.31684375 0.44775 0.31765625000000003 0.44789583281249995 0.321453125 0.44975 0.323296875 0.44114583281249997
2 0.32571875 0.31416666718749997 0.314015625 0.32560416718749996 0.31946875 0.3370625 0.346 0.3318541671875 0.361609375 0.3110416671875 0.36628125 0.3037708328125 0.346 0.2964791671875 0.32571875 0.31416666718749997
2 0.470640625 0.3395416671875 0.47143750000000006 0.336375 0.45317187499999995 0.3077916671875 0.435453125 0.31237499999999996 0.42909375 0.3007291671875 0.42221875000000003 0.3000416671875 0.435453125 0.31979166718749996 0.435453125 0.3265 0.4420625 0.3434375 0.45423437499999997 0.3487291671875 0.468265625 0.34060416718750003 0.470640625 0.3395416671875
2 0.34990625 0.42752083281250003 0.354984375 0.44699999999999995 0.36706249999999996 0.4580208328125 0.370234375 0.4487083328125 0.353078125 0.41481250000000003 0.345453125 0.40549999999999997 0.3518125 0.3995625 0.341 0.40804166718749996 0.34990625 0.42752083281250003
2 0.313171875 0.41218750000000004 0.313640625 0.4102916671875 0.31459375 0.4046041671875 0.316015625 0.4014375 0.319796875 0.395125 0.31790625 0.3932291671875 0.31221875 0.39449999999999996 0.307015625 0.3926041671875 0.301328125 0.3894375 0.294703125 0.3881875 0.292328125 0.3907083328125 0.29279687499999996 0.3976458328125 0.29990625 0.4052291671875 0.304640625 0.4102916671875 0.30559375 0.4147083328125 0.3060625 0.42039583281250004 0.310328125 0.4248125 0.314125 0.4222916671875 0.313640625 0.4166041671875 0.313171875 0.41218750000000004
3 0.510765625 0.4627083328125 0.52415625 0.472375 0.5353125000000001 0.4619583328125 0.5515 0.45602083281250005 0.5581875000000001 0.4456041671875 0.5509375000000001 0.41956249999999995 0.53253125 0.3950208328125 0.510765625 0.39649999999999996 0.497375 0.412875 0.497375 0.4225416671875 0.50184375 0.4374166671875 0.510765625 0.4627083328125