1 0.61434 0.4659466671875 0.63578 0.42919999999999997 0.6224999999999999 0.41424000000000005 0.6133200000000001 0.41696 0.60924 0.4087733328125 0.60004 0.40605333281249995 0.58576 0.43192 0.5837 0.4659466671875 0.5969800000000001 0.4550666671875 0.6123000000000001 0.4686666671875 0.61434 0.4659466671875
1 0.26756 0.8740533328125 0.269 0.86944 0.27392 0.8543733328125 0.27654 0.8340799999999999 0.27276 0.8257866671875 0.26871999999999996 0.8281066671874999 0.26624 0.8327199999999999 0.26336 0.8381333328125 0.25916 0.8477866671875001 0.25712 0.8613066671875 0.258 0.8659466671875 0.26756 0.8740533328125
1 0.15958 0.8637066671875001 0.15192 0.8695466671875 0.13766 0.8732 0.1234 0.8995200000000001 0.13382 0.9112266671875 0.14534 0.9280266671874999 0.16398 0.9134133328124999 0.1563 0.9346133328124999 0.16836 0.9433866671875 0.19304 0.9316800000000001 0.19741999999999998 0.91048 0.19852 0.88344 0.19304 0.8717333328124999 0.18482 0.8688266671875 0.18042 0.8688266671875 0.15958 0.8637066671875001
1 0.8631800000000001 0.9065333328125 0.8868199999999999 0.91328 0.89528 0.89528 0.92398 0.8727466671874999 0.94594 0.8479733328125001 0.92736 0.8322133328125 0.9087799999999999 0.8254400000000001 0.87668 0.8051733328124999 0.8631800000000001 0.8344533328124999 0.8412200000000001 0.8322133328125 0.8496600000000001 0.866 0.85472 0.8614933328125 0.8581 0.8862666671874999 0.8631800000000001 0.9065333328125
1 0.49286 0.8881866671875001 0.46083999999999997 0.8994133328125 0.42375999999999997 0.9218933328125001 0.42038000000000003 0.9466133328125 0.42038000000000003 0.9668266671874999 0.43217999999999995 0.9937866671875 0.55016 0.9960533328125001 0.55016 0.9196533328125 0.55522 0.9196533328125 0.5333 0.8859199999999999 0.49286 0.8881866671875001
1 0.56128 0.20528 0.55564 0.20338666718749998 0.54576 0.20528 0.5323599999999999 0.20997333281250002 0.52812 0.22784 0.5246000000000001 0.2372533328125 0.52248 0.24008 0.5112 0.25981333281249996 0.5239 0.29368 0.5422399999999999 0.3077866671875 0.5626800000000001 0.3077866671875 0.59302 0.3077866671875 0.59584 0.3265866671875 0.61488 0.3190666671875 0.63886 0.3077866671875 0.6452 0.2917866671875 0.6452 0.26264 0.6431 0.25888 0.62052 0.2410133328125 0.58666 0.2174933328125 0.58738 0.22408 0.58456 0.2137333328125 0.5803200000000001 0.20997333281250002 0.5739799999999999 0.20621333281249998 0.56128 0.20528
1 0.2882 0.1322133328125 0.28314 0.1546933328125 0.28314 0.1704 0.29158 0.19512000000000002 0.29494 0.21536 0.30338 0.24456000000000003 0.31012 0.25581333281249996 0.34382 0.26480000000000004 0.35562 0.26704 0.39605999999999997 0.26480000000000004 0.41798 0.24232 0.43651999999999996 0.2243466671875 0.45338 0.1973866671875 0.46348 0.1749066671875 0.45842 0.14343999999999998 0.43987999999999994 0.11424000000000001 0.4163 0.1029866671875 0.40279999999999994 0.1074933328125 0.35056 0.1366933328125 0.36574 0.14568 0.34550000000000003 0.13896 0.33540000000000003 0.1299733328125 0.31686000000000003 0.1209866671875 0.2882 0.1322133328125
1 0.20056 0.27416 0.27134 0.29664 0.30338 0.25392000000000003 0.29158 0.1887733328125 0.27471999999999996 0.1617866671875 0.24606 0.1617866671875 0.24102 0.1820266671875 0.23596 0.1820266671875 0.20056 0.15056 0.1736 0.1640533328125 0.16348000000000001 0.2134933328125 0.20056 0.27416
1 0.8008200000000001 0.9980266671875 0.80274 0.9948 0.80856 0.99352 0.8051600000000001 0.97416 0.79742 0.9586666671874999 0.7921 0.9457599999999999 0.77952 0.9263999999999999 0.7630600000000001 0.9109066671875 0.73402 0.9134933328124999 0.70982 0.9199466671875 0.6972400000000001 0.9334933328125 0.6803 0.9399466671875001 0.67448 0.9470666671875 0.66722 0.9612533328125 0.659 0.9689866671875 0.65174 0.9754400000000001 0.6507799999999999 0.9877066671874999 0.65706 1 0.8008200000000001 0.9980266671875
1 0.6923 0.86144 0.7134199999999999 0.8746933328125 0.7270800000000001 0.8862666671874999 0.74138 0.8846133328124999 0.7513 0.8929066671875001 0.76808 0.9078133328125 0.76312 0.8837866671875 0.73516 0.8581066671875 0.7289399999999999 0.8249866671874999 0.7190000000000001 0.7893866671875001 0.70658 0.7852266671875 0.70472 0.7835733328125001 0.6954 0.8142133328125001 0.68174 0.82664 0.67926 0.8506666671875 0.6923 0.86144
1 0.71174 0.9196799999999999 0.7289 0.9141600000000001 0.7632 0.90944 0.76734 0.9133866671875 0.7703 0.90944 0.749 0.8936533328125 0.7354 0.8881333328125001 0.7212 0.88656 0.6863 0.8755200000000001 0.66144 0.8557866671875001 0.6514 0.8431733328125001 0.64784 0.8297599999999999 0.64192 0.8226666671875 0.63476 0.82864 0.62938 0.8382133328125001 0.62668 0.8477600000000001 0.6168199999999999 0.87288 0.61502 0.892 0.6195 0.9075466671875001 0.6482 0.9254933328125 0.6903400000000001 0.93624 0.6922200000000001 0.93624 0.70168 0.9259999999999999 0.71174 0.9196799999999999
1 0.58502 0.3985333328125 0.60052 0.40346666718749996 0.6115999999999999 0.40346666718749996 0.61344 0.3985333328125 0.61676 0.38624 0.61602 0.3822933328125 0.59794 0.3778666671875 0.58502 0.38376 0.58282 0.3936 0.58502 0.3985333328125
1 1 0.72248 0.99258 0.69928 0.98454 0.6867733328125001 0.98052 0.6796266671875 0.97248 0.67248 0.96176 0.6653333328125 0.9497 0.6564 0.9362999999999999 0.6421066671875 0.93094 0.6385333328125 0.9122 0.63496 0.90014 0.6313866671875 0.8987999999999999 0.6313866671875 0.87468 0.6331733328125 0.86798 0.6438933328124999 0.8599399999999999 0.6564 0.85458 0.66176 0.83582 0.67248 0.8264400000000001 0.6814133328125 0.81706 0.6921333328125 0.8117000000000001 0.6974933328125 0.805 0.7260533328125 0.80098 0.7332 0.79026 0.74928 0.7916000000000001 0.7617866671875 0.79964 0.7778666671875001 0.8117000000000001 0.79216 0.8264400000000001 0.8064533328125 0.84788 0.80824 0.8532400000000001 0.8010933328125001 0.86798 0.7957333328125 0.8840600000000001 0.79216 0.8947800000000001 0.79216 0.9055 0.7957333328125 0.90818 0.7993066671875 0.94032 0.8225333328125 0.96444 0.8261066671874999 0.9939199999999999 0.8278933328125 0.9992800000000001 0.8153866671875001 1 0.8064533328125 1 0.7564266671875 1 0.73856 1 0.72248
1 0.6559999999999999 1 0.767090909375 0.8991515140624999 0.792 0.8906666671875 0.826 0.8880000000000001 0.8380000000000001 0.8693333328125 0.842 0.8426666671874999 0.8480000000000001 0.8346666671875 0.8640000000000001 0.8320000000000001 0.876 0.808 0.908 0.8266666671875 0.916 0.8266666671875 0.9199999999999999 0.8213333328125 0.9199999999999999 0.8106666671875 0.9 0.7946666671875 0.8640000000000001 0.7973333328125001 0.8480000000000001 0.8106666671875 0.8255384625 0.79528205 0.818 0.8 0.8140000000000001 0.7946666671875 0.8163076921875 0.7889230765625 0.8099999999999999 0.792 0.806 0.7866666671875 0.8070769234374999 0.7825641015625 0.8039999999999999 0.784 0.798 0.776 0.786 0.7413333328125 0.76 0.7386666671875 0.746 0.7226666671875 0.726 0.7226666671875 0.701384615625 0.5216410265625 0.696 0.5173333328124999 0.699743590625 0.5082393171875 0.692 0.5013333328125 0.6981025640625 0.4948376078125 0.71 0.4533333328125 0.71 0.4373333328125 0.696 0.4106666671875 0.6799999999999999 0.3973333328125 0.688 0.37333333281250003 0.683333334375 0.374222221875 0.6816923078125 0.3608205125 0.688 0.3573333328125 0.678 0.33599999999999997 0.6799999999999999 0.32799999999999996 0.6980000000000001 0.3306666671875 0.706 0.32 0.706 0.3066666671875 0.7 0.29333333281249996 0.7 0.272 0.6839999999999999 0.24533333281249997 0.692 0.22400000000000003 0.702 0.22400000000000003 0.708 0.2186666671875 0.708 0.1946666671875 0.718 0.1813333328125 0.72 0.1546666671875 0.716 0.1413333328125 0.7 0.1226666671875 0.6679999999999999 0.1173333328125 0.646 0.0986666671875 0.612 0.0933333328125 0.6 0.0826666671875 0.58 0.0826666671875 0.5599999999999999 0.0933333328125 0.526 0.09066666718750001 0.514 0.0986666671875 0.49800000000000005 0.0986666671875 0.49000000000000005 0.10400000000000001 0.48200000000000004 0.1173333328125 0.48 0.14666666718750002 0.48600000000000004 0.1626666671875 0.49800000000000005 0.17333333281250002 0.572 0.17333333281250002 0.58 0.1653333328125 0.604 0.16799999999999998 0.614 0.1706666671875 0.62 0.1786666671875 0.634 0.1813333328125 0.6519999999999999 0.1946666671875 0.658 0.1946666671875 0.6639999999999999 0.2026666671875 0.6636410265625 0.21340170937499997 0.659384615625 0.21538461562500003 0.6501538453125 0.24082051249999997 0.6519999999999999 0.24533333281249997 0.642 0.2506666671875 0.64 0.256 0.644 0.2613333328125 0.6224615375 0.3171282046875 0.63 0.3253333328125 0.624 0.3306666671875 0.6178461546875 0.3298461546875 0.62 0.3333333328125 0.6132307703125 0.3425641015625 0.612 0.352 0.608615384375 0.35528205 0.6 0.352 0.5900000000000001 0.3386666671875 0.5660000000000001 0.3493333328125 0.5519999999999999 0.3413333328125 0.542 0.352 0.516 0.3493333328125 0.48200000000000004 0.36266666718749996 0.47800000000000004 0.37066666718749997 0.47800000000000004 0.4 0.48200000000000004 0.40533333281250006 0.48600000000000004 0.4533333328125 0.2991428578125 0.6556190484375 0.3 0.6613333328125 0.282 0.6613333328125 0.274 0.6666666671875 0.264 0.6853333328125 0.254 0.6826666671875 0.246 0.688 0.22400000000000003 0.688 0.21200000000000002 0.6986666671874999 0.202 0.696 0.188 0.712 0.134 0.7066666671874999 0.126 0.712 0.12 0.7226666671875 0.11599999999999999 0.7226666671875 0.10400000000000001 0.7093333328125 0.08399999999999999 0.7093333328125 0.06999999999999999 0.7226666671875 0.066 0.736 0.06 0.736 0.044 0.7146666671874999 0.024 0.7146666671874999 0.012 0.7253333328125 0.006 0.7413333328125 0.002 0.7413333328125 0.019 0.7653333328125 0.00979104375 0.7793432828125 0 0.776 0.004 0.9493333328125001 0.01 0.9573333328125001 0.03 0.9573333328125001 0.04 0.952 0.048 0.9333333328125001 0.052000000000000005 0.9333333328125001 0.064 0.9493333328125001 0.072 0.9546666671875 0.08399999999999999 0.9546666671875 0.092 0.9733333328124999 0.10400000000000001 0.984 0.124 0.984 0.136 0.9946666671875001 0.152 0.9946666671875001 0.16399999999999998 1 0.172 1 0.178 0.9946666671875001 0.188 1 0.21800000000000003 1 0.22999999999999998 0.992 0.238 0.992 0.244 1 0.446 1 0.446 0.9946666671875001 0.43200000000000005 0.9946666671875001 0.422 0.9706666671875 0.42400000000000004 0.9226666671875 0.43 0.9199999999999999 0.4308059703125 0.9231044765625 0.43600000000000005 0.9146666671875 0.44000000000000006 0.9146666671875 0.44059701406249996 0.926447759375 0.5580895515625001 0.966567165625 0.5577142859374999 0.9866666671875001 0.55 0.9973333328124999 0.544 0.9973333328124999 0.546 1 0.6559999999999999 1