1 0.092953125 0.16610328593749998 0.06765625 0.1618075125 0.05696875 0.1692488265625 0.043921875 0.1802112671875 0.04365625 0.2025352109375 0.040531250000000005 0.22605633749999998 0.053828125000000004 0.23624413125000002 0.061390625 0.233497653125 0.06634375 0.2256572765625 0.07390624999999999 0.192746478125 0.078875 0.1884272296875 0.0955625 0.1696244125 0.092953125 0.16610328593749998
0 0.07368749999999999 0.0421830984375 0.07146875 0.030516431249999997 0.06528125 0.027183098437499997 0.059250000000000004 0.0307511734375 0.055437499999999994 0.035046948437499996 0.054015625 0.04553990625 0.060046875 0.048145540625 0.065125 0.05553990625000001 0.07368749999999999 0.0421830984375
0 0.117078125 0.0940610328125 0.12203125 0.0907511734375 0.12534375 0.07997652656250001 0.121484375 0.06507042187499999 0.11928125 0.057605634375000006 0.10990625000000001 0.0584507046875 0.10109375000000001 0.069201878125 0.098890625 0.08410798124999999 0.10715625 0.0932394359375 0.11321874999999999 0.0940610328125 0.117078125 0.0940610328125
0 0.08321875 0.104201878125 0.08735937499999999 0.09842722968749999 0.08321875 0.0855633796875 0.07465625000000001 0.076690140625 0.0666875 0.08234741718750001 0.054859375 0.0952112671875 0.064609375 0.10765258281250001 0.074953125 0.1125352109375 0.07909374999999999 0.1095305171875 0.07996875 0.108638496875 0.08321875 0.104201878125
0 0.090203125 0.0975586859375 0.091125 0.0943192484375 0.09821875 0.0850469484375 0.09667187499999999 0.0771830984375 0.0914375 0.0697887328125 0.08559375 0.06931924843750001 0.079734375 0.07164319218750001 0.080359375 0.0818075125 0.082203125 0.081361503125 0.084046875 0.08551643125 0.090203125 0.0975586859375
0 0.09243749999999999 0.10821596250000001 0.09343749999999999 0.1089906109375 0.094328125 0.10852112656249999 0.100875 0.10298122031250001 0.1076875 0.10338028125000001 0.1099375 0.1015727703125 0.11346875000000001 0.098497653125 0.1133125 0.09640845 0.11182812499999999 0.0944131453125 0.10796874999999999 0.09375586875 0.105640625 0.091690140625 0.098859375 0.0904929578125 0.0938125 0.09230046875 0.0901875 0.097230046875 0.090265625 0.1001408453125 0.0904375 0.09838028125 0.091390625 0.1018309859375 0.09243749999999999 0.10821596250000001
0 0.0525625 0.13422535156249998 0.058015625 0.1330751171875 0.06371875 0.1303286390625 0.066578125 0.127605634375 0.06865625 0.1256572765625 0.06684375000000001 0.11316901406249999 0.05878124999999999 0.1096713609375 0.053593749999999996 0.11394366250000001 0.04996875 0.129553990625 0.0525625 0.13422535156249998
0 0.054953125000000005 0.1519014078125 0.05546875 0.14014084531249998 0.052609375 0.1330985921875 0.04921875 0.12213615 0.044515624999999996 0.1236854453125 0.041390625 0.1260563375 0.037484375 0.141713615625 0.040875 0.16286385 0.044265624999999996 0.1632629109375 0.05234375 0.16248826249999998 0.054953125000000005 0.1519014078125
0 0.36015625 0.1615727703125 0.36526562500000004 0.161150234375 0.372625 0.1649765265625 0.37517187500000004 0.1671126765625 0.3794375 0.1564553984375 0.38537499999999997 0.1475117375 0.394171875 0.14241784062500001 0.403234375 0.140281690625 0.40834374999999995 0.140281690625 0.40946875 0.134741784375 0.40521874999999996 0.129201878125 0.395296875 0.12410798125 0.39190625 0.1228169015625 0.387359375 0.11685445937500001 0.38453125 0.10962441249999999 0.38140625 0.10281690156250001 0.378578125 0.1006807515625 0.373765625 0.0972769953125 0.36809375 0.0955868546875 0.366390625 0.096431925 0.36129687499999996 0.1032394359375 0.357890625 0.10835680781249998 0.3550625 0.10622065781250001 0.345703125 0.1040845078125 0.338625 0.1066431921875 0.333796875 0.11176056406249998 0.33040625 0.1266666671875 0.340328125 0.138145540625 0.345984375 0.1436854453125 0.353921875 0.14666666718750002 0.35903125 0.1538967140625 0.36015625 0.1615727703125
0 0.177921875 0.0665727703125 0.173515625 0.059953051562500005 0.17085937499999998 0.056619718750000006 0.165109375 0.0549765265625 0.160703125 0.055633803125000006 0.1589375 0.060610328125 0.1560625 0.0688967140625 0.15628124999999998 0.07819248749999999 0.157828125 0.0798591546875 0.16334375 0.081173709375 0.168203125 0.08051643124999999 0.177921875 0.0771830984375 0.17925 0.0752112671875 0.177921875 0.0665727703125
0 0.048046875 0.0733333328125 0.05515625 0.0763849765625 0.058609375 0.071502346875 0.06409375 0.067230046875 0.065515625 0.0638732390625 0.06571875 0.055633803125000006 0.0620625 0.050446009375 0.059828124999999996 0.047394365625000004 0.053125 0.0467840375 0.045609375 0.055023473437500005 0.04459375 0.062042253125 0.046218749999999996 0.0705868546875 0.048046875 0.0733333328125
0 0.079453125 0.07251173749999999 0.081953125 0.07021126718750001 0.088671875 0.06873239375 0.0900625 0.05802816875 0.089640625 0.052769953125000005 0.08671875 0.049201878125 0.080421875 0.0464788734375 0.076234375 0.0488028171875 0.07203125 0.053403756250000003 0.06965625 0.06410798125 0.06882812499999999 0.0649530515625 0.07875 0.0760798125 0.079453125 0.07251173749999999
3 0.394890625 0.38615023437499996 0.403859375 0.36591549218749997 0.403859375 0.3299530515625 0.39040625 0.309741784375 0.36346875 0.3074882625 0.341046875 0.31422535156250003 0.32309375 0.33220657343750004 0.315609375 0.3681690140625 0.327578125 0.379389671875 0.353 0.38615023437499996 0.370953125 0.3928873234375 0.36496875 0.4041314546875 0.3799375 0.3996244125 0.394890625 0.38615023437499996
3 0.27521874999999996 0.467417840625 0.2453125 0.48089201875 0.236328125 0.532582159375 0.24681250000000002 0.5662910796875 0.261765625 0.5910093890625 0.29765625 0.5910093890625 0.32309375 0.5662910796875 0.32159375 0.50786385 0.30215625 0.4741549296875 0.27521874999999996 0.467417840625
3 0.61178125 0.5195070421875 0.615984375 0.5033568078124999 0.615515625 0.4858450703125 0.613640625 0.4725117375 0.600109375 0.46058685468749994 0.5875 0.453568075 0.578640625 0.45427229999999996 0.5655625 0.46269953125 0.555296875 0.4753051640625 0.553890625 0.4942488265625 0.557625 0.5138967140624999 0.5655625 0.526502346875 0.5945 0.5363380281250001 0.6043125 0.53140845 0.61178125 0.5195070421875
3 1 0.40103286406249994 0.7089531250000001 0.2395774640625 0.46801562499999994 0.11978873281249999 0.29640625 0.127605634375 0.14040625 0.190093896875 0.07279687500000001 0.35417840312500004 0.1508125 0.69269953125 0.98284375 0.6145774640624999 1 0.609366196875 1 0.40103286406249994
3 0.97246875 0.372582159375 0.9883124999999999 0.3703521125 0.9987187499999999 0.3629107984375 1 0.333145540625 0.997734375 0.3003990609375 0.9803906250000001 0.292230046875 0.9709843749999999 0.2996713609375 0.959109375 0.301150234375 0.92790625 0.29072770000000003 0.9204687500000001 0.29744131406249996 0.917015625 0.31826291093750003 0.922953125 0.344295775 0.9358281249999999 0.350258215625 0.952171875 0.36140845 0.952171875 0.372582159375 0.97246875 0.372582159375
0 0.039796874999999995 0.10673708906249998 0.043765625 0.10464788750000001 0.04496875 0.10197183125 0.044765624999999996 0.09927230000000001 0.04296875 0.095093896875 0.039390625 0.094201878125 0.035812500000000004 0.095093896875 0.033421875000000004 0.0962910796875 0.030640624999999998 0.09896713593749999 0.029453125000000004 0.101361503125 0.029453125000000004 0.10854460156250001 0.030640624999999998 0.11211267656249999 0.032828125 0.1163145546875 0.035421875000000005 0.11392018749999999 0.037609375 0.1091314546875 0.039796874999999995 0.10673708906249998
0 0.096796875 0.0379107984375 0.09614062500000001 0.0443192484375 0.09614062500000001 0.0541549296875 0.104328125 0.051690140625000006 0.10759375 0.0571126765625 0.11775 0.045774648437499996 0.11612499999999999 0.045774648437499996 0.1121875 0.0349530515625 0.10465625 0.0319953046875 0.09940625 0.0329812203125 0.096796875 0.0379107984375