1 0.114578125 0.4457916671875 0.1164375 0.4524166671875 0.13134375 0.4607083328125 0.140046875 0.45822916718749995 0.14253125 0.4747916671875 0.149984375 0.4714791671875 0.150609375 0.4524166671875 0.154953125 0.4474583328125 0.159921875 0.433375 0.149984375 0.4358541671875 0.12451562499999999 0.44331250000000005 0.114578125 0.4457916671875
1 0.2605 0.3697916671875 0.277890625 0.3678541671875 0.284640625 0.37235416718750003 0.28946875 0.36462500000000003 0.29334375 0.35110416718750004 0.28512499999999996 0.3408125 0.276921875 0.3279375 0.2691875 0.3234166671875 0.25953125 0.32406250000000003 0.25421875 0.3317916671875 0.246015625 0.3382291671875 0.24070312500000002 0.35175 0.24167187499999998 0.35175 0.25278125 0.3607708328125 0.2605 0.3697916671875
1 0.48939062499999997 0.3312083328125 0.48375 0.34025 0.478484375 0.3577916671875 0.48674999999999996 0.3643125 0.5018125 0.379875 0.508578125 0.380375 0.5176093749999999 0.3668333328125 0.525890625 0.37887499999999996 0.525890625 0.3588125 0.53190625 0.35027083281250004 0.543203125 0.3382291671875 0.543953125 0.3292083328125 0.543953125 0.31916666718750003 0.5405625 0.3181666671875 0.522875 0.32116666718750003 0.51384375 0.3216875 0.498421875 0.3186666671875 0.5018125 0.3206666671875 0.49615625 0.3226875 0.48939062499999997 0.3312083328125
1 0.6167812500000001 0.34245833281250004 0.61425 0.3373958328125 0.608765625 0.3368333328125 0.6091875 0.3328958328125 0.606453125 0.3233541671875 0.5992968750000001 0.3230625 0.59696875 0.325875 0.5938125000000001 0.3264375 0.5923437500000001 0.3317708328125 0.588546875 0.3340208328125 0.5855937499999999 0.33627083281250003 0.58159375 0.3359791671875 0.57253125 0.3438541671875 0.5700000000000001 0.3491875 0.5710625 0.3567708328125 0.579703125 0.3612708328125 0.5898125000000001 0.3632291671875 0.5959218749999999 0.3654791671875 0.604765625 0.3609791671875 0.612765625 0.35481250000000003 0.6165625 0.3455416671875 0.6167812500000001 0.34245833281250004
1 0.697828125 0.32037499999999997 0.696234375 0.3144166671875 0.6927187499999999 0.3050625 0.6828125 0.2986666671875 0.674828125 0.29952083281249997 0.674828125 0.3042083328125 0.67803125 0.3152708328125 0.68984375 0.3280416671875 0.693359375 0.3229375 0.69878125 0.3220833328125 0.697828125 0.32037499999999997
1 0.70403125 0.3998541671875 0.7097187500000001 0.395625 0.715625 0.3883333328125 0.7166718750000001 0.37316666718749997 0.715203125 0.3734375 0.7067812499999999 0.37906249999999997 0.70340625 0.3883333328125 0.69625 0.4006875 0.6932968749999999 0.39114583281250004 0.6935 0.38747916718750003 0.68865625 0.377375 0.678328125 0.3726041671875 0.6764375 0.37316666718749997 0.67496875 0.3858125 0.675171875 0.3928333328125 0.677078125 0.39929166718750003 0.68696875 0.4054583328125 0.696875 0.4122083328125 0.70025 0.4035 0.7017187500000001 0.4009791671875 0.70403125 0.3998541671875
1 0.76390625 0.32185416718750004 0.76434375 0.3315208328125 0.7705 0.33825 0.794875 0.3388333328125 0.79509375 0.3329791671875 0.79509375 0.32156250000000003 0.7907031250000001 0.3157083328125 0.776640625 0.30985416718750003 0.7691874999999999 0.3107291671875 0.76390625 0.31716666718750003 0.76390625 0.32185416718750004
1 0.866 0.3477083328125 0.8780625000000001 0.334625 0.8773125 0.31 0.870515625 0.2918958328125 0.8629843749999999 0.2757916671875 0.8588281249999999 0.26575000000000004 0.844875 0.2607083328125 0.837703125 0.2566875 0.8241406250000001 0.2607083328125 0.82678125 0.2732916671875 0.8230000000000001 0.27429166718750003 0.809421875 0.2737916671875 0.8090468749999999 0.2833541671875 0.8113125 0.29943749999999997 0.815453125 0.3160208328125 0.815453125 0.3255833328125 0.81621875 0.333125 0.8241406250000001 0.3406666671875 0.843359375 0.3527291671875 0.84940625 0.35322916718749997 0.8565625000000001 0.35322916718749997 0.866 0.3477083328125
1 0.218421875 0.4055416671875 0.22218749999999998 0.4101875 0.234359375 0.4128958328125 0.25390625 0.4043958328125 0.2631875 0.3989791671875 0.26390625 0.39318749999999997 0.262609375 0.38545833281249997 0.257390625 0.38333333281250004 0.250875 0.38527083281249996 0.244203125 0.38933333281250004 0.237546875 0.3939583328125 0.23160937499999998 0.3987916671875 0.2245 0.4016875 0.219296875 0.404 0.218421875 0.4055416671875
1 0.670671875 0.44704166718750005 0.668265625 0.4386666671875 0.66778125 0.43479166718749995 0.670671875 0.42833333281249997 0.679875 0.4289791671875 0.689546875 0.4251041671875 0.691484375 0.41929166718750005 0.69196875 0.41670833281249997 0.6856875 0.4141458328125 0.6740625 0.4135 0.6726093750000001 0.4089791671875 0.6726093750000001 0.40639583281249997 0.66778125 0.3896041671875 0.661 0.39025 0.652765625 0.3921875 0.650828125 0.3876875 0.648890625 0.3851041671875 0.639703125 0.3876875 0.629046875 0.3870416671875 0.61453125 0.3870416671875 0.606796875 0.3896041671875 0.60146875 0.3954166671875 0.596140625 0.3999375 0.59178125 0.40445833281250004 0.588390625 0.4070416671875 0.586953125 0.4089791671875 0.57775 0.41091666718750003 0.575328125 0.4141458328125 0.573390625 0.4212291671875 0.5700000000000001 0.43285416718749997 0.5700000000000001 0.43995833281249996 0.577265625 0.4451041671875 0.585015625 0.44704166718750005 0.59565625 0.44768749999999996 0.609203125 0.44704166718750005 0.6179218750000001 0.437375 0.6305 0.43608333281249995 0.6479375 0.44768749999999996 0.66778125 0.44768749999999996 0.670671875 0.44704166718750005
1 0.130609375 0.368875 0.131984375 0.366125 0.13564062500000001 0.35970833281250003 0.141140625 0.35543749999999996 0.143890625 0.3536041671875 0.15053125 0.3508541671875 0.15235937500000002 0.34841666718750003 0.146859375 0.3465833328125 0.145953125 0.3413958328125 0.145953125 0.3368125 0.143421875 0.3325416671875 0.148703125 0.3255208328125 0.15167187499999998 0.3197291671875 0.145953125 0.3172708328125 0.1420625 0.3191041671875 0.130375 0.326125 0.12396875 0.3310208328125 0.118015625 0.33377083281250003 0.11481250000000001 0.3368125 0.114578125 0.34322916718749996 0.1155 0.35208333281250004 0.11709375 0.35970833281250003 0.12167187500000001 0.3658125 0.12328125000000001 0.3673333328125 0.126265625 0.3700833328125 0.130609375 0.368875
1 0.12532812499999998 0.4033125 0.126140625 0.397875 0.14164062500000002 0.3973333328125 0.13553125 0.3913333328125 0.13796875 0.3820833328125 0.129 0.37447916718749996 0.122875 0.3685 0.117578125 0.3652291671875 0.10859375 0.3646875 0.102484375 0.3646875 0.09390625 0.3685 0.090234375 0.3761041671875 0.082890625 0.3788333328125 0.082078125 0.3831875 0.089421875 0.3858958328125 0.0926875 0.3858958328125 0.0910625 0.3940625 0.08820312500000001 0.40875000000000006 0.09840625 0.4141875 0.1143125 0.4120208328125 0.12410937500000001 0.410375 0.12532812499999998 0.4033125
1 0.6035625 0.3846666671875 0.601984375 0.3885416671875 0.59934375 0.3917083328125 0.601984375 0.394875 0.609109375 0.3934583328125 0.612015625 0.3885416671875 0.614390625 0.38925 0.61834375 0.3899375 0.622046875 0.3881875 0.635765625 0.3896041671875 0.6349843749999999 0.3885416671875 0.635765625 0.3867708328125 0.638140625 0.3801041671875 0.633921875 0.3748125 0.628640625 0.36706249999999996 0.623890625 0.3610833328125 0.630234375 0.3575625 0.640515625 0.3589791671875 0.6447499999999999 0.3572291671875 0.640515625 0.3494791671875 0.636296875 0.339625 0.630234375 0.3399791671875 0.61940625 0.3406875 0.613328125 0.3515833328125 0.60753125 0.36072916718750003 0.600140625 0.366375 0.597765625 0.3769166671875 0.597234375 0.3779791671875 0.5982968750000001 0.3836041671875 0.6035625 0.3846666671875