3 0.444078125 0.5831147546875 0.443265625 0.584332553125 0.43684375 0.620444965625 0.43684375 0.6216627640625 0.43925000000000003 0.6854800937500001 0.473796875 0.7408665109375 0.5019218750000001 0.750515221875 0.538078125 0.7396721312500001 0.5485156250000001 0.7023419203125 0.572625 0.660187353125 0.576640625 0.6264637 0.5605781249999999 0.5831147546875 0.538875 0.5626463703125 0.5059375 0.5421779859375 0.49389062499999997 0.5409601875 0.46495312499999997 0.55421545625 0.444078125 0.5831147546875
3 0.669140625 0.692459015625 0.68190625 0.6839578453125 0.7067187500000001 0.6711943796875001 0.7272968750000001 0.66482435625 0.742890625 0.6212412171875 0.7400625 0.5797658078125 0.73509375 0.5383138171875 0.7272968750000001 0.5149414515624999 0.710265625 0.5000468390624999 0.689 0.4809133484375 0.667 0.47454332499999996 0.643609375 0.490491803125 0.618078125 0.5255737703125 0.60671875 0.5510772828125 0.60459375 0.5776580796874999 0.6095625 0.6201639343750001 0.6485624999999999 0.6786416859375 0.659203125 0.6903278687500001 0.669140625 0.692459015625
3 0.603625 0.407915690625 0.6071718749999999 0.384543325 0.60575 0.35370023437500003 0.6022031250000001 0.3313817328125 0.595125 0.30693208437499997 0.58803125 0.2952459015625 0.5773906249999999 0.27611241249999996 0.564625 0.2665339578125 0.537671875 0.2665339578125 0.5114375 0.2771662765625 0.49157812500000003 0.303747071875 0.4809375 0.33351288125 0.479515625 0.35901639375 0.4894375 0.4047306796875 0.49725 0.4100468390625 0.5149843749999999 0.41430913281250004 0.53696875 0.439812646875 0.560359375 0.45576112343749997 0.5830625 0.439812646875 0.603625 0.407915690625
3 0.625203125 0.7573067921875001 0.646203125 0.7393208437500001 0.6671875 0.7123653390625 0.6506875 0.6831381734375 0.623703125 0.6539344265625 0.58621875 0.6539344265625 0.54425 0.692131146875 0.54125 0.764051521875 0.5427500000000001 0.7932552687500001 0.557734375 0.8179859484374999 0.574234375 0.835948478125 0.574234375 0.8449414515625 0.583234375 0.8494379390625 0.59521875 0.8539344265625 0.61021875 0.8247306796875 0.61171875 0.7932552687500001 0.625203125 0.7573067921875001
3 0.789046875 0.7322014046875001 0.819296875 0.7468384078125 0.849046875 0.778992975 0.864171875 0.8250585484374999 0.8705 0.81189695625 0.875875 0.79 0.875390625 0.7548946140624999 0.867578125 0.71030445 0.8485625000000001 0.675948478125 0.8217343749999999 0.6576814984375 0.790515625 0.6503512875 0.756859375 0.654004684375 0.728078125 0.6796018734375 0.709546875 0.7190866515625001 0.70515625 0.758571428125 0.724171875 0.7373302109375001 0.754421875 0.72709601875 0.789046875 0.7322014046875001
3 0.8746562499999999 0.8816393437500001 0.8701718749999999 0.834660421875 0.8552500000000001 0.785456675 0.7910781250000001 0.7362295078125001 0.758234375 0.7362295078125001 0.7418125 0.7362295078125001 0.726890625 0.7384777515625001 0.688078125 0.7742622953125 0.67465625 0.8279625296875001 0.6686875 0.8816393437500001 0.6701718750000001 0.9263934421875 0.71196875 0.9711241218750001 0.8373437499999999 0.9711241218750001 0.8671875 0.9241451984375001 0.8746562499999999 0.8816393437500001
3 0.138359375 0.7094613578125 0.148203125 0.6996252921874999 0.156390625 0.6996252921874999 0.159671875 0.69224824375 0.1744375 0.6529274 0.20231249999999998 0.6259016390625 0.231828125 0.6136065578125 0.2301875 0.579203746875 0.22200000000000003 0.5423185015625 0.200671875 0.527587821875 0.1613125 0.527587821875 0.13671875 0.547236534375 0.110484375 0.6062295078125 0.112125 0.6578454328125 0.11376562500000001 0.66030445 0.1203125 0.682435596875 0.138359375 0.7094613578125
3 0.28384375 0.609531615625 0.28471875 0.5758548015625 0.285609375 0.5613348953124999 0.29089062499999996 0.5408665109374999 0.299703125 0.5204215453125001 0.31203125 0.5111709609374999 0.333609375 0.50391100625 0.323921875 0.48873536250000005 0.30057812500000003 0.46627634687499997 0.275484375 0.453091334375 0.247734375 0.45770491875 0.22349999999999998 0.4768384078125 0.21821875 0.5059016390625 0.21998437499999998 0.54416861875 0.22703125000000002 0.5679391093749999 0.244640625 0.5897189703125 0.262703125 0.6029274 0.28384375 0.609531615625
3 0.606625 0.8282903984375001 0.58671875 0.882740046875 0.58125 0.9230210765625 0.58721875 0.9319672125 0.6290312499999999 0.9409133484375 0.6578906250000001 0.9521077281249999 0.6777968750000001 0.9551053859374999 0.676796875 0.9319672125 0.6713281249999999 0.930468384375 0.66834375 0.8976580796875 0.6703281249999999 0.8707962531250001 0.6748125 0.8290398124999999 0.68625 0.7887587828125 0.685265625 0.787259953125 0.6409687500000001 0.7962060890625 0.62603125 0.8044262296875001 0.6145937499999999 0.8163466046875 0.606625 0.8282903984375001
3 0.8590625 0.4402107734375 0.879890625 0.45580796250000005 0.8854374999999999 0.4662060890625 0.889609375 0.4734894609375 0.895859375 0.47868852500000003 0.90834375 0.47765807968749996 0.9125156249999999 0.4714051515625 0.923625 0.45997658125 0.9416718749999999 0.45163934375 0.9555468749999999 0.44644028125 0.970125 0.44644028125 0.976375 0.4266744734375 0.9770625000000001 0.41210772812499996 0.976375 0.3881733015625 0.968734375 0.36320843125 0.9597187500000001 0.342412178125 0.945828125 0.323676815625 0.932640625 0.3091100703125 0.9076562499999999 0.31119437968749997 0.892390625 0.3143091328125 0.879890625 0.3226463703125 0.8667031250000001 0.3299297421875 0.856296875 0.3372131140625 0.846578125 0.35384075 0.8403281249999999 0.3861124125 0.8389374999999999 0.4193911 0.8375468749999999 0.42772833749999994 0.84865625 0.43395784531250003 0.8590625 0.4402107734375
3 0.292875 0.535456675 0.282015625 0.5918501171874999 0.28275 0.5929508203125 0.294328125 0.6200468390625 0.313859375 0.5766744734375 0.361609375 0.535456675 0.39273437499999997 0.53871194375 0.41950000000000004 0.57775175625 0.41950000000000004 0.5636533953125 0.40214062500000003 0.514847775 0.340625 0.5051053859375 0.332671875 0.5072599531249999 0.303734375 0.515948478125 0.292875 0.535456675
3 0.351515625 0.45477751718750004 0.332984375 0.48063231875 0.3361875 0.5074238875 0.40325 0.5160421546875 0.41857812499999997 0.5696487125 0.42815624999999996 0.580187353125 0.439015625 0.5562529281249999 0.42560937499999996 0.53709601875 0.4205 0.5045667453125 0.42112499999999997 0.4863700234375 0.427515625 0.463395784375 0.415390625 0.45 0.3949375 0.44042154531250005 0.391109375 0.437540984375 0.367484375 0.4385011703125 0.351515625 0.45477751718750004
3 1 0.29871194375 0.970453125 0.2571428578125 0.8838125 0.20259953125000002 0.8075625000000001 0.1688290390625 0.7555625 0.1402576109375 0.726109375 0.10128805625 0.68971875 0.11428571406250002 0.6446562499999999 0.15325526875 0.620390625 0.14545667499999998 0.582265625 0.1402576109375 0.5406875 0.127283371875 0.466171875 0.1636299765625 0.398578125 0.2 0.3500625 0.26754098437499996 0.303265625 0.29871194375 0.249546875 0.3038875875 0.2356875 0.35325526875 0.15423437499999998 0.36882903906250003 0.081453125 0.43117096093749996 0.027734375 0.4883138171875 0 0.4857142859375 0.0017343750000000002 0.7168852453125 0.046796875 0.729859484375 0.135171875 0.7558548015625 0.584 0.922084309375 0.585734375 0.8623419203125 0.566671875 0.8337704921875 0.54934375 0.7922014046875 0.5250781250000001 0.7506557375 0.481765625 0.7428571421875 0.46096875 0.7090866515625 0.436703125 0.64674473125 0.42976562500000004 0.5948009375 0.402046875 0.5610304453125 0.376046875 0.529859484375 0.334453125 0.5506557375 0.30153125 0.6077985953125 0.284203125 0.6077985953125 0.253015625 0.5844262296875 0.22528125000000002 0.6155737703125 0.17676562499999998 0.6441451984375 0.1525 0.7116861828125 0.11090625000000001 0.677915690625 0.114375 0.5714285718750001 0.169828125 0.5272833718750001 0.214890625 0.5428571421874999 0.20621874999999998 0.50648711875 0.21315625 0.475316159375 0.253015625 0.45454332500000005 0.280734375 0.4597423890625 0.310203125 0.4831147546875 0.33965625 0.4649414515625 0.353515625 0.4571428578125 0.43323437499999995 0.46754098437499997 0.4263125 0.5246838406250001 0.440171875 0.5558548015625 0.445375 0.5558548015625 0.4765625 0.532459015625 0.519890625 0.5428571421874999 0.5406875 0.5610304453125 0.561484375 0.59740046875 0.577078125 0.6597423890624999 0.62559375 0.6571428578125 0.604796875 0.5922014046874999 0.601328125 0.5272833718750001 0.6706562500000001 0.480515221875 0.72784375 0.5116861828125 0.733046875 0.625971896875 0.6793125 0.70128805625 0.6481250000000001 0.7376580796875001 0.620390625 0.774028103125 0.61346875 0.8025995312499999 0.653328125 0.79740046875 0.694921875 0.7896018734375 0.70878125 0.729859484375 0.7434375 0.65194379375 0.81275 0.6493442625 0.8647500000000001 0.69351288125 0.889 0.8649414515625 0.837015625 0.976627634375 1 0.9870023421875 0.996453125 0.4597423890625 0.966984375 0.4415690859375 0.894203125 0.4909133484375 0.840484375 0.43117096093749996 0.8526093749999999 0.3350585484375 0.9219375 0.30128805625 0.939265625 0.319484778125 0.9652499999999999 0.3636299765625 0.979125 0.43377049218749997 1 0.42337236562499997 1 0.29871194375