1 0.083375 0.5802916671875 0.082765625 0.5857291671875 0.083828125 0.592375 0.08775 0.5940000000000001 0.09153125 0.5897708328125 0.091078125 0.5863333328125 0.08820312500000001 0.5819166671875 0.087 0.5778749999999999 0.084578125 0.5784791671875 0.083375 0.5802916671875
1 0.074984375 0.6514166671875 0.067453125 0.6473958328125 0.067453125 0.6519166671875001 0.0666875 0.6549375000000001 0.0666875 0.6599583328125 0.078 0.669 0.08328125 0.6624791671875 0.08140625 0.6544166671875 0.074984375 0.6514166671875
3 0.6168125 0.7877291671875 0.614609375 0.7715208328125 0.601359375 0.766375 0.5974999999999999 0.7523958328125 0.585359375 0.7479791671875 0.583703125 0.7303124999999999 0.571 0.7177916671875 0.563828125 0.7251666671875 0.564375 0.713375 0.555546875 0.7060208328125 0.547265625 0.7060208328125 0.5411875 0.7104375 0.52684375 0.7052916671875 0.51690625 0.7097083328125 0.5119374999999999 0.72075 0.49868750000000006 0.72075 0.52021875 0.7523958328125 0.56603125 0.8237916671875001 0.6300625 0.8039166671875 0.62509375 0.7936041671875 0.6168125 0.7877291671875
1 0.0990625 0.5832291671875 0.13603125 0.5444791671875 0.12246874999999999 0.5390833328125 0.11578124999999999 0.5450208328125 0.104640625 0.534625 0.09684374999999999 0.5420625 0.084578125 0.5450208328125 0.07678125 0.5509791671875 0.071203125 0.5509791671875 0.059453124999999996 0.5575416671875 0.05337499999999999 0.5688125 0.0479375 0.5831666671875 0.04334375 0.5925833328125 0.041125 0.6163541671874999 0.04334375 0.6193333328125 0.038890625 0.6312083328125 0.04 0.640125 0.03665625 0.6475625 0.043484375 0.6580833328125 0.054953125000000005 0.6613125 0.081234375 0.666875 0.08346875000000001 0.6371458328124999 0.084578125 0.6014999999999999 0.0990625 0.5832291671875
3 0.516 0.7825833328125 0.507625 0.7877916671875 0.507625 0.7669583328125 0.498140625 0.7543124999999999 0.483078125 0.7647291671875001 0.478046875 0.7669583328125 0.46465625 0.7498541671875001 0.470234375 0.7327291671875 0.46410937499999994 0.7230624999999999 0.45629687499999994 0.7200833328125 0.44514062499999996 0.7200833328125 0.44290624999999995 0.7267916671875 0.44067187499999994 0.745375 0.45853124999999995 0.79375 0.46968750000000004 0.8190416671875 0.478609375 0.8227499999999999 0.48475 0.8353958328125 0.48754687499999994 0.8413541671875 0.48754687499999994 0.8406041671875 0.55840625 0.8249791671875 0.537765625 0.8019166671875 0.529953125 0.7848124999999999 0.516 0.7825833328125
2 0.6798124999999999 0.57125 0.68653125 0.5686875 0.6921406250000001 0.5686875 0.694546875 0.5714583328125 0.698546875 0.5710208328124999 0.6971093749999999 0.5641875 0.69615625 0.5597083328125 0.69359375 0.5565 0.687171875 0.5571458328125 0.679484375 0.5603541671875 0.673234375 0.5633333328125001 0.6753125 0.5703958328125001 0.67771875 0.571875 0.6798124999999999 0.57125
2 0.714484375 0.5554791671875 0.70521875 0.5540625 0.7025781249999999 0.5597083328125 0.697546875 0.5597083328125 0.699671875 0.5692291671875 0.706546875 0.5674791671875 0.7113125 0.5657083328125 0.716078125 0.5657083328125 0.7245468749999999 0.5674791671875 0.73009375 0.5681666671875 0.7345937499999999 0.5621875000000001 0.734078125 0.5572291671875 0.71765625 0.5519375 0.714484375 0.5554791671875
2 0.706125 0.5409375 0.707828125 0.5445 0.72340625 0.5428958328125 0.721703125 0.534125 0.7173125 0.5334791671875 0.7080625 0.5344375 0.705875 0.5347708328125 0.7053906249999999 0.5376875 0.706125 0.5409375
2 0.65153125 0.5642916671875 0.65175 0.5678541671875 0.659546875 0.5684583328125 0.6654375 0.5660833328125 0.6684375 0.5651875000000001 0.664875 0.5611875000000001 0.66065625 0.5598541671875 0.65353125 0.55925 0.6529843750000001 0.5595625 0.651859375 0.5611875000000001 0.65153125 0.5642916671875
2 0.670828125 0.5628124999999999 0.6717500000000001 0.5618958328125 0.672203125 0.5592916671875 0.66471875 0.5559166671875 0.661265625 0.5549791671875 0.65446875 0.5556041671874999 0.653421875 0.5576041671875 0.6536562499999999 0.5586666671875 0.6555 0.5592916671875 0.66321875 0.5608333328125 0.670828125 0.5628124999999999
2 0.686203125 0.5390416671875 0.679015625 0.542125 0.667796875 0.5394375 0.666640625 0.53675 0.670390625 0.5298541671875 0.6726875 0.5279375 0.6764218750000001 0.5275416671875 0.67815625 0.530625 0.683328125 0.5198750000000001 0.670671875 0.5217916671875 0.66434375 0.5191041671875001 0.657734375 0.5210208328125 0.6445000000000001 0.53675 0.643359375 0.5417291671875 0.6505468750000001 0.5398125 0.665203125 0.5425 0.670953125 0.5543958328125 0.67959375 0.5444166671875 0.684765625 0.5524791671875 0.6910937500000001 0.5474791671875 0.686203125 0.5390416671875
2 0.696125 0.5777708328125 0.68696875 0.5760416671875 0.682609375 0.5818541671874999 0.67825 0.5870833328125 0.6795625000000001 0.5928958328125 0.691765625 0.5870833328125 0.699609375 0.5812708328125 0.696125 0.5777708328125
2 0.727453125 0.583125 0.737484375 0.5841875 0.735875 0.5777708328125 0.727453125 0.5745625000000001 0.719421875 0.5767083328125 0.71421875 0.5772291671875001 0.71621875 0.5841875 0.720234375 0.5863333328125 0.727453125 0.583125
2 0.66178125 0.5834791671875 0.662609375 0.5889583328125 0.6628125 0.5881458328125 0.67453125 0.5894999999999999 0.6749375 0.5853958328125 0.665078125 0.5823750000000001 0.66178125 0.5834791671875