3 0.64094 0.85448 0.6230800000000001 0.85816 0.62444 0.8966666671875 0.63958 0.9168266671874999 0.65882 0.9296533328125 0.6877 0.9314933328125001 0.72482 0.9149866671875 0.75644 0.8929866671875001 0.77844 0.8618133328124999 0.7757 0.8233333328124999 0.7702 0.81232 0.75508 0.8031466671875 0.75232 0.8049866671875 0.75232 0.8086666671874999 0.7303200000000001 0.8160000000000001 0.69182 0.8453333328125 0.66844 0.8471466671875 0.64094 0.85448
3 0.67534 0.7147733328125 0.6660999999999999 0.6696 0.65686 0.6018399999999999 0.64146 0.5926133328125001 0.62068 0.5987733328125 0.61144 0.62032 0.6022000000000001 0.6501066671875 0.6099 0.7034666671875 0.63146 0.7476266671875 0.65686 0.7537866671875 0.66918 0.7506933328125001 0.6738000000000001 0.7404266671874999 0.67534 0.7147733328125
3 0.7676999999999999 0.54064 0.76508 0.5580266671875 0.7664 0.5728 0.77944 0.5762933328125001 0.79964 0.5745333328125 0.8289799999999999 0.5780266671875001 0.85832 0.6014933328125001 0.8896000000000001 0.61192 0.8993800000000001 0.6032266671875 0.9007 0.5623733328125 0.87658 0.52672 0.8413600000000001 0.5032533328125 0.8166 0.5041333328125 0.8120200000000001 0.5067466671874999 0.78464 0.52152 0.7676999999999999 0.54064
3 0.8015000000000001 0.50896 0.8087799999999999 0.50736 0.81364 0.50736 0.8342599999999999 0.5025066671875 0.8646 0.5122133328125 0.8852399999999999 0.5381066671875 0.9010199999999999 0.5526666671875 0.90708 0.5202933328125 0.87554 0.4620533328125 0.8488200000000001 0.44261333281250004 0.83912 0.43616 0.81606 0.43616 0.7942199999999999 0.4555733328125 0.76872 0.4846933328125 0.77844 0.4911733328125 0.7845 0.4992533328125 0.8015000000000001 0.50896
3 0.67394 0.5801866671875 0.67394 0.5731200000000001 0.6757 0.5660266671875 0.71108 0.5353866671875 0.7163999999999999 0.51888 0.71462 0.5 0.7093200000000001 0.4976533328125 0.70048 0.4976533328125 0.6827799999999999 0.5047200000000001 0.6704 0.5165066671874999 0.6615599999999999 0.5212266671875 0.65978 0.5306666671875 0.65272 0.5424533328125001 0.6421 0.55896 0.6509400000000001 0.58256 0.6509400000000001 0.5707466671875 0.6651 0.58256 0.67394 0.5801866671875
3 0.62234 0.7692 0.6269 0.82392 0.693 0.81784 0.74088 0.8056800000000001 0.74544 0.75704 0.73632 0.75096 0.73176 0.75096 0.70896 0.72968 0.67706 0.74184 0.63146 0.7692 0.62234 0.7692
3 0.54882 0.7294133328125 0.54176 0.7458933328125 0.5453 0.8070666671875 0.56294 0.8423466671875 0.59824 0.8753066671875 0.6194200000000001 0.85176 0.6 0.7905866671874999 0.6 0.7270666671875 0.61764 0.7176533328125 0.5947 0.6846933328125 0.54882 0.7294133328125
2 0.2589 0.41072 0.2771 0.39952 0.27616 0.37962666718750004 0.2645 0.36968 0.2519 0.36968 0.24304 0.36968 0.23325999999999997 0.3740266671875 0.22626 0.37962666718750004 0.22254000000000002 0.39208 0.2202 0.4057333328125 0.22391999999999998 0.41879999999999995 0.22812000000000002 0.4281333328125 0.23557999999999998 0.4362133328125 0.24724 0.4386933328125 0.25051999999999996 0.4330933328125 0.25284 0.4244 0.2589 0.41072
2 0.25948000000000004 0.3473066671875 0.26256 0.3708533328125 0.26793999999999996 0.3810933328125 0.28254 0.39648 0.29174 0.39648 0.30174 0.38008000000000003 0.31096 0.3575466671875 0.31172 0.33399999999999996 0.29022000000000003 0.31352 0.26948 0.3217066671875 0.26256 0.3319466671875 0.25948000000000004 0.3473066671875
2 0.25945999999999997 0.4958133328125 0.26604 0.48224 0.26783999999999997 0.4670666671875 0.26126 0.45429333281249995 0.24630000000000002 0.44871999999999995 0.23192 0.44952 0.21756000000000003 0.46229333281249996 0.22654000000000002 0.5005866671875 0.23372 0.5069866671875001 0.24748 0.5053866671875 0.25945999999999997 0.4958133328125
2 0.17922 0.3620533328125 0.17652 0.40296000000000004 0.16568 0.4162133328125 0.13588 0.44512 0.14582 0.4812266671875 0.12503999999999998 0.5125333328125 0.14672000000000002 0.5630933328125 0.1756 0.57632 0.2352 0.57152 0.28396 0.5305866671875 0.33632 0.4138133328125 0.38056 0.3198933328125 0.35078 0.30906666718750003 0.30382 0.3078666671875 0.26680000000000004 0.3066666671875 0.25236000000000003 0.29704 0.23700000000000002 0.29704 0.22346 0.3162933328125 0.21986 0.3343466671875 0.21444000000000002 0.3319466671875 0.18464 0.3427733328125 0.17922 0.3620533328125
3 0.64578 0.5971466671875 0.65606 0.59904 0.6639999999999999 0.5971466671875 0.66728 0.58968 0.68082 0.5815733328125 0.6906399999999999 0.5790933328125 0.7168 0.5846933328125 0.7158599999999999 0.5697333328124999 0.7154 0.55104 0.70512 0.5498133328125 0.69858 0.5479466671875 0.67614 0.5672533328125 0.67382 0.5797066671875 0.66728 0.5828266671875 0.65138 0.5728533328125 0.65138 0.58344 0.6462399999999999 0.5734933328125 0.64298 0.5840799999999999 0.64344 0.58344 0.6420399999999999 0.5902933328125 0.64578 0.5971466671875
3 0.74902 0.5192533328125 0.7725 0.47698666718749994 0.8388199999999999 0.43864000000000003 0.84644 0.4331733328125 0.8358800000000001 0.4112533328125 0.81182 0.3971733328125 0.78306 0.3964 0.7719199999999999 0.3979733328125 0.73612 0.4159466671875 0.68916 0.47072 0.6921 0.5200266671875 0.7144 0.5231466671875 0.74902 0.5192533328125
3 0.22075999999999998 0.4152 0.21686 0.39368 0.20851999999999998 0.3825333328125 0.19126 0.3869866671875 0.18236000000000002 0.40184 0.18458000000000002 0.41816000000000003 0.19794 0.4330133328125 0.20295999999999997 0.4352266671875 0.21798 0.4293066671875 0.22075999999999998 0.4152
3 0.20493999999999998 0.4545333328125 0.19156 0.45111999999999997 0.18131999999999998 0.46592 0.17534 0.48109333281250005 0.16766 0.4951466671875 0.17364 0.50424 0.18644 0.5152533328125 0.19754 0.50768 0.21946 0.4845066671875 0.2206 0.48376 0.2169 0.46592 0.20493999999999998 0.4545333328125
3 0.344 0.6639999999999999 0.35 0.6719999999999999 0.364 0.6746666671875 0.366 0.6906666671874999 0.372 0.6986666671874999 0.388 0.6986666671874999 0.398 0.712 0.426 0.712 0.438 0.6986666671874999 0.45 0.6986666671874999 0.45999999999999996 0.6906666671874999 0.470909090625 0.6889696953125 0.591393940625 0.7851313125 0.602 0.7973333328125001 0.606 0.8106666671875 0.614 0.8106666671875 0.62 0.8026666671875 0.624 0.7706666671875 0.642 0.7653333328125 0.642 0.752 0.6519999999999999 0.7546666671875 0.626 0.7413333328125 0.616 0.7573333328125 0.604 0.7573333328125 0.6 0.7626666671875 0.515666665625 0.6526666671875 0.518 0.6426666671875 0.526 0.6346666671875 0.534 0.6026666671875 0.546 0.592 0.554 0.5706666671875 0.5559999999999999 0.5519999999999999 0.5531794875 0.5405128218749999 0.558 0.5333333328125 0.5632307703125 0.539897434375 0.6938974359375 0.531897434375 0.706 0.5413333328125 0.706 0.5519999999999999 0.714 0.5519999999999999 0.716 0.5626666671875 0.728 0.5626666671875 0.73 0.5866666671874999 0.74 0.6026666671875 0.754 0.6026666671875 0.758 0.5973333328125 0.77 0.5386666671875 0.784 0.5226666671875 0.796 0.5173333328124999 0.798 0.5093333328125 0.77 0.488 0.77 0.48266666718750006 0.744 0.528 0.70394871875 0.53128205 0.624 0.4453333328125 0.628 0.41333333281250006 0.644 0.3946666671875 0.658 0.33599999999999997 0.6559999999999999 0.312 0.6519999999999999 0.3066666671875 0.618 0.3093333328125 0.61 0.32 0.5980000000000001 0.352 0.5860000000000001 0.36266666718749996 0.5780000000000001 0.384 0.564 0.392 0.55 0.4106666671875 0.544 0.43200000000000005 0.526 0.45599999999999996 0.522 0.4693333328125 0.508 0.49066666718749996 0.502 0.5146666671875 0.48600000000000004 0.5333333328125 0.4828205125 0.5448205125000001 0.40241025625000004 0.5497435890625 0.398 0.5653333328125 0.394 0.5599999999999999 0.39235897343750004 0.5503589734375 0.376 0.5386666671875 0.3823076921875 0.550974359375 0.372256409375 0.5515897437499999 0.365 0.5393333328125001 0.362205128125 0.552205128125 0.354 0.54 0.3521538453125 0.5528205125000001 0.343 0.5406666671875 0.3421025640625 0.5534358984375001 0.33199999999999996 0.5413333328125 0.33205128125 0.5540512828125 0.322 0.5546666671875 0.316 0.5653333328125 0.316 0.5946666671874999 0.34199999999999997 0.6533333328125 0.344 0.6639999999999999