1 0.25592187499999997 0.78724220625 0.24709374999999997 0.9452517984375 0.263265625 0.9542925656250001 0.29562499999999997 0.9723501203125 0.308859375 0.929448440625 0.323578125 0.7172661875 0.33828125 0.5457074343749999 0.33240625 0.5118465234375 0.308859375 0.5208872906249999 0.2868125 0.5547482015625 0.280921875 0.5231414875 0.263265625 0.5276498796875 0.239734375 0.5434532375 0.21326562500000001 0.669856115625 0.1853125 0.780479615625 0.188265625 0.8888249406250001 0.188265625 0.8955875296875 0.207375 0.9339808156249999 0.2044375 0.9181774578124999 0.22503125000000002 0.9113908875 0.25592187499999997 0.78724220625
0 0.565453125 0.48117505937500005 0.565453125 0.495155875 0.5695 0.52930455625 0.581640625 0.5479376499999999 0.603890625 0.555707434375 0.63221875 0.5463788968750001 0.6484062500000001 0.515347721875 0.6524375 0.4796402875 0.6403125000000001 0.443932853125 0.620078125 0.42685851250000006 0.59884375 0.4283932859375 0.589734375 0.43460431718750003 0.58871875 0.43460431718750003 0.573546875 0.45014388437499997 0.565453125 0.48117505937500005
0 0.66625 0.6016067140625 0.6912499999999999 0.6039088734375 0.70475 0.5900959234375 0.71975 0.5609352515625 0.71725 0.5302398078125 0.71025 0.507218225 0.69825 0.495731415625 0.68875 0.488824940625 0.67675 0.4911270984375 0.66225 0.498800959375 0.64775 0.5287050359375 0.64775 0.5663069546874999 0.66625 0.6016067140625
0 0.5606718749999999 0.5193764984375 0.567171875 0.479472421875 0.5606718749999999 0.45095923281249994 0.536515625 0.42673860937499997 0.521671875 0.425323740625 0.508671875 0.42673860937499997 0.48637499999999995 0.4552517984375 0.4873125 0.5094004796875 0.504953125 0.5364748203125 0.52259375 0.5421822546875 0.54209375 0.53791366875 0.5606718749999999 0.5193764984375
0 0.578140625 0.8429496406249999 0.587328125 0.8147961625000001 0.59803125 0.7866187046875 0.5995625 0.7607913671875 0.5949687499999999 0.7349880093750001 0.581203125 0.7185371703125 0.556734375 0.711510790625 0.5445 0.720887290625 0.532265625 0.7326378890624999 0.523078125 0.7561151078125 0.5154375 0.781918465625 0.5185 0.807745803125 0.535328125 0.8359232609375 0.5475625 0.8570503593750001 0.56590625 0.8523501203125001 0.578140625 0.8429496406249999
0 0.6083125 0.5599520390625 0.60215625 0.5694244609375 0.5964375000000001 0.5869784171875 0.5955468749999999 0.60793765 0.5973124999999999 0.6214388484375 0.60303125 0.632925659375 0.6166875 0.6464508390625 0.628125 0.6525419671875 0.6369374999999999 0.65589928125 0.645296875 0.6552278171875 0.654984375 0.6451079140625 0.66159375 0.6275299765625 0.664234375 0.6113189453125 0.663796875 0.600503596875 0.6475 0.5653717031250001 0.63825 0.5552278171875 0.630765625 0.5518465234375001 0.62153125 0.5532134296875 0.6083125 0.5599520390625
0 0.46153125 0.91381295 0.482453125 0.925995203125 0.509171875 0.925995203125 0.5250468749999999 0.9038369296875001 0.5373125 0.8805755390625001 0.53803125 0.8573141484375 0.5329843750000001 0.8362829734374999 0.52215625 0.8129976015624999 0.509171875 0.7986091125 0.49762500000000004 0.7952757796875 0.482453125 0.7975059953125 0.4636875 0.8141247 0.45285937499999995 0.848465228125 0.452140625 0.8728297359375 0.46153125 0.91381295
0 0.729890625 0.8911510796875 0.740375 0.8865707437499999 0.747375 0.87966426875 0.7538750000000001 0.860479615625 0.7593593750000001 0.8328776984375 0.756375 0.8068105515624999 0.747375 0.7868824937500001 0.7363906250000001 0.7715347718750001 0.726390625 0.7638848921875 0.71040625 0.7608153484375 0.69940625 0.7653956828124999 0.687421875 0.7730695437499999 0.6774218750000001 0.7899520390625 0.6744375 0.7968345328125 0.6679375000000001 0.8190887296874999 0.6679375000000001 0.84208633125 0.6694375 0.8535971218749999 0.6734375 0.8666187046875 0.683921875 0.8819664265625 0.694421875 0.8957553953125 0.695921875 0.8980575546875 0.718390625 0.8965227812500001 0.729890625 0.8911510796875
0 0.70925 0.45803357343749995 0.711234375 0.43347721874999995 0.70625 0.412781775 0.70125 0.4035731421875 0.69475 0.40203836875 0.689265625 0.40203836875 0.6912499999999999 0.4081774578125 0.686265625 0.412781775 0.677265625 0.412781775 0.674265625 0.40127098281249995 0.673265625 0.393621103125 0.6652812499999999 0.39208633125 0.65678125 0.3890167859375 0.648296875 0.39745803281250003 0.643296875 0.4081774578125 0.639796875 0.4219904078125 0.638296875 0.43194244531250003 0.638296875 0.441918465625 0.643296875 0.4572661875 0.65078125 0.472589928125 0.65428125 0.48179856093750006 0.6602812499999999 0.486402878125 0.6642812499999999 0.4909832140625 0.682265625 0.49175060000000004 0.69625 0.48793765 0.70225 0.4771942453125 0.70925 0.45803357343749995
3 0.919125 0.5468105515625 0.919125 0.522254196875 0.917265625 0.510839328125 0.9087031250000001 0.50172661875 0.89903125 0.49714628281250006 0.890109375 0.49714628281250006 0.8808125 0.5028537171874999 0.875234375 0.512565946875 0.87375 0.5251079140625 0.875984375 0.5393764984375 0.87784375 0.5536690640625 0.8804375 0.5599280578125 0.88453125 0.562781775 0.89234375 0.5633573140625 0.898296875 0.5639328531250001 0.906109375 0.562781775 0.916140625 0.5542206234375 0.919125 0.5468105515625
3 0.90928125 0.502254196875 0.9165156250000001 0.511175059375 0.918984375 0.51793765 0.91915625 0.531199040625 0.9219843750000001 0.531199040625 0.927796875 0.5304076734375001 0.932390625 0.52930455625 0.9346875000000001 0.5233573140625001 0.93996875 0.5138848921875 0.94296875 0.5071223015624999 0.945265625 0.4957553953125 0.9445625 0.48357314218749997 0.9415625000000001 0.4735731421875 0.9375 0.465995203125 0.93396875 0.4624700234375 0.92709375 0.45868105468750003 0.919875 0.45786570781249997 0.9115781249999999 0.46057553906250004 0.9080468749999999 0.46381295 0.903296875 0.4692326140625 0.900640625 0.47383692968749996 0.897296875 0.4830455640625 0.895890625 0.49304556406250005 0.897125 0.4957553953125 0.901171875 0.4976498796875 0.90928125 0.502254196875
3 0.9297812499999999 0.6305995203125 0.9360937500000001 0.6281774578125 0.94396875 0.6257553953125 0.9534375 0.6197122296875001 0.9550000000000001 0.6076259 0.9557968750000001 0.5955155875 0.9557968750000001 0.577386090625 0.9550000000000001 0.5689208640625 0.95028125 0.5568105515624999 0.9447656249999999 0.5495683453125 0.935296875 0.5459232609375 0.9289999999999999 0.5471462828125 0.9219062499999999 0.5531894484375 0.919546875 0.5543884890624999 0.9124531250000001 0.5616546765625 0.902203125 0.5725419671875 0.900625 0.57858513125 0.8998437499999999 0.596738609375 0.9061406249999999 0.6209352515625 0.902203125 0.6281774578125 0.91796875 0.6305995203125 0.9297812499999999 0.6305995203125
3 0.85775 0.607218225 0.862265625 0.6323501203124999 0.867359375 0.64450839375 0.876953125 0.645371703125 0.896734375 0.638441246875 0.9052187500000001 0.6245563546875 0.9063437499999999 0.609808153125 0.8995625 0.58033573125 0.8837343750000001 0.562973621875 0.86621875 0.5699280578125 0.8667812500000001 0.5699280578125 0.860578125 0.586402878125 0.85775 0.607218225
0 0.65728125 0.79105515625 0.640109375 0.7788729015625 0.61365625 0.7788729015625 0.5951562499999999 0.7951079140624999 0.580609375 0.837721821875 0.585890625 0.8762589921874999 0.597796875 0.9006235015625 0.61234375 0.9087290171875001 0.624234375 0.9087290171875001 0.626875 0.9107673859375 0.653328125 0.8965707437500001 0.667859375 0.8580095921875 0.666546875 0.8235251796874999 0.65728125 0.79105515625
0 0.510734375 0.688800959375 0.49715625 0.660167865625 0.4683125 0.65755395625 0.442859375 0.6731654671875 0.430984375 0.7044364515625 0.42928125 0.7435011984375001 0.44456249999999997 0.785155875 0.46153125 0.7981774578125 0.48528125 0.7955635484375 0.5039374999999999 0.787769784375 0.5192187500000001 0.7643165468750001 0.52090625 0.7044364515625 0.510734375 0.688800959375