0 0.131984375 0.6117452828125 0.15915625 0.610023584375 0.161421875 0.608891509375 0.17765625000000002 0.6020518874999999 0.18896875 0.6151650937500001 0.23840625000000001 0.6151650937500001 0.2421875 0.4721698109375 0.22784374999999998 0.48299528281250004 0.22331249999999997 0.473891509375 0.21275 0.4716037734375 0.20445312499999999 0.4835613203125 0.19464062499999998 0.48926886718749996 0.18821875 0.47332547187499996 0.179921875 0.45792452812500006 0.16707812500000002 0.45337264218750006 0.156515625 0.46818396250000005 0.15878125 0.48813679218750006 0.15803125 0.49667452812499996 0.150859375 0.500660378125 0.142171875 0.495542453125 0.12934375 0.48186320781249997 0.111984375 0.48412735781249994 0.106328125 0.5012264156249999 0.09878125 0.5035141515625 0.07915625 0.495542453125 0.06443750000000001 0.5029481125 0.062546875 0.5177358484375 0.071609375 0.5399528296875 0.07425000000000001 0.5570518875 0.07953125 0.5826886796874999 0.086328125 0.596367925 0.08971875 0.6054716984375 0.106328125 0.6117452828125 0.131984375 0.6117452828125
0 0.304453125 0.589410378125 0.32125 0.5951886796875 0.32684375 0.580943396875 0.325671875 0.5711556609375 0.318890625 0.5551415093750001 0.30209375 0.5529245281249999 0.29590625 0.557382075 0.302390625 0.5738207546874999 0.304453125 0.589410378125
0 0.475796875 0.46893867968749997 0.46312499999999995 0.4622641515625 0.454578125 0.47648584843749997 0.44514062499999996 0.49339622656250004 0.44514062499999996 0.494740565625 0.44692187499999997 0.5267688671874999 0.4578125 0.5107547171875 0.48139062499999996 0.4880660375 0.475796875 0.46893867968749997
0 0.55290625 0.5296462265625 0.5669531250000001 0.530707546875 0.57328125 0.5211556609375 0.5690625 0.502075471875 0.5543125 0.4999528296875 0.543765625 0.4978301890625 0.543765625 0.513726415625 0.5472812499999999 0.5105660375000001 0.549390625 0.5200943390625 0.55290625 0.5296462265625
0 0.5912499999999999 0.5080660375 0.594671875 0.4996462265625 0.5972500000000001 0.4925471703125 0.5968125 0.480259434375 0.587390625 0.4679716984375 0.58053125 0.4679716984375 0.572828125 0.4725 0.569390625 0.4931839625 0.571109375 0.5080660375 0.5801093749999999 0.510660378125 0.5912499999999999 0.5080660375
0 0.59528125 0.5749528296874999 0.609328125 0.58153301875 0.6175625 0.5778773578124999 0.6175625 0.5720283015625001 0.621921875 0.5691037734375 0.627734375 0.5610613203125 0.638390625 0.5544811328125 0.647109375 0.5544811328125 0.654375 0.5603301890625 0.669875 0.5303537734375 0.696984375 0.512806603125 0.708609375 0.5018396218750001 0.708609375 0.49233490625 0.7100625 0.48575471718749996 0.70909375 0.47332547187499996 0.7047343749999999 0.46016509375 0.6945625 0.45358490625 0.68778125 0.456509434375 0.68053125 0.46235849062499995 0.672296875 0.47040094374999997 0.659703125 0.47332547187499996 0.6538906250000001 0.4835613203125 0.64759375 0.481367925 0.6291875 0.46162735781249997 0.6195 0.4660141515625 0.60690625 0.45431603750000005 0.5957656250000001 0.4528537734375 0.5885 0.46528301875 0.600125 0.48575471718749996 0.59915625 0.49087264218750004 0.589953125 0.5084198109375 0.57978125 0.5113443390625 0.57203125 0.5106132078125001 0.5725156250000001 0.523042453125 0.569125 0.5274292453125 0.5594375 0.5303537734375 0.5575 0.534740565625 0.57978125 0.5566745281250001 0.581234375 0.561792453125 0.5763906249999999 0.5705660375 0.5730000000000001 0.589575471875 0.5788125 0.5851886796875 0.5865625 0.578608490625 0.59528125 0.5749528296874999
0 0.06415625 0.52209905625 0.06415625 0.5080188671875 0.05646875 0.5005660375 0.0405625 0.47653301875 0.030140624999999997 0.4864858484375 0.031234374999999998 0.48813679218750006 0.044953125 0.524575471875 0.0455 0.547759434375 0.058671875 0.5643396218750001 0.05921875 0.5800707546874999 0.05428125 0.610707546875 0.08940624999999999 0.609882075 0.085015625 0.593325471875 0.077875 0.569292453125 0.06415625 0.52209905625
0 0.33914062500000003 0.6030188671875 0.35221874999999997 0.6011084906249999 0.359140625 0.5875707546875 0.35284375 0.57471698125 0.346703125 0.5656839625 0.331578125 0.5706839625 0.33440625 0.5699528296875 0.3273125 0.5866037734375 0.328578125 0.596132075 0.33409374999999997 0.6025471703124999 0.33914062500000003 0.6030188671875
0 0.40434374999999995 0.5769339625 0.395015625 0.5670047171875 0.383484375 0.573632075 0.38020312500000003 0.5868632078125 0.381296875 0.59516509375 0.3856875 0.602617925 0.3955625 0.602617925 0.397203125 0.6075707546875 0.408734375 0.5901886796875 0.40434374999999995 0.5769339625
0 0.42809375000000005 0.3543867921875 0.44065624999999997 0.355825471875 0.45275 0.352924528125 0.45371875 0.334693396875 0.45081249999999995 0.31716981093749996 0.444046875 0.3106132078125 0.43534375000000003 0.3106132078125 0.424234375 0.318632075 0.41940625000000004 0.3339622640625 0.42374999999999996 0.33103773593749997 0.4256875 0.3427122640625 0.42809375000000005 0.3543867921875
0 0.44107812500000004 0.5168867921875 0.44046874999999996 0.5057783015624999 0.431578125 0.49235849062500003 0.42300000000000004 0.4956132078125 0.41809375 0.507641509375 0.420234375 0.514575471875 0.434953125 0.5219811328125 0.44107812500000004 0.5168867921875
3 0.8120625 0.6274292453125 0.80603125 0.616226415625 0.7906875 0.6120047171875 0.7772187500000001 0.6134198109375 0.768390625 0.6232311328125 0.764671875 0.6372641515625 0.7660625 0.6568867921875 0.772578125 0.6730188671875 0.807890625 0.6695283015625 0.80603125 0.6498820750000001 0.8102031249999999 0.6386556609375 0.8120625 0.6274292453125
3 0.623125 0.8298820750000001 0.62215625 0.805023584375 0.62409375 0.798443396875 0.596 0.6566273578125 0.6018125000000001 0.645660378125 0.60084375 0.6449292453125001 0.584859375 0.6471226421875 0.575671875 0.6595518874999999 0.573734375 0.669056603125 0.57228125 0.6807547171875 0.5553281250000001 0.676367925 0.545640625 0.67709905625 0.5325624999999999 0.69391509375 0.530625 0.70415094375 0.530625 0.7172877359375 0.515609375 0.7150943390625 0.51028125 0.715825471875 0.501078125 0.723867925 0.493328125 0.727523584375 0.48896875 0.7458018875 0.48848437499999997 0.749457546875 0.47831250000000003 0.7509198109375 0.470078125 0.7575000000000001 0.46571875 0.76846698125 0.465234375 0.7765094343750001 0.453609375 0.7779716984375 0.442953125 0.7838207546875 0.431328125 0.7977122640625 0.429875 0.8072169812500001 0.430359375 0.8152594343749999 0.42696875 0.8137971703125 0.419703125 0.8072169812500001 0.405171875 0.804292453125 0.391609375 0.810141509375 0.383859375 0.8196462265625 0.37756249999999997 0.8298820750000001 0.37271875 0.8371933968749999 0.37078125 0.8459669812499999 0.37078125 0.8540094343750001 0.372234375 0.85766509375 0.378046875 0.8554716984375 0.48267187500000003 0.9059198109375 0.63475 0.881792453125 0.6289374999999999 0.8371933968749999 0.623125 0.8298820750000001
3 0.36124999999999996 0.774339621875 0.41040625000000003 0.7795047171875 0.404859375 0.7504716984375001 0.396734375 0.740141509375 0.39245312499999996 0.734976415625 0.391171875 0.7194811328124999 0.379625 0.6994811328125 0.364671875 0.6956132078125 0.35696875 0.6981839625 0.34585937499999997 0.70915094375 0.334734375 0.6994811328125 0.32618749999999996 0.6930188671875 0.309078125 0.69625 0.30353125 0.7046462265625 0.303953125 0.7253066031250001 0.30267187500000003 0.7407783015625 0.2915625 0.7407783015625 0.280875 0.7433726421875 0.274453125 0.7614386796875 0.2723125 0.7769339625 0.27915625 0.7930660375 0.32618749999999996 0.7975707546875 0.34115625 0.7885377359375 0.36124999999999996 0.774339621875
3 0.737609375 0.6418867921875 0.71409375 0.620589621875 0.70596875 0.608325471875 0.690578125 0.602523584375 0.682453125 0.6128301890625 0.67475 0.632193396875 0.67346875 0.641226415625 0.678171875 0.6599528296875 0.682015625 0.6689858484375 0.688 0.67028301875 0.72434375 0.6728537734375 0.72734375 0.67221698125 0.734609375 0.660589621875 0.737609375 0.6418867921875
3 0.7756406250000001 0.613490565625 0.796484375 0.6089858484375 0.796484375 0.6045047171875 0.79053125 0.586509434375 0.780109375 0.5685377359375 0.7637343750000001 0.5662971703124999 0.747359375 0.57528301875 0.7369375 0.6045047171875 0.7458750000000001 0.638207546875 0.7652187500000001 0.647193396875 0.7652187500000001 0.6337028296875 0.76671875 0.622476415625 0.7756406250000001 0.613490565625
3 0.9263281250000001 0.5857783015625 0.92546875 0.5780188671875 0.9229062499999999 0.5689858484375 0.9164843749999999 0.5605896218749999 0.908796875 0.5541509437500001 0.908796875 0.5580188671874999 0.89596875 0.5541509437500001 0.887421875 0.5541509437500001 0.883578125 0.5599528296875 0.8814375 0.56641509375 0.881859375 0.5754481124999999 0.883140625 0.5818867921875001 0.8848593749999999 0.5877122640625 0.889984375 0.5935141515625 0.8942656250000001 0.59608490625 0.90025 0.5954481125 0.9045156249999999 0.5993160375000001 0.90921875 0.6038443390625 0.911359375 0.61028301875 0.911359375 0.6115801890625 0.911796875 0.6115801890625 0.9122187500000001 0.6128773578125 0.918203125 0.6128773578125 0.9229062499999999 0.60641509375 0.924609375 0.5993160375000001 0.9263281250000001 0.5857783015625
3 0.722375 0.552358490625 0.734328125 0.5588207546875 0.735546875 0.5477358484375 0.7349375 0.527358490625 0.73003125 0.4986792453125 0.725734375 0.49266509375 0.718078125 0.4954481125 0.714703125 0.500990565625 0.707046875 0.507476415625 0.703984375 0.517193396875 0.701828125 0.5352358484375 0.707046875 0.55375 0.706734375 0.55141509375 0.7095 0.5491037734375 0.722375 0.552358490625
3 0.78321875 0.5691273578125 0.793796875 0.5981839625 0.7964375 0.6010377359375 0.803609375 0.5958962265625 0.805875 0.5845047171875 0.805109375 0.5731132078125001 0.8028437500000001 0.5571698109375001 0.799828125 0.5423584906250001 0.793796875 0.5355188671875 0.788890625 0.53096698125 0.778703125 0.525825471875 0.7730312500000001 0.525825471875 0.76209375 0.5349528296875 0.75228125 0.5457783015625 0.748125 0.5611556609374999 0.748125 0.5788207546875 0.765109375 0.569693396875 0.7768125 0.5674292453125 0.78321875 0.5691273578125
0 0.30793750000000003 0.55278301875 0.319984375 0.55471698125 0.3215 0.5608962265625 0.32278125 0.5534198109374999 0.319984375 0.544009434375 0.312890625 0.5333018875 0.30128125 0.5352358484375 0.29309375000000004 0.546273584375 0.294828125 0.5560141515625 0.295890625 0.5563443390625 0.29890625000000004 0.5514858484375 0.30793750000000003 0.55278301875
3 0.7033125 0.5981839625 0.7008593750000001 0.584056603125 0.709734375 0.5914858484375001 0.7255 0.604882075 0.736828125 0.606367925 0.739296875 0.601910378125 0.741765625 0.5885141515625001 0.7422500000000001 0.57290094375 0.736828125 0.5647169812499999 0.72353125 0.5513207546875 0.713171875 0.5513207546875 0.696421875 0.5647169812499999 0.6905 0.5870283015625 0.69346875 0.6026415093749999 0.713671875 0.6212500000000001 0.71415625 0.6160377359375 0.7033125 0.5981839625
3 0.9640000000000001 0.6584198109375 0.9657031249999999 0.6450471703125 0.9616093749999999 0.6342452828125 0.94253125 0.631674528125 0.9646874999999999 0.6188207546875 0.9629687499999999 0.6188207546875 0.9421875 0.6080188671875 0.94253125 0.6018396218750001 0.944921875 0.5961792453125 0.937078125 0.5982311328125001 0.92890625 0.6028773578125 0.9323124999999999 0.6141745281250001 0.9360625 0.62858490625 0.9363906249999999 0.6450471703125 0.9333281250000001 0.6604716984375 0.92890625 0.6738443390625 0.9377656249999999 0.6779716984374999 0.9571875000000001 0.66665094375 0.9640000000000001 0.6584198109375
0 0.448140625 0.5637028296875 0.431484375 0.5476650937499999 0.42474999999999996 0.5466037734375 0.42015624999999995 0.5530188671875 0.41590625000000003 0.5524764156249999 0.4109375 0.5546226421875 0.40632812500000004 0.559976415625 0.400671875 0.566391509375 0.40456250000000005 0.581367925 0.411640625 0.5958018875 0.41624999999999995 0.6032783015625001 0.457 0.5995518875 0.457703125 0.59846698125 0.44884375 0.5866981124999999 0.448140625 0.5637028296875