1 0.39775 0.3752708328125 0.4061875 0.3707916671875 0.436515625 0.3303333328125 0.463484375 0.3168541671875 0.4971875 0.2898958328125 0.5174218749999999 0.2741666671875 0.514046875 0.2404583328125 0.5005625 0.1887708328125 0.46854687500000003 0.1640416671875 0.44662499999999994 0.15731250000000002 0.41798437499999996 0.16854166718750002 0.39437500000000003 0.2089791671875 0.38932812499999997 0.25393750000000004 0.4028125 0.2763958328125 0.387640625 0.2831458328125 0.35729687499999996 0.2696666671875 0.333703125 0.2629166671875 0.32190625 0.2719166671875 0.310109375 0.2719166671875 0.29493749999999996 0.298875 0.342140625 0.3348333328125 0.33201562500000004 0.3842708328125 0.37415625 0.4 0.385953125 0.3707916671875 0.39775 0.3752708328125
3 0.6455 0.28260416718750003 0.624390625 0.2628958328125 0.60890625 0.2713541671875 0.582875 0.323875 0.575140625 0.35202083281249996 0.586390625 0.36702083281250003 0.60046875 0.41956249999999995 0.6293124999999999 0.4007916671875 0.6504218749999999 0.4007916671875 0.6658906250000001 0.40735416718749995 0.67434375 0.4129791671875 0.679265625 0.4251875 0.691921875 0.44299999999999995 0.7031875000000001 0.448625 0.7228749999999999 0.45895833281250004 0.73625 0.4702083328125 0.74609375 0.4561458328125 0.7749375 0.4026666671875 0.7665 0.38016666718750003 0.753125 0.3576458328125 0.74046875 0.34827083281250004 0.71725 0.335125 0.687703125 0.3191875 0.684890625 0.31637499999999996 0.663078125 0.305125 0.6455 0.28260416718750003
3 0.238234375 0.5435208328125001 0.238234375 0.5105833328125 0.248828125 0.4917708328125 0.2629375 0.454125 0.234703125 0.43764583281249997 0.20823437500000003 0.44000000000000006 0.178234375 0.4611666671875 0.18882812499999999 0.5552916671875 0.21353125 0.6023541671875 0.24353125000000003 0.6 0.254125 0.5623541671875001 0.238234375 0.5435208328125001
0 0.264609375 0.3820208328125 0.2528125 0.4314583328125 0.2528125 0.45618749999999997 0.27471875 0.46291666718749996 0.291578125 0.45841666718749996 0.32865625 0.4134791671875 0.315171875 0.35281250000000003 0.306734375 0.3303333328125 0.28145312499999997 0.35281250000000003 0.264609375 0.3820208328125
0 0.338765625 0.47827083281249994 0.310109375 0.48952083281250003 0.29493749999999996 0.5075000000000001 0.27134375 0.5389583328125 0.259546875 0.5614166671875 0.26965625000000004 0.595125 0.26965625000000004 0.6221041671875 0.293265625 0.606375 0.33034375 0.5659166671875 0.36067187500000003 0.5344583328125 0.38090625 0.5209791671875 0.39437500000000003 0.5209791671875 0.39437500000000003 0.5164791671875 0.385953125 0.5097291671875 0.37753125 0.49400000000000005 0.367421875 0.48727083281250005 0.3539375 0.47827083281249994 0.338765625 0.47827083281249994
2 0.8376093750000001 0.1920833328125 0.8376093750000001 0.15704166718749998 0.860515625 0.149125 0.856265625 0.1321666671875 0.830828125 0.12877083281249999 0.8172656249999999 0.14008333281250002 0.8019999999999999 0.1706041671875 0.82659375 0.1943333328125 0.8376093750000001 0.1920833328125
2 0.9280156249999999 0.2095833328125 0.94575 0.1984375 0.93884375 0.1701875 0.9230937499999999 0.16625 0.9142187500000001 0.158375 0.889109375 0.1642708328125 0.878265625 0.1715 0.880734375 0.1885833328125 0.8979687500000001 0.1846458328125 0.915703125 0.18397916718750001 0.9280156249999999 0.2095833328125
2 0.803328125 0.0464375 0.808203125 0.0412291671875 0.8106406249999999 0.037333332812499995 0.811359375 0.0353958328125 0.8123437499999999 0.025 0.8154999999999999 0.018187500000000002 0.8130625 0.0120208328125 0.7948125 0.0074583328125 0.7906718749999999 0.0107083328125 0.78653125 0.0223958328125 0.789453125 0.033125 0.789203125 0.0415625 0.803328125 0.0464375
2 0.70178125 0.0057916671875 0.688890625 0.0057916671875 0.6832812500000001 0.0155 0.688890625 0.0484166671875 0.69225 0.0543958328125 0.6950624999999999 0.0521458328125 0.709078125 0.0439166671875 0.7146874999999999 0.0237291671875 0.7057187500000001 0.0229791671875 0.70178125 0.0057916671875
2 0.759625 0.0011666671875 0.739546875 0.0018541671874999998 0.7272031250000001 0.0128333328125 0.724109375 0.0670625 0.7375 0.0759791671875 0.7570625 0.054020832812499996 0.7616875000000001 0.0512708328125 0.770953125 0.03 0.768375 0.0197083328125 0.75859375 0.0238125 0.759625 0.0011666671875
2 0.9960000000000001 0.0087083328125 0.99040625 0.0146666671875 0.981453125 0.0258541671875 0.97475 0.0295833328125 0.9685937499999999 0.031083332812499996 0.9674687499999999 0.035562500000000004 0.9685937499999999 0.04675 0.98425 0.058687500000000004 0.9971249999999999 0.0638958328125 0.9999218750000001 0.0624166671875 0.998796875 0.0072083328125 0.9960000000000001 0.0087083328125
0 0.54059375 0.3582708328125 0.571359375 0.3635 0.578625 0.3351458328125 0.580875 0.3254583328125 0.5685625 0.2046041671875 0.56184375 0.201625 0.5389062499999999 0.2195208328125 0.512625 0.29933333281249996 0.524359375 0.3687083328125 0.54059375 0.3582708328125
0 0.41984374999999996 0.3878541671875 0.40356249999999994 0.4564375 0.43168749999999995 0.4732083328125 0.44056249999999997 0.46235416718750005 0.462390625 0.3917916671875 0.470171875 0.3222291671875 0.44240625 0.31433333281250003 0.41984374999999996 0.3878541671875