2 0.307625 0.22248437499999998 0.3331875 0.24898437499999998 0.34990625 0.259203125 0.36524999999999996 0.259203125 0.36896874999999996 0.234109375 0.3791875 0.22528125000000002 0.36478125 0.2150625 0.327609375 0.205296875 0.320640625 0.205765625 0.29971875 0.20993750000000003 0.307625 0.22248437499999998
2 0.762046875 0.27053125 0.78434375 0.26815625 0.795484375 0.24984375 0.795484375 0.24426562500000001 0.79071875 0.23471875 0.7779843750000001 0.22515625 0.768421875 0.22196875 0.755296875 0.224546875 0.7541875 0.23898437499999997 0.748640625 0.24453125 0.7453125 0.23898437499999997 0.73975 0.236765625 0.746421875 0.220109375 0.746421875 0.20789062500000002 0.738640625 0.199 0.71865625 0.191234375 0.710890625 0.203453125 0.706453125 0.21787499999999999 0.703109375 0.231203125 0.6975625 0.24342187499999998 0.6986718749999999 0.25453125 0.71421875 0.2611875 0.717546875 0.25896875 0.71746875 0.2601875 0.738171875 0.285671875 0.7556875 0.285671875 0.762046875 0.276109375 0.762046875 0.27053125
2 0.297296875 0.233109375 0.3063125 0.255625 0.34009375 0.264640625 0.34684375 0.264640625 0.3153125 0.22634375 0.297296875 0.233109375
2 0.39771875 0.1716875 0.387890625 0.188078125 0.393359375 0.191359375 0.402640625 0.203390625 0.43051562499999996 0.21595312500000002 0.43051562499999996 0.202296875 0.450734375 0.17825 0.422859375 0.16621875 0.42778124999999995 0.16459375 0.41029687499999995 0.165671875 0.39771875 0.1716875
2 0.38270312500000003 0.2743125 0.3940625 0.26059375 0.397984375 0.254328125 0.39837500000000003 0.24453125 0.40425000000000005 0.24140625 0.40856250000000005 0.23709375000000002 0.419921875 0.226125 0.42540625 0.22025 0.4215 0.213578125 0.40464062500000003 0.20418750000000002 0.38428125 0.21006249999999999 0.378 0.218671875 0.380359375 0.22376562500000002 0.37409375 0.225734375 0.3705625 0.23278125 0.36625 0.25315625 0.369390625 0.258640625 0.374484375 0.271171875 0.38270312500000003 0.2743125
2 0.33478125 0.285203125 0.3330625 0.29384375 0.33582812500000003 0.30421875 0.34550000000000003 0.31701562499999997 0.3538125 0.327734375 0.362453125 0.3284375 0.3745625 0.351953125 0.377328125 0.35540625000000003 0.40221875 0.374078125 0.41398437499999996 0.364390625 0.41675000000000006 0.351953125 0.41640625 0.326703125 0.40740625 0.306296875 0.40221875 0.305609375 0.387 0.298 0.383890625 0.29246875 0.38146874999999997 0.280015625 0.383203125 0.27414062499999997 0.37628125 0.27309375 0.372484375 0.26790625 0.369375 0.258578125 0.35484375 0.260296875 0.346890625 0.269296875 0.34550000000000003 0.275171875 0.33478125 0.285203125
2 0.423828125 0.3213125 0.41057812499999996 0.310546875 0.420515625 0.339546875 0.418859375 0.351140625 0.417203125 0.359421875 0.4130625 0.366875 0.40478125 0.375984375 0.40064062500000003 0.380953125 0.40146875 0.39171875 0.40975 0.400828125 0.41471875 0.397515625 0.422171875 0.3900625 0.432125 0.38260937500000003 0.442890625 0.367703125 0.4420625 0.351140625 0.442890625 0.32048437500000004 0.43460937499999996 0.32214062499999996 0.423828125 0.3213125
2 0.595046875 0.29909375 0.6015937499999999 0.285984375 0.6015937499999999 0.2679375 0.590671875 0.2619375 0.572640625 0.27121875 0.5731875 0.2854375 0.5666249999999999 0.291984375 0.5600625 0.29034375 0.5475 0.30128125 0.5453125 0.308921875 0.5491406249999999 0.3193125 0.559515625 0.33187500000000003 0.564984375 0.31657812500000004 0.5791875 0.310015625 0.595046875 0.29909375
2 0.41884375 0.12975 0.409375 0.137328125 0.423890625 0.16321875 0.449796875 0.173953125 0.45421875 0.166375 0.459890625 0.16512500000000002 0.46621875 0.153125 0.4523125 0.137328125 0.43653125 0.131015625 0.41884375 0.12975
2 0.5510937499999999 0.317171875 0.5429375000000001 0.30539062499999997 0.527546875 0.300875 0.522109375 0.30178125 0.508984375 0.306296875 0.49992187499999996 0.318078125 0.49629687499999997 0.327140625 0.498109375 0.34071875 0.499015625 0.3434375 0.504 0.34253125 0.5094375 0.347515625 0.508984375 0.352046875 0.5130625 0.352046875 0.516671875 0.35159375000000004 0.519390625 0.354296875 0.520296875 0.35475 0.531625 0.354296875 0.541578125 0.3470625 0.551546875 0.334828125 0.5510937499999999 0.317171875
2 0.514671875 0.171609375 0.52771875 0.190828125 0.5441874999999999 0.189453125 0.5661562499999999 0.17778125 0.56684375 0.157203125 0.549 0.14484375 0.509875 0.127 0.49409375000000005 0.11945312500000001 0.482421875 0.122875 0.478296875 0.130421875 0.47554687500000004 0.14553125 0.49134374999999997 0.154453125 0.503015625 0.14278125 0.53046875 0.16475 0.514671875 0.171609375