1 0.06746875 0.3325761125 0.07196875 0.364051521875 0.08545312499999999 0.391007025 0.091453125 0.37079625312500003 0.097453125 0.35955503437499997 0.1274375 0.361803278125 0.13193749999999999 0.3483138171875 0.13193749999999999 0.33032786875000003 0.1499375 0.32583138125 0.18292187499999998 0.328079625 0.20390625 0.298875878125 0.220390625 0.25618267031249997 0.220390625 0.20674473125 0.22789062499999999 0.1842622953125 0.244390625 0.1415690859375 0.25787499999999997 0.11686182656249999 0.265375 0.0898829046875 0.245890625 0.07416861875 0.224890625 0.092131146875 0.19040625 0.09662763437500001 0.109453125 0.1820140515625 0.044984375 0.271920375 0.05696875 0.2674238875 0.06596874999999999 0.303372365625 0.06746875 0.3325761125
1 1 0.33032786875000003 0.9475625000000001 0.2853864171875 0.8950781250000001 0.24718969531249999 0.893578125 0.235948478125 0.8680937500000001 0.1797658078125 0.829109375 0.1842622953125 0.8471093749999999 0.3101170953125 0.8680937500000001 0.40674473125 0.914578125 0.5775175640625 0.9625468749999999 0.7932552687500001 0.9625468749999999 0.871920375 0.9415625000000001 0.9842622953125 0.99553125 0.9842622953125 1 0.39775175625000003 1 0.33032786875000003
1 0.9065312499999999 0.9722014046874999 0.9155156249999999 0.77936768125 0.93046875 0.7076346609375 0.90803125 0.5596487125 0.82725 0.391475409375 0.7135625 0.2233255265625 0.64325 0.167259953125 0.613328125 0.11121779843749999 0.571453125 0.1067213109375 0.557984375 0.1381264640625 0.557984375 0.1739812640625 0.571453125 0.20088992968750002 0.583421875 0.2681498828125 0.599875 0.3578454328125 0.64325 0.46323185 0.7150624999999999 0.5551522249999999 0.765921875 0.6627868859375 0.81678125 0.7502341921875 0.86015625 0.7703981265625 0.8661406250000001 0.8286885249999999 0.86165625 0.983419203125 0.8676406249999999 0.9968618265625 0.9005468750000001 1 0.9065312499999999 0.9722014046874999
1 0.761640625 0.9803278687500001 0.773640625 0.978079625 0.761640625 0.8971896953125 0.74365625 0.7870726 0.74815625 0.7016861828125001 0.691171875 0.555620609375 0.572734375 0.3960655734375 0.506765625 0.342131146875 0.47228125 0.342131146875 0.45128124999999997 0.28145199062500004 0.41381249999999997 0.2612412171875 0.3973125 0.2971896953125 0.3928125 0.37583138125 0.40931249999999997 0.5331381734375 0.5022656249999999 0.6971896953125001 0.59671875 0.814051521875 0.6791875 0.8634894609374999 0.6986718749999999 0.921920375 0.72115625 0.9848243562500001 0.761640625 0.9803278687500001
1 0.60421875 0.9505620609375001 0.578734375 0.8247306796875 0.560734375 0.7752693203125001 0.515765625 0.73032786875 0.45728125000000003 0.6179859484375 0.41531250000000003 0.5325761124999999 0.356828125 0.4629274 0.308859375 0.4449414515625 0.265375 0.4202341921875 0.21290625 0.3842622953125 0.18590625 0.3865105390625 0.173921875 0.433700234375 0.20240624999999998 0.49662763437499996 0.21140625000000002 0.5236065578125 0.224890625 0.5865105390625 0.250375 0.6584309140625 0.30285937500000004 0.7123653390625 0.365828125 0.7955035125000001 0.43479687499999997 0.898875878125 0.51875 0.9550585484375 0.5682343750000001 0.9842622953125 0.578734375 0.9820140515625001 0.635703125 0.9887587828125 0.60421875 0.9505620609375001
1 0.222390625 0.57320843125 0.17881249999999999 0.55067915625 0.14125000000000001 0.5326463703125001 0.093171875 0.505620609375 0.064609375 0.5303981265625 0.081140625 0.6069789234375 0.163796875 0.8254566750000001 0.339609375 0.9831147546875 0.537953125 0.989859484375 0.480859375 0.93805620625 0.44028124999999996 0.9087822015624999 0.256953125 0.6610304453125 0.222390625 0.57320843125
1 0 0.5287353625 0.011375 0.8362060890624999 0.10414062500000001 0.9319906328125 0.136109375 0.9289227171875 0.15671875 0.9041920375 0.1598125 0.7821311468750001 0.11960937499999999 0.6477049187499999 0.043328125 0.5457377046875 0 0.4978220140625 0 0.5287353625
1 0.218890625 0.5685480093749999 0.20540625 0.5123653390625 0.173921875 0.44044496562499996 0.176921875 0.41573770468750004 0.152921875 0.4044964875 0.115453125 0.3797658078125 0.091453125 0.37079625312500003 0.07946875 0.39325526875 0.091453125 0.40674473125 0.1184375 0.52583138125 0.12893749999999998 0.52583138125 0.167921875 0.5438173296875 0.218890625 0.5685480093749999
1 0.261234375 0.41224824375 0.268765625 0.42353630000000003 0.32271875 0.45737704843750004 0.31832812499999996 0.41224824375 0.310171875 0.3755737703125 0.3114375 0.3595784546875 0.283828125 0.36051522187499996 0.27128125000000003 0.363348946875 0.25871875 0.3859250578125 0.261234375 0.41224824375
1 0.688390625 0.1711709609375 0.6735 0.1786182671875 0.67278125 0.1786182671875 0.662859375 0.194543325 0.6621406249999999 0.194543325 0.69121875 0.217939109375 0.7309375 0.24875878281250002 0.801859375 0.35613583125 0.83803125 0.40503512812500003 0.8578906249999999 0.46243559687499997 0.88696875 0.5155737703125001 0.91959375 0.5655269328125 0.91959375 0.5527868859375 0.8997343750000001 0.51451990625 0.862140625 0.37526932031250004 0.852921875 0.33487119375 0.8415781250000001 0.31255269375 0.8139218749999999 0.2774707265625 0.7777499999999999 0.24875878281250002 0.7380312499999999 0.2338875875 0.72596875 0.218992975 0.703984375 0.184988290625 0.699734375 0.1807259953125 0.6976093750000001 0.17754098437500002 0.688390625 0.1711709609375
1 0 0.9923653390625 0.017953125 0.9946135828125 0.17503125 1 0.157078125 0.9654800937499999 0.109203125 0.9049414515624999 0.050859375 0.8870023421875001 0.002984375 0.851124121875 0 0.8533723656250001 0 0.9923653390625
1 0.373984375 0.28608899375 0.338078125 0.2479859484375 0.31265624999999997 0.21435597187500002 0.296203125 0.21435597187500002 0.279734375 0.2210772828125 0.28123437500000004 0.2434894609375 0.28123437500000004 0.2883372359375 0.31115624999999997 0.3578454328125 0.321625 0.44529274062499996 0.3425625 0.4565105390625 0.40540624999999997 0.5260187359375 0.408390625 0.5237704921875 0.3919375 0.304028103125 0.373984375 0.28608899375
1 0.558296875 0.38859484843750003 0.68965625 0.551803278125 0.73978125 0.699484778125 0.73978125 0.784964871875 0.770890625 0.9274707265625001 0.786453125 0.9274707265625001 0.786453125 0.9248711937499999 0.783 0.8134660421875 0.78471875 0.7720140515625 0.78471875 0.7202107734375 0.743234375 0.5958548015625 0.6412656250000001 0.45077283437500004 0.60496875 0.380819671875 0.5825 0.287564403125 0.537546875 0.2668384078125 0.490890625 0.1968852453125 0.4770625 0.217611240625 0.45804687499999996 0.2642388765625 0.45112500000000005 0.2694379390625 0.4770625 0.32901639375 0.558296875 0.38859484843750003