3 0.62236526875 0.62472 0.6963473046875001 0.70112 0.6997305390624999 0.76854 0.6425449109375 0.80224 0.6425449109375 0.8045 0.8241916171874999 0.84494 0.9621257484375001 0.8337 0.9991317359374999 0.82022 1 0.54158 0.9183832328125 0.49661999999999995 0.7434431140625 0.49888000000000005 0.605538921875 0.57078 0.571886228125 0.59102 0.5786227546875 0.5955 0.62236526875 0.62472
3 0.11437125781249999 0.56816 0.1917365265625 0.5726600000000001 0.1917365265625 0.5569200000000001 0.1547604796875 0.5052399999999999 0.1110179640625 0.45132000000000005 0.0672754484375 0.41086 0.0067365265625 0.39514 0 0.6760200000000001 0.0067365265625 0.67828 0.11437125781249999 0.56816
3 0.1782934125 0.08988 0.08074850312500001 0.12808 0.0470958078125 0.17528 0.10092814375 0.24494 0.1311976046875 0.29662 0.15137724531250002 0.29888 0.30275449062500004 0.17304 0.33305389218750003 0.12134 0.2926646703125 0.10338 0.1782934125 0.08988
3 0.753562875 0.33483999999999997 0.7030838328125 0.2854 0.6761676640625 0.24494 0.5786227546875 0.20224000000000003 0.47769461093750004 0.17751999999999998 0.366676646875 0.17978 0.24221556875 0.20224000000000003 0.1682035921875 0.2854 0.1311976046875 0.3573 0.15137724531250002 0.42695999999999995 0.222035928125 0.5191 0.31622754531249997 0.54832 0.185029940625 0.56404 0.1311976046875 0.46742 0.0672754484375 0.41124 0.0067365265625 0.39776 0.0067365265625 0.67866 0.141287425 0.7236 0.2556586828125 0.7460600000000001 0.6829041921875 0.82022 0.7165568859375 0.82248 0.77035928125 0.8337 0.851107784375 0.8427 0.9419461078125 0.8404400000000001 0.9923952093749999 0.8314600000000001 0.9890419156249999 0.53484 0.9890419156249999 0.54158 0.9183832328125 0.49438000000000004 0.7434431140625 0.49661999999999995 0.7165568859375 0.48764 0.753562875 0.33483999999999997
3 0.7599101796875 0.26474000000000003 0.7576946109375 0.31664 0.7909880234375 0.34775999999999996 0.817604790625 0.34775999999999996 0.8730838328124999 0.34775999999999996 0.9552095812499999 0.36556 0.99293413125 0.38483999999999996 1 0.27068 0.9818562875 0.25734 0.9285928140624999 0.23954 0.8708682640625 0.22471999999999998 0.8087425156249999 0.20396 0.7621257484374999 0.22471999999999998 0.7510179640625 0.23954 0.7599101796875 0.26474000000000003
3 0.71742515 0.48836 0.7469760484375 0.49932 0.9166167671875 0.49714 0.9899401203125 0.54026 0.9976047906250001 0.53002 1 0.39478 0.878323353125 0.3458 0.8027844312499999 0.34726 0.753532934375 0.35896 0.7590119765625001 0.37138 0.7546407187499999 0.43133999999999995 0.71742515 0.48836
3 0.531526946875 0.17978 0.5988023953125 0.21124 0.6593413171875 0.25168 0.6997305390624999 0.28988 0.7434431140625 0.31236 0.7636526953125 0.30338 0.7636526953125 0.25617999999999996 0.73335329375 0.2 0.6997305390624999 0.1618 0.669461078125 0.14157999999999998 0.6391616765625 0.13033999999999998 0.59206586875 0.1146 0.5382634734375 0.11235999999999999 0.48778443125 0.11235999999999999 0.3935928140625 0.12134 0.3498503 0.13258 0.30275449062500004 0.17528 0.262395209375 0.18875999999999998 0.43395209531249995 0.17078 0.531526946875 0.17978
3 0.12784431093749998 0.3528 0.09083832343750001 0.36404000000000003 0.06392215625 0.4 0.0740119765625 0.42695999999999995 0.11775449062500001 0.48988 0.19847305312500002 0.55056 0.185029940625 0.55506 0.2691317359375 0.5573 0.14802395156249998 0.44943999999999995 0.1345508984375 0.37078 0.12784431093749998 0.3528
3 0.0045808390625 0.3962 0.0567065875 0.40492 0.0567065875 0.40056 0.08278443125 0.37154 0.10886227500000001 0.35848 0.13491017968750002 0.35412 0.12188622812500001 0.30623999999999996 0.09580838281250001 0.26416 0.0567065875 0.22644000000000003 0.01979041875 0.20322 0.0045808390625 0.20032 0.00242515 0.20758000000000001 0.0045808390625 0.3962
3 0.5521556890625 0.11948 0.6026946109375 0.11428 0.6532335328125 0.12728 0.7193413171875 0.16364 0.7543413171875 0.22598 0.7970958078125 0.21558000000000002 0.8204491015625001 0.19219999999999998 0.8398802390625001 0.13766 0.8554191609374999 0.09609999999999999 0.8282035921875 0.04416 0.7621257484374999 0.01298 0.5599101796875 0.0052 0.5288023953125001 0.0026 0.4393712578125 0.04416 0.41215568906250005 0.11168 0.43161676718750003 0.1065 0.4665868265625 0.1065 0.5521556890625 0.11948
3 0.18763473125000002 0.09108000000000001 0.27850299375 0.0931 0.33607784375 0.11738 0.3421257484375 0.1356 0.381526946875 0.12143999999999999 0.420898203125 0.0931 0.43907185625 0.0081 0.011886228124999999 0.004059999999999999 0 0.20238 0.07248502968750001 0.2125 0.045239520312499996 0.16394 0.066437125 0.1275 0.18763473125000002 0.09108000000000001