2 0.69758 0.6737599999999999 0.6925 0.6649866671875 0.68338 0.6534933328125 0.67528 0.6399733328125 0.66666 0.63728 0.655 0.6332266671875 0.64892 0.6305333328125 0.64184 0.6271466671875 0.6347400000000001 0.6230933328125 0.62866 0.6203733328125 0.61852 0.6156533328125 0.60838 0.6109333328125001 0.59824 0.6021333328125 0.5896399999999999 0.6034933328125 0.58456 0.60416 0.58052 0.6034933328125 0.56226 0.59944 0.5577 0.5967466671875 0.55062 0.5967466671875 0.56176 0.6028266671875 0.5724 0.61296 0.5795 0.6136266671875 0.6018 0.6285066671874999 0.6119399999999999 0.6352533328125001 0.62612 0.6440266671875 0.65044 0.65688 0.6626000000000001 0.6636266671875 0.66768 0.6683733328125 0.6757799999999999 0.6778133328125 0.67984 0.6899733328125001 0.68238 0.69808 0.6909799999999999 0.6913333328125 0.6970799999999999 0.6818666671875 0.69758 0.6737599999999999
2 0.57116 0.82248 0.58034 0.8135733328124999 0.57616 0.7879733328125 0.5661400000000001 0.7701866671875 0.55696 0.7623733328125 0.5494399999999999 0.7634933328125 0.5386 0.7490133328125 0.5244 0.7278666671875 0.5269 0.7534666671875 0.52274 0.77128 0.53108 0.7913333328125 0.54276 0.8091200000000001 0.55196 0.8191466671875001 0.54778 0.8180266671875 0.55862 0.8247199999999999 0.57116 0.82248
2 0.61634 0.6829333328125 0.6241399999999999 0.6794666671875 0.62608 0.6656 0.62544 0.6586666671875 0.62284 0.6525866671875 0.61958 0.6447733328125 0.61048 0.6395733328125 0.59876 0.6343733328125001 0.5825 0.6265866671875 0.5708 0.6230933328125 0.5623400000000001 0.6196266671874999 0.54608 0.6083733328125 0.52918 0.5875466671875 0.51292 0.57368 0.50316 0.5676 0.49666 0.5650133328125 0.49926000000000004 0.5693333328125 0.51356 0.5858133328124999 0.5259199999999999 0.6049066671875 0.53632 0.6213599999999999 0.54478 0.6317866671875 0.5525800000000001 0.6361066671875 0.5617 0.6456533328125 0.5675399999999999 0.6534666671875 0.5825 0.6612533328125 0.59746 0.6725333328125 0.60006 0.6759999999999999 0.60658 0.68208 0.61634 0.6829333328125
2 0.46546000000000004 0.6070933328125 0.46462000000000003 0.5848533328125 0.4546 0.5603466671875 0.44960000000000006 0.5748266671875 0.44960000000000006 0.5993066671875 0.44374 0.6605333328125 0.43958 0.69504 0.44374 0.7128533328125 0.45376000000000005 0.7284266671874999 0.46796 0.7184 0.47464000000000006 0.7017066671875 0.46962000000000004 0.6838933328125 0.46546000000000004 0.6705599999999999 0.46546000000000004 0.6405066671874999 0.46546000000000004 0.6070933328125
2 0.50112 0.6590933328124999 0.52092 0.7043733328124999 0.54168 0.70816 0.5511199999999999 0.6880266671874999 0.53792 0.6603466671875 0.50678 0.61632 0.49074 0.5836266671875 0.48224 0.5722933328125 0.48224 0.5924266671875 0.50112 0.6590933328124999
2 0.7024600000000001 0.6507733328125 0.71076 0.6634933328125 0.72984 0.66144 0.73354 0.6507733328125 0.73014 0.6351733328125 0.70554 0.6241066671875 0.68676 0.61344 0.65354 0.5962133328125 0.63046 0.588 0.6077 0.57856 0.584 0.5691466671875001 0.57046 0.5576533328125 0.55262 0.5543733328125 0.56154 0.5674933328125 0.57508 0.58144 0.59016 0.59704 0.612 0.6081066671875 0.61878 0.61016 0.61846 0.60976 0.63662 0.6224533328125 0.65784 0.6318933328125 0.68308 0.6433866671875 0.7024600000000001 0.6507733328125
2 0.5922799999999999 0.79744 0.61372 0.80888 0.6287200000000001 0.7945866671874999 0.6287200000000001 0.76744 0.61372 0.75032 0.5847800000000001 0.7317333328125 0.56764 0.72032 0.56978 0.75744 0.5922799999999999 0.79744
2 0.63846 0.7806933328125 0.6526 0.7618400000000001 0.6512 0.7410933328125 0.63634 0.72224 0.61656 0.7165866671875001 0.601 0.7392266671875001 0.62646 0.76088 0.62928 0.7788 0.63846 0.7806933328125
2 0.46646 0.6668266671875 0.47729999999999995 0.68848 0.49084000000000005 0.6945066671875 0.50078 0.6716266671875 0.50078 0.6583733328125 0.48994 0.61744 0.48182 0.59096 0.48272000000000004 0.5765066671875 0.48634000000000005 0.57408 0.48634000000000005 0.5656533328125 0.48002 0.5596266671875 0.47098000000000007 0.5765066671875 0.46556 0.6005866671875 0.46556 0.63912 0.46646 0.6668266671875
2 0.54066 0.6656266671875 0.55096 0.6885066671875 0.55096 0.6968799999999999 0.56296 0.7068 0.57268 0.7014400000000001 0.5744 0.6991733328125 0.57726 0.6922933328124999 0.57726 0.6900266671875 0.5761000000000001 0.6778133328125 0.57496 0.6740266671875 0.5675399999999999 0.6572533328125 0.55438 0.63744 0.53952 0.6298133328125 0.51666 0.5924533328125 0.48579999999999995 0.5543466671874999 0.48752000000000006 0.5734133328125 0.48807999999999996 0.5741866671875 0.51838 0.63056 0.54066 0.6656266671875
2 0.76992 0.7416533328125 0.7751 0.72368 0.77276 0.7070666671875 0.76368 0.7029333328125 0.75124 0.6998133328125 0.73826 0.70672 0.73438 0.71088 0.73282 0.71192 0.73334 0.7163999999999999 0.74786 0.7264266671875 0.75306 0.7482133328125 0.76368 0.7461599999999999 0.76992 0.7416533328125
2 0.62862 0.8467733328125 0.62924 0.8395466671875 0.6407 0.8419466671875 0.65156 0.83712 0.6594 0.8274666671875 0.66242 0.8178133328125 0.6775 0.81864 0.68292 0.8113866671875 0.68594 0.80336 0.70222 0.7993333328125 0.70404 0.79208 0.7149 0.79208 0.72576 0.7872533328125 0.73178 0.7776 0.73662 0.7655466671875 0.7480800000000001 0.7599199999999999 0.7517 0.74544 0.7480800000000001 0.7277333328125 0.7354 0.7197066671875 0.7415 0.7046933328125 0.7487199999999999 0.6965333328125001 0.76482 0.70024 0.7681600000000001 0.6898666671875 0.7687 0.6713866671875001 0.7681600000000001 0.6632266671875 0.7653800000000001 0.65656 0.76204 0.6513866671875 0.7587200000000001 0.6432533328125001 0.7515 0.6425066671875 0.74818 0.6425066671875 0.75204 0.6234133328125 0.75022 0.6065066671875 0.72126 0.5944533328125 0.71584 0.6057066671875 0.71462 0.61536 0.68748 0.6129333328125 0.7303200000000001 0.6362666671875 0.73394 0.6507466671875 0.73212 0.6628266671875 0.7218600000000001 0.6660266671875 0.7122200000000001 0.6652266671875 0.69292 0.64592 0.67784 0.6410933328125 0.6910999999999999 0.6628266671875 0.69774 0.6676266671875 0.69834 0.6756800000000001 0.69292 0.68776 0.68206 0.6973866671875 0.67784 0.6973866671875 0.67506 0.6777066671875 0.66298 0.6653066671875 0.636 0.6504 0.59414 0.6239466671875 0.5767599999999999 0.61608 0.54514 0.5929333328124999 0.54142 0.5900533328125 0.54018 0.5929333328124999 0.54296 0.5974933328125 0.54048 0.5978933328125 0.5410999999999999 0.6012 0.5469999999999999 0.6102933328125 0.56344 0.6202133328125 0.58204 0.6264266671875001 0.6192599999999999 0.6446133328125 0.62576 0.6582666671874999 0.62856 0.6673600000000001 0.6276200000000001 0.6748000000000001 0.61782 0.6873066671875 0.6071 0.6838933328125 0.5601 0.6430133328125 0.56726 0.6593600000000001 0.57492 0.6716266671875 0.5779799999999999 0.67912 0.5769599999999999 0.6893333328125 0.57492 0.70024 0.5687800000000001 0.70568 0.5596 0.7063733328125 0.55092 0.6934133328125001 0.54274 0.7063733328125 0.52332 0.7063733328125 0.508 0.67504 0.50188 0.6614133328125 0.49216 0.6920533328125 0.48041999999999996 0.6941066671875 0.47992 0.72272 0.49268 0.7676533328125 0.50034 0.7778666671875001 0.5126000000000001 0.7833333328125 0.5202600000000001 0.7772 0.52332 0.7669866671875 0.52588 0.7588 0.52486 0.7288533328125 0.5304800000000001 0.73224 0.54428 0.7588 0.55244 0.76152 0.5642 0.7554133328125 0.56726 0.7485866671875 0.56726 0.7240800000000001 0.58768 0.7302133328125 0.6009800000000001 0.7390666671874999 0.61528 0.7179466671875 0.63468 0.7199733328125 0.64132 0.72816 0.65 0.7404266671874999 0.6546000000000001 0.7656266671874999 0.6392800000000001 0.77992 0.63008 0.77992 0.62856 0.79832 0.6163000000000001 0.8105600000000001 0.59382 0.7996800000000001 0.5647 0.7594933328125 0.5596 0.7629066671875 0.57492 0.78128 0.58104 0.8044266671875 0.58002 0.8146666671875 0.57236 0.8241866671875 0.57614 0.8258666671875 0.6002799999999999 0.8492000000000001 0.61294 0.8564266671875 0.62138 0.8572266671875 0.62862 0.8467733328125
2 0.54 0.6026666671875 0.544 0.5946666671874999 0.5519999999999999 0.5973333328125 0.5559999999999999 0.592 0.5599999999999999 0.6 0.5660000000000001 0.6026666671875 0.58 0.6 0.58 0.5866666671874999 0.596 0.568 0.602 0.576 0.614 0.576 0.62 0.5653333328125 0.64 0.5893333328125 0.6519999999999999 0.5893333328125 0.658 0.5786666671875 0.6559999999999999 0.5626666671875 0.648 0.5546666671875 0.636 0.5599999999999999 0.623333334375 0.5555555546875001 0.618 0.5493333328125 0.6106666656249999 0.5511111125 0.61 0.5413333328125 0.5980000000000001 0.5466666671875 0.557 0.5493333328125 0.554 0.5519999999999999 0.55 0.5466666671875 0.5467500000000001 0.55 0.537 0.5466666671875 0.5365 0.5506666671875 0.52625 0.5513333328125001 0.524 0.5466666671875 0.516 0.5519999999999999 0.516 0.5786666671875 0.528 0.5866666671874999 0.54 0.6026666671875