1 0.8477499999999999 0.2516875 0.82246875 0.298875 0.8292187500000001 0.3168541671875 0.844375 0.3617916671875 0.83090625 0.4808958328125 0.87303125 0.5438125 0.8949374999999999 0.5146041671875 0.911796875 0.45168749999999996 0.9219062499999999 0.3797708328125 0.913484375 0.2629166671875 0.9151718750000001 0.24718749999999998 0.9050625 0.23820833281249998 0.8477499999999999 0.2516875
1 0.9401093749999999 0.518 0.9539375 0.46783333281250006 0.95546875 0.4207083328125 0.95778125 0.3951041671875 0.953171875 0.3787291671875 0.919359375 0.311125 0.9139843750000001 0.4340208328125 0.8717499999999999 0.5507916671875 0.867140625 0.5538541671874999 0.8694375000000001 0.5774166671875001 0.870203125 0.6101875 0.9132187500000001 0.5661458328125 0.9401093749999999 0.518
1 1 0.325375 0.9786250000000001 0.2799791671875 0.95734375 0.25729166718749996 0.917984375 0.2629583328125 0.9158593749999999 0.316875 0.9445781249999999 0.38068749999999996 0.9499062500000001 0.4445208328125 0.9626718750000001 0.48566666718749996 0.9903281249999999 0.48566666718749996 1 0.455875 1 0.325375
3 0.625015625 0.1705833328125 0.62721875 0.1757083328125 0.639875 0.1815833328125 0.6486875000000001 0.1823333328125 0.664671875 0.1830625 0.6690625 0.1815833328125 0.675125 0.1727708328125 0.6811875 0.16029166718750001 0.68559375 0.14414583281249999 0.686140625 0.1250416671875 0.6822812500000001 0.1111041671875 0.675125 0.0971458328125 0.6635625 0.0846666671875 0.64925 0.0817291671875 0.6283125 0.0883333328125 0.614546875 0.09860416718750001 0.6095937499999999 0.11916666718749999 0.6095937499999999 0.12579166718749998 0.617859375 0.13899999999999998 0.625015625 0.1705833328125
3 0.615859375 0.2505625 0.614765625 0.26745833281250003 0.62303125 0.2784791671875 0.639 0.2821458328125 0.66103125 0.2843541671875 0.6654375 0.2623125 0.6681874999999999 0.248375 0.6769999999999999 0.235875 0.6830468749999999 0.22560416718749998 0.68525 0.2175208328125 0.68415625 0.20797916718749998 0.6797500000000001 0.1977083328125 0.658828125 0.1786041671875 0.64725 0.177875 0.6307343750000001 0.18595833281250002 0.629078125 0.189625 0.627421875 0.2138541671875 0.62303125 0.2344166671875 0.615859375 0.2505625
3 0.704015625 0.12735416718749998 0.702234375 0.13443750000000002 0.73584375 0.13443750000000002 0.7446875000000001 0.1320833328125 0.751765625 0.1367916671875 0.748234375 0.143875 0.7836093749999999 0.1674583328125 0.79953125 0.1674583328125 0.81190625 0.1674583328125 0.8384375000000001 0.1721666671875 0.84021875 0.17689583281250001 0.841984375 0.18395833281250001 0.8490624999999999 0.19575 0.8632031250000001 0.214625 0.868515625 0.2287708328125 0.89328125 0.2523541671875 0.9021250000000001 0.2570833328125 0.90565625 0.2523541671875 0.912734375 0.2429166671875 0.909203125 0.2240625 0.9021250000000001 0.20754166718749997 0.89328125 0.1886875 0.87028125 0.1816041671875 0.8649687500000001 0.1745208328125 0.84728125 0.1485833328125 0.8349062500000001 0.13914583281249998 0.8278281249999999 0.1297083328125 0.8225312499999999 0.12264583281250001 0.8083750000000001 0.10377083281249999 0.780078125 0.0943333328125 0.774765625 0.0990625 0.7676875 0.0990625 0.75353125 0.106125 0.75 0.106125 0.7429218750000001 0.09670833281249999 0.7323125 0.0990625 0.7146250000000001 0.0943333328125 0.711078125 0.1132083328125 0.70578125 0.12264583281250001 0.704015625 0.12735416718749998
2 0.6047343749999999 0.596125 0.577859375 0.5879166671875 0.54021875 0.6207083328125 0.47339062500000006 0.7087708328125 0.43574999999999997 0.7948125 0.43959374999999995 0.8286041671875 0.465703125 0.8316874999999999 0.49643750000000003 0.8009583328125001 0.5309999999999999 0.7589583328125 0.57478125 0.7108333328125 0.6170312499999999 0.6698541671875 0.617796875 0.6319583328125 0.613953125 0.6155833328125 0.6047343749999999 0.596125
2 0.29117187499999997 0.8941250000000001 0.31940625 0.8588333328125 0.4270625 0.6917708328125001 0.51 0.5905833328125001 0.51353125 0.5552916671875 0.495875 0.5576458328125 0.44117187500000005 0.5905833328125001 0.24706250000000002 0.8188333328124999 0.252359375 0.8258749999999999 0.261171875 0.8847083328125 0.29117187499999997 0.8941250000000001
2 0.6569843750000001 1 0.68603125 0.95525 0.77546875 0.7972916671875 0.77546875 0.7895416671875 0.780109375 0.7786875 0.7708125 0.7678541671875 0.747578125 0.7601041671875 0.737125 0.7771458328125 0.739453125 0.7926458328125 0.740609375 0.8034791671875 0.731328125 0.8158749999999999 0.7069375 0.836 0.6535 0.8716250000000001 0.587296875 0.9459583328125 0.559421875 0.9970625 0.56521875 1 0.6116875 1 0.6569843750000001 1
2 0.43764062499999995 0.7131041671875 0.46940625 0.7083958328125 0.50646875 0.6636875 0.582359375 0.5860416671875 0.601765625 0.5601666671875 0.6158750000000001 0.5131041671875 0.6 0.496625 0.582359375 0.4872083328125 0.541765625 0.5201666671875 0.48353124999999997 0.6189791671875 0.3970625 0.7389791671875 0.40412499999999996 0.7695624999999999 0.42353125 0.7531041671875001 0.43764062499999995 0.7131041671875
0 0.7598281250000001 0.2351041671875 0.76515625 0.2267083328125 0.781609375 0.21575000000000003 0.796125 0.21252083281249998 0.808234375 0.21187499999999998 0.825171875 0.21962500000000001 0.83290625 0.23058333281249999 0.8382343750000001 0.2286458328125 0.84065625 0.20735416718750002 0.83290625 0.1847708328125 0.8179062500000001 0.168625 0.80290625 0.1628333328125 0.770484375 0.1712083328125 0.7520781249999999 0.19960416718750001 0.753046875 0.2054166671875 0.7564375 0.21639583281250002 0.7598281250000001 0.2351041671875
0 0.7068749999999999 0.18397916718750001 0.710828125 0.18397916718750001 0.735203125 0.1863125 0.7514375 0.20212500000000003 0.76571875 0.18397916718750001 0.770109375 0.1719583328125 0.7685625 0.16552083281250002 0.7575937500000001 0.1438541671875 0.751875 0.1365416671875 0.7415625 0.1330416671875 0.7308125000000001 0.1330416671875 0.724 0.1368333328125 0.71675 0.14210416718750002 0.703359375 0.1590833328125 0.702046875 0.1681666671875 0.7068749999999999 0.18397916718750001
2 0.52525 0.7774166671875 0.524015625 0.8038125 0.5363749999999999 0.8235833328125001 0.5660624999999999 0.8260624999999999 0.598828125 0.7939166671875 0.6353125000000001 0.7279375 0.6680937499999999 0.6850625 0.669328125 0.6693958328125 0.661296875 0.6603333328125001 0.65078125 0.6595 0.616765625 0.671875 0.546890625 0.7419583328125 0.532046875 0.7568125 0.52525 0.7774166671875
2 0.531390625 0.9864375000000001 0.586890625 0.9438333328124999 0.6625625 0.8676041671875 0.74159375 0.8137916671875001 0.734859375 0.7756666671875 0.716375 0.7689375 0.672640625 0.7823958328125 0.60875 0.8115416671875 0.5397968750000001 0.8496666671875 0.48598437499999997 0.8877708328124999 0.423765625 0.9079583328125 0.386765625 0.9550416671875 0.386765625 0.9774583328125 0.388453125 0.9909166671875 0.531390625 0.9864375000000001
2 0.37415625 0.9865208328125 0.47528125 0.8426875 0.47359375000000004 0.8426875 0.45337500000000003 0.8539375 0.43820312499999997 0.8426875 0.42471875 0.8202291671875 0.42471875 0.79775 0.45 0.7505625 0.46010937500000004 0.7258333328125001 0.44662499999999994 0.7258333328125001 0.434828125 0.7258333328125001 0.42809375000000005 0.7707916671875 0.40785937499999997 0.7752708328125 0.30842187499999996 0.9685416671875 0.313484375 0.9662916671874999 0.315171875 0.9865208328125 0.37415625 0.9865208328125
2 0.2965234375 0.9021701390624999 0.297640625 0.9109513890625 0.306046875 0.9146875 0.30437109375000004 0.901515625 0.32006640625 0.9002065984375 0.315296875 0.9124427078125 0.324546875 0.9101979171875 0.3279140625 0.8995520828125001 0.33576171875 0.89889756875 0.333796875 0.907953125 0.34304687500000003 0.9057083328125 0.343609375 0.8982430562499999 0.35145703125 0.8975885421875001 0.3531361609375 0.8890535703125 0.3593046875 0.8969340265625 0.46917187499999996 0.8877708328124999 0.503640625 0.8563854171875 0.50953125 0.8765625 0.5734375 0.8474166671875001 0.649109375 0.7891250000000001 0.711328125 0.7667083328125 0.709640625 0.7622291671875 0.665921875 0.7218541671875001 0.627234375 0.7577291671874999 0.59696875 0.7936041671875 0.538109375 0.825 0.510534375 0.8501083328125001 0.38509375 0.8115416671875 0.3828489578125 0.8234999999999999 0.3772447921875 0.8152777765625 0.361546875 0.8227499999999999 0.280828125 0.9034791671875 0.28867578125 0.9028246515625 0.28923437500000004 0.9072152765625001 0.2965234375 0.9021701390624999
1 0.966234375 0.6 0.98571875 0.5662291671874999 0.99740625 0.4909166671875 0.9525937499999999 0.48570833281250003 0.9233750000000001 0.576625 0.9233750000000001 0.6026041671875 0.9409062499999999 0.6077916671875 0.966234375 0.6
0 0.6855 0.2095833328125 0.6855 0.2272916671875 0.712046875 0.2180208328125 0.725953125 0.22643749999999999 0.7468125 0.2306458328125 0.758203125 0.2365625 0.751875 0.19779166718750002 0.731640625 0.1809166671875 0.705734375 0.1842916671875 0.6855 0.2095833328125
3 0.8500937499999999 0.2500208328125 0.857359375 0.24597916718750001 0.8700625000000001 0.24597916718750001 0.8888125 0.25325000000000003 0.8894062500000001 0.2540416671875 0.8882031250000001 0.244375 0.8815468750000001 0.2346875 0.8736875 0.226625 0.8609843749999999 0.22097916718750002 0.8488906249999999 0.22420833281250002 0.834375 0.2306666671875 0.834375 0.24679166718749998 0.8380000000000001 0.2548541671875 0.84103125 0.25325000000000003 0.8500937499999999 0.2500208328125
2 0.360015625 0.7851041671875 0.3744375 0.8111041671875 0.388 0.8111041671875 0.40665625 0.7726666671875 0.39309375 0.7477916671875 0.360015625 0.7851041671875