2 0.5629375 0.6047083328125 0.515296875 0.5082291671875 0.43587499999999996 0.40941666718749997 0.41646875000000005 0.40941666718749997 0.40940624999999997 0.4282291671875 0.43587499999999996 0.47058333281250003 0.464125 0.5223541671875 0.5470625 0.6164791671875001 0.554125 0.6235208328125 0.5682343750000001 0.6211666671875 0.5629375 0.6047083328125
2 0.26356250000000003 0.6014166671875001 0.2405625 0.6627291671875 0.23879687500000002 0.6698125 0.22995312499999998 0.6863125 0.26356250000000003 0.6509375000000001 0.28125 0.625 0.306015625 0.5872708328125 0.320171875 0.5613125 0.329015625 0.5424583328125 0.327234375 0.481125 0.31839062500000004 0.5 0.311328125 0.5259375000000001 0.279484375 0.5825416671875 0.26356250000000003 0.6014166671875001
2 0.47646875 0.7601666671875 0.478234375 0.736625 0.46764062500000003 0.7201666671875 0.43059375 0.7036875 0.425296875 0.6731041671875 0.42176562500000003 0.67075 0.41823437500000005 0.6966249999999999 0.4270625 0.7319166671875 0.448234375 0.7389791671875 0.464125 0.7554583328125 0.47646875 0.7601666671875
2 0.40112500000000006 0.48314583281249995 0.411234375 0.5146041671875 0.42303125 0.5662916671875 0.431453125 0.6089791671875 0.44662499999999994 0.6651666671875 0.47696875 0.7325833328125 0.46854687500000003 0.6134791671875 0.45168749999999996 0.5348333328125 0.45168749999999996 0.49887499999999996 0.43820312499999997 0.4606666671875 0.39775 0.4247291671875 0.382578125 0.44718749999999996 0.38090625 0.44718749999999996 0.385953125 0.4651666671875 0.40112500000000006 0.48314583281249995
2 0.20393750000000002 0.8096249999999999 0.19971875 0.8376666671875 0.192890625 0.8741458328125 0.18815625 0.9155208328125 0.18709375 0.9351666671875 0.19446875 0.9695208328125 0.19971875 0.975125 0.20709375 0.9737291671875001 0.212875 0.9498958328124999 0.222859375 0.9274374999999999 0.23496875 0.8832708328125 0.24390625 0.8194375 0.25179687500000003 0.76825 0.25075 0.7514166671875 0.24337499999999998 0.7212500000000001 0.217078125 0.7163541671875 0.217078125 0.7219583328125 0.226015625 0.7352916671874999 0.23390624999999998 0.7437083328125 0.238125 0.7563333328125 0.242328125 0.7745625 0.241796875 0.8054166671875 0.24075000000000002 0.7864791671875 0.23759375 0.7710625 0.220765625 0.7500208328125 0.20656249999999998 0.7458125 0.20340625 0.7689583328125 0.20340625 0.787875 0.20393750000000002 0.8096249999999999
2 0.152109375 0.7359166671875 0.1409375 0.75 0.126640625 0.7756666671875 0.12603124999999998 0.8088124999999999 0.1204375 0.8336458328124999 0.112359375 0.8245416671875001 0.06949999999999999 0.9131666671875 0.06576562500000001 0.9462916671875 0.06453125 0.9860416671875001 0.05645312500000001 1 0.08315625 0.9984791671875 0.09434375 0.9868750000000001 0.0986875 0.9512708328124999 0.11670312499999999 0.9015625 0.163296875 0.7516458328125 0.1608125 0.7359166671875 0.162671875 0.7392291671875 0.163296875 0.7301249999999999 0.152109375 0.7359166671875
2 0.08015625 0.7344583328125001 0.077453125 0.7622291671875 0.080953125 0.7885416671875001 0.080953125 0.8152291671875 0.0823125 0.8300000000000001 0.08367187499999999 0.8656874999999999 0.08528125 0.8728958328124999 0.085015625 0.8346875 0.082859375 0.8108958328125 0.086640625 0.7932291671875 0.090890625 0.7808958328125 0.09428125000000001 0.7542500000000001 0.096921875 0.7386666671875 0.09540625 0.7265833328125 0.098046875 0.7054791671875 0.09428125000000001 0.686875 0.090125 0.6587083328125 0.08690624999999999 0.671375 0.087171875 0.6908541671874999 0.08015625 0.7344583328125001
2 0.073765625 0.5295 0.07553125000000001 0.5435416671875 0.103625 0.6278541671875 0.10714062499999999 0.663 0.12646875 0.7145208328125 0.140515625 0.7496458328125 0.149296875 0.7496458328125 0.149296875 0.7379374999999999 0.14754687500000002 0.7004583328125 0.13173437500000001 0.6676666671875 0.12821875 0.6208333328125 0.11417187499999999 0.538875 0.096609375 0.5177916671875 0.0860625 0.520125 0.089578125 0.520125 0.07728125 0.5224791671875 0.073765625 0.5295
2 0.289703125 1 0.289703125 0.9908333328125 0.2875 0.9693333328125 0.2875 0.9438958328125 0.2845625 0.9253125000000001 0.288234375 0.9135624999999999 0.29117187499999997 0.8939999999999999 0.2875 0.8578125 0.285296875 0.8353125 0.2845625 0.8030416671875 0.2845625 0.7795625 0.27282812500000003 0.7668541671875 0.25521875 0.7668541671875 0.2508125 0.7736875000000001 0.2456875 0.8020625000000001 0.24128124999999997 0.8411875 0.24421875 0.8744375 0.24714062499999997 0.8969374999999999 0.24860937500000002 0.9174791671875001 0.2508125 0.944875 0.253015625 0.9683541671875 0.25228125 0.9927916671875 0.251546875 1 0.25815625 1 0.2765 1 0.2875 1 0.289703125 1
2 0.1273125 0.7160208328125 0.10635937499999999 0.657375 0.10321875 0.6769166671875 0.10321875 0.6922916671875 0.10321875 0.7083333328125 0.10321875 0.7271875 0.098515625 0.7425625 0.095890625 0.7537291671874999 0.09746875 0.7676875 0.0995625 0.7694791671875 0.0995625 0.7740416671875 0.10001562500000001 0.7773749999999999 0.10046875 0.7816458328125 0.10206249999999999 0.7883125 0.1034375 0.7931874999999999 0.10593749999999999 0.8010833328125001 0.107984375 0.8053333328125 0.11209374999999999 0.8108124999999999 0.114375 0.8168958328124999 0.114375 0.8244791671874999 0.116203125 0.8296458328125 0.120296875 0.833 0.1214375 0.7983541671875 0.121890625 0.7937916671874999 0.12234375 0.7871041671875 0.123953125 0.7770833328125 0.12782812500000001 0.7676458328125 0.138078125 0.7515416671875 0.13621875 0.7502291671875 0.13096875 0.7299791671875 0.1273125 0.7160208328125
2 0.1296875 0.6373541671875 0.137140625 0.6489583328124999 0.17876562499999998 0.7135625 0.20299999999999999 0.7442083328125 0.20423437500000002 0.7450208328125 0.22970312499999998 0.7607708328125 0.24089062499999997 0.7938958328125 0.23529687500000002 0.7549583328125 0.220390625 0.7309583328125 0.20982812499999998 0.71025 0.208578125 0.6961666671875 0.1825 0.6555833328125 0.16696875 0.6232708328125 0.154546875 0.5868333328124999 0.13964062500000002 0.5446041671875 0.128453125 0.5387916671874999 0.11417187499999999 0.5313333328125001 0.112296875 0.539625 0.11540625 0.5487291671875 0.1296875 0.6373541671875
2 0.25 0.5872499999999999 0.26171875 0.5820416671875 0.291015625 0.5351666671875 0.322265625 0.5013124999999999 0.333984375 0.5039166671875 0.322265625 0.5638124999999999 0.2890625 0.6211041671875 0.263671875 0.6523541671875 0.2265625 0.6809999999999999 0.263671875 0.6888124999999999 0.267578125 0.7044374999999999 0.291015625 0.7122499999999999 0.322265625 0.7122499999999999 0.302734375 0.7330833328125 0.34375 0.7382916671875 0.36328125 0.7018333328125 0.384765625 0.7330833328125 0.40234375 0.6445416671875 0.40625 0.6315208328125 0.423828125 0.6263124999999999 0.4296875 0.6237083328125 0.42578125 0.5924583328125 0.4140625 0.5742291671875 0.4140625 0.5403749999999999 0.41015625 0.5013124999999999 0.384765625 0.48308333281250004 0.37109375 0.47006249999999994 0.36328125 0.4648541671875 0.345703125 0.45183333281250004 0.3203125 0.4570416671875 0.23828125 0.5559999999999999 0.25 0.5872499999999999
2 0.440625 1 0.4578125 0.975 0.4734375 0.9625 0.490625 0.9541666671875 0.515625 0.925 0.5328125 0.9125 0.5640625 0.86875 0.5875 0.8166666671874999 0.5984375 0.7458333328125 0.5953125 0.6583333328125 0.5859375 0.6208333328125 0.578125 0.6020833328124999 0.5609375 0.5791666671875 0.5421875 0.5625 0.5625 0.6041666671875 0.5671875 0.61875 0.565625 0.6229166671875 0.5515625 0.6229166671875 0.4859375 0.55 0.4703125 0.5583333328125 0.459375 0.5604166671875 0.4578125 0.5645833328125 0.4609375 0.5791666671875 0.4265625 0.5875 0.4265625 0.6 0.4296875 0.6006944437499999 0.43125 0.6083333328125 0.428125 0.6125 0.428125 0.625 0.4078125 0.63125 0.39955357187499996 0.6574404765625 0.3952850875 0.6578581875 0.3921130953125 0.6529761890625 0.387856359375 0.6540935671875 0.38467261875 0.6485119046875 0.38042763125 0.6503289484375 0.3772321421875 0.6440476187499999 0.372998903125 0.6465643265625001 0.3697916671875 0.6395833328125 0.365570175 0.6427997078125001 0.362351190625 0.6351190484375 0.358141446875 0.6390350875 0.35491071406249997 0.6306547625000001 0.2730654765625 0.5815476187499999 0.265625 0.58125 0.265625 0.5770833328125 0.2578125 0.5854166671875001 0.2546875 0.5854166671875001 0.2550446421875 0.5779761890625 0.24671052656249998 0.5825657890625 0.24758928593750001 0.5747023812500001 0.2453125 0.575 0.2390625 0.55625 0.2609375 0.5291666671875 0.2578125 0.4916666671875 0.246875 0.45208333281249996 0.228125 0.4125 0.2109375 0.3895833328125 0.1953125 0.3770833328125 0.165625 0.36875 0.146875 0.3708333328125 0.1359375 0.375 0.1125 0.39375 0.0984375 0.4145833328125 0.0890625 0.43958333281249995 0.0859375 0.4583333328125 0.0859375 0.49375 0.083278509375 0.49974415156249996 0.06866071406249999 0.49613095156250003 0.06842105312499999 0.4922149125 0.06120535781250001 0.49285714374999995 0.060992325 0.48845029218749997 0.05375 0.4895833328125 0.053563596874999994 0.48468567343749996 0.0462946421875 0.4863095234375 0.04613486875 0.4809210515625 0.0388392859375 0.4830357140625 0.038706140625 0.4771564328125 0.031383928125 0.4797619046875 0.031277412500000004 0.47339181249999995 0.023928571875 0.4764880953125 0.023848684375000002 0.46962719374999995 0.015625 0.45625 0.0046875 0.45625 0.0015625 0.4583333328125 0.0015625 0.5125 0.05923295468749999 0.5178030312499999 0.0625 0.5125 0.067471590625 0.51856060625 0.0734375 0.5291666671875 0.0765625 0.5479166671875 0.096875 0.6083333328125 0.1034375 0.6141666671875 0.107421875 0.6130208328125 0.11000000000000001 0.62 0.117578125 0.6744791671875 0.0944602265625 0.6719696984375 0.090625 0.6625 0.0890625 0.6645833328124999 0.0875 0.6708333328125 0.09829545468749999 0.6814393937500001 0.09375 0.6833333328125 0.096875 0.7 0.0859375 0.7 0.078125 0.75625 0.0015625 0.7416666671875001 0.003125 1 0.0578125 1 0.0640625 0.9875 0.0859375 1 0.253125 1 0.25 0.9354166671874999 0.2859375 0.9354166671874999 0.2875 0.9708333328125001 0.2921875 1 0.440625 1