1 0.77265625 0.64201629375 0.7749375 0.63065173125 0.7772187500000001 0.623340121875 0.778875 0.6182077390625 0.77596875 0.613869653125 0.7736875000000001 0.6163136453125 0.76746875 0.619022403125 0.760609375 0.634175153125 0.7601875 0.6466191453125 0.7622656250000001 0.657454175 0.764765625 0.6582688390625 0.76953125 0.652301425 0.77265625 0.64201629375
1 0.920359375 0.7390631359375 0.930125 0.7431160890624999 0.93634375 0.7431160890624999 0.9440312499999999 0.742301425 0.9515156250000001 0.74177189375 0.954203125 0.7398778 0.95503125 0.735539715625 0.94984375 0.731751528125 0.9365625 0.724175153125 0.925765625 0.7230957234375001 0.913296875 0.72959266875 0.9135156249999999 0.7352749484375 0.9147500000000001 0.7374338078125 0.920359375 0.7390631359375
1 0.81796875 0.7200814656250001 0.8225468749999999 0.727067209375 0.824078125 0.7340325859375 0.824078125 0.74549898125 0.82465625 0.7474949078125 0.830953125 0.7504684312500001 0.8322968749999999 0.7484725046875 0.8332499999999999 0.7422606921875 0.8340156249999999 0.7335437875 0.8330624999999999 0.72556008125 0.8292343750000001 0.7168431765625 0.8166249999999999 0.7086354375 0.8114687500000001 0.7091242359375001 0.8147187499999999 0.7158655796875 0.81796875 0.7200814656250001
1 0.793734375 0.714643584375 0.783484375 0.6923828921874999 0.7672656250000001 0.6868228109375 0.76128125 0.6979429734375 0.769828125 0.707963340625 0.79203125 0.749144603125 0.79715625 0.750264765625 0.8005625000000001 0.7424643578125 0.793734375 0.714643584375
1 0.84028125 0.7828920562499999 0.84009375 0.7815478609375 0.83853125 0.778248471875 0.83575 0.775478615625 0.83128125 0.7739511203125 0.82603125 0.7742769859374999 0.821953125 0.77521385 0.8176718749999999 0.77674134375 0.8135937500000001 0.7785132390625 0.81034375 0.78052953125 0.8091875 0.782484725 0.8090468749999999 0.7837474546875 0.808984375 0.7863747453125 0.810609375 0.787128309375 0.811515625 0.788309571875 0.8145 0.7867006109375 0.819671875 0.7844195515625 0.8260937500000001 0.7825661921875 0.829328125 0.7817107937500001 0.8343906249999999 0.780448065625 0.8367812499999999 0.78071283125 0.8366562500000001 0.7810386968749999 0.83671875 0.782729125 0.84028125 0.7828920562499999
1 0.848265625 0.7932382890625 0.8460625 0.783340121875 0.843109375 0.7814256625 0.8391875000000001 0.7807739312499999 0.820546875 0.7839714875 0.8166249999999999 0.7868431765625 0.8134375 0.7909979640625 0.820546875 0.7964358453125 0.828640625 0.8021995921875 0.835515625 0.8028309578125 0.849984375 0.79580448125 0.84753125 0.7967617109375 0.84753125 0.79580448125 0.848265625 0.7932382890625
1 0.77825 0.7239103874999999 0.7668437499999999 0.7286354375 0.738328125 0.7414867609375 0.740921875 0.74959266875 0.75078125 0.7509368640625 0.764765625 0.7604073312499999 0.7834375 0.74822810625 0.784984375 0.7347250515625 0.782921875 0.73201629375 0.77825 0.7239103874999999
1 0.734453125 0.6913441953125 0.7208125 0.7002443984375 0.72453125 0.7293686359375 0.73259375 0.7431160890624999 0.76053125 0.7334215890625 0.7754218749999999 0.7253360484375 0.7716875 0.71319755625 0.763 0.697006109375 0.7555625 0.6929735234375001 0.734453125 0.6913441953125
1 0.738359375 0.695947046875 0.7398125 0.68835030625 0.73625 0.6856008140625 0.72896875 0.6809572296875 0.721203125 0.6788594703124999 0.71603125 0.6799185343749999 0.7115 0.6828716906250001 0.7051875 0.6887780046875001 0.7035625 0.692993890625 0.707296875 0.697841140625 0.70875 0.6984725046875 0.7216875 0.6961507124999999 0.729125 0.696354378125 0.735609375 0.696354378125 0.738359375 0.695947046875
1 0.772515625 0.675173115625 0.7655624999999999 0.6586354375 0.7495937500000001 0.6564969453125 0.7385312500000001 0.6564969453125 0.7360781249999999 0.6687780046875 0.743859375 0.677841140625 0.752453125 0.68959266875 0.765140625 0.6922606921875001 0.772515625 0.6757026484375 0.772515625 0.675173115625
1 0.8134218750000001 0.672729125 0.8134218750000001 0.6590631359375 0.7924375 0.6631568234375 0.774609375 0.690509165625 0.7924375 0.7000814656250001 0.7966249999999999 0.6877596734375 0.8134218750000001 0.672729125
1 0.716625 0.5841547859375 0.698765625 0.6001018328125001 0.70628125 0.620916496875 0.721328125 0.6196945015625 0.730734375 0.622158859375 0.742953125 0.625824846875 0.74671875 0.6184725046875 0.7514062499999999 0.612342159375 0.753296875 0.6295112015625 0.7636406250000001 0.6295112015625 0.7692812499999999 0.612342159375 0.77115625 0.579266803125 0.758 0.57313645625 0.7373125 0.5719144609375 0.72884375 0.5706720984375 0.72509375 0.5780244406249999 0.716625 0.5841547859375
1 0.988421875 0.6421995921875 0.981828125 0.647250509375 0.976390625 0.6535641546875001 0.9740624999999999 0.6616700609375 0.977171875 0.664460284375 0.976390625 0.672301425 0.978140625 0.671038696875 0.985515625 0.6614256625 0.9892031250000001 0.6540733203125 0.9899687500000001 0.645234215625 0.988421875 0.6421995921875
1 0.6828125 0.696537678125 0.6921875 0.7026476578125 0.70625 0.7046843171875 0.7125 0.7128309578125 0.721875 0.7128309578125 0.721875 0.7006109984375 0.725 0.6985743375 0.7265625 0.6822810593749999 0.7390625 0.6883910390625 0.740625 0.6924643578125 0.7625 0.696537678125 0.7734375 0.7148676171874999 0.7734375 0.7189409375 0.7765625 0.720977596875 0.775 0.7250509171874999 0.784375 0.7219959265625 0.7859375 0.7393075359375 0.7828125 0.749490834375 0.7734375 0.7556008140625 0.775 0.7637474546874999 0.78125 0.769857434375 0.784375 0.7780040734375 0.79375 0.7902240328125 0.803125 0.7963340125 0.83125 0.8024439921875001 0.840625 0.8167006109375 0.85 0.8228105906250001 0.8859375 0.8289205703125001 0.890625 0.8126272906249999 0.9 0.7963340125 0.903125 0.7820773937500001 0.9265625 0.798370671875 0.9421875 0.798370671875 0.9453125 0.8024439921875001 0.9546875 0.8024439921875001 0.9671875 0.7861507125 0.9734375 0.7861507125 0.9765625 0.7800407328125 0.975 0.737270875 0.9625 0.6924643578125 0.9625 0.6822810593749999 0.971875 0.6822810593749999 0.975 0.6761710796875 0.975 0.668024440625 0.971875 0.6619144609375 0.9625 0.6619144609375 0.959375 0.6659877796875 0.865625 0.6590944703125 0.8609375 0.6639511203125 0.853125 0.6537678203125 0.840625 0.64562118125 0.796875 0.64562118125 0.7828125 0.6211812625 0.7734375 0.61710794375 0.775 0.6130346234374999 0.7703125 0.60692464375 0.76875 0.619144603125 0.75 0.6150712828125 0.7421875 0.6272912421875 0.7265625 0.6211812625 0.70625 0.6211812625 0.6984375 0.6008146640625001 0.684375 0.608961303125 0.6671875 0.633401221875 0.6609375 0.633401221875 0.65625 0.6395112015625 0.65625 0.6639511203125 0.6609375 0.6700611000000001 0.665625 0.6700611000000001 0.6828125 0.696537678125