3 0.6741587296875 0.28315555625 0.6902063484375 0.2696666671875 0.7190952375 0.23595555625000003 0.723920634375 0.15055555625 0.7046507937500001 0.105622221875 0.685396825 0.08315555625 0.6372380953125 0.08764444375 0.60834920625 0.096622221875 0.587476190625 0.12584444374999998 0.5762380953124999 0.1865111109375 0.584269840625 0.22246666718750002 0.6067460312499999 0.25842222187499997 0.601920634375 0.2539333328125 0.6131587296875 0.2808888890625 0.6741587296875 0.28315555625
3 0.3289682546875 0.3236 0.35987301562499996 0.35844444375 0.3684603171875 0.35604444375 0.391619046875 0.30917777812499997 0.3942063484375 0.24671111093750003 0.3778888890625 0.19984444375 0.349571428125 0.173422221875 0.3289682546875 0.16140000000000002 0.303222221875 0.1638 0.2791904765625 0.174622221875 0.25946031718749996 0.19384444375 0.23714285781250002 0.22748888906250003 0.2388571421875 0.28035555625 0.24915872968750002 0.32839999999999997 0.250873015625 0.32839999999999997 0.28092063437500003 0.31520000000000004 0.3289682546875 0.3236
3 0.6027142859375 0.5468 0.6139682546875 0.588822221875 0.627730159375 0.595822221875 0.65274603125 0.56255555625 0.6564920640625 0.5257777781249999 0.65274603125 0.46799999999999997 0.616476190625 0.4207333328125 0.56644444375 0.403222221875 0.5426825390625 0.41197777812499997 0.526428571875 0.45224444375 0.5276825390625 0.504777778125 0.5489365078125 0.5222888890624999 0.57395238125 0.5275333328125 0.6027142859375 0.5468
3 0.38074603125 0.66324444375 0.39212698437500004 0.665377778125 0.3959365078125 0.662177778125 0.408079365625 0.6473111109375 0.41871428593750004 0.6101111109375 0.41034920625 0.5601333328125 0.39744444375 0.530377778125 0.35568253906249997 0.47935555625 0.33366666718750004 0.472977778125 0.2956984125 0.4878666671875 0.272920634375 0.5123111109375 0.2630634921875 0.5420666671875 0.26609523749999997 0.587777778125 0.280523809375 0.6334888890625 0.2995079359375 0.6302888890625 0.31773015937500004 0.6313555562500001 0.38074603125 0.66324444375
3 0.9036984125 0.67415555625 0.9069047625 0.5955111109375 0.8892380953125001 0.51235555625 0.8491111109375 0.49662222187499994 0.8298571421875 0.5033777781250001 0.8154126984375001 0.51235555625 0.8009682546875 0.5191111109375 0.789730159375 0.5370888890625001 0.7736825390625001 0.582022221875 0.786523809375 0.6224666671875 0.7913333328125 0.6539333328125 0.8170158734375 0.694377778125 0.8298571421875 0.7078666671875 0.8571428578125 0.71235555625 0.9036984125 0.67415555625
3 0.8785396828125001 0.8031555562499999 0.884079365625 0.8341111109374999 0.8886825390625 0.8844666671875 0.8748571421875001 0.9418888890625 0.8753174609375 0.9580222218750001 0.9131111109375001 0.9477111109375 0.9444603171875 0.91995555625 0.9559841265625 0.8902666671875 0.96474603125 0.8250888890624999 0.95644444375 0.7857111109375 0.9398412703125001 0.7457111109375 0.9144920640624999 0.723777778125 0.8559523812500001 0.7160222218750001 0.8412063484375001 0.7282888890625 0.8499682546875 0.7373111109375 0.8633333328124999 0.7508666671875 0.8785396828125001 0.8031555562499999
3 0.9576507937500001 0.788222221875 0.9667301593750001 0.8358444437499999 0.9757936515625 0.8548888890624999 0.9977142859375 0.87815555625 1 0.704622221875 0.9999841265624999 0.700377778125 0.9810952374999999 0.7099111109375 0.9667301593750001 0.7321333328125 0.959174603125 0.762822221875 0.9576507937500001 0.788222221875
3 0.7041587296875 0.64104444375 0.7411587296875 0.6747555562499999 0.7531904765624999 0.7108888890625 0.7652380953125 0.70364444375 0.78244444375 0.6603111109375 0.7850158734375 0.61575555625 0.7807142859375 0.5772 0.7609365078125 0.5507111109375 0.7377142859375 0.53264444375 0.6990000000000001 0.521822221875 0.6654603171875 0.5338666671875 0.6430952375000001 0.5724 0.6362063484375 0.6061111109375 0.6362063484375 0.6338 0.63965079375 0.6663333328125 0.6465396828125 0.6542888890625 0.670619046875 0.639822221875 0.7041587296875 0.64104444375
3 0.39325396874999996 0.47735555625000003 0.41242857187500004 0.441577778125 0.4491904765625 0.43708888906250004 0.4875396828125 0.46617777812499994 0.49233333281249997 0.51315555625 0.5258888890625 0.49748888906250005 0.5306825390625 0.44604444374999996 0.5450634921875 0.41024444375 0.5722222218749999 0.4012888890625 0.573825396875 0.372222221875 0.5242857140625 0.29615555625 0.457174603125 0.2558888890625 0.40125396875 0.2939111109375 0.377269840625 0.3386666671875 0.3756825390625 0.38564444375 0.39325396874999996 0.47735555625000003
3 0.2104920640625 0.6238888890625 0.2433174609375 0.58535555625 0.2560317453125 0.52604444375 0.2581428578125 0.45784444375 0.2539047625 0.3911333328125 0.23484127031250002 0.331822221875 0.2104920640625 0.2992 0.17236507968749998 0.27253333281250003 0.120476190625 0.27104444375000003 0.06646031718749999 0.27844444375 0.0421111109375 0.302177778125 0.026222221875 0.34664444375 0.0124603171875 0.3940888890625 0.0071587296875 0.43708888906250004 0.0124603171875 0.4949111109375 0.020936507812499998 0.5275333328125 0.046349206250000004 0.554222221875 0.06858730156250001 0.574977778125 0.10247619062499999 0.597222221875 0.13 0.6253777781250001 0.1670634921875 0.6342666671875 0.2104920640625 0.6238888890625
3 0.2949841265625 0.9045555562500001 0.309825396875 0.9642888890625001 0.3376666671875 0.9720888890625 0.37661904687500003 0.9824666671875001 0.4248571421875 0.9590888890624999 0.45825396874999996 0.9149333328125 0.4656825390625 0.870777778125 0.4656825390625 0.80324444375 0.44898412656250003 0.7357111109375001 0.4100158734375 0.670777778125 0.3580634921875 0.6396 0.28385714218749997 0.629222221875 0.2411904765625 0.6655777781250001 0.220777778125 0.7227333328125 0.2282063484375 0.7383111109375 0.218920634375 0.8240222218750001 0.2282063484375 0.831822221875 0.26344444375 0.8526 0.2949841265625 0.9045555562500001
3 0.7945873015625 0.44424444375 0.8114920640625 0.378 0.8587936515625 0.335422221875 0.911730159375 0.338577778125 0.9083492062499999 0.2644666671875 0.8801904765625 0.202977778125 0.8295079359375 0.16040000000000001 0.7653015875 0.15724444375 0.7270158734375001 0.22662222187499997 0.7270158734375001 0.23924444375 0.72025396875 0.2912888890625 0.7574126984375 0.3575111109375 0.7686825390625 0.41426666718750005 0.7945873015625 0.44424444375
3 0.974222221875 0.2204888890625 0.98504761875 0.207 0.9922857140625 0.1741111109375 0.9886666671875 0.13535555625 0.9772222218750001 0.0957333328125 0.962174603125 0.07213333281249999 0.9441111109375001 0.062022221875000005 0.9212380953125001 0.061177778125000006 0.8989682546875001 0.07382222187500001 0.8881269843749999 0.0906888890625 0.8778888890625 0.1286 0.883920634375 0.1817111109375 0.9055873015625 0.2204888890625 0.9284603171875 0.2289111109375 0.9393015874999999 0.22722222187500002 0.95495238125 0.2246888890625 0.974222221875 0.2204888890625