1 0.32356250000000003 0.5942814375000001 0.353734375 0.5653892218750001 0.3681875 0.5521556890625 0.394578125 0.5762275453125 0.402125 0.546107784375 0.412171875 0.473862275 0.3908125 0.45580838281249997 0.342421875 0.48350299375 0.336765625 0.5135928140625 0.337390625 0.546107784375 0.32356250000000003 0.5690119765625 0.32356250000000003 0.5942814375000001
1 0.518765625 0.6981437125000001 0.510796875 0.6974850296875 0.5158125 0.6878443109375 0.510625 0.6895209578125 0.5000625000000001 0.6891916171875 0.49260937499999996 0.6908383234375 0.48898437499999997 0.6951497 0.494859375 0.7004491015625 0.50940625 0.70742515 0.5211875 0.7117365265625 0.5312187500000001 0.7014670656249999 0.526375 0.7001197609375 0.518765625 0.6981437125000001
1 0.451828125 0.6402994015625 0.44021875 0.674401196875 0.43403125 0.709970059375 0.44098437500000004 0.7114670656250001 0.445625 0.6995808390625 0.46187500000000004 0.6565868265625 0.4595625 0.6491916171875001 0.45723437499999997 0.6402994015625 0.451828125 0.6402994015625
1 0.527828125 0.546437125 0.52478125 0.562035928125 0.52275 0.5824850296874999 0.52275 0.6068263468749999 0.52884375 0.622395209375 0.53596875 0.6282335328124999 0.554765625 0.6340718562500001 0.5730625 0.6311676640624999 0.5883125 0.6233832328125 0.5959218749999999 0.611676646875 0.59846875 0.5747005984375 0.59034375 0.5454790421875 0.5888125 0.543532934375 0.58271875 0.5289221562499999 0.5735625 0.5230838328125 0.5644218750000001 0.513323353125 0.558328125 0.513323353125 0.55375 0.513323353125 0.550703125 0.513323353125 0.562390625 0.5230838328125 0.552734375 0.5182035921875 0.5425625000000001 0.524041915625 0.533921875 0.535748503125 0.527828125 0.546437125
1 0.5580468749999999 0.516287425 0.558953125 0.5215568859374999 0.588265625 0.535598803125 0.61115625 0.535598803125 0.618484375 0.535598803125 0.618484375 0.5180538921875 0.6175625 0.5005089828125 0.61115625 0.4969760484375 0.602 0.46365269531250003 0.5873437499999999 0.4601197609375 0.576359375 0.4548802390625 0.559875 0.45838323281250004 0.557125 0.5075149703124999 0.555296875 0.47592814375000003 0.5543750000000001 0.49173652656250005 0.5580468749999999 0.516287425
1 0.51659375 0.44835329375 0.520015625 0.4344910171875 0.52459375 0.425748503125 0.531828125 0.40604790468749996 0.52459375 0.405329340625 0.5181250000000001 0.41479041875 0.50859375 0.4344910171875 0.505171875 0.44907185624999996 0.5032656249999999 0.4578443109375 0.510125 0.45928143749999994 0.51659375 0.44835329375
1 0.545640625 0.448473053125 0.55225 0.4397604796875 0.55225 0.43721556875 0.552546875 0.42904191562499994 0.5520937499999999 0.42341317343749996 0.552828125 0.42059880312500003 0.545640625 0.4194910171875 0.5409375 0.43326347343749994 0.5432812499999999 0.4462275453125 0.545640625 0.448473053125
1 0.591015625 0.4252694609375 0.5829375 0.4200898203125 0.5778749999999999 0.44913173593750005 0.5829375 0.455598803125 0.589328125 0.4329940125 0.591015625 0.4252694609375
1 0.415546875 0.5020059875 0.41332812499999994 0.5115868265625 0.41609375000000004 0.525389221875 0.43162500000000004 0.525389221875 0.43828125 0.5200898203125 0.449375 0.5062574843750001 0.466015625 0.509461078125 0.46990625 0.5083832328125 0.471578125 0.49458083906250006 0.4726875 0.47011976093749996 0.46103125 0.464820359375 0.463796875 0.45523952031250003 0.46490625 0.4393113765625 0.46268750000000003 0.43398203593750007 0.46046875 0.43823353281250005 0.450484375 0.42973053906249997 0.435515625 0.43718562812500006 0.42275 0.43823353281250005 0.411109375 0.44568862343750004 0.395015625 0.4616167671875 0.411109375 0.47011976093749996 0.41609375000000004 0.49137724531250004 0.415546875 0.5020059875
1 0.28409375 0.445 0.275 0.44583832343749996 0.2689375 0.47655688593749995 0.268078125 0.5080838328125 0.2689375 0.522185628125 0.2754375 0.5197005984375 0.28540625 0.522185628125 0.2815 0.5354790421875 0.2745625 0.553742515625 0.2689375 0.577814371875 0.269796875 0.577814371875 0.28540625 0.5819760484375001 0.29103124999999996 0.5404491015625 0.296234375 0.56535928125 0.30012500000000003 0.5836227546874999 0.305328125 0.5670359281249999 0.314859375 0.5495808390625 0.326984375 0.53464071875 0.326984375 0.5114071859375 0.32828124999999997 0.48152694687500003 0.32828124999999997 0.48068862343749996 0.32309375 0.464101796875 0.3135625 0.44664670624999997 0.313984375 0.4524550890625 0.301859375 0.4532934125 0.28409375 0.445
1 0.4765 0.7258982031250001 0.48207812499999997 0.7258982031250001 0.489515625 0.7247005984375 0.49293750000000003 0.7223353296874999 0.496953125 0.718173653125 0.5016093749999999 0.714610778125 0.50625 0.7074850296874999 0.50253125 0.7021257484375 0.493859375 0.7015568859375 0.483328125 0.7021257484375 0.471859375 0.7045209578125 0.46287500000000004 0.7110479046875 0.46256250000000004 0.7187724546875 0.46534375 0.721137725 0.4765 0.7258982031250001
1 0.49709375 0.4924850296875 0.49487500000000006 0.49161676718749997 0.493484375 0.4947305390625 0.49074999999999996 0.50422155625 0.49140625 0.5076047906250001 0.491703125 0.5104191609375001 0.49273437500000006 0.5122754484375001 0.494796875 0.5119760484375 0.49768749999999995 0.507035928125 0.497234375 0.5073053890625 0.49775 0.493323353125 0.49709375 0.4924850296875
1 0.388765625 0.363173653125 0.361859375 0.36062874218749996 0.3314375 0.375 0.3155625 0.38514970000000004 0.30453125000000003 0.40625748437500003 0.31159375 0.4248503 0.32614062499999996 0.466257484375 0.338921875 0.463712575 0.35965625 0.44850299375 0.36846875 0.4383832328125 0.3795 0.41556886249999997 0.39273437499999997 0.4206287421875 0.39053125 0.397814371875 0.388765625 0.363173653125
1 0.4125 0.67964071875 0.4203125 0.6826347312500001 0.41875 0.7095808390625 0.4234375 0.718562875 0.43125 0.718562875 0.434375 0.7245508984375 0.44375 0.7245508984375 0.4529296875 0.706961078125 0.4609375 0.7095808390625 0.459375 0.7155688625 0.4640625 0.7215568859375 0.4546875 0.7425149703125 0.45625 0.766467065625 0.4609375 0.7754491015625 0.4703125 0.7784431140625 0.4765625 0.78742515 0.4890625 0.78742515 0.496875 0.8053892218750001 0.509375 0.8053892218750001 0.534375 0.78742515 0.54375 0.8053892218750001 0.5640625 0.802395209375 0.575 0.7904191609375 0.5984375 0.736526946875 0.5984375 0.694610778125 0.5921875 0.6676646703125 0.5859375 0.6586826343750001 0.5703125 0.6586826343750001 0.5625 0.6467065875 0.5515625 0.6467065875 0.546875 0.6526946109375 0.540625 0.643712575 0.53125 0.643712575 0.525 0.6347305390625 0.5125 0.6347305390625 0.5078125 0.6407185625 0.50625 0.6317365265625 0.5 0.622754490625 0.475 0.625748503125 0.46875 0.61077844375 0.459375 0.61077844375 0.453125 0.622754490625 0.4328125 0.6197604796875 0.4171875 0.628742515625 0.4078125 0.6467065875 0.4142578125 0.6553143718750001 0.4078125 0.6706586828125001 0.4125 0.67964071875