1 0.49184 0.2037066671875 0.51956 0.22336 0.54208 0.22679999999999997 0.56288 0.2152533328125 0.5776 0.2048533328125 0.5776 0.1875466671875 0.57848 0.17136 0.55076 0.12168000000000001 0.53862 0.09973333281249999 0.52216 0.08471999999999999 0.51522 0.08471999999999999 0.51436 0.09512000000000001 0.50916 0.0962666671875 0.47969999999999996 0.10898666718750001 0.46584000000000003 0.1621333328125 0.47450000000000003 0.1967733328125 0.49184 0.2037066671875
1 0.06742000000000001 0.7415733328125 0.16854 0.7303466671875001 0.21742 0.72136 0.26124 0.6898933328125 0.26292 0.6606666671875 0.24606 0.62472 0.21067999999999998 0.6134933328125001 0.1382 0.6089866671874999 0.09102 0.5887733328125 0.00506 0.52584 0.0016799999999999999 0.7078666671875 0.01686 0.7168533328125 0.06742000000000001 0.7415733328125
1 0.46348 0.42304 0.45 0.37136 0.38595999999999997 0.3353866671875 0.40112 0.2882133328125 0.32696000000000003 0.17584 0.23426 0.0859466671875 0.20898 0.1398933328125 0.18202000000000002 0.34213333281249997 0.2764 0.46573333281249996 0.3927 0.45674666718749996 0.46348 0.42304
1 0.41834 0.6425866671875 0.41056 0.6563733328125 0.40712000000000004 0.6690400000000001 0.40884 0.6759466671875 0.41315999999999997 0.6793866671875 0.42523999999999995 0.67248 0.43558 0.6621333328125 0.44248000000000004 0.6253333328124999 0.43904 0.5942933328125 0.43904 0.5816266671875 0.4373 0.57128 0.43213999999999997 0.57128 0.43213999999999997 0.5517333328125 0.42523999999999995 0.5494399999999999 0.42523999999999995 0.5758933328125 0.42178000000000004 0.5942933328125 0.42178000000000004 0.6161333328125 0.41834 0.6425866671875
1 0.5222800000000001 0.35648 0.50632 0.36808 0.48162000000000005 0.3926133328125 0.47919999999999996 0.41712 0.4826 0.43520000000000003 0.49082 0.44551999999999997 0.49034000000000005 0.45197333281249996 0.49808 0.46487999999999996 0.49808 0.4668266671875 0.50196 0.4765066671875 0.5067999999999999 0.48037333281250005 0.5126000000000001 0.47456 0.51502 0.4874666671875 0.5222800000000001 0.49456 0.53632 0.4958666671875 0.5518 0.4958666671875 0.5644 0.49973333281250004 0.5677800000000001 0.4874666671875 0.57892 0.4868266671875 0.59344 0.48231999999999997 0.6065 0.48423999999999995 0.61376 0.47778666718749996 0.6186 0.4616533328125 0.6214999999999999 0.46810666718749994 0.62924 0.46487999999999996 0.63554 0.46874666718749997 0.64232 0.45778666718750005 0.64958 0.4410133328125 0.64716 0.41584000000000004 0.63554 0.3926133328125 0.62248 0.3693866671875 0.59924 0.3551733328125 0.58326 0.34613333281249997 0.57456 0.34744 0.54746 0.3500266671875 0.53728 0.34936 0.52568 0.3506666671875 0.5222800000000001 0.35648
1 0.42225999999999997 0.57856 0.41838 0.5921066671874999 0.41353999999999996 0.5992 0.40144 0.60888 0.39611999999999997 0.6205066671874999 0.38402 0.6289066671875 0.37676 0.6392266671875 0.37966 0.6476 0.39274 0.6495466671875 0.40532 0.6450400000000001 0.40386 0.6495466671875 0.40628000000000003 0.6656799999999999 0.40968 0.6779466671875001 0.41838 0.67664 0.43967999999999996 0.67536 0.45274000000000003 0.6540533328125 0.46292 0.6624533328125 0.4726 0.66632 0.47792 0.6637333328125 0.48324 0.6540533328125 0.48954000000000003 0.63664 0.4968 0.6392266671875 0.50792 0.62696 0.5176000000000001 0.6011466671875 0.51712 0.5721066671874999 0.5118 0.5553333328125001 0.4968 0.5372533328125 0.48129999999999995 0.52952 0.46726 0.5275733328125 0.45372 0.5230666671875001 0.45614 0.5159733328125 0.45468000000000003 0.5056266671875 0.44451999999999997 0.4908 0.43388 0.48562666718749997 0.42564 0.5237066671874999 0.42662000000000005 0.5417866671875 0.42662000000000005 0.5572533328125 0.42225999999999997 0.57856
1 0.07214000000000001 0.21498666718749998 0.11578 0.23736000000000002 0.12248 0.22616 0.12248 0.21274666718750002 0.11744000000000002 0.1792 0.0839 0.11656 0.050339999999999996 0.0829866671875 0.013420000000000001 0.0472 0.03356 0.1254933328125 0.06376 0.17696 0.07214000000000001 0.21498666718749998
1 0.24606 0.6157333328125 0.26124 0.6449333328125 0.26124 0.6988800000000001 0.08596000000000001 0.74608 0 0.7236 0.0033799999999999998 0.8292266671874999 0.04044 0.8539199999999999 0.09776 0.8337066671875 0.15 0.8179733328125 0.27808 0.8247199999999999 0.2663 0.7685333328125 0.32528 0.75056 0.31348 0.6292266671875 0.35897999999999997 0.59776 0.35562 0.5662933328124999 0.30338 0.5303466671875 0.23932000000000003 0.5415733328125001 0.23090000000000002 0.5056266671875 0.18202000000000002 0.47192 0.0033799999999999998 0.2809066671875 0.0016799999999999999 0.5168533328125 0.07416 0.5820266671875001 0.24606 0.6157333328125
1 0.62804 0.48917333281250003 0.62364 0.50896 0.62694 0.5280266671875 0.6242 0.53608 0.63244 0.5390133328125 0.63574 0.55512 0.65442 0.5507466671875 0.66596 0.5485333328124999 0.68904 0.5434133328125 0.6967399999999999 0.5346133328125 0.71706 0.5162933328125 0.72036 0.50312 0.72642 0.47672 0.72642 0.44962666718750005 0.72312 0.4313066671875 0.71322 0.41592 0.70278 0.40784000000000004 0.6896 0.41592 0.6841 0.4056533328125 0.6753 0.39832 0.66926 0.41738666718750006 0.6472800000000001 0.43202666718750005 0.63134 0.46647999999999995 0.62804 0.48917333281250003
1 0.33296000000000003 0.16053333281249998 0.3195 0.18744 0.39686 0.2838666671875 0.43722000000000005 0.2838666671875 0.45068 0.27712 0.45908 0.25695999999999997 0.46748 0.2165866671875 0.42882 0.17624 0.38845999999999997 0.15157333281250002 0.37836 0.1493333328125 0.34642 0.1403466671875 0.33296000000000003 0.16053333281249998
1 0.31036 0.5345866671875 0.34536 0.5473066671875 0.36126 0.5451733328125 0.38592 0.53776 0.38672 0.5154933328125 0.38273999999999997 0.49002666718750004 0.37082000000000004 0.46245333281249995 0.34934 0.4412533328125 0.33264 0.4613866671875 0.30002 0.4603466671875 0.27298 0.44973333281250005 0.26422 0.4486666671875 0.25548000000000004 0.48895999999999995 0.25945999999999997 0.52928 0.27616 0.53352 0.31036 0.5345866671875
3 0.7306199999999999 0.51464 0.75496 0.51464 0.7741399999999999 0.51032 0.7765799999999999 0.50816 0.77252 0.5038133328125001 0.7733399999999999 0.4991466671875 0.77172 0.49589333281250003 0.76956 0.49336 0.76956 0.48904 0.7655000000000001 0.48544 0.7649600000000001 0.48218666718750003 0.76118 0.47824 0.76118 0.4742666671875 0.75792 0.4692266671875 0.75738 0.46416 0.7555 0.46021333281250004 0.75334 0.45514666718749996 0.7511599999999999 0.4493866671875 0.74332 0.45264 0.7406200000000001 0.45264 0.73846 0.4548 0.73494 0.45912 0.73116 0.45624000000000003 0.7268399999999999 0.4616533328125 0.72358 0.49661333281250003 0.71548 0.5121066671875 0.7306199999999999 0.51464
3 0.49168 0.5292 0.49539999999999995 0.52176 0.49456 0.5149066671875 0.49311999999999995 0.5107733328124999 0.48528000000000004 0.5082933328125 0.4791 0.50912 0.47602 0.5137866671875 0.47518000000000005 0.5204 0.47786 0.5272533328125 0.47766000000000003 0.5275466671875 0.48651999999999995 0.5297333328125 0.49168 0.5292
3 0.48136 0.48495999999999995 0.48026 0.4814933328125 0.47178000000000003 0.47954666718750005 0.4655 0.4805066671875 0.46180000000000004 0.48247999999999996 0.45996 0.48690666718750003 0.45996 0.4942933328125 0.46772 0.49824 0.47214 0.49824 0.47990000000000005 0.49578666718750003 0.4821 0.4903733328125 0.48136 0.48495999999999995
3 0.46102 0.5130399999999999 0.47241999999999995 0.52064 0.47779999999999995 0.51344 0.4793 0.5038400000000001 0.47481999999999996 0.49623999999999996 0.46762 0.49383999999999995 0.46612 0.49304 0.46222 0.49783999999999995 0.46102 0.5130399999999999
3 0.48710000000000003 0.5106933328125 0.4932 0.5079733328125 0.49589999999999995 0.5043733328125 0.49286 0.4985066671875 0.48372000000000004 0.4921866671875 0.47728000000000004 0.4994133328125 0.4793 0.50752 0.48440000000000005 0.5106933328125 0.48710000000000003 0.5106933328125
3 0.5001599999999999 0.5162933328125 0.49850000000000005 0.5124533328124999 0.49749999999999994 0.51128 0.49573999999999996 0.5106933328125 0.49332000000000004 0.5109866671875001 0.4953 0.51864 0.49518000000000006 0.52336 0.4931 0.5270400000000001 0.49232 0.5290933328125 0.49188 0.53 0.49474 0.5295466671875 0.49884000000000006 0.5246933328125001 0.5001599999999999 0.5205599999999999 0.5001599999999999 0.5162933328125
1 0.491 0.2846133328125 0.4867 0.3229066671875 0.5240199999999999 0.3525866671875 0.5455599999999999 0.3506666671875 0.61736 0.36024 0.64178 0.36408 0.65398 0.3028 0.62598 0.2606666671875 0.5628 0.2568533328125 0.5534600000000001 0.2520533328125 0.51542 0.2616266671875 0.491 0.2846133328125
1 0 0.2669333328125 0.0368 0.3379466671875 0.0843 0.3763466671875 0.09294 0.3801866671875 0.10014 0.37154666718749996 0.09798 0.33410666718750004 0.12606 0.3225866671875 0.14694000000000002 0.3081866671875 0.1275 0.2822933328125 0.14765999999999999 0.2784533328125 0.16133999999999998 0.2659733328125 0.15774 0.24773333281249998 0.12101999999999999 0.2016533328125 0.11886000000000001 0.2352533328125 0.0735 0.2189333328125 0.06632 0.1766933328125 0.04256 0.14216 0.01304 0.05576 0.044719999999999996 0.07112 0.02024 0.0298666671875 0.00224 0.0058666671875 0 0.1814933328125 0 0.2669333328125
1 0 0.9066666671875 0.004 0.9146666671875 0.002 0.976 0.006 0.9813333328124999 0.022 0.9786666671875001 0.03 0.9866666671875001 0.064 0.9893333328124999 0.074 0.976 0.076 0.96 0.068 0.944 0.044 0.9253333328125001 0.046 0.9013333328125 0.05600000000000001 0.9013333328125 0.062 0.8906666671875 0.06 0.8693333328125 0.05600000000000001 0.8640000000000001 0.034 0.8640000000000001 0.026000000000000002 0.8720000000000001 0.006 0.8693333328125 0.046740740625 0.57708641875 0.128 0.41600000000000004 0.132 0.40533333281250006 0.13799999999999998 0.40533333281250006 0.13899999999999998 0.42800000000000005 0.15 0.44000000000000006 0.16399999999999998 0.4533333328125 0.182 0.45599999999999996 0.184 0.46666666718750005 0.198 0.4853333328125 0.22400000000000003 0.5013333328125 0.23199999999999998 0.488 0.246 0.4373333328125 0.246 0.4266666671875 0.238 0.41600000000000004 0.2572 0.4064 0.34540000000000004 0.5548 0.356 0.6 0.322 0.624 0.322 0.632 0.32799999999999996 0.64 0.33399999999999996 0.64 0.33799999999999997 0.6453333328124999 0.35 0.6453333328124999 0.358 0.6293333328124999 0.372 0.624 0.38 0.6133333328125 0.38 0.5866666671874999 0.37 0.576 0.358 0.576 0.3517 0.5654 0.3597894734375 0.562385965625 0.3884210515625 0.344561403125 0.388 0.3333333328125 0.3902105265625 0.33094736875 0.40199999999999997 0.33599999999999997 0.41 0.3226666671875 0.42000000000000004 0.31466666718749997 0.45999999999999996 0.31466666718749997 0.476 0.29333333281249996 0.48200000000000004 0.2693333328125 0.573166665625 0.2284444453125 0.575 0.24533333281249997 0.591272728125 0.2795151515625 0.593833334375 0.278222221875 0.624833334375 0.35288888749999997 0.632 0.36266666718749996 0.626 0.37066666718749997 0.626 0.376 0.644 0.4106666671875 0.648 0.4266666671875 0.658 0.4266666671875 0.666 0.42133333281249996 0.674 0.4026666671875 0.674 0.384 0.6599999999999999 0.3493333328125 0.6719999999999999 0.30133333281249997 0.6900000000000001 0.304 0.6980000000000001 0.2986666671875 0.706 0.31466666718749997 0.724 0.3173333328125 0.732 0.32799999999999996 0.744 0.32799999999999996 0.748 0.3226666671875 0.756 0.33599999999999997 0.768 0.33599999999999997 0.772 0.3306666671875 0.772 0.3093333328125 0.768 0.304 0.756 0.304 0.752 0.3093333328125 0.748 0.2986666671875 0.736 0.2853333328125 0.732 0.264 0.724 0.25866666718750003 0.718 0.2293333328125 0.704 0.20800000000000002 0.6900000000000001 0.20800000000000002 0.682 0.2133333328125 0.67 0.192 0.658 0.1893333328125 0.646 0.17333333281250002 0.626 0.17333333281250002 0.61 0.1973333328125 0.5980000000000001 0.1946666671875 0.5940000000000001 0.1893333328125 0.5780000000000001 0.192 0.5740000000000001 0.20800000000000002 0.5687 0.1982666671875 0.485 0.25466666718750003 0.48 0.2533333328125 0.476 0.248 0.46399999999999997 0.248 0.4664 0.2672 0.457333334375 0.2604444453125 0.45709999999999995 0.2734666671875 0.450666665625 0.2728888875 0.44400000000000006 0.2853333328125 0.433 0.2853333328125 0.42919999999999997 0.2922666671875 0.422 0.2853333328125 0.41600000000000004 0.29333333281249996 0.4199 0.2985333328125 0.4013 0.3110666671875 0.397 0.304 0.40199999999999997 0.2906666671875 0.2509 0.39580000000000004 0.19419999999999998 0.3004 0.186 0.30133333281249997 0.188 0.288 0.1816 0.2792 0.172 0.2826666671875 0.17529999999999998 0.2686 0.15009999999999998 0.2262 0.141 0.2284444453125 0.14379999999999998 0.2156 0.136 0.21600000000000003 0.142 0.2053333328125 0.1375 0.205 0.1312 0.1944 0.13999999999999999 0.1893333328125 0.13799999999999998 0.17333333281250002 0.124 0.152 0.10600000000000001 0.152 0.10600000000000001 0.16 0.1041481484375 0.16528395 0.0485925921875 0.56380246875 0 0.8773333328125 0.004333334375 0.8911111125 0 0.8933333328125 0 0.9066666671875