1 0.78496875 0.47060890000000005 0.77846875 0.4803512875 0.776515625 0.503723653125 0.764171875 0.5407259953125 0.762234375 0.5602107734375 0.773265625 0.5777283375 0.7908125 0.5884309140624999 0.80965625 0.58648711875 0.8220000000000001 0.57967213125 0.832390625 0.57967213125 0.8434375 0.5884309140624999 0.855140625 0.57871194375 0.8590312499999999 0.5602107734375 0.85059375 0.5329273999999999 0.85059375 0.5183372359375 0.851890625 0.5066510531249999 0.85578125 0.501779859375 0.8635781250000001 0.48229508125000004 0.8635781250000001 0.4647775171875 0.8570781249999999 0.44140515156250004 0.8434375 0.41997658125 0.83434375 0.41803278749999995 0.830453125 0.4287353625 0.81875 0.42290398125 0.8038125 0.42386416875000005 0.801859375 0.45405152187500003 0.799265625 0.4647775171875 0.78496875 0.47060890000000005
1 0.77715625 0.48992974218749996 0.7869531249999999 0.4723185015625 0.80065625 0.46058547968749997 0.8045781249999999 0.4361124125 0.803921875 0.42145199062499994 0.7889062499999999 0.4136299765625 0.779765625 0.4116627640625 0.77128125 0.4146135828125 0.7615000000000001 0.40971897031250004 0.76671875 0.4263466046875 0.7517031249999999 0.3999297421875 0.737359375 0.37840749375 0.730171875 0.3744964875 0.726265625 0.3793911 0.7275625 0.3960187359375 0.723640625 0.4126463703125 0.714515625 0.42145199062499994 0.7158125 0.4439578453125 0.72821875 0.4733021078125 0.7504062499999999 0.4879625296875 0.74909375 0.48697892343750004 0.764109375 0.4908899296875 0.77715625 0.48992974218749996
1 0.684453125 0.5599999999999999 0.717421875 0.5623419203125 0.737828125 0.5458782203125 0.7456875000000001 0.5011709609375 0.715859375 0.47765807968749996 0.682890625 0.444707259375 0.6405000000000001 0.44704917968749996 0.64678125 0.4988290390625 0.684453125 0.5599999999999999
1 0.70125 0.38437939062500004 0.708046875 0.3894613578125 0.713484375 0.38437939062500004 0.714171875 0.3670491796875 0.733890625 0.37416861875 0.73865625 0.3690866515625 0.717578125 0.34868852499999997 0.72096875 0.339508196875 0.72709375 0.31810304375 0.724375 0.2977283375 0.7087343749999999 0.2966978921875 0.691046875 0.2956908671875 0.66996875 0.2905854796875 0.653640625 0.2956908671875 0.6434375 0.30384075 0.6434375 0.3089461359375 0.6502343749999999 0.333395784375 0.639359375 0.34257611250000003 0.63459375 0.3537939109375 0.6325624999999999 0.36398126406250003 0.6325624999999999 0.38845433281249997 0.63528125 0.40067915625 0.6434375 0.43941452031250006 0.69309375 0.45063231875 0.6856093750000001 0.428196721875 0.691734375 0.42311475468750004 0.696484375 0.403747071875 0.70125 0.40271662812500003 0.690359375 0.3670491796875 0.690359375 0.34053864218749996 0.70125 0.38437939062500004
1 0.7190000000000001 0.27999999999999997 0.6985781249999999 0.26117096093750003 0.66875 0.235292740625 0.651484375 0.228243559375 0.6405000000000001 0.20941452031250002 0.6138125 0.20704917968749997 0.6138125 0.20941452031250002 0.6326562499999999 0.2635363 0.649921875 0.29412177968750003 0.690734375 0.2776580796875 0.7017187500000001 0.2894145203125 0.711140625 0.2729508203125 0.729984375 0.315292740625 0.717421875 0.36 0.750390625 0.3835363 0.756671875 0.3976580796875 0.762953125 0.3788290390625 0.764515625 0.3788290390625 0.7613749999999999 0.30824355937500003 0.7613749999999999 0.3105854796875 0.7409687500000001 0.29412177968750003 0.7190000000000001 0.27999999999999997
1 0.734828125 0.28257611250000003 0.74346875 0.28096018749999996 0.741296875 0.2566978921875 0.72078125 0.21946135781249998 0.711078125 0.225948478125 0.711078125 0.23889929687499997 0.734828125 0.28257611250000003
1 0.760375 0.5520140515625 0.7643125000000001 0.5502107734374999 0.7664375 0.5461124125000001 0.7743125 0.53386416875 0.7734062500000001 0.52613583125 0.7725 0.513419203125 0.776734375 0.5057142859375 0.778859375 0.4911709609375 0.765828125 0.4811943796875 0.7485625 0.48391100624999994 0.738265625 0.488899296875 0.7364531249999999 0.49344262343749995 0.740984375 0.49754098437499994 0.744328125 0.5070726 0.7428125 0.521147540625 0.737046875 0.547939109375 0.73978125 0.5515690859375 0.747046875 0.5524824359375 0.760375 0.5520140515625
1 0.88378125 0.19079625312499998 0.8896875 0.189812646875 0.88771875 0.18046838437499998 0.886734375 0.1681498828125 0.883125 0.1376580796875 0.878515625 0.141100703125 0.875234375 0.1425761125 0.872609375 0.1489695546875 0.866375 0.1470023421875 0.8647343749999999 0.1474941453125 0.8624375000000001 0.154379390625 0.8624375000000001 0.1573302109375 0.8598125 0.160772834375 0.8542343750000001 0.16224824375 0.8532343750000001 0.16224824375 0.851921875 0.16274004687500002 0.848640625 0.1661826703125 0.844375 0.1745667453125 0.8499531250000001 0.1780093671875 0.8617812499999999 0.1844028109375 0.8650625 0.18882903906249998 0.8735937500000001 0.1962060890625 0.875890625 0.1966978921875 0.8805 0.192763465625 0.88378125 0.19079625312499998
1 0.8139843750000001 0.4221779859375 0.835046875 0.3846135828125 0.8217343749999999 0.372107728125 0.805625 0.360187353125 0.7825624999999999 0.364051521875 0.7660625 0.375971896875 0.761296875 0.383723653125 0.75234375 0.41173302031250003 0.8139843750000001 0.4221779859375
1 0.659875 0.23379391093750002 0.6716875 0.22201405156249998 0.6655 0.20009367656250002 0.6514375 0.18660421562500001 0.635703125 0.175644028125 0.6312031250000001 0.18491803281250002 0.620515625 0.18323185 0.611515625 0.2026229515625 0.6188281250000001 0.2076814984375 0.6424375 0.2076814984375 0.659875 0.23379391093750002
1 0.77825 0.3668149890625 0.805671875 0.3635831375 0.838140625 0.3873770484375 0.82515625 0.34843091406250004 0.814328125 0.3505854796875 0.8042343750000001 0.32679156875 0.781859375 0.3029976578125 0.76453125 0.30840749375 0.7580312499999999 0.3138173296875 0.766703125 0.3744028109375 0.77825 0.3668149890625
1 0.7540625000000001 0.269531615625 0.780125 0.266932084375 0.7557968749999999 0.21224824375 0.67240625 0.196604215625 0.67240625 0.230468384375 0.717578125 0.230468384375 0.7540625000000001 0.269531615625