2 0.7784777515625 0.917078125 0.7784777515625 0.9192343749999999 0.8271662765625001 0.9192343749999999 0.8531147546875 0.917078125 0.87259953125 0.9084218749999999 0.895316159375 0.8889374999999999 0.9180327875 0.878109375 0.87583138125 0.878109375 0.8661124125 0.878109375 0.8044496484374999 0.901921875 0.7784777515625 0.917078125
1 0.68351288125 0.47260937500000005 0.6952459015625 0.47545312500000003 0.7109133484375 0.47426562499999997 0.7123419203125 0.47403125 0.7044964874999999 0.47000000000000003 0.692763465625 0.46168750000000003 0.6917096015624999 0.4605 0.6742622953125 0.4605 0.665011709375 0.46073437500000003 0.6671662765625 0.46975 0.68351288125 0.47260937500000005
1 0.22569086718750003 0.348140625 0.22817330156249999 0.3680625 0.2543091328125 0.3863125 0.277939109375 0.40043749999999995 0.28290398125 0.395453125 0.26674473125 0.378015625 0.244355971875 0.3539375 0.2455971890625 0.33153125 0.23313817343749998 0.329046875 0.226932084375 0.3356875 0.22569086718750003 0.348140625
1 0.7492505859375 0.5816250000000001 0.74290398125 0.592234375 0.741311475 0.60496875 0.74290398125 0.614515625 0.755620609375 0.614515625 0.7683372359375 0.60496875 0.78740046875 0.610265625 0.7444964875 0.631484375 0.733348946875 0.6410312499999999 0.7381264640625 0.647390625 0.7619672125 0.6463281249999999 0.8017096015625 0.63890625 0.8239812640625 0.631484375 0.8478220140625 0.642078125 0.8684777515625001 0.643140625 0.8764402812500001 0.67496875 0.8955035125 0.693 0.91775175625 0.702546875 0.91775175625 0.7131406250000001 0.928899296875 0.7205625 0.9463700234375001 0.71103125 0.9559016390625 0.693 0.96067915625 0.66965625 0.9463700234375001 0.632546875 0.91775175625 0.625109375 0.822388759375 0.60284375 0.7492505859375 0.5816250000000001
1 0.7546604218749999 0.31584375 0.75997658125 0.322046875 0.7573067921875001 0.3269375 0.7546604218749999 0.328265625 0.7473302109375 0.32959375 0.7453395781250001 0.33359375 0.7386885249999999 0.330484375 0.7326932078125 0.33004687499999996 0.7293676812500001 0.33004687499999996 0.7247072593749999 0.33581249999999996 0.7326932078125 0.34246875 0.7366978921875 0.34646875 0.7307025765625 0.350015625 0.7307025765625 0.3535625 0.7307025765625 0.356671875 0.7280327875 0.3575625 0.7267213109374999 0.36067187500000003 0.7280327875 0.366875 0.7406791562499999 0.372203125 0.7453395781250001 0.376640625 0.7566510531249999 0.3793125 0.7566510531249999 0.382421875 0.7619672125 0.387734375 0.75997658125 0.38996875000000003 0.7579859484375 0.393953125 0.76063231875 0.397953125 0.77128805625 0.395734375 0.7806089 0.395734375 0.7905854796875 0.3970625 0.7965573765625 0.396171875 0.8038875875 0.3975 0.8185245906249999 0.40328125000000004 0.8285011703125 0.404171875 0.8344730671875 0.40328125000000004 0.787915690625 0.338921875 0.7785948484375 0.334484375 0.777939109375 0.3269375 0.7732786890625001 0.314953125 0.777939109375 0.30740625 0.7699531609375 0.30340625 0.76063231875 0.301640625 0.7573067921875001 0.30207812500000003 0.7546604218749999 0.31584375
0 0.0705386421875 0.42179687499999996 0.0705386421875 0.425375 0.0790398125 0.4264375 0.0888290390625 0.42074999999999996 0.077775175 0.41801562499999995 0.0755737703125 0.4190625 0.0705386421875 0.42179687499999996
0 0.08730679218750001 0.42932812499999995 0.0810772828125 0.428453125 0.07088992968749999 0.430859375 0.0685948484375 0.435671875 0.0728805625 0.436328125 0.08009367656250001 0.437203125 0.082716628125 0.435671875 0.0882903984375 0.43370312499999997 0.08730679218750001 0.42932812499999995
0 0.6619906328125 0.431359375 0.6558079625000001 0.42721875000000004 0.6471194375 0.4255625 0.63969555 0.428046875 0.6384543328125 0.433 0.6409367687499999 0.43382812499999995 0.6570257609375 0.43382812499999995 0.6619906328125 0.431359375
2 0.09423887656249999 0.478734375 0.1097658078125 0.470171875 0.12140515156250001 0.463546875 0.11683840781249999 0.46432812500000004 0.097611240625 0.473328125 0.08295082031249999 0.479296875 0.06725995312500001 0.48650000000000004 0.06709601875 0.48953125000000003 0.0763700234375 0.4859375 0.09423887656249999 0.478734375
2 0.1552459015625 0.48278125000000005 0.1568852453125 0.48015625 0.157892271875 0.47490625 0.158220140625 0.47228125 0.1532786890625 0.47228125 0.14836065625 0.46921875 0.14016393437500002 0.4755625 0.122131146875 0.48650000000000004 0.119836065625 0.490453125 0.1139344265625 0.49614062499999995 0.118852459375 0.502921875 0.12442622968749999 0.502921875 0.1293442625 0.5007343750000001 0.1352459015625 0.5018281250000001 0.142131146875 0.497671875 0.15 0.495046875 0.1549180328125 0.49329687499999997 0.1651053859375 0.4886875 0.1654332546875 0.483 0.1624824359375 0.483 0.1552459015625 0.48278125000000005
2 0.1104215453125 0.49296875 0.10494145156250001 0.49396874999999996 0.0930210765625 0.495296875 0.082084309375 0.49329687499999997 0.06615925 0.49296875 0.0602107734375 0.497609375 0.042786885937500005 0.506234375 0.0259016390625 0.51453125 0.034355971875 0.516859375 0.028875878124999997 0.522828125 0.029859484375000002 0.5294531250000001 0.0437939109375 0.5238125 0.0631850109375 0.520828125 0.07163934375 0.5181875 0.0865573765625 0.5161875 0.09451990625 0.512203125 0.1163934421875 0.50690625 0.1153864171875 0.50059375 0.11391100624999999 0.49728125 0.1104215453125 0.49296875
2 0.13255269375 0.46764062500000003 0.1355503515625 0.465640625 0.1355503515625 0.46114062499999997 0.1242857140625 0.46164062499999997 0.0935363 0.47915625000000006 0.07702576093749999 0.49217187500000004 0.0942857140625 0.4961875 0.10103044531250001 0.49167187500000004 0.10477751718749999 0.49567187500000004 0.11529274062499999 0.490171875 0.1370491796875 0.47615625 0.13180327812499998 0.47265625 0.13180327812499998 0.47115625000000005 0.13255269375 0.46764062500000003
2 0.13215456718750002 0.647296875 0.14615925000000002 0.63153125 0.1199063234375 0.622171875 0.0997658078125 0.635609375 0.0918735359375 0.641453125 0.1041451984375 0.6443749999999999 0.13215456718750002 0.647296875
2 0.9086182671874999 0.85559375 0.9202576109375 0.855296875 0.9350351281249999 0.8523125 0.95744730625 0.8520156249999999 0.967283371875 0.8481249999999999 0.9704215453125 0.8364687500000001 0.949812646875 0.838265625 0.9363934421875 0.83946875 0.9189227171875001 0.8424531249999999 0.9014519906249999 0.84603125 0.8938407500000001 0.849921875 0.8925058546875 0.8526093749999999 0.8974238874999999 0.8550000000000001 0.9086182671874999 0.85559375
2 0.965620609375 0.8143593750000001 0.9437704921875 0.8143593750000001 0.896651053125 0.81896875 0.8880327875 0.819734375 0.8880327875 0.8239531250000001 0.896651053125 0.83046875 0.8955035125 0.828546875 0.9500936765624999 0.8270156249999999 0.994355971875 0.8247187500000001 1 0.811296875 0.965620609375 0.8143593750000001
2 0.3790866515625 0.8229218749999999 0.339484778125 0.832609375 0.441147540625 0.9101250000000001 0.46886416875 0.9286289062499999 0.47623915156249996 0.9269724265624999 0.47810304375 0.934796875 0.496604215625 0.9295 0.483395784375 0.920703125 0.4743752578125 0.919147978125 0.47644184375 0.9141843749999999 0.4694879 0.9076656249999999 0.4706474734375 0.90349908125 0.46253395781249995 0.901146875 0.47545667500000005 0.891625 0.4569789234375 0.884578125 0.46505579375000006 0.8800257359374999 0.483384075 0.8832578124999999 0.491311475 0.8748906249999999 0.4710616703125 0.8660781249999999 0.46132800625000003 0.8643768375 0.45946411249999997 0.8565523890625 0.4543442625 0.8550703125 0.45760022031250003 0.848727940625 0.44775175625 0.84846875 0.455736328125 0.8409034921874999 0.46227166249999996 0.837890625 0.4538724328125 0.83307904375 0.4583079625 0.82886328125 0.45200854062499995 0.8252545953125001 0.4543442625 0.8198359375000001 0.4501446484375 0.817430146875 0.4503805625 0.81080859375 0.44828075468749995 0.8096056984375 0.4464168625 0.80178125 0.439812646875 0.799125 0.396515221875 0.8153375 0.392819671875 0.825909375 0.3856908671875 0.8193906249999999 0.3790866515625 0.8229218749999999
2 0.7355035125 0.8798281250000001 0.718524590625 0.8822812499999999 0.718524590625 0.8955781249999999 0.734028103125 0.90196875 0.7502576109375 0.9137812500000001 0.7797658078125 0.91721875 0.785667446875 0.9137812500000001 0.8129508203125001 0.8985312499999999 0.8608899296875 0.8778593750000001 0.9147306796875 0.87834375 0.9132552687500001 0.881796875 0.893348946875 0.891640625 0.8830210765625001 0.905421875 0.9213817328125 0.883765625 0.9228571421874999 0.873421875 0.9427634656249999 0.8729374999999999 0.9486651046875 0.8724375 0.9715222484374999 0.8768750000000001 0.9752224828125 0.862109375 0.9199063234375 0.8567031249999999 0.844660421875 0.84734375 0.79967213125 0.864078125 0.795971896875 0.8768750000000001 0.7871428578125 0.8862187499999999 0.7355035125 0.8798281250000001
2 0.380772834375 0.95784375 0.4215222484375 0.9416718749999999 0.45580796250000005 0.93084375 0.4498829046875 0.9265000000000001 0.44487119374999995 0.9265000000000001 0.41149882968749996 0.93596875 0.37751756406250003 0.9495625000000001 0.351803278125 0.9635624999999999 0.3529976578125 0.9631718749999999 0.3509133484375 0.9672968750000001 0.380772834375 0.95784375
2 0.6833255265625 0.972484375 0.6575175640625 0.9782343750000001 0.6445901640625 0.994515625 0.6618032781250001 1 0.68189695625 0.9887656249999999 0.704847775 0.9887656249999999 0.7019906328125 0.985890625 0.7106089 0.972484375 0.6833255265625 0.972484375
1 0.2631615921875 0.299140625 0.2603512875 0.304734375 0.253372365625 0.308140625 0.2547775171875 0.3125 0.265948478125 0.314984375 0.2706089 0.31684375 0.278524590625 0.31839062500000004 0.289227165625 0.31778125 0.29526932031249997 0.314984375 0.298992975 0.320578125 0.3055269328125 0.320578125 0.31810304375 0.31684375 0.3288056203125 0.313421875 0.331124121875 0.308140625 0.33578454375 0.3000625 0.33484777499999996 0.293546875 0.330187353125 0.283609375 0.3241451984375 0.282671875 0.3176346609375 0.283296875 0.3115690859375 0.284234375 0.28644028125 0.287328125 0.2757142859375 0.288265625 0.26920374687500004 0.292921875 0.2631615921875 0.299140625
1 0.193747071875 0.256359375 0.18194379375 0.24256250000000001 0.114028103125 0.260296875 0.11206089062499999 0.274078125 0.12583138124999999 0.282625 0.12288056249999998 0.29771875 0.150444965625 0.29509375000000004 0.2193442625 0.28459375 0.2193442625 0.276703125 0.21836065625 0.26554687499999996 0.193747071875 0.256359375
1 1 0.352359375 0.997236534375 0.352359375 0.9850585484375 0.35757812499999997 0.982435596875 0.358171875 0.9763466046874999 0.350609375 0.9676346609375001 0.3529375 0.962388759375 0.359328125 0.962388759375 0.366890625 0.9650117093749999 0.37501562499999996 0.9632786890625 0.37909375 0.956299765625 0.37909375 0.9432318499999999 0.3785 0.9353864171874999 0.382578125 0.9414988296875 0.3976875 0.953676815625 0.4035 0.9519437937499999 0.40756249999999994 0.9458548015625 0.408140625 0.9371428578125001 0.41046875 0.9362763468749999 0.41685937500000003 0.9371428578125001 0.423265625 0.9310304453124999 0.424421875 0.9240749421875 0.4290625 0.9336533953125 0.438953125 0.9502107734375 0.438375 0.96936768125 0.43081250000000004 0.9841686187500001 0.42615625 1 0.41918749999999994 1 0.359328125 1 0.352359375
1 0.3255503515625 0.389125 0.33770491874999997 0.39270312500000004 0.342084309375 0.39465625000000004 0.3503747078125 0.394 0.36740046875 0.38459374999999996 0.37032786875 0.370296875 0.37421545625 0.35375 0.3523185015625 0.324515625 0.34355971875 0.329390625 0.31971897031249996 0.343359375 0.307540984375 0.36120312499999996 0.307540984375 0.37875000000000003 0.308524590625 0.37875000000000003 0.31824355937500004 0.38459374999999996 0.3255503515625 0.389125
1 0.9228103046875 0.38228125 0.9221311468750001 0.374125 0.9343325531250001 0.37321875000000004 0.95063231875 0.372765625 0.9709836062500001 0.376390625 0.9723419203124999 0.37140625 0.9716627640625 0.361 0.973700234375 0.352390625 0.97709601875 0.342890625 0.9703044500000001 0.33337500000000003 0.9574238875000001 0.32884375 0.9499531609374999 0.325671875 0.9411241218749999 0.322953125 0.93229508125 0.31978125 0.9221311468750001 0.317984375 0.9139812640624999 0.3225 0.927564403125 0.342890625 0.9112646375000001 0.342890625 0.9031147546874999 0.344234375 0.901756440625 0.3519375 0.9071896953125 0.36009375 0.90583138125 0.3628125 0.8983606562500001 0.36553125 0.8976814984375 0.3705 0.8936065578125 0.372765625 0.8861592500000001 0.37321875000000004 0.8807259953125 0.37910937499999997 0.8820843093749999 0.389078125 0.8861592500000001 0.39270312500000004 0.901756440625 0.398125 0.921451990625 0.398125 0.9126229515625001 0.395859375 0.9241686187499999 0.39449999999999996 0.9228103046875 0.38228125
1 0.4186416859375 0.303921875 0.42402810312500006 0.31229687500000003 0.4264168625 0.320671875 0.4407494140625 0.3230625 0.4526932078125 0.317875 0.46166276406250006 0.30990625 0.4670491796875 0.313484375 0.47840749374999997 0.3126875 0.492740046875 0.3063125 0.49093676875 0.29634375 0.4831850109375 0.285984375 0.478992975 0.280390625 0.4658548015625 0.280796875 0.4533021078125 0.28159375 0.44613583125 0.27840625 0.44852459062500005 0.27003125 0.44552693281250005 0.2684375 0.41925058593750003 0.2915625 0.412060890625 0.295953125 0.41744730625 0.30153125 0.4186416859375 0.303921875
1 0.5386651046875001 0.33967187499999996 0.545620609375 0.347234375 0.55259953125 0.34896875 0.5508665109375 0.35362499999999997 0.571756440625 0.360015625 0.5708899296875 0.3611875 0.5796018734375 0.36698437500000003 0.591803278125 0.36640625 0.5944028109375 0.36698437500000003 0.5935363 0.373390625 0.60487119375 0.377453125 0.6231615921875 0.37803125 0.6248946140625 0.378609375 0.6336065578125 0.38384375 0.6423185015625 0.380359375 0.6397189703125 0.37570312499999997 0.6458079624999999 0.37803125 0.6553864171875 0.379203125 0.6597423890624999 0.37396875 0.6571194375 0.367578125 0.6527868859375 0.3576875 0.6492974234375 0.34315625 0.6492974234375 0.336765625 0.6423185015625 0.33385937499999996 0.632740046875 0.328640625 0.6257611234375 0.323984375 0.6144496484374999 0.3205 0.6013817328125 0.31759375 0.5944028109375 0.313515625 0.5839578453125001 0.31178125 0.56740046875 0.31120312499999997 0.5552224828125001 0.312359375 0.5465105390625 0.31642187499999996 0.539531615625 0.32165625000000003 0.5334426234375 0.325140625 0.5447540984375 0.335609375 0.5386651046875001 0.33967187499999996
1 0.48372365312500004 0.346921875 0.49477751718749996 0.331671875 0.50290398125 0.327234375 0.5036299765625001 0.3223125 0.49995316093750003 0.31640625 0.49182669843750004 0.317890625 0.48224824374999997 0.32034375000000004 0.4763466046875 0.325765625 0.47412177968749997 0.33068749999999997 0.471920375 0.335609375 0.4689695546875 0.34249999999999997 0.46969554999999996 0.35578125 0.47707259999999996 0.358734375 0.48372365312500004 0.352328125 0.48372365312500004 0.346921875
1 0.0936533953125 0.297859375 0.0936533953125 0.296421875 0.0907025765625 0.293734375 0.09203747031250001 0.2919375 0.0944496484375 0.28996875 0.0936533953125 0.28781249999999997 0.0928337234375 0.286734375 0.0907025765625 0.28546875 0.08800936718749999 0.2849375 0.0874707265625 0.282421875 0.0874707265625 0.280265625 0.0815456671875 0.27918750000000003 0.0766978921875 0.281703125 0.077775175 0.277046875 0.0734660421875 0.27865625 0.0678220140625 0.28009375 0.0621779859375 0.281703125 0.05812646406250001 0.28546875 0.0516861828125 0.294453125 0.0492505859375 0.297328125 0.0460187359375 0.29893749999999997 0.04548009375 0.301625 0.047915690625 0.30270312499999996 0.0533021078125 0.303609375 0.0516861828125 0.30593750000000003 0.0508665109375 0.309703125 0.088548009375 0.303609375 0.0898829046875 0.3018125 0.0912412171875 0.3005625 0.0936533953125 0.297859375
2 1 0.825171875 0.9041217796875 0.829078125 0.8947306796875001 0.836125 0.9006088999999999 0.845515625 0.918196721875 0.84159375 0.9791803281250001 0.83690625 1 0.844734375 1 0.825171875
2 0.042154567187500006 0.5703125 0.016393442187500003 0.5609375 0.0023419203124999998 0.5640625 0.008587042187500001 0.570703125 0.0023419203124999998 0.571875 0.0023419203124999998 0.634375 0.0070257609375 0.634375 0.009367681249999999 0.6390625 0.032786885937499996 0.653125 0.03512880625 0.659375 0.042154567187500006 0.6640625 0.0562060890625 0.6640625 0.0655737703125 0.65625 0.0780640109375 0.6541666671875 0.20843091406249997 0.783203125 0.30210772812500003 0.8828125 0.2997658078125 0.8984375 0.320843090625 0.9125 0.3348946140625 0.9125 0.3348946140625 0.9265625 0.35128805625 0.9421875 0.40281030468749995 0.940625 0.4121779859375 0.9359375 0.43793910937499997 0.9296875 0.4355971890625 0.9171875 0.4215456671875 0.9109375 0.40983606562499997 0.8984375 0.391100703125 0.8953125 0.3817330203125 0.8875 0.374707259375 0.875 0.3489461359375 0.859375 0.3395784546875 0.8578125 0.320843090625 0.865625 0.20218579218750002 0.7765625 0.08977361406249999 0.65703125 0.0905542546875 0.6520833328125 0.10304449687499999 0.65 0.112412178125 0.6453125 0.14754098437500002 0.6421875 0.1709601875 0.6296875 0.175644028125 0.6234375 0.175644028125 0.6171875 0.1709601875 0.6125 0.18032786875 0.603125 0.203747071875 0.5890625 0.22482435625 0.5890625 0.2412177984375 0.58125 0.2505854796875 0.5734375 0.248243559375 0.5640625 0.238875878125 0.559375 0.229508196875 0.559375 0.20608899374999998 0.5671875 0.1967213109375 0.5640625 0.17798594843749999 0.565625 0.16159250625 0.5625 0.14754098437500002 0.5625 0.13583138125 0.56875 0.1241217796875 0.565625 0.1241217796875 0.5453125 0.131147540625 0.5421875 0.13583138125 0.534375 0.156908665625 0.521875 0.16393442656249999 0.5109375 0.1967213109375 0.48125 0.194379390625 0.471875 0.185011709375 0.4671875 0.1709601875 0.4703125 0.15925058593750002 0.4828125 0.16159250625 0.490625 0.13583138125 0.5015625 0.1241217796875 0.5140625 0.1147540984375 0.515625 0.1077283375 0.5109375 0.10070257656249999 0.5109375 0.086651053125 0.5171875 0.0702576109375 0.51875 0.06323185 0.5234375 0.058548009375 0.521875 0.0374707265625 0.5265625 0.030444965624999997 0.5375 0.030444965624999997 0.5484375 0.049180328125 0.5609375 0.042154567187500006 0.5703125
1 0 0.346875 0.009367681249999999 0.3546875 0.0117096015625 0.3734375 0.0257611234375 0.38125 0.05386416875 0.3828125 0.0608899296875 0.3765625 0.0608899296875 0.3640625 0.1147540984375 0.3546875 0.1241217796875 0.3640625 0.1288056203125 0.38125 0.13817330156250002 0.3875 0.1545667453125 0.3875 0.16627634687499998 0.375 0.1920374703125 0.375 0.194379390625 0.38125 0.2014051515625 0.3859375 0.21779859531249998 0.3859375 0.2229508203125 0.3913541671875 0.2275795578125 0.3904411765625 0.2341920375 0.39375 0.2341920375 0.403125 0.22482435625 0.409375 0.22482435625 0.41875 0.238875878125 0.428125 0.2529274 0.4328125 0.2763466046875 0.4328125 0.28571428593750003 0.4296875 0.320843090625 0.4015625 0.35106501562500003 0.40669642812499995 0.35597189687499997 0.409375 0.35128805625 0.4140625 0.3464926953125 0.4142857140625 0.3489461359375 0.415625 0.341920375 0.421875 0.346604215625 0.42994791718750003 0.341920375 0.4375 0.35128805625 0.4453125 0.3770491796875 0.45 0.39578454375 0.459375 0.41920374687499995 0.459375 0.42622950781249996 0.453125 0.42622950781249996 0.4390625 0.4402810296875 0.428125 0.4355971890625 0.3984375 0.454332553125 0.3984375 0.4800936765625 0.375 0.5152224828125 0.375 0.52224824375 0.36875 0.52224824375 0.3578125 0.5339578453125 0.3421875 0.5339578453125 0.3359375 0.526932084375 0.3296875 0.517564403125 0.3296875 0.517564403125 0.3046875 0.52224824375 0.3015625 0.5339578453125 0.3015625 0.54098360625 0.2953125 0.5433255265625 0.2859375 0.5503512875000001 0.2859375 0.5573770484375 0.2796875 0.5526932078125 0.2640625 0.562060890625 0.2546875 0.5761124125 0.2515625 0.580796253125 0.25625 0.5925058546875 0.2625 0.6159250578125001 0.2640625 0.6229508203125 0.2765625 0.62997658125 0.28125 0.68384075 0.28125 0.6889149109375 0.28828125 0.7002341921874999 0.29375 0.6814988296875 0.3046875 0.6768149890624999 0.3125 0.662763465625 0.31875 0.6510538640625 0.3390625 0.6510538640625 0.3515625 0.658079625 0.3703125 0.6604215453125 0.4046875 0.6674473062499999 0.4140625 0.6674473062499999 0.4421875 0.6604215453125 0.446875 0.653395784375 0.446875 0.64871194375 0.44375 0.6229508203125 0.44375 0.6112412171875 0.4515625 0.6135831375 0.484375 0.6206089 0.4890625 0.6463700234374999 0.4890625 0.6463700234374999 0.5015625 0.62997658125 0.5171875 0.6323185015624999 0.5296875 0.64871194375 0.5375 0.658079625 0.5453125 0.697892271875 0.546875 0.697892271875 0.5578125 0.7049180328125 0.5625 0.770491803125 0.5625 0.79391100625 0.5546875 0.80093676875 0.5625 0.8032786890624999 0.5734375 0.8126463703125 0.5796875 0.8266978921874999 0.5796875 0.833723653125 0.5734375 0.8348946140625 0.565625 0.8454332546875 0.565625 0.8711943796874999 0.5921875 0.8969555031249999 0.5921875 0.9063231843749999 0.5890625 0.9250585484375 0.5984375 0.9437939109375 0.5984375 0.9508196718749999 0.5921875 0.9508196718749999 0.5796875 0.9344262296875 0.54375 0.9180327875 0.521875 0.9195940671875 0.5119791671875 0.9250585484375 0.5078125 0.9297423890625 0.5109375 0.94613583125 0.5109375 0.9508196718749999 0.5078125 0.9625292734374999 0.48125 0.960187353125 0.4625 0.94613583125 0.4390625 0.9344262296875 0.4390625 0.9250585484375 0.4328125 0.9250585484375 0.4296875 0.93676815 0.4234375 0.93676815 0.4125 0.9484777515625 0.4046875 0.9484777515625 0.4015625 0.941451990625 0.3984375 0.93676815 0.3875 0.93676815 0.3828125 0.94613583125 0.3796875 0.94613583125 0.3765625 0.941451990625 0.3734375 0.922716628125 0.3765625 0.88548009375 0.3725 0.9813817328125 0.21828124999999998 0.9976580796875 0.2109375 0.985948478125 0.2109375 0.9789227171875 0.20625 0.969555034375 0.1703125 0.9437939109375 0.16875 0.9297423890625 0.1625 0.922716628125 0.165625 0.9086651046875 0.165625 0.90163934375 0.1609375 0.90163934375 0.1515625 0.9297423890625 0.1296875 0.9180327875 0.121875 0.9219960374999999 0.1178685890625 0.9443343531249999 0.11116452968749999 0.9718969562499999 0.1078125 0.9976580796875 0.09375 0.9882903984375 0.09375 0.9868492156249999 0.0971955125 0.9812646375 0.0984375 0.9789227171875 0.103125 0.976040353125 0.10064102500000001 0.9555035125 0.1078125 0.9391100703124999 0.10625 0.9250585484375 0.096875 0.911007025 0.096875 0.9039812640625 0.1015625 0.9039812640625 0.1125 0.9111871734375001 0.12131410312499999 0.66258331875 0.20056089687499998 0.653395784375 0.1890625 0.6018735359375 0.1890625 0.58548009375 0.196875 0.580796253125 0.209375 0.5486784874999999 0.21897321406249998 0.5526932078125 0.225 0.54098360625 0.225 0.5379725671875 0.22217261875 0.52726664375 0.22537202343749999 0.52224824375 0.21875 0.4988290390625 0.21875 0.491803278125 0.2140625 0.4660421546875 0.2140625 0.4566744734375 0.2203125 0.4426229515625 0.2375 0.45232519218749995 0.2477678578125 0.44145199062499996 0.24765625 0.4402810296875 0.2578125 0.43091334843749995 0.2541666671875 0.4238875875 0.259375 0.4168618265625 0.253125 0.40950150625 0.2605654765625 0.40281030468749995 0.253125 0.39461358281250003 0.26015625 0.3987955828125 0.26376488125 0.377383740625 0.270163690625 0.3723653390625 0.26875 0.36667782031249996 0.2733630953125 0.35597189687499997 0.2765625 0.27400468437500003 0.2896875 0.2763466046875 0.2828125 0.30210772812500003 0.2734375 0.30679156875 0.2671875 0.3044496484375 0.25625 0.2997658078125 0.253125 0.283372365625 0.253125 0.238875878125 0.2609375 0.229508196875 0.26875 0.229508196875 0.278125 0.2341920375 0.28125 0.2271662765625 0.2971875 0.215456675 0.2921875 0.215456675 0.2990625 0.203747071875 0.30093749999999997 0.2014051515625 0.2984375 0.1920374703125 0.30281250000000004 0.1826697890625 0.2984375 0.18032786875 0.3046875 0.175644028125 0.303125 0.1686182671875 0.30656249999999996 0.156908665625 0.30843750000000003 0.1545667453125 0.3140625 0.1451990625 0.3103125 0.13817330156250002 0.3140625 0.1334894609375 0.3121875 0.121779859375 0.3140625 0.1147540984375 0.31875 0.11030445 0.3159375 0.029976581250000002 0.3290625 0.02810304375 0.3328125 0.018501170312500002 0.3309375 0.0070257609375 0.3328125 0 0.3375 0 0.346875