3 0.4015625 0.4342339828125 0.411609375 0.4610584953125 0.419140625 0.478969359375 0.459296875 0.49685236718750003 0.466828125 0.4856824515625 0.47434374999999995 0.478969359375 0.483140625 0.4677715875 0.48940625000000004 0.45434540312499994 0.49192187499999995 0.4476323125 0.49192187499999995 0.4230362109375 0.49192187499999995 0.407381615625 0.48940625000000004 0.3872423390625 0.48940625000000004 0.3648746515625 0.48187499999999994 0.34922005624999997 0.475609375 0.3447353765625 0.47309375 0.3425069640625 0.4643125 0.338022284375 0.454265625 0.335793871875 0.44925 0.340250696875 0.44046874999999996 0.3514484671875 0.43168749999999995 0.360389971875 0.420390625 0.362618384375 0.411609375 0.3648746515625 0.40657812499999996 0.3693314765625 0.4015625 0.409610028125 0.4015625 0.4342339828125
3 0.32671875 0.7190807796875001 0.322734375 0.7371587749999999 0.31657812500000004 0.7526462390625 0.308265625 0.7687743734375 0.308265625 0.7739275765625 0.31115624999999997 0.78490250625 0.31478125 0.7932869078125 0.325640625 0.8074930359374999 0.3365 0.8126462390625001 0.34373437500000004 0.809442896875 0.349890625 0.8036211703125 0.35640625 0.7958774375 0.360390625 0.7881337046875 0.36328125 0.7726462390625 0.36509375 0.7500557109375 0.3625625 0.72810585 0.35350000000000004 0.712618384375 0.33903125 0.7003621171875001 0.332515625 0.702311978125 0.3278125 0.7048746515625 0.327078125 0.7100557109375 0.32671875 0.7190807796875001
3 0.321359375 0.672618384375 0.315046875 0.6651253484375 0.30609375 0.6585515328125 0.296625 0.65665738125 0.284515625 0.661364903125 0.27135937499999996 0.6707520890625001 0.260828125 0.6876323125 0.25925 0.7073259046875 0.25978124999999996 0.7242339828125 0.2629375 0.7476880218749999 0.27135937499999996 0.7627019500000001 0.2829375 0.769275765625 0.298203125 0.7720891359375 0.30609375 0.7701949859375 0.31240625 0.7579944296875001 0.32346875 0.727047353125 0.325046875 0.7045125343749999 0.32873437499999997 0.70077994375 0.324515625 0.6857660171875 0.321359375 0.672618384375
3 0.159796875 0.4707520890625 0.15525 0.477047353125 0.149703125 0.48423398281249996 0.14615625000000002 0.4995543171875 0.14515625000000001 0.520250696875 0.144640625 0.548161559375 0.15221875 0.583259053125 0.166359375 0.6057660171875 0.1870625 0.60395543125 0.21078125 0.594066853125 0.221390625 0.5706406687500001 0.228453125 0.5292479109375 0.22290625 0.5049582171875 0.215328125 0.48064066875 0.20675 0.4716434546875 0.19564062499999998 0.4626462390625 0.185546875 0.4626462390625 0.18403125 0.461754875 0.17190624999999998 0.4635376046875 0.159796875 0.4707520890625
3 0.33340625 0.702144846875 0.344984375 0.7049582171875 0.351828125 0.7012256265625 0.3565625 0.692785515625 0.354453125 0.6618105843750001 0.348140625 0.6467966578125 0.33918750000000003 0.635543175 0.31971875 0.6364623953125 0.304453125 0.6458495828124999 0.298140625 0.6589972140625 0.321296875 0.6899721453125001 0.32603125 0.7012256265625 0.33340625 0.702144846875
3 0.48026562500000003 0.5400557109374999 0.48026562500000003 0.556573815625 0.49821875000000004 0.6004735375 0.511546875 0.6102785515625 0.5318125 0.609749303125 0.55121875 0.587047353125 0.5610625 0.556573815625 0.561640625 0.5297214484375 0.55325 0.4899721453125 0.546 0.47242339843750003 0.5231250000000001 0.4677715875 0.51096875 0.4677715875 0.507484375 0.4703621171875 0.50459375 0.47448467968749997 0.498515625 0.4843175484375 0.488671875 0.5070194984375 0.482296875 0.5219777156250001 0.481140625 0.52922005625 0.48026562500000003 0.5400557109374999
3 0.634234375 0.74030640625 0.63015625 0.7011420609375 0.6146874999999999 0.6721169921875 0.59190625 0.664846796875 0.5748125 0.6721169921875 0.567484375 0.724345403125 0.5837656250000001 0.780947075 0.613875 0.7910863515625 0.623640625 0.7852924796874999 0.6325937500000001 0.764986071875 0.634234375 0.74030640625
3 0.71715625 0.7573537609375001 0.7299218749999999 0.7303342625 0.729125 0.6677715875 0.7052031249999999 0.633649025 0.69084375 0.6407520890625 0.6924375 0.649275765625 0.661328125 0.6663509750000001 0.65734375 0.6677715875 0.65415625 0.716100278125 0.666109375 0.745961003125 0.68525 0.7601949859375 0.71715625 0.7573537609375001
3 0.57115625 0.8885236765625001 0.57115625 0.8946518109375001 0.5763125 0.902144846875 0.587390625 0.9062116984375 0.5934999999999999 0.906573815625 0.595609375 0.9058774375 0.610890625 0.8891921999999999 0.616234375 0.878635096875 0.61871875 0.8394707515625001 0.6078281249999999 0.8145960999999999 0.588734375 0.8009749296875001 0.5795625 0.7986072421875 0.5700000000000001 0.8054039 0.56446875 0.8149303625 0.5596875 0.8292479109374999 0.557015625 0.843899721875 0.555859375 0.8616155984375 0.560265625 0.878635096875 0.57115625 0.8885236765625001
3 0.20787499999999998 0.6183565453125001 0.22675 0.6492479109375 0.246390625 0.656100278125 0.25715625000000003 0.649916434375 0.2629375 0.6492479109375 0.274109375 0.6334540390625001 0.2818125 0.605320334375 0.282578125 0.5730362109375 0.27871875 0.56206128125 0.272171875 0.5552089140625001 0.26409375 0.548328690625 0.260625 0.5394150421874999 0.250234375 0.5510863515625 0.2436875 0.5545125343749999 0.23714062500000002 0.5366573812500001 0.236765625 0.5311699171875001 0.2290625 0.5332311984375 0.222515625 0.5668802234375 0.21134375 0.5929526468749999 0.20787499999999998 0.5963788296875 0.20787499999999998 0.6183565453125001
3 0.061421875 0.363732590625 0.10671875 0.369777159375 0.13389062499999999 0.35766016718750004 0.144078125 0.299136490625 0.144078125 0.25674094687500004 0.123703125 0.22442896874999999 0.10218750000000001 0.200222840625 0.080671875 0.1901114203125 0.045578125000000004 0.200222840625 0.031984374999999995 0.2668245125 0.03765625 0.3071866296875 0.042171875 0.3334540390625 0.061421875 0.363732590625
3 0.396625 0.7383008359375001 0.39845312499999996 0.745793871875 0.401546875 0.7539275765625 0.40374999999999994 0.758161559375 0.408859375 0.7614206125 0.412515625 0.7640111421875 0.41834375 0.7669359328125 0.419625 0.7666295265625 0.415421875 0.7610863515624999 0.414875 0.7601114203125 0.408484375 0.7500278546875 0.40903124999999996 0.7480779937500001 0.40995312500000003 0.7480779937500001 0.411234375 0.74935933125 0.415421875 0.7562116984375 0.422921875 0.7607520890624999 0.42620312499999996 0.7584679671875 0.43040625 0.74969359375 0.43040625 0.745459609375 0.431859375 0.74253481875 0.430953125 0.7386350968750001 0.4293125 0.7337325906250001 0.427296875 0.7314763234375 0.422546875 0.7278830078125 0.422 0.7275487468749999 0.42164062500000005 0.7155153203125 0.4221875 0.7155153203125 0.422734375 0.7093314765625001 0.4269375 0.7028133703125 0.43168749999999995 0.701197771875 0.4293125 0.694679665625 0.42565625 0.6937047359374999 0.4150625 0.6956545968750001 0.40667187499999996 0.701838440625 0.40337500000000004 0.7099721453125001 0.397359375 0.720389971875 0.396984375 0.7223398328124999 0.39625 0.73016713125 0.396625 0.7383008359375001
3 0.80046875 0.64350975 0.809921875 0.640389971875 0.8134218750000001 0.6310306406249999 0.8158749999999999 0.6188579390625 0.8144843749999999 0.6119777156249999 0.8139531249999999 0.5988579390625001 0.8153593750000001 0.5898050140625 0.815703125 0.58699164375 0.82025 0.5757660171875 0.8204375 0.5745125343749999 0.808 0.5757660171875 0.79871875 0.57793871875 0.7946875 0.582952646875 0.789421875 0.591364903125 0.78259375 0.601364903125 0.778921875 0.611030640625 0.779796875 0.6225905296875001 0.78346875 0.6335376046875 0.7854062500000001 0.6369637890625001 0.7875 0.640696378125 0.80046875 0.64350975
3 0.1921875 0.2089136484375 0.2015625 0.21169916406249997 0.19866615781250002 0.22263740625 0.191501525 0.2240097828125 0.19081554843749998 0.2391059171875 0.1973323171875 0.23636116718750003 0.198883928125 0.2391563875 0.195998475 0.250084925 0.1901295734375 0.254202053125 0.189443596875 0.2692981859375 0.19466463437499998 0.26380868281250003 0.19620535781249998 0.266613609375 0.194296603125 0.282521134375 0.188757621875 0.2843943203125 0.1923878484375 0.2984286609375 0.188071646875 0.2994904546875 0.1866996953125 0.329682725 0.1885703390625 0.3302437078125 0.18601371875 0.3447788578125 0.1881696421875 0.348985275 0.18532774375 0.3598749921875 0.1871228453125 0.363077515625 0.183993903125 0.37359875 0.18607604687499998 0.3771697515625 0.1826600609375 0.38732250625 0.1850292484375 0.3912619890625 0.18132621875 0.40104626718749997 0.18398245 0.40535422499999996 0.179992378125 0.414770025 0.182935653125 0.419446465625 0.1786585359375 0.4284937828125 0.1818888546875 0.43353870156249996 0.1773246953125 0.44221754375 0.18084205625 0.44763093906250007 0.175990853125 0.4559413015625 0.17979525937500002 0.461723178125 0.17465701250000001 0.4696650578125 0.17874846093750002 0.47581541562499996 0.1733231703125 0.48338881562499997 0.1777016625 0.48990765156249994 0.1719893296875 0.49711257656249996 0.1766548640625 0.5039998906250001 0.17065548749999998 0.510836334375 0.1756080671875 0.5180921281249999 0.169321646875 0.5245600921875 0.17456126875 0.532184365625 0.16798780468750002 0.53828385 0.1735144703125 0.5462766015625 0.1666539640625 0.552007609375 0.172467671875 0.560368840625 0.165320121875 0.5657313671875001 0.171420875 0.5744610781249999 0.16398628125 0.579455125 0.1703740765625 0.5885533140625 0.1626524390625 0.5931788859375 0.16932727812499998 0.6026455546875 0.1624792125 0.6108060703125 0.16828047968749998 0.616737790625 0.160895925 0.6255118609375 0.1672336828125 0.630830028125 0.15931263906249998 0.6402176515625 0.166186884375 0.6449222671875 0.1577293515625 0.6549234453125 0.16514008593750001 0.6590145046875 0.1561460640625 0.6696292374999999 0.16409328750000002 0.673106740625 0.163046490625 0.687198978125 0.1545627765625 0.684335028125 0.1466463421875 0.7578639859375 0.1484375 0.7660167125 0.1453125 0.7715877437499999 0.1453125 0.7883008359375 0.15625 0.8050139281250001 0.1671875 0.8022284125000001 0.1703125 0.7910863515625 0.1671875 0.768802228125 0.1578125 0.7576601671875001 0.16199969218750002 0.7012912171875 0.2546875 0.5348189421875 0.259375 0.5431754875 0.2609375 0.540389971875 0.265625 0.5515320328125 0.2765625 0.5598885796874999 0.28125 0.571030640625 0.29375 0.57381615625 0.3109375 0.5654596093750001 0.3265625 0.53760445625 0.33125 0.5125348187500001 0.328125 0.46518105781249997 0.34375 0.4401114203125 0.3515625 0.4094707515625 0.36875 0.3788300828125 0.3734375 0.3537604453125 0.3734375 0.3231197765625 0.38289473749999997 0.3157894734375 0.3860899390625 0.3237991703125 0.3837993421875 0.3298636578125 0.3870426828125 0.3377946875 0.384703946875 0.3439378390625 0.38799542656249997 0.351790203125 0.38560855312500003 0.358012021875 0.3889481703125 0.36578571875 0.3865131578125 0.37208620312499996 0.3899009140625 0.379781234375 0.38741776250000004 0.38616038750000004 0.39085365781250003 0.3937767515625 0.38832236875000004 0.4002345703125 0.3892269734375 0.4143087515625 0.392759146875 0.4217677828125 0.3901315796875 0.4283829359375 0.393711890625 0.4357632984375 0.391036184375 0.44245711718749997 0.394664634375 0.449758815625 0.3919407890625 0.4565313015625 0.395617378125 0.46375433125 0.3928453953125 0.47060548124999996 0.396570121875 0.477749846875 0.39375 0.484679665625 0.3946546046875 0.49875385000000005 0.39847560937500004 0.5057408796875 0.3955592109375 0.51282803125 0.39942835312499997 0.5197363953125 0.396463815625 0.5269022140625 0.400381096875 0.5337319109374999 0.39736842031249997 0.5409763953125 0.4013338421875 0.5477274265625 0.39827302656249997 0.5550505796875 0.4022865859375 0.56172294375 0.39917763125 0.5691247609375 0.4032393296875 0.575718459375 0.40008223750000005 0.58319894375 0.4041920734375 0.589713975 0.40676130625000007 0.5889779640625 0.40642943281250005 0.603341484375 0.401891446875 0.6113473093749999 0.40609756093750005 0.6177050078125 0.402796053125 0.6257000453125 0.40705030468750003 0.6317005234375 0.40370065781250003 0.6400527765625 0.4080030484375 0.6456960390625001 0.40460526249999995 0.6544055125 0.40895579218749994 0.6596915546875 0.40550986875 0.6687582484375 0.4099085359375 0.673687071875 0.4064144734375 0.68311098125 0.41086128125 0.6876825875 0.40731907968750003 0.697463715625 0.411814025 0.701678103125 0.40822368437499995 0.7118164484375 0.41276676874999996 0.71567361875 0.4091282890625 0.726169184375 0.4137195125 0.7296691359375 0.4100328953125 0.7405219171875 0.41467225625 0.7436646515625001 0.4109375 0.7548746515625 0.4046875 0.7604456828124999 0.4015625 0.7660167125 0.403125 0.7883008359375 0.396875 0.830083565625 0.396875 0.8635097500000001 0.403125 0.8885793874999999 0.4140625 0.9080779937499999 0.425 0.916434540625 0.4375 0.91922005625 0.4546875 0.9108635093749999 0.4703125 0.8830083562500001 0.478125 0.830083565625 0.478125 0.8077994421874999 0.4703125 0.774373259375 0.4625 0.7604456828124999 0.45 0.749303621875 0.43125 0.749303621875 0.40709317812499995 0.5746144421875 0.4140625 0.27298050156250003 0.4359375 0.2646239546875 0.45 0.2395543171875 0.45625 0.2423398328125 0.4625 0.25348189374999996 0.4734375 0.250696378125 0.4796875 0.23676880156250002 0.4875 0.231197771875 0.4875 0.2157033421875 0.49296875 0.2200557109375 0.628125 0.28969359375 0.6331957546875 0.27818363437500004 0.638266509375 0.288957796875 0.6328125 0.3091922 0.6359375 0.31476323125 0.631912878125 0.32442812499999996 0.635791015625 0.32895195 0.6310132578125 0.33966405 0.63564453125 0.34314066875 0.6301136359374999 0.35489997500000003 0.635498046875 0.3573293875 0.62869318125 0.3692073953125 0.6353515625 0.37151810625000004 0.635205078125 0.38570682500000003 0.6272727265625 0.3835148140625 0.6045454546875 0.6124335265624999 0.6078125 0.6183844015625 0.603125 0.626740946875 0.603125 0.6462395546875 0.609375 0.6573816156250001 0.6064236109375 0.6592386265625 0.6140625 0.6657381609375 0.609722221875 0.672237696875 0.6328125 0.7632311984375 0.621875 0.7883008359375 0.6109375 0.7910863515625 0.6109375 0.8105849578125 0.6140625 0.830083565625 0.6265625 0.860724234375 0.6390625 0.860724234375 0.65 0.8885793874999999 0.659375 0.8997214484375 0.66875 0.8997214484375 0.6828125 0.885793871875 0.6890625 0.8718662953124999 0.7109375 0.8718662953124999 0.7234375 0.860724234375 0.7359375 0.8328690812499999 0.7390625 0.8133704734375 0.7390625 0.7910863515625 0.734375 0.7660167125 0.725 0.74651810625 0.8056014156250001 0.644505175 0.896875 0.8384401109375 0.8953125 0.8690807796875 0.9046875 0.8913649031249999 0.9140625 0.8969359328125 0.9234375 0.8941504171875 0.9328125 0.880222840625 0.9359375 0.8662952640625001 0.9359375 0.8495821734375 0.928125 0.8272980499999999 0.9109375 0.8161559890625 0.90625 0.8189415046875 0.8005306609374999 0.6337310140625 0.64840801875 0.310506121875 0.646875 0.311977715625 0.6433372640624999 0.2997319609375 0.653125 0.2980501390625 0.6546875 0.281337046875 0.6515625 0.2701949859375 0.640625 0.25626740937500003 0.6328125 0.259052925 0.628125 0.2674094703125 0.4953125 0.2185759046875 0.4984375 0.2089136484375 0.503125 0.1838440109375 0.503125 0.1587743734375 0.4984375 0.12813370468750002 0.49375 0.11699164375 0.475 0.10027855156250001 0.453125 0.10027855156250001 0.4453125 0.10584958281250001 0.434375 0.1225626734375 0.4234375 0.119777159375 0.415625 0.12813370468750002 0.40625 0.12813370468750002 0.3984375 0.1337047359375 0.3828125 0.1587743734375 0.3859375 0.17836002812500001 0.3776041671875 0.1894150421875 0.378125 0.175487465625 0.3401041671875 0.14577530156250001 0.3359375 0.139275765625 0.3421875 0.1253481890625 0.3453125 0.10584958281250001 0.3453125 0.083565459375 0.3375 0.050139275000000004 0.3296875 0.0362116984375 0.3171875 0.025069637500000002 0.29375 0.025069637500000002 0.28125 0.0362116984375 0.271875 0.052924790624999996 0.2640625 0.086350975 0.24098557656250003 0.0947075203125 0.2375 0.10306406718750001 0.23329326875 0.0974930359375 0.23203125 0.09192200625 0.2265625 0.08077994375 0.2140625 0.0696378828125 0.1921875 0.0696378828125 0.184375 0.07520891406249999 0.1703125 0.0974930359375 0.179447115625 0.11699164375 0.1640625 0.1225626734375 0.1640625 0.1559888578125 0.1671875 0.17270195 0.18125 0.20055710312500002 0.1921875 0.2089136484375