1 0.7525192796875 0.18596875 0.7406940875 0.20212500000000003 0.73627249375 0.22009375000000003 0.751028278125 0.23535937499999998 0.76580976875 0.25960937500000003 0.82048843125 0.25690625 0.85742930625 0.255125 0.8618509 0.246140625 0.851516709375 0.232671875 0.8322879171875 0.2165 0.79092545 0.19225 0.7702313625 0.177890625 0.767300771875 0.174296875 0.7539845765625001 0.173390625 0.7525192796875 0.18596875
1 0.9753213374999999 0.352796875 0.9151928015624999 0.300875 0.8586375328125 0.2840625 0.8297686375 0.300875 0.769640103125 0.33378125000000003 0.7708483296875001 0.39153125 0.794910025 0.39518749999999997 0.8201542421875001 0.36521875000000004 0.8321850906250001 0.3564375 0.8490231359375 0.3323125 0.861053984375 0.329390625 0.8839074546875001 0.35059375 0.944061696875 0.39518749999999997 0.9753213374999999 0.384953125 0.9993830328125 0.360828125 0.9753213374999999 0.352796875
1 0.90210796875 0.46067187499999995 0.961259640625 0.46517187499999996 1 0.43370312499999997 0.994550128125 0.42021875 0.8466580984375 0.341578125 0.7838046265624999 0.39775 0.813367609375 0.458421875 0.8392544984375 0.47640625 0.90210796875 0.46067187499999995
1 0.86020565625 0.483375 0.8563496140625 0.47459375000000004 0.8462467859375 0.478984375 0.8265038562499999 0.49040625000000004 0.8245758359375 0.49626562500000004 0.8308226218750001 0.50621875 0.843830334375 0.5044531250000001 0.8650128531249999 0.5041562500000001 0.88043701875 0.5009375 0.892005140625 0.49215625 0.905475578125 0.48454687500000004 0.8982519281249999 0.483078125 0.885244215625 0.48367187500000003 0.86020565625 0.483375
1 0.8547300765625 0.6119375 0.8559897171875 0.61953125 0.9760925453124999 0.622578125 0.9960925453125 0.618015625 1 0.5336093749999999 0.997352184375 0.53209375 0.9673264781249999 0.5298125 0.9247814906249999 0.5389375000000001 0.8672493578125 0.5541406249999999 0.8434704375000001 0.5784687500000001 0.8334704374999999 0.59671875 0.8334704374999999 0.6111718749999999 0.8547300765625 0.6119375
1 0.6524164531250001 0.37525 0.6590745499999999 0.39034375 0.6648329046875 0.39896875 0.6648329046875 0.40004687499999997 0.6701542421875 0.40623437500000004 0.67858611875 0.411890625 0.690102828125 0.409203125 0.70118251875 0.40220312500000005 0.70118251875 0.39518749999999997 0.694087403125 0.385765625 0.6679434453125 0.373359375 0.6484318765625 0.35612499999999997 0.638251928125 0.362046875 0.6524164531250001 0.37525
1 0.6586632390625 0.278859375 0.6438046265625 0.2930625 0.6268123390625 0.301453125 0.6034447296875001 0.315640625 0.5864781484375 0.34790625 0.6268123390625 0.346625 0.6533676093749999 0.356296875 0.6820308484375001 0.36726562500000004 0.704318765625 0.37953125 0.7234190234375 0.39115625 0.73511568125 0.3705 0.72025706875 0.32596875000000003 0.692647815625 0.295640625 0.6989974296875 0.299515625 0.6692802062500001 0.274984375 0.6586632390625 0.278859375
1 0.4379691515625 0.331015625 0.45431876562499995 0.35339062499999996 0.47066837968749997 0.364984375 0.485681234375 0.366640625 0.4979434453125 0.3525625 0.46249357343749997 0.32356250000000003 0.42434447343750004 0.3036875 0.4148071984375 0.306171875 0.42434447343750004 0.31528125 0.4379691515625 0.331015625
1 0.2582262203125 0.7263437500000001 0.21025706875 0.730828125 0.23239074531249998 0.7936093750000001 0.2582262203125 0.795859375 0.2729820046875 0.784640625 0.2582262203125 0.7263437500000001
1 0.1076349609375 0.34176562499999996 0.0910796921875 0.3508125 0.072879178125 0.360359375 0.057994859375 0.377453125 0.045578406249999995 0.410640625 0.0339845765625 0.431765625 0.0439331625 0.44684375000000004 0.053856040625000004 0.45137499999999997 0.0712339328125 0.450875 0.0919023140625 0.44885937499999995 0.09604113125 0.45137499999999997 0.111748071875 0.45590624999999996 0.1283033421875 0.45289062500000005 0.125835475 0.44634375000000004 0.1374035984375 0.408640625 0.1498200515625 0.45289062500000005 0.1589203078125 0.458921875 0.1795886890625 0.46293749999999995 0.1886889453125 0.471484375 0.220128534375 0.464453125 0.2391516703125 0.438796875 0.24164524375 0.3955625 0.2151670953125 0.363375 0.20028277656250001 0.347796875 0.1795886890625 0.33773437500000003 0.1589203078125 0.32415625000000003 0.12912596406250001 0.32465625 0.117557840625 0.33220312500000004 0.11673521875 0.336234375 0.1076349609375 0.34176562499999996
1 0.6234190234375 0.347421875 0.5902313625 0.36759375 0.5607197937499999 0.360875 0.5164524421875 0.40571875 0.5201285343750001 0.46401562500000004 0.5717737796875 0.470734375 0.5902313625 0.470734375 0.6492544984374999 0.470734375 0.6898200515624999 0.46624999999999994 0.7045758359375001 0.45279687500000004 0.6861439593750001 0.432625 0.656632390625 0.383296875 0.6234190234375 0.347421875
1 0.0106169671875 0.861953125 0.00537275 0.878953125 0.00187660625 0.9065937500000001 0.003624678125 0.9150937499999999 0.050822621874999994 0.90871875 0.043830334375 0.935296875 0.0630848328125 0.938484375 0.08755784062500001 0.92359375 0.1085347046875 0.948046875 0.17151670937500002 0.9150937499999999 0.17326478125 0.9491093749999999 0.2134704375 0.952296875 0.24670951093750002 0.91721875 0.26419023125 0.958671875 0.299177378125 0.9374218750000001 0.313161953125 0.8938437499999999 0.346401028125 0.935296875 0.37437017968749997 0.942734375 0.39712082187500003 0.92571875 0.383110540625 0.892765625 0.41110539843750005 0.9129687499999999 0.4320822625 0.90340625 0.46881748125 0.90978125 0.47580976875000003 0.883203125 0.4635732640625 0.8747031249999999 0.48804627187499994 0.878953125 0.4618251921875 0.8406874999999999 0.45658097656249996 0.816234375 0.3796143953125 0.793921875 0.3306426734375 0.801359375 0.269434446875 0.826875 0.218714653125 0.8258125 0.14701799531249998 0.817296875 0.1067866328125 0.816234375 0.035089975 0.8321875000000001 0.0106169671875 0.8534375000000001 0.0106169671875 0.861953125
1 0.6094858609375 0.761703125 0.653856040625 0.761703125 0.6788174812500001 0.77096875 0.7079434453125 0.77771875 0.7231876609375 0.786140625 0.7259640109375 0.7869843750000001 0.75092545 0.784453125 0.7772750640625 0.784453125 0.8050128531249999 0.784453125 0.8396915171874999 0.7819375 0.8812853468749999 0.78025 0.9187146531250001 0.789515625 0.9616966578125 0.797953125 0.989434446875 0.8046875 0.994987146875 0.7945781249999999 0.9880462718749999 0.78025 0.989434446875 0.7718125 0.9935989718749999 0.761703125 0.9880462718749999 0.75159375 0.9644730078125001 0.735578125 0.9187146531250001 0.72040625 0.8687917734375 0.71534375 0.8493830328125 0.7161875 0.8216452437499999 0.7161875 0.8008483296875 0.717875 0.7800514140625 0.7128125 0.749537275 0.71703125 0.7065552703125 0.708609375 0.6316709515625 0.708609375 0.56511568125 0.7187187500000001 0.5262982 0.744 0.5207455015625 0.760859375 0.527686375 0.769296875 0.5235218515625 0.7785624999999999 0.530462725 0.77940625 0.56928020625 0.764234375 0.6094858609375 0.761703125
1 0.077120821875 0.2984375 0.066838046875 0.3046875 0.0591259640625 0.3171875 0.0488431875 0.325 0.04627249375 0.3484375 0.0616966578125 0.3578125 0.0796915171875 0.3578125 0.1079691515625 0.3421875 0.2392431203125 0.5338883203125 0.1593830328125 0.534375 0.141388175 0.54375 0.1285347046875 0.546875 0.077120821875 0.546875 0.0616966578125 0.5515625 0.0334190234375 0.56875 0.023136246875 0.5703125 0.0051413875 0.58125 0.00257069375 0.5984375 0.0051413875 0.603125 0.017994859375 0.6109375 0.077120821875 0.6140625 0.077120821875 0.71875 0.0591259640625 0.7234375 0.023136246875 0.7234375 0.0051413875 0.7328125 0.0051413875 0.825 0.0154241640625 0.8296875 0.04627249375 0.83125 0.0874035984375 0.821875 0.0925449875 0.815625 0.10282776406250001 0.815625 0.141388175 0.8171875 0.21336760937500002 0.8265625 0.2699228796875 0.828125 0.3316195375 0.8015625 0.3727506421875 0.7953125 0.38303341875 0.7953125 0.403598971875 0.8015625 0.4164524421875 0.7953125 0.4215938296875 0.7875 0.5001168515625001 0.7904829546875 0.5089974296875 0.7953125 0.496143959375 0.815625 0.48329048906249994 0.815625 0.4652956296875 0.825 0.4652956296875 0.846875 0.4781491 0.8546875 0.4910025703125 0.8578125 0.496143959375 0.8703125 0.5089974296875 0.878125 0.5269922874999999 0.8796875 0.5321336765625 0.8875 0.550128534375 0.896875 0.575835475 0.896875 0.6041131109375 0.8796875 0.6118251921875 0.884375 0.6118251921875 0.9078125 0.6298200515625 0.9171875 0.6555269921875 0.9171875 0.67095115625 0.909375 0.6838046265625 0.8953125 0.688946015625 0.8984375 0.6966580984374999 0.9140625 0.7146529562499999 0.9234375 0.740359896875 0.9234375 0.7557840609375 0.915625 0.76092545 0.9078125 0.7686375328125 0.9046875 0.7763496140624999 0.909375 0.781491003125 0.921875 0.7994858609375 0.93125 0.8251928015625 0.93125 0.8380462718749999 0.9265625 0.8508997421875 0.9328125 0.876606684375 0.9328125 0.8920308484374999 0.925 0.8971722359375001 0.9171875 0.9100257062500001 0.909375 0.928020565625 0.91875 0.9537275062499999 0.91875 0.9691516703125 0.9109375 0.974293059375 0.903125 0.9974293062499999 0.9046875 0.9974293062499999 0.809375 0.9845758359375001 0.809375 0.9794344468749999 0.803125 0.9691516703125 0.8 0.9177377890624999 0.790625 0.884318765625 0.78125 0.9940017140625 0.534280303125 0.9922879171875 0.53125 0.9974293062499999 0.5265625 0.9897172234375 0.5328125 0.9614395890624999 0.53125 0.9177377890624999 0.5421875 0.90488431875 0.5421875 0.8997429312499999 0.5390625 0.8920308484374999 0.5421875 0.8791773781250001 0.5421875 0.8688946015625 0.5046875 0.876606684375 0.503125 0.902313625 0.4875 0.902313625 0.484375 0.949871465625 0.4703125 0.94858611875 0.465625 0.9617609249999999 0.466796875 0.9691516703125 0.459375 0.9736503859375001 0.46328125 0.9855398453124999 0.459765625 0.9848097734374999 0.45591982187499996 0.8033419015625001 0.451171875 0.7197943437500001 0.3921875 0.7445831796875 0.32087053593750003 0.7480719796875 0.31875 0.76092545 0.325 0.784061696875 0.325 0.8226221078125 0.30625 0.8560411312499999 0.2859375 0.8663239078125 0.2875 0.858611825 0.284375 0.8663239078125 0.2796875 0.8534704375000001 0.26875 0.832904884375 0.2671875 0.8200514140624999 0.2609375 0.8380462718749999 0.2171875 0.8637532140624999 0.215625 0.876606684375 0.2046875 0.8740359890624999 0.190625 0.858611825 0.1765625 0.8020565546875 0.1546875 0.7943444734375 0.14375 0.781491003125 0.1375 0.7249357328125 0.1375 0.7069408734375 0.146875 0.6838046265625 0.1484375 0.663239075 0.1609375 0.6555269921875 0.1625 0.645244215625 0.1546875 0.62210796875 0.1453125 0.6143958875 0.1375 0.598971721875 0.1296875 0.5784061703125001 0.1296875 0.5552699234375 0.134375 0.5321336765625 0.1453125 0.5218509 0.1578125 0.5141388171875 0.1578125 0.5089974296875 0.1546875 0.44987146562499997 0.1578125 0.4447300765625 0.1453125 0.4293059125 0.1328125 0.4215938296875 0.1296875 0.39588688906249997 0.1296875 0.3856041125 0.134375 0.3727506421875 0.1359375 0.35218509062500003 0.1515625 0.3496143953125 0.15625 0.35747769687500003 0.18823529375 0.308483290625 0.190625 0.29562982031249996 0.1859375 0.28277635 0.1703125 0.2467866328125 0.14375 0.2262210796875 0.1375 0.20565552656250002 0.1375 0.18766066875 0.13125 0.172236503125 0.13125 0.164524421875 0.128125 0.11311054062499999 0.128125 0.0848329046875 0.1296875 0.06426735156249999 0.1359375 0.0488431875 0.1453125 0.0334190234375 0.16875 0.017994859375 0.1734375 0.0051413875 0.18125 0.0051413875 0.23125 0.025706940625 0.2421875 0.0488431875 0.2453125 0.0469467734375 0.251178278125 0.076530828125 0.29467213124999997 0.077120821875 0.2984375