3 0.236765625 0.351411359375 0.240546875 0.36209982812499997 0.249703125 0.3662650609375 0.260484375 0.3662650609375 0.26803125 0.3627022375 0.277203125 0.3532013765625 0.28096875 0.3555765921875 0.288515625 0.3579518078125 0.303078125 0.356161790625 0.31062500000000004 0.3508261625 0.313859375 0.34607573125 0.31656249999999997 0.3353872640625 0.315484375 0.325886403125 0.30846874999999996 0.3187607578125 0.300390625 0.3157831328125 0.293375 0.315197934375 0.2874375 0.31757314999999997 0.279890625 0.322908778125 0.2745 0.325886403125 0.258328125 0.32172117031249997 0.24701562500000002 0.3264716 0.238390625 0.3353872640625 0.236765625 0.351411359375
3 0.509234375 0.20617900156250002 0.50321875 0.1929259890625 0.48968749999999994 0.18962134218749999 0.47614062500000004 0.18962134218749999 0.467875 0.197900171875 0.46637500000000004 0.2210843375 0.473890625 0.23516351093750001 0.47840625000000003 0.2326850265625 0.47990625 0.21445783125 0.50471875 0.236833046875 0.507734375 0.22688468125 0.5099843749999999 0.2161273671875 0.509234375 0.20617900156250002
3 0.115203125 0.22475042968749998 0.114234375 0.22475042968749998 0.1084375 0.2396385546875 0.10940625 0.2555765921875 0.11615625 0.2672633390625 0.130640625 0.2630120484375 0.13739062500000002 0.261962134375 0.1431875 0.2545094671875 0.146078125 0.24175559375 0.14125000000000001 0.22475042968749998 0.128703125 0.2226161796875 0.115203125 0.22475042968749998
3 0.120125 0.0959896734375 0.11259375 0.09796901875 0.10989062499999999 0.0999655765625 0.107171875 0.1032874359375 0.10265625 0.11024096406249999 0.10206249999999999 0.112908778125 0.10115624999999999 0.12185886406249999 0.103265625 0.1298278828125 0.10928125 0.1371256453125 0.11651562499999998 0.1401032703125 0.12584375 0.1401032703125 0.13278125000000002 0.1374526671875 0.13940625 0.13048192812499998 0.141203125 0.1211876078125 0.14029687500000002 0.11024096406249999 0.137296875 0.104268503125 0.130359375 0.09796901875 0.1315625 0.0973149734375 0.127953125 0.0956454390625 0.120125 0.0959896734375
3 0.234109375 0.09473321875 0.22893750000000002 0.10473321875 0.22915625 0.10996557656249999 0.22893750000000002 0.11757314999999999 0.230234375 0.119001721875 0.232171875 0.123046471875 0.2360625 0.1292254734375 0.240375 0.1313769359375 0.248578125 0.1337521515625 0.25570312500000003 0.132082615625 0.2598125 0.12827882968749998 0.26390625 0.1237521515625 0.26737500000000003 0.11733218593750001 0.268453125 0.11328743593749999 0.26865625 0.107349396875 0.267578125 0.1021170390625 0.26564062499999996 0.0985542171875 0.26390625 0.094268503125 0.262609375 0.0918932875 0.258734375 0.0918932875 0.25592187499999997 0.09092943125 0.253328125 0.0880895015625 0.253546875 0.086419965625 0.24923437499999998 0.086419965625 0.244484375 0.087366609375 0.23929687500000002 0.0902237515625 0.234109375 0.09473321875
3 0.25987499999999997 0.134543890625 0.26021875 0.1395697078125 0.268453125 0.151153184375 0.278796875 0.1544406203125 0.29265625 0.14922547343749998 0.29721875 0.14382099843750001 0.299140625 0.127022375 0.29703124999999997 0.118709121875 0.288796875 0.11175559374999999 0.2805625 0.10944922500000001 0.273890625 0.11156626562500001 0.2679375 0.116402753125 0.26303125 0.12122203125 0.260046875 0.1283648875 0.25987499999999997 0.134543890625
3 0.26932812500000003 0.1042168671875 0.277765625 0.1107745265625 0.285703125 0.1113253015625 0.296625 0.10748709062499999 0.29959375 0.1036660921875 0.30059375 0.094922546875 0.30009375 0.0878141140625 0.29562499999999997 0.07798623125000001 0.29215625 0.069793459375 0.282234375 0.0670567984375 0.273796875 0.0681411359375 0.26884375 0.0746987953125 0.262390625 0.0850946640625 0.26189062500000004 0.090550775 0.263375 0.09602409687499999 0.26932812500000003 0.1042168671875
3 0.21404687500000003 0.262891565625 0.208390625 0.25822719375 0.19990625 0.255731496875 0.191703125 0.258846815625 0.1829375 0.26507745312500003 0.1818125 0.2759724609375 0.18321875 0.287504303125 0.190296875 0.29621342500000003 0.1948125 0.298709121875 0.20018750000000002 0.297779690625 0.2109375 0.29340791718750003 0.214609375 0.2815834765625 0.2174375 0.2678829609375 0.21404687500000003 0.262891565625
3 0.294703125 0.0591566265625 0.29276562500000003 0.07092943125 0.294703125 0.0778829609375 0.2995625 0.08857142812499999 0.306359375 0.0901721171875 0.317515625 0.09177280625 0.327234375 0.086970740625 0.334515625 0.075731496875 0.335484375 0.0645094671875 0.33014062499999997 0.055404474999999995 0.321890625 0.047917384375 0.310234375 0.0457831328125 0.303921875 0.049535284375 0.2995625 0.0532702234375 0.294703125 0.0591566265625
3 0.533828125 0.579810671875 0.5395625 0.5810843375 0.54815625 0.5956110156250001 0.549875 0.5880206546875 0.549875 0.5652839937499999 0.54128125 0.55392426875 0.5257968749999999 0.5476075734375 0.50859375 0.55581755625 0.5034375 0.5747676421875 0.5131875 0.5949741828125 0.530390625 0.6025473328125 0.51834375 0.590550775 0.51834375 0.5766609296875 0.533828125 0.579810671875
3 0.6722812499999999 0.8723752156250001 0.6732812499999999 0.868726334375 0.6736093750000001 0.8661617906249999 0.6716249999999999 0.8617900171875 0.669625 0.8552151468750001 0.666640625 0.851566265625 0.662 0.849380378125 0.6596875 0.8486402749999999 0.655046875 0.8482788296875 0.64940625 0.8490189328125 0.645109375 0.85120481875 0.641796875 0.8563166953125 0.638484375 0.8661617906249999 0.6388125 0.8727366609375 0.641125 0.8778485375 0.6444375 0.882237521875 0.6490781250000001 0.8851463 0.653390625 0.885886403125 0.65371875 0.8862478484375 0.654390625 0.88660929375 0.66565625 0.8851463 0.669296875 0.8814974187500001 0.670953125 0.8767642 0.6722812499999999 0.8723752156250001
3 0.957359375 0.8260585203125 0.960921875 0.8167469875 0.9604687500000001 0.8045094671875 0.954703125 0.79471600625 0.9458125000000001 0.7898278828125 0.9338124999999999 0.791290878125 0.9231406249999999 0.7981411359374999 0.9204687500000001 0.8123407921875 0.93159375 0.8294836484375001 0.9409218750000001 0.8309466437499999 0.947140625 0.8309466437499999 0.957359375 0.8260585203125
3 0.4765625 0.6333907062499999 0.5 0.650602409375 0.5125 0.650602409375 0.515625 0.64716006875 0.5875 0.7108433734374999 0.5859375 0.7211703953125 0.578125 0.7383821 0.571875 0.7435456109375 0.571875 0.7538726328124999 0.5765625 0.7590361453125001 0.5921875 0.7624784859375 0.596875 0.767641996875 0.603125 0.767641996875 0.615625 0.774526678125 0.6265625 0.774526678125 0.63125 0.7659208265624999 0.6296875 0.7332185890625 0.6391666671875 0.73012048125 0.815625 0.879518071875 0.8109375 0.8898450953125 0.8109375 0.9036144578125 0.81875 0.9173838203125 0.83125 0.9225473328125 0.840625 0.9208261625 0.8515625 0.9104991390625001 0.8546875 0.9018932875000001 0.9115624999999999 0.9262191625 0.9216527781250001 0.9220654046875 0.9055833328125 0.9107745265625 0.692 0.610877796875 0.6855996625 0.6158068578125 0.6871458328125 0.6040619625 0.6942567562499999 0.6012466843750001 0.709375 0.5783132531249999 0.7171875 0.5920826156250001 0.7296875 0.597246128125 0.7421875 0.5938037859375 0.75 0.585197934375 0.753125 0.5765920828125 0.753125 0.56282271875 0.7640625 0.552495696875 0.7671875 0.5438898453125 0.7671875 0.5335628234375001 0.7640625 0.5249569703125 0.75625 0.5163511187500001 0.746199325 0.513885659375 0.940983953125 0.1862818078125 0.946875 0.1824440625 0.9546875 0.18932874375 0.9671875 0.18932874375 0.9734375 0.1841652328125 0.9765625 0.17728055 0.9765625 0.166953528125 0.9734375 0.160068846875 0.9671875 0.1549053359375 0.9515625 0.15662650625000002 0.9515625 0.1394148015625 0.946875 0.13080894999999998 0.9421875 0.127366609375 0.9328125 0.127366609375 0.9234375 0.11703958750000001 0.9140625 0.11703958750000001 0.9125 0.111876075 0.915625 0.09122203125 0.90625 0.08777969062499999 0.9171875 0.068846815625 0.91875 0.0344234078125 0.9140625 0.027538726562499997 0.828125 0.027538726562499997 0.8171875 0.0309810671875 0.8046875 0.0309810671875 0.790625 0.0240963859375 0.78125 0.0240963859375 0.771875 0.03958691875 0.7671875 0.03958691875 0.7625 0.044750429687499996 0.75625 0.044750429687499996 0.7265625 0.0602409640625 0.7234375 0.0602409640625 0.7140625 0.0499139421875 0.7046875 0.0499139421875 0.68125 0.0826161796875 0.6671875 0.09122203125 0.653125 0.07401032656249999 0.6390625 0.07401032656249999 0.6296875 0.08433735 0.6271655703125 0.0925204578125 0.6296875 0.0981067125 0.624643640625 0.100703565625 0.4884594296875 0.54259141875 0.490625 0.545611015625 0.4859375 0.5507745265625 0.484375 0.5800344234375 0.478125 0.585197934375 0.4734375 0.59552495625 0.4765625 0.6333907062499999