0 0.45785937499999996 0.35201663125 0.45093750000000005 0.3827234921875 0.45478125 0.4165280671875 0.46401562500000004 0.434968815625 0.480953125 0.44519750468749997 0.49634375000000003 0.44110187187500005 0.507890625 0.42779625781249997 0.5194375 0.3827234921875 0.514828125 0.356112265625 0.507125 0.3458627859375 0.48326562500000003 0.3397089390625 0.48479687499999996 0.340748440625 0.47248437499999996 0.34380457343750004 0.45785937499999996 0.35201663125
0 0.2164375 0.6298960499999999 0.22914062500000001 0.6069230765625 0.228625 0.5758419953125 0.21745312499999997 0.5353014546875 0.193078125 0.52313929375 0.170734375 0.5373388765625 0.154484375 0.5623284828124999 0.154484375 0.57923076875 0.156515625 0.613014553125 0.18546875000000002 0.6400415796875001 0.186984375 0.64139293125 0.1996875 0.6427442828125 0.2164375 0.6298960499999999
0 0.23356249999999998 0.2574636171875 0.276890625 0.2889604984375 0.27726562499999996 0.33401247343749996 0.283453125 0.33160083125 0.28781249999999997 0.326257796875 0.29328125 0.3228690234375 0.299109375 0.317546778125 0.30274999999999996 0.307858628125 0.30384375 0.2986486484375 0.30384375 0.27829521874999996 0.298015625 0.2623076921875 0.27871875 0.23178794218749998 0.268890625 0.22598752656249999 0.251765625 0.231309771875 0.2339375 0.2458419953125 0.23284375000000002 0.24632016562499998 0.23174999999999998 0.25407484375 0.23356249999999998 0.2574636171875
0 0.5891093749999999 0.284740125 0.577328125 0.254823284375 0.536625 0.24912681874999998 0.525921875 0.254823284375 0.518421875 0.267650728125 0.51628125 0.2804781703125 0.51628125 0.30613305625 0.5237812500000001 0.323222453125 0.54840625 0.3374844078125 0.569828125 0.334636175 0.5880468750000001 0.32180873125 0.5891093749999999 0.284740125
0 0.061203125000000004 0.10037422031250001 0.057359375000000004 0.1096049890625 0.052734375 0.1270062375 0.04965625 0.1526195421875 0.05659375 0.177193346875 0.06967187500000001 0.1864033265625 0.07814062499999999 0.1874220375 0.097390625 0.18846153906250002 0.116625 0.17923076875 0.12356249999999999 0.1587525984375 0.12509375 0.1321205828125 0.12278125 0.120852390625 0.116625 0.11062369999999999 0.106625 0.1044698546875 0.0943125 0.0850103953125 0.09276562499999999 0.083991684375 0.077375 0.0891060296875 0.061203125000000004 0.10037422031250001
0 0.49409375000000005 0.538170478125 0.4915625 0.5131600828125 0.479375 0.49357588281250003 0.460078125 0.48613305625000003 0.441796875 0.488835759375 0.42503124999999997 0.502349271875 0.42096875 0.5091060296875 0.41690625 0.5388357593750001 0.421484375 0.5564033265624999 0.42859375 0.5746569640625 0.43773437499999995 0.5847817046875 0.44839062500000004 0.588835759375 0.46362500000000006 0.5928898125 0.462109375 0.5915384609375 0.47784375 0.58613305625 0.48901562500000006 0.5706029109374999 0.49359374999999994 0.5537006234375 0.49409375000000005 0.538170478125
0 0.108578125 0.4395218296875 0.108578125 0.4173596671875 0.10024999999999999 0.4018503125 0.089421875 0.396320165625 0.063625 0.400748440625 0.047796875 0.42180873124999996 0.0403125 0.455031184375 0.052796875 0.47829521875000003 0.071109375 0.488274428125 0.09525 0.47496881562500004 0.10192187500000001 0.4605821203125 0.108578125 0.4395218296875
0 0.20970312500000002 0.859147609375 0.2104375 0.8434719328125 0.21632812499999998 0.8258419953124999 0.21559374999999997 0.8101455296875001 0.20528125 0.782702703125 0.190546875 0.7630977125 0.17875000000000002 0.7630977125 0.164765625 0.7680041578125001 0.14634375 0.781725571875 0.13382812500000002 0.798378378125 0.1345625 0.824844075 0.144140625 0.8542619546875001 0.15812500000000002 0.856216215625 0.17875000000000002 0.857193346875 0.18759375 0.8738669437500001 0.193484375 0.8767983375 0.20379687500000002 0.8738669437500001 0.20970312500000002 0.859147609375
0 0.40549999999999997 0.5765072765625 0.41559375000000004 0.5777962578125 0.415828125 0.5739501046875 0.41342187499999994 0.570436590625 0.40214062500000003 0.57108108125 0.40021874999999996 0.5675675671875 0.39660937500000004 0.559563409375 0.387 0.5525363828125001 0.378109375 0.5506236999999999 0.3764375 0.5506236999999999 0.371390625 0.5554261953124999 0.363703125 0.5634095640625 0.362984375 0.5640540546875 0.35240625 0.5627650734375 0.34928125 0.5640540546875 0.346171875 0.57076923125 0.34159375000000003 0.5825779625 0.33992187500000004 0.596008315625 0.3394375 0.6135966734375 0.341359375 0.6257380453125 0.34184375 0.6298960499999999 0.35481250000000003 0.6378794171875 0.3625 0.6429937625 0.372109375 0.6445945953125001 0.37546875 0.6439501046875 0.37882812499999996 0.6362785859375 0.38003125 0.630852390625 0.386046875 0.6263825359374999 0.3915625 0.6238253640625 0.39540625 0.616153846875 0.400453125 0.6052806656249999 0.40189062499999995 0.6039916843750001 0.40478125 0.5934511437500001 0.40670312500000005 0.5867359671875 0.40670312500000005 0.581621621875 0.40549999999999997 0.5765072765625
0 0.5298437500000001 0.57829521875 0.5315000000000001 0.58634095625 0.5358906250000001 0.5914553015624999 0.5419375 0.597297296875 0.544140625 0.596569646875 0.549625 0.59438669375 0.5600625 0.592910603125 0.566109375 0.5914553015624999 0.5710625 0.59072765 0.575453125 0.59072765 0.577109375 0.5885239078125 0.58040625 0.5841372140625001 0.57875 0.5739085234375 0.58040625 0.5607484406250001 0.577109375 0.5395426203125 0.5567656249999999 0.5190852390625 0.53809375 0.516153846875 0.53259375 0.5300415796875 0.528203125 0.5307692312500001 0.52325 0.5366112265625 0.530390625 0.5614760921874999 0.5298437500000001 0.57829521875
0 0.48026562500000003 0.7817671515625 0.49353125000000003 0.7817671515625 0.507234375 0.7880457375 0.5119374999999999 0.793742203125 0.5192187500000001 0.78860706875 0.522640625 0.7783575890625001 0.5235000000000001 0.7624116421875 0.522640625 0.7475883578125 0.51665625 0.7310810812499999 0.497390625 0.736777546875 0.478984375 0.738482328125 0.466140625 0.740748440625 0.45499999999999996 0.7470270265625001 0.4494375 0.7510187109375 0.45329687500000004 0.7720790015625 0.46185937499999996 0.7931600828125001 0.46870312500000005 0.7851975046875 0.48026562500000003 0.7817671515625
0 0.531140625 1 0.534875 0.9984407484375 0.535625 0.974220375 0.536125 0.9722245328125 0.52615625 0.9592931390625001 0.518671875 0.9562993765625001 0.5134375 0.9523284828125 0.50046875 0.9490020796874999 0.494234375 0.9526611234375 0.48726562500000004 0.9606237 0.47753125 0.9821829515625 0.47778124999999994 1 0.531140625 1
0 0.602921875 0.9753430359375 0.5943906250000001 0.9534511437500001 0.57915625 0.944532225 0.568796875 0.9477754671874999 0.559046875 0.9493970890625001 0.54625 0.9542619546875001 0.537734375 0.9664241171875 0.536515625 0.9996465703125 0.605953125 1 0.60778125 0.9955925156250001 0.602921875 0.9753430359375