1 0.697236534375 0.15709375 0.7112177984375 0.15531250000000002 0.7178688531249999 0.152203125 0.7112177984375 0.146 0.70323185 0.14021875 0.6892505859375 0.1375625 0.671311475 0.1375625 0.6480093671875 0.1424375 0.6353864171875 0.14776562499999998 0.6353864171875 0.149546875 0.632060890625 0.154421875 0.6453629984375 0.15709375 0.6420374703125 0.15531250000000002 0.654660421875 0.160640625 0.665971896875 0.160640625 0.6792740046875 0.158421875 0.697236534375 0.15709375
0 0.7340749421874999 0.18459375 0.7412646374999999 0.17696875 0.7463700234374999 0.174984375 0.74932084375 0.169609375 0.7561124125 0.1670625 0.758220140625 0.16 0.7472131140625 0.152921875 0.7349180328125 0.151515625 0.7255971890625 0.15518749999999998 0.7234660421875 0.15971875 0.7196487125 0.163109375 0.7188056203125 0.16734374999999999 0.70906323125 0.169328125 0.7018501171875 0.175828125 0.701428571875 0.18234375 0.708220140625 0.191109375 0.7234660421875 0.1908125 0.7340749421874999 0.18459375
3 0.6097892265625 0.67409375 0.6074238875 0.67725 0.6074238875 0.690953125 0.6200702578125 0.703578125 0.6476814984375 0.7156875 0.6666276343749999 0.714640625 0.6831850109375 0.70621875 0.6918735359375 0.697796875 0.6918735359375 0.68146875 0.6855503515625 0.67040625 0.6587353625000001 0.6619843750000001 0.6460889937500001 0.6604062500000001 0.6184777515625 0.66778125 0.6097892265625 0.67409375
3 0.5671896953125 0.645484375 0.5653864171875 0.65121875 0.56679156875 0.6565624999999999 0.5727868859374999 0.66296875 0.58159250625 0.6653749999999999 0.592388759375 0.666578125 0.5985948484375 0.6653749999999999 0.599180328125 0.6600312500000001 0.6075878218749999 0.654296875 0.61098360625 0.6506875 0.608384075 0.64228125 0.5997892265625 0.63775 0.5877985953125 0.636015625 0.577587821875 0.6388125 0.5763934421875 0.6390781249999999 0.5735831375 0.640546875 0.5671896953125 0.645484375
3 0.5724824359375 0.6330312499999999 0.55932084375 0.627625 0.5451288062499999 0.623578125 0.5319672125 0.62628125 0.5259016390625 0.6350625 0.5289227171875 0.6384375 0.5329742390625001 0.648578125 0.550187353125 0.651953125 0.5582903984375001 0.651953125 0.5684309140625 0.644515625 0.5724824359375 0.6330312499999999
3 0.651779859375 0.651296875 0.6557377046874999 0.642765625 0.6539812640625 0.6368750000000001 0.6495784546875 0.6330625000000001 0.642084309375 0.628640625 0.628852459375 0.627765625 0.6209133484375 0.629234375 0.6125292734375 0.6324687499999999 0.61032786875 0.639234375 0.6138641687499999 0.651 0.6438407500000001 0.656578125 0.6455971890625001 0.6559999999999999 0.651779859375 0.651296875
3 0.641803278125 0.660515625 0.6431381734375 0.656078125 0.6104918031250001 0.64940625 0.599156909375 0.660515625 0.599156909375 0.6760937499999999 0.6058079625 0.676984375 0.620491803125 0.6671875 0.641803278125 0.660515625
0 0.5070023421875 0.156375 0.5118735359375 0.15853124999999998 0.5211709609375 0.157984375 0.5317096015625 0.155828125 0.5361592500000001 0.15259375 0.536955503125 0.148 0.5357377046875 0.14421875 0.5333255265625 0.1404375 0.53128805625 0.138546875 0.527236534375 0.136921875 0.522388759375 0.13665624999999998 0.5159016390625 0.136921875 0.5171194375 0.13746875 0.5062060890625 0.140171875 0.501756440625 0.142859375 0.503372365625 0.151515625 0.5070023421875 0.156375
3 0.5602107734375 0.14925 0.562435596875 0.14740625000000002 0.5632786890625 0.145359375 0.5632786890625 0.14203125 0.562435596875 0.1394375 0.5596487125 0.137203125 0.556323184375 0.13609374999999999 0.5535363 0.135171875 0.546323184375 0.13665624999999998 0.54159250625 0.139984375 0.540491803125 0.1444375 0.5485480093749999 0.151109375 0.5496487125 0.150546875 0.5557611234375 0.15 0.5602107734375 0.14925
3 0.532107728125 0.141203125 0.5407025765625 0.14234375 0.5500702578125 0.139421875 0.553676815625 0.13546875 0.553676815625 0.132546875 0.5477751750000001 0.12998437499999999 0.5399297421875 0.12859375 0.5338173296875001 0.129484375 0.5305854796875 0.129734375 0.5271428578124999 0.136484375 0.532107728125 0.141203125
3 0.6303512875 0.15478125 0.6193911 0.15562499999999999 0.6105620609375 0.1584375 0.612224825 0.16490625 0.614332553125 0.16798437500000002 0.6214988296875 0.17079687500000001 0.636651053125 0.170515625 0.6408665109375 0.16434375 0.636651053125 0.15703125 0.6303512875 0.15478125
3 0.648384075 0.17710937499999999 0.678899296875 0.17371875 0.6755035125 0.16240625 0.6670257609375 0.159015625 0.65517564375 0.157890625 0.6433021078125 0.16015625 0.638220140625 0.172578125 0.641615925 0.1691875 0.638220140625 0.17371875 0.648384075 0.17710937499999999