2 0.6600312500000001 0.5715416671875 0.6526875000000001 0.5767083328125 0.64996875 0.5916875 0.6503593750000001 0.6107916671875 0.6836562500000001 0.5958125 0.6964375 0.5947916671875 0.69371875 0.5684583328125 0.69371875 0.5643333328125 0.68559375 0.5674166671875 0.6600312500000001 0.5715416671875
2 0.5435625 0.7535416671874999 0.492625 0.7584791671875 0.49446874999999996 0.747375 0.487984375 0.7387291671875 0.48521875000000003 0.7584791671875 0.47965625 0.7708333328125 0.493546875 0.7831875 0.5546875 0.77825 0.561171875 0.7720625 0.5546875 0.7597083328124999 0.5435625 0.7535416671874999
2 0.65853125 0.4492708328125 0.733859375 0.5073958328125 0.7378125 0.48185416718749996 0.664484375 0.4386875 0.657875 0.4422083328125 0.65721875 0.44662499999999994 0.65853125 0.4492708328125
2 0.77396875 0.73625 0.7675468750000001 0.7122499999999999 0.749546875 0.7208333328125 0.737984375 0.7002708328125 0.71228125 0.7191041671875 0.702 0.6797083328125 0.68271875 0.6985416671875 0.71484375 0.7893749999999999 0.7341249999999999 0.7893749999999999 0.7264062499999999 0.7516666671875 0.77396875 0.73625
2 0.786 0.8166458328124999 0.796015625 0.8352499999999999 0.8217343749999999 0.8835000000000001 0.8505 0.9172083328125 0.8496406249999999 0.9096458328124999 0.84571875 0.8881458328124999 0.840046875 0.8681666671875 0.8335000000000001 0.8623541671874999 0.80778125 0.8181666671875 0.79340625 0.7943541671875 0.7655000000000001 0.7588958328125 0.7624531250000001 0.7728333328125 0.763765625 0.7724791671875 0.7676875 0.7858541671875 0.786 0.8166458328124999
2 0.804828125 0.5841458328125 0.8056875 0.58075 0.80059375 0.5694375 0.78025 0.5536041671875 0.7505625 0.529875 0.75565625 0.430375 0.746328125 0.4258541671875 0.738703125 0.5106458328125 0.753109375 0.5445625 0.7565000000000001 0.5502291671874999 0.804828125 0.5841458328125
2 0.750828125 0.649375 0.738671875 0.6149791671875 0.735640625 0.5906875 0.7250156249999999 0.5502083328125 0.70984375 0.5077083328125 0.6916249999999999 0.5117708328125 0.69921875 0.5279583328124999 0.714390625 0.5542708328125 0.7250156249999999 0.5745 0.7341249999999999 0.6048541671875001 0.738671875 0.6513958328125 0.74475 0.6777083328125 0.753859375 0.6999791671875 0.76903125 0.734375 0.80090625 0.7363958328125 0.775109375 0.6858125 0.750828125 0.649375
2 0.756703125 0.491875 0.7679218750000001 0.5243958328125 0.779921875 0.5471250000000001 0.79890625 0.5698333328125 0.80625 0.5667291671875 0.81478125 0.5584791671875 0.803546875 0.5409166671875 0.771015625 0.4955 0.7625 0.48208333281250004 0.7597968749999999 0.48258333281250004 0.756703125 0.491875
2 0.715796875 0.49514583281249996 0.7073125 0.48706250000000006 0.679421875 0.5088958328125 0.660015625 0.538 0.641828125 0.5630625 0.635765625 0.5743750000000001 0.6424218749999999 0.5776041671875001 0.64425 0.5735625 0.6581875 0.5533541671875 0.6909375 0.51375 0.693359375 0.5097083328124999 0.715796875 0.49514583281249996
2 0.777171875 0.3956041671875 0.7833281249999999 0.3948541671875 0.7738125 0.3747083328125 0.765984375 0.37247916718749996 0.754234375 0.37247916718749996 0.750328125 0.391125 0.752 0.42020833281250003 0.75703125 0.437375 0.766546875 0.4425833328125 0.767109375 0.43960416718750006 0.77046875 0.39187500000000003 0.777171875 0.3956041671875
2 0.816734375 0.5377083328125 0.812875 0.5361041671875 0.8095000000000001 0.539625 0.8070937499999999 0.5435 0.80878125 0.5467083328125 0.8164843749999999 0.5579583328125 0.8196249999999999 0.5727291671875 0.8340781249999999 0.5746666671875 0.83021875 0.5602083328125 0.8196249999999999 0.5435 0.816734375 0.5377083328125
2 0.5883125 0.7821666671874999 0.605984375 0.7545208328124999 0.605984375 0.7301458328125 0.59075 0.7301458328125 0.5883125 0.7577916671875 0.582828125 0.7772916671875 0.546859375 0.8000416671874999 0.55234375 0.8114166671874999 0.56575 0.8016666671875001 0.5883125 0.7821666671874999