1 0.8078200000000001 0.7499088140625 0.8135999999999999 0.7431610937500001 0.8180400000000001 0.7350455921875 0.8180400000000001 0.7154407296875 0.8158200000000001 0.71410334375 0.8149200000000001 0.718844984375 0.81448 0.7249240125 0.81314 0.73370820625 0.8069200000000001 0.7404559265625 0.8073600000000001 0.7417933125 0.8047000000000001 0.7499088140625 0.8078200000000001 0.7499088140625
1 0.82332 0.744863221875 0.82782 0.7372644375 0.8283200000000001 0.726656534375 0.8283200000000001 0.7220972640625 0.8248200000000001 0.7220972640625 0.8248200000000001 0.73121580625 0.82232 0.7357750765625 0.8193199999999999 0.7403039515625001 0.82332 0.744863221875
1 0.7019 0.5957142859375 0.71414 0.5957142859375 0.7242 0.5918844984375 0.72636 0.5842249234375 0.71414 0.5771428578125 0.70048 0.5782370828125 0.69508 0.58206686875 0.69544 0.5902431609375001 0.7019 0.5957142859375
1 0.67962 0.607750759375 0.6913 0.5993313062500001 0.69072 0.589118540625 0.67524 0.5709118546874999 0.65774 0.5722492406249999 0.65656 0.58246200625 0.66648 0.6015501515625 0.67962 0.607750759375
1 0.77278 0.7303951375 0.77454 0.736930090625 0.7767999999999999 0.7330699093749999 0.7767999999999999 0.7154407296875 0.77606 0.7135258359375001 0.77176 0.7150759875 0.77278 0.7303951375
1 0.81656 0.6466869296875 0.81938 0.6396048624999999 0.8215 0.626079028125 0.8229200000000001 0.620060790625 0.82066 0.6138297875000001 0.8172599999999999 0.611033434375 0.8102 0.6082370828125 0.8070999999999999 0.61425531875 0.80512 0.620486321875 0.8037000000000001 0.63121580625 0.8049799999999999 0.641306990625 0.80738 0.6428267484375 0.8088 0.6509726437500001 0.8097799999999999 0.6505471125 0.81656 0.6466869296875
1 0.87034 0.6329787234375 0.87034 0.6352583593750001 0.87098 0.6391489359375 0.8774 0.6404559265625 0.8774 0.6482370828125 0.8805999999999999 0.6514893609375 0.88616 0.6508510640625 0.8912800000000001 0.6492097265625 0.8912800000000001 0.641428571875 0.89 0.637203646875 0.88872 0.632340425 0.8872199999999999 0.6303951375 0.88636 0.624528875 0.8834799999999999 0.623343465625 0.8836 0.62355623125 0.87568 0.6229179328125001 0.8739800000000001 0.6232522796875 0.8727 0.62519756875 0.87034 0.6329787234375
1 0.79854 0.695015196875 0.8010999999999999 0.6959878421875 0.80238 0.6966261390625 0.80388 0.6969604859375 0.80602 0.698571428125 0.8055999999999999 0.70246200625 0.8088 0.7066869296875 0.8100799999999999 0.705410334375 0.8105 0.70246200625 0.80944 0.6972948328124999 0.8068799999999999 0.69370820625 0.80496 0.6917629171875 0.8030200000000001 0.6927355625 0.79854 0.695015196875
1 0.78032 0.627750759375 0.77748 0.63848024375 0.7793599999999999 0.6434650453125 0.78172 0.64848024375 0.79444 0.630607903125 0.78832 0.627750759375 0.78502 0.624164134375 0.78032 0.627750759375
1 0.7531 0.6735866265625 0.7641600000000001 0.6706990875 0.76874 0.6666261390625 0.77028 0.654468084375 0.7676000000000001 0.6440121578125 0.75196 0.6382370828124999 0.7393799999999999 0.64343465 0.7412799999999999 0.6648936171875001 0.7473799999999999 0.671854103125 0.7531 0.6735866265625
1 0.73114 0.6107902734375 0.74712 0.6062006078125 0.75188 0.5937386015625 0.7575000000000001 0.5825531921875 0.74928 0.576656534375 0.7359 0.583890578125 0.7293999999999999 0.5917629171875001 0.72466 0.6022796359375 0.73114 0.6107902734375