1 0.34293999999999997 0.6562666671875 0.31292 0.67384 0.31292 0.6845600000000001 0.30634 0.68944 0.30706 0.71384 0.31878 0.7314133328125 0.3378 0.73824 0.36707999999999996 0.73824 0.41174 0.7411733328125 0.43735999999999997 0.7392266671875001 0.47468000000000005 0.7421599999999999 0.49958 0.72848 0.5295799999999999 0.7021333328125 0.53398 0.6718933328125 0.5383600000000001 0.6484533328125 0.53032 0.6289333328125 0.51274 0.6006400000000001 0.5046999999999999 0.6065066671875 0.49226000000000003 0.5977066671875 0.47030000000000005 0.5957600000000001 0.44028 0.6133333328125 0.41100000000000003 0.6240533328125 0.37879999999999997 0.6318666671875001 0.35975999999999997 0.6367466671875001 0.34878 0.64456 0.34293999999999997 0.6562666671875
0 0.727 0.62264 0.7315400000000001 0.6590666671875 0.7464999999999999 0.6512533328125001 0.76732 0.6503733328125 0.79918 0.6616533328124999 0.79918 0.6607999999999999 0.8018000000000001 0.6512533328125001 0.80244 0.63216 0.79594 0.6191733328125 0.78618 0.6035466671874999 0.76666 0.60008 0.75886 0.5983466671875 0.7426 0.6018133328124999 0.727 0.62264
0 0.7995599999999999 0.6846933328125 0.80346 0.7011733328124999 0.8210200000000001 0.71592 0.83598 0.7193866671875 0.8711 0.7237333328125 0.8977600000000001 0.71072 0.8990600000000001 0.6846933328125 0.89452 0.6673600000000001 0.8619999999999999 0.6274666671875 0.84444 0.6188 0.81842 0.6144533328125 0.8008599999999999 0.6309333328125 0.79826 0.6604266671875 0.7995599999999999 0.6846933328125
0 0.24522 0.8877599999999999 0.25329999999999997 0.8751466671875001 0.2731 0.8497333328125001 0.2863 0.8487466671874999 0.30978 0.8575466671875001 0.31124 0.8311466671875 0.29218 0.7841866671875 0.26136 0.7793066671875 0.24742000000000003 0.7881066671875 0.22393999999999997 0.8076533328125001 0.21882000000000001 0.8399466671875 0.22468 0.85352 0.23496 0.8730933328124999 0.24522 0.8877599999999999
0 0.78382 0.7801333328125 0.80116 0.7910133328125 0.80526 0.7719733328125 0.81342 0.7393066671875 0.8001400000000001 0.71888 0.78484 0.71072 0.7542 0.71072 0.73686 0.72704 0.7358399999999999 0.7529066671875 0.73992 0.7583466671875 0.7491 0.7597066671875 0.78382 0.7801333328125
0 0.80166 0.67488 0.78258 0.6553066671875001 0.77378 0.6514133328125 0.7510399999999999 0.6514133328125 0.73196 0.6523733328125 0.72242 0.6650933328125 0.7239 0.6895466671875 0.73856 0.7208533328125 0.7488400000000001 0.7120533328125 0.77672 0.7071466671875 0.79726 0.7159733328125 0.80532 0.70912 0.80166 0.67488
0 0.71356 0.6664 0.72288 0.6630933328124999 0.72908 0.6548266671875 0.72908 0.6382399999999999 0.72908 0.6365866671875 0.72536 0.6208533328125 0.71046 0.6018133328124999 0.69802 0.654 0.70238 0.6689066671874999 0.71356 0.6664
0 0.69926 0.7158666671875 0.7006 0.7283466671875 0.6957 0.7390133328124999 0.7113 0.7485333328125 0.73178 0.7556533328125 0.7349 0.7502933328125 0.7398 0.7295200000000001 0.734 0.7063733328125 0.7152999999999999 0.69448 0.6966 0.6986399999999999 0.69616 0.7028 0.69926 0.7158666671875
2 0.40266 0.8163466671874999 0.53386 0.8301866671875 0.58784 0.8163466671874999 0.5927800000000001 0.8005066671875 0.58436 0.7708 0.5279200000000001 0.7800266671875 0.35068 0.7938933328125 0.34622 0.79256 0.36404000000000003 0.8044533328125001 0.40266 0.8163466671874999
2 0.36504 0.90032 0.47652 0.90032 0.52876 0.8697333328125 0.502 0.8731466671874999 0.4383 0.8731466671874999 0.32044 0.8493600000000001 0.32108 0.8603999999999999 0.32108 0.8833333328125 0.36504 0.90032
2 0.42636 0.86304 0.49498 0.8615466671875 0.5759000000000001 0.8570933328124999 0.60212 0.8474133328125 0.5976600000000001 0.8213866671875 0.58092 0.8221333328125 0.5346 0.83104 0.4883 0.8236000000000001 0.40625999999999995 0.8169066671874999 0.36666 0.80576 0.33483999999999997 0.8050133328125 0.32592 0.81096 0.3181 0.8317866671875 0.32480000000000003 0.8444533328125001 0.34154 0.8503999999999999 0.37726000000000004 0.8555999999999999 0.42636 0.86304
2 0.5831000000000001 0.79208 0.59232 0.8027733328125001 0.59794 0.80224 0.6192 0.7787200000000001 0.62322 0.77176 0.6188 0.7621333328125 0.61518 0.7578666671875001 0.5827 0.78408 0.5831000000000001 0.79208
2 0.57858 0.7393066671875 0.5697 0.7393066671875 0.43562 0.752 0.38098 0.7587733328125 0.36572 0.7638666671875 0.3403 0.7774133328125 0.35048 0.7841866671875 0.38098 0.7876000000000001 0.37462 0.7841866671875 0.50678 0.7816533328124999 0.5449200000000001 0.7681066671875 0.58684 0.7664 0.57858 0.7393066671875
0 0.23925999999999997 0.9335466671875 0.24394 0.9605066671875001 0.25328 0.974 0.28284 0.9864533328125 0.30386 0.9553333328125 0.3202 0.94184 0.32332 0.9179733328124999 0.3241 0.8930666671875 0.31864 0.8702400000000001 0.31086 0.8526133328125001 0.29218 0.8515733328125 0.27118000000000003 0.8588266671874999 0.24782 0.8961866671875001 0.23847999999999997 0.9023999999999999 0.23847999999999997 0.9179733328124999 0.23925999999999997 0.9335466671875