0 0.4808266671875 0.57918 0.4674666671875 0.57918 0.45274666718749995 0.5837 0.4380266671875 0.59222 0.42800000000000005 0.6108 0.4326666671875 0.6293599999999999 0.44738666718750003 0.6414 0.47816000000000003 0.65194 0.5136266671875 0.64892 0.5236533328124999 0.63888 0.5316799999999999 0.6298600000000001 0.5377066671875 0.60628 0.52432 0.58772 0.5149600000000001 0.58018 0.5056 0.57618 0.5029066671875 0.57768 0.4902133328125 0.57568 0.4808266671875 0.57918
0 0.8561866671875 0.38072 0.8614133328125 0.38244 0.8661333328125 0.38354 0.8736266671875 0.38024 0.8769066671875001 0.37706 0.8769066671875001 0.3756 0.8716799999999999 0.37046 0.8682666671874999 0.36886 0.8643466671875 0.36776 0.8568533328125 0.3674 0.8516266671875 0.37120000000000003 0.8504799999999999 0.3756 0.8561866671875 0.38072
0 0.1974133328125 0.29142 0.19456 0.30264 0.18672 0.31442000000000003 0.17530666718750001 0.30746 0.1667466671875 0.29516 0.1353866671875 0.29569999999999996 0.1410933328125 0.31656 0.1525066671875 0.32724000000000003 0.1681866671875 0.3326 0.1917066671875 0.33046000000000003 0.2052533328125 0.32672 0.21594666718750002 0.3203 0.2245066671875 0.29836 0.2252266671875 0.29569999999999996 0.2074133328125 0.29034 0.1974133328125 0.29142
0 0.2252266671875 0.22066 0.23248000000000002 0.22202000000000002 0.24093333281249998 0.20436 0.2427466671875 0.22338 0.25904 0.23016 0.2626666671875 0.20934 0.26568 0.19304 0.26386666718749996 0.18398 0.2572266671875 0.17809999999999998 0.25664 0.17764 0.2330933328125 0.18036000000000002 0.2252266671875 0.22066
0 0.2900533328125 0.14504 0.2983733328125 0.1463 0.30616 0.14545999999999998 0.3189333328125 0.14004 0.3283733328125 0.1288 0.32728 0.12004 0.31728 0.10754 0.30672 0.11004 0.27671999999999997 0.1213 0.27728 0.12672 0.2900533328125 0.13172 0.2900533328125 0.14504
0 0.29624 0.16966 0.2965333328125 0.15944 0.28045333281249996 0.15733999999999998 0.2801333328125 0.15828 0.28074666718749997 0.16918 0.28416 0.17058 0.2943733328125 0.1715 0.29624 0.16966
0 0.16999999999999998 0.47428 0.17624 0.47708000000000006 0.18456 0.47926 0.1912266671875 0.48052 0.19997333281250002 0.47990000000000005 0.20994666718750002 0.47458 0.2137066671875 0.46896000000000004 0.21536 0.46054000000000006 0.20869333281250002 0.46802 0.2016266671875 0.47363999999999995 0.1941333328125 0.47458 0.1870666671875 0.47207999999999994 0.1833066671875 0.46616 0.1841333328125 0.45054 0.1858133328125 0.44711999999999996 0.17664 0.4468 0.17624 0.44648000000000004 0.16706666718750002 0.45304 0.16541333281249998 0.46054000000000006 0.1674933328125 0.46866 0.16999999999999998 0.47428
0 0.1891466671875 0.258004 0.1968 0.267096 0.2084 0.27372 0.2044533328125 0.276188 0.2036 0.28090000000000004 0.22114666718749998 0.28886 0.2370933328125 0.28768 0.24136000000000002 0.28408 0.2424266671875 0.2805 0.2525066671875 0.27890000000000004 0.2573066671875 0.27332 0.2519733328125 0.26814 0.2573066671875 0.26216 0.25944 0.25338 0.23976000000000003 0.23106 0.2238133328125 0.22708 0.2084 0.23026 0.19936 0.24222000000000002 0.20972 0.25099 0.19352 0.25417999999999996 0.1814933328125 0.24891200000000002 0.17384 0.23982 0.1669333328125 0.24382 0.1642666671875 0.2494 0.1669333328125 0.25257999999999997 0.1743733328125 0.25658 0.1891466671875 0.258004
0 0.1634933328125 0.59866 0.17008 0.59568 0.1704 0.5940000000000001 0.16904 0.591 0.1673066671875 0.58868 0.16488 0.5868599999999999 0.15968 0.58894 0.1577866671875 0.59126 0.15848 0.5936 0.1552 0.5947600000000001 0.15728 0.5974999999999999 0.1634933328125 0.59866
0 0.0964 0.8218400000000001 0.1018133328125 0.81842 0.10407999999999999 0.82462 0.10437333281250001 0.8314600000000001 0.1074933328125 0.83102 0.12232000000000001 0.81608 0.1123466671875 0.81052 0.10351999999999999 0.81052 0.09384 0.81436 0.08898666718750001 0.8220599999999999 0.0921333328125 0.82696 0.0932533328125 0.82846 0.0964 0.8218400000000001
0 0.015066667187499999 0.8055 0.0166666671875 0.80382 0.016986667187500002 0.79872 0.0141066671875 0.79414 0.0063466671875 0.7931600000000001 0.0005333328125 0.7943800000000001 0.0005333328125 0.8118000000000001 0.00216 0.8115600000000001 0.004399999999999999 0.81326 0.007973332812500001 0.81326 0.01184 0.8103400000000001 0.015066667187499999 0.8055
0 0.8432533328125 0.35914 0.8415466671875 0.36028 0.8396800000000001 0.3617 0.8374133328125 0.3641 0.8372266671874999 0.36591999999999997 0.8379733328125001 0.36960000000000004 0.8398666671875 0.37342 0.8438133328124999 0.37652 0.8473866671874999 0.3761 0.8503999999999999 0.3761 0.85192 0.37185999999999997 0.8558666671875 0.3679 0.85136 0.36522 0.8490933328124999 0.36084 0.84608 0.35972 0.84512 0.35928 0.8432533328125 0.35914
0 0.25589333281250004 0.09814 0.2563733328125 0.09598 0.2613866671875 0.09562000000000001 0.26783999999999997 0.09330000000000001 0.27288 0.09132 0.27957333281249996 0.09006 0.28936 0.08988 0.28936 0.0888 0.28530666718750003 0.08576 0.2807733328125 0.08449999999999999 0.27408 0.08254 0.2669066671875 0.08074 0.2609066671875 0.08055999999999999 0.2528 0.0811 0.2439466671875 0.08308 0.2398933328125 0.0854 0.23773333281250003 0.08915999999999999 0.2367733328125 0.09096 0.2382133328125 0.09562000000000001 0.24010666718749998 0.09974 0.24847999999999998 0.10298 0.24967999999999999 0.10368 0.2516 0.10118 0.25589333281250004 0.09814