1 0.196265625 0.6521462265625 0.20035937499999998 0.6502358484374999 0.207140625 0.6466745281249999 0.214546875 0.64596698125 0.22195312500000003 0.6438207546875 0.230453125 0.6428537734375 0.23298437500000002 0.64096698125 0.234234375 0.62858490625 0.23314062500000002 0.6164622640624999 0.22746875000000003 0.6088443390625 0.22084375 0.6031367921874999 0.214546875 0.6010141515625 0.21076562499999998 0.598160378125 0.20540625 0.59766509375 0.20051562500000003 0.6007547171875001 0.1983125 0.6038679250000001 0.19153125 0.6048113203125001 0.18459375 0.6088443390625 0.18270312500000002 0.6183726421875 0.182875 0.6319339625 0.18617187500000001 0.644292453125 0.18396875 0.64358490625 0.18728125 0.649292453125 0.196265625 0.6521462265625
1 0.248140625 0.6549056609374999 0.248140625 0.66403301875 0.252296875 0.6731367921875 0.257578125 0.681108490625 0.262109375 0.686226415625 0.267015625 0.6879481125 0.267765625 0.6856603781249999 0.27078125000000003 0.675424528125 0.273046875 0.680542453125 0.276828125 0.6856603781249999 0.278328125 0.682240565625 0.27984375 0.6771226421875001 0.283625 0.6839622640624999 0.286265625 0.681108490625 0.287390625 0.66858490625 0.292296875 0.6776886796875 0.29493749999999996 0.6725707546875 0.2945625 0.6606132078125 0.301359375 0.6560377359375 0.2945625 0.6315566031250001 0.292296875 0.6326886796875 0.278328125 0.6298349062499999 0.271171875 0.630990565625 0.26096875 0.6321226421875 0.24890625000000002 0.6418160375 0.24739062500000003 0.6458018875 0.248140625 0.6549056609374999
1 0.345796875 0.5824056609375 0.34696875 0.6014386796875 0.34696875 0.611674528125 0.346375 0.625141509375 0.34890625000000003 0.6312971703125 0.357234375 0.630707546875 0.366359375 0.6292452828124999 0.36790625 0.6245518875 0.36324999999999996 0.613726415625 0.357828125 0.5991037734375 0.35375 0.5873820750000001 0.34967187499999997 0.5818160375 0.345796875 0.5824056609375
1 0.416546875 0.7624056609375 0.41470312500000006 0.756839621875 0.40979687499999995 0.7559198109375 0.411640625 0.7489858484374999 0.408875 0.7462028296875001 0.40304687499999997 0.7411084906250001 0.39784375 0.7443632078125 0.3990625 0.7378773578125 0.398765625 0.7253773578125 0.393859375 0.7286320749999999 0.38803125 0.7378773578125 0.38803125 0.750825471875 0.3868125 0.7656367921875 0.390171875 0.773042453125 0.39109375 0.7735141515625 0.39140625 0.773042453125 0.39968750000000003 0.7748820750000001 0.408265625 0.7748820750000001 0.41409375 0.7707311328124999 0.416546875 0.7624056609375
1 0.479609375 0.734693396875 0.478515625 0.730542453125 0.47521874999999997 0.725589621875 0.470828125 0.723089621875 0.466984375 0.7206132078125 0.46479687500000005 0.7197877359375 0.46425 0.72641509375 0.470828125 0.7371698109375 0.47631249999999997 0.7413207546875 0.47906250000000006 0.7413207546875 0.479609375 0.734693396875
1 0.583296875 0.7256839625 0.6130312499999999 0.7165801890625 0.619578125 0.704410378125 0.6190625 0.69375 0.612015625 0.6929952828125 0.6105 0.68766509375 0.609 0.680825471875 0.607984375 0.6793160375 0.60496875 0.6785377359375 0.5979062500000001 0.6793160375 0.5938749999999999 0.6815801890625 0.58934375 0.6800707546875 0.57978125 0.680825471875 0.577765625 0.6975471703125 0.57575 0.6983254718749999 0.57625 0.7256839625 0.583296875 0.7256839625
1 0.62390625 0.6386320750000001 0.622671875 0.6330896218750001 0.621140625 0.6330896218750001 0.6186875 0.632617925 0.6150156250000001 0.6298349062499999 0.6116406249999999 0.6293867921875 0.608875 0.6293867921875 0.608265625 0.6321462265625 0.607046875 0.6316981125 0.604890625 0.627523584375 0.602140625 0.627523584375 0.6015312500000001 0.630306603125 0.60090625 0.6335377359375001 0.6 0.637240565625 0.6 0.642806603125 0.60090625 0.6474292453125 0.605203125 0.6575943390625001 0.60734375 0.6617688671875 0.6079687500000001 0.663160378125 0.609796875 0.6654716984375 0.61409375 0.662240565625 0.6159375 0.6571462265625 0.62328125 0.646509434375 0.6220625 0.646509434375 0.622375 0.6404952828125 0.62390625 0.6386320750000001
1 0.454578125 0.47596698125000003 0.4525625 0.479009434375 0.4525625 0.482075471875 0.452046875 0.48971698124999996 0.452046875 0.492759434375 0.455078125 0.498867925 0.454078125 0.5042216984375 0.458125 0.5111084906250001 0.4641875 0.5164386796875 0.47178125 0.5210377359375 0.475328125 0.52790094375 0.48140625000000004 0.53096698125 0.48746875 0.5225471703125 0.491515625 0.5072877359375 0.4839375 0.49582547187500003 0.48140625000000004 0.47978773593749996 0.4743125 0.47978773593749996 0.470765625 0.48742924531250004 0.46571875 0.4828301890625 0.459640625 0.479009434375 0.454578125 0.47596698125000003
1 0.439421875 0.60084905625 0.43459375 0.595707546875 0.428328125 0.5935613203125001 0.423140625 0.5943632078125 0.416703125 0.5940801890625 0.41115625 0.59516509375 0.4066875 0.6024528296875 0.40650000000000003 0.6221698109375 0.41115625 0.6324292453125 0.41723437499999994 0.6383726421875 0.41903125 0.6391981125 0.42546875 0.6418867921875 0.42976562500000004 0.6348820749999999 0.43656249999999996 0.63459905625 0.44228125 0.621108490625 0.443171875 0.6129952828125 0.439421875 0.60084905625
3 0.20375000000000001 0.7816981125 0.20573437499999997 0.7816981125 0.21025 0.780424528125 0.21560937500000002 0.7816981125 0.218703125 0.7842452828125 0.21982812499999999 0.7842452828125 0.22321875000000002 0.78 0.22378125 0.7748820750000001 0.22209374999999998 0.7663679250000001 0.21926562500000002 0.75358490625 0.21306250000000002 0.749339621875 0.207140625 0.7514622640625 0.2015 0.7582783015625 0.19924999999999998 0.7629481124999999 0.19953125 0.768490565625 0.20206249999999998 0.7791273578125 0.20234375 0.7778537734375 0.20290625 0.7816981125 0.20375000000000001 0.7816981125
1 0.2405625 0.68471698125 0.24231250000000001 0.689292453125 0.245828125 0.6885613203125 0.244234375 0.6796462265625001 0.24375 0.6577358484375 0.238484375 0.6468867921875 0.23353125000000002 0.6459198109375001 0.23224999999999998 0.650990565625 0.2376875 0.6649528296875 0.2405625 0.68471698125
1 0.397875 0.41846698125000004 0.39660937500000004 0.42153301875000004 0.39635937499999996 0.42459905625000005 0.3933125 0.4253773578125 0.392796875 0.42613207500000005 0.39254687499999996 0.43073113281250003 0.392796875 0.43341981093750004 0.39178125 0.43573113281250003 0.390765625 0.4383962265625 0.39128124999999997 0.44108490624999996 0.392796875 0.443773584375 0.39432812500000003 0.44646226406249995 0.397625 0.44875 0.398890625 0.45106132031249996 0.400421875 0.45143867968749996 0.4011875 0.45337264218750006 0.40295312499999997 0.45450471718749996 0.404484375 0.45603773593749997 0.40626562499999996 0.4568160375 0.40753125 0.45797169843749996 0.41032812500000004 0.4568160375 0.41235937500000003 0.45950471718749997 0.413875 0.45528301875 0.41439062499999996 0.45221698125 0.416171875 0.44990566093749995 0.416421875 0.447617925 0.4176875 0.4456839625 0.418453125 0.44224056562499997 0.41795312500000004 0.43648584843749993 0.416421875 0.431509434375 0.41795312500000004 0.4272877359375 0.420484375 0.4253773578125 0.420484375 0.4223113203125 0.41795312500000004 0.4196226421875 0.416671875 0.41846698125000004 0.41515625 0.41693396250000003 0.414640625 0.4127122640625 0.41285937500000003 0.41042452812499997 0.41134375 0.41195754687499997 0.408796875 0.4142452828125 0.4011875 0.4177122640625 0.39990625 0.4177122640625 0.397875 0.41846698125000004
1 0.366140625 0.740542453125 0.369046875 0.73915094375 0.37487499999999996 0.7394339624999999 0.37889062500000004 0.7289858484375 0.37906249999999997 0.7152358484375 0.374515625 0.708089621875 0.371234375 0.7078301890625001 0.370875 0.713042453125 0.367953125 0.7091981125 0.3666875 0.7023113203125 0.36121875000000003 0.700117925 0.36103125 0.7056132078124999 0.3559375 0.7025943390625 0.35375 0.7037028296875001 0.35503125 0.7168867921875 0.352296875 0.71084905625 0.3471875 0.708089621875 0.345375 0.709457546875 0.3455625 0.7210141515624999 0.33973437500000003 0.7188207546875 0.339359375 0.7287028296875 0.334265625 0.7306367921875 0.335171875 0.7394339624999999 0.34118750000000003 0.7471226421875 0.34573437500000004 0.752358490625 0.344828125 0.7567452828125 0.345921875 0.7633490562499999 0.3515625 0.7633490562499999 0.354296875 0.7567452828125 0.354484375 0.75290094375 0.35612499999999997 0.7468632078125 0.36121875000000003 0.7465801890625 0.36267187500000003 0.7421933968750001 0.366140625 0.740542453125
3 0.236359375 0.804457546875 0.2390625 0.8012735843750001 0.23845312500000002 0.79540094375 0.23395312499999998 0.7899528296875 0.22315625 0.7899528296875 0.22165625000000003 0.7917688671875001 0.21985937500000002 0.7985613203125 0.22195312500000003 0.8067216984375 0.224359375 0.807617925 0.23065625 0.807617925 0.236359375 0.804457546875
3 0.1759375 0.804174528125 0.17684375000000002 0.8083018875000001 0.1779375 0.8118632078125 0.1799375 0.8146226421874999 0.185765625 0.8132547171875 0.19159375 0.8099528296875 0.19359375 0.807193396875 0.195046875 0.804457546875 0.196140625 0.7989622640625 0.19632812500000002 0.7931839625 0.19596875 0.7893396218750001 0.19578125 0.7865801890624999 0.19468749999999999 0.7835613203125 0.1925 0.78108490625 0.189953125 0.77971698125 0.187046875 0.778608490625 0.182296875 0.7780660375 0.177203125 0.778325471875 0.17228125 0.7816273578125 0.166828125 0.789882075 0.167546875 0.79483490625 0.173921875 0.7986792453125 0.1759375 0.804174528125
3 0.220890625 0.8041981125 0.21779687499999997 0.8012028296875 0.21570312500000002 0.8008726421875 0.21160937500000002 0.802523584375 0.20807812499999997 0.805707546875 0.20553125 0.8115566031249999 0.20640624999999999 0.8168867921875 0.223109375 0.8115566031249999 0.22354687499999998 0.8073820749999999 0.220890625 0.8041981125
3 0.1165 0.82733490625 0.110671875 0.8295283015624999 0.10721875 0.8366745281249999 0.106671875 0.8449292453125 0.12506250000000002 0.8418867921875 0.11978124999999999 0.828160378125 0.1165 0.82733490625
3 0.160578125 0.8286792453125 0.1705 0.830707546875 0.177265625 0.824575471875 0.17953125 0.81709905625 0.177265625 0.7987028296875 0.17095312499999998 0.7912028296875 0.16734374999999999 0.7901886796875 0.16125 0.7901886796875 0.1538125 0.7946226421875 0.152 0.79596698125 0.15267187499999998 0.8085849062499999 0.160578125 0.8286792453125
3 0.1834375 0.7782075468749999 0.1920625 0.779882075 0.191953125 0.7727122640624999 0.192828125 0.7687028296875 0.1935 0.7626886796875 0.192171875 0.761509434375 0.1901875 0.7610141515625 0.187203125 0.7586792453125 0.184984375 0.7555188671875 0.183546875 0.7518396218750001 0.183546875 0.7496698109375 0.18078125 0.74766509375 0.17834375 0.75 0.17171875 0.757523584375 0.16840625 0.7618632078124999 0.16795312499999998 0.7720283015625 0.172375 0.7808726421875 0.17415624999999998 0.779056603125 0.178578125 0.7778773578125 0.1834375 0.7782075468749999
3 0.185359375 0.823325471875 0.20051562500000003 0.8194339625 0.20470312499999999 0.8160141515625 0.19824999999999998 0.8084669812499999 0.19503125 0.8072641515625 0.19278125 0.8099292453125001 0.185203125 0.8123584906250001 0.18035937500000002 0.8150471703125 0.17875000000000002 0.82233490625 0.177296875 0.823325471875 0.177296875 0.82721698125 0.185359375 0.823325471875
1 0.246640625 0.592806603125 0.240125 0.5933018875 0.23360937499999998 0.6001886796875 0.232625 0.62528301875 0.23718750000000002 0.63266509375 0.23946874999999998 0.643490565625 0.24729687500000003 0.64596698125 0.254796875 0.63858490625 0.26784375 0.6361084906250001 0.27337500000000003 0.6292216984375 0.280234375 0.6193867921875 0.282515625 0.6139622640625 0.278921875 0.5937971703125 0.27468750000000003 0.58641509375 0.269140625 0.582476415625 0.260671875 0.5903537734375 0.25903125 0.588867925 0.251859375 0.592806603125 0.246640625 0.592806603125
1 0.10320581874999998 0.6104017578125001 0.10137499999999999 0.6219339625 0.10264423125 0.638969521875 0.078125 0.636792453125 0.078125 0.64858490625 0.0859375 0.6768867921874999 0.09375 0.6910377359375001 0.1078125 0.7051886796875 0.1328125 0.7146226421875 0.1625 0.733490565625 0.1890625 0.733490565625 0.2078125 0.719339621875 0.2515625 0.719339621875 0.253125 0.72641509375 0.2453125 0.75471698125 0.246875 0.7971698109375 0.2609375 0.8301886796875 0.271875 0.8419811328125 0.284375 0.849056603125 0.325 0.849056603125 0.33125 0.8443396218749999 0.34375 0.8443396218749999 0.371875 0.8231132078125001 0.4125 0.8136792453125 0.425 0.8042452828125001 0.434375 0.8042452828125001 0.459375 0.7877358484375 0.4734375 0.76415094375 0.478125 0.761792453125 0.490625 0.742924528125 0.496875 0.72641509375 0.5015625 0.6981132078125001 0.501171875 0.6863207546875 0.503017240625 0.6829863375 0.534375 0.6886792453125 0.5328125 0.7146226421875 0.5390625 0.7216981125 0.5484375 0.75471698125 0.55625 0.768867925 0.5671875 0.780660378125 0.5796875 0.7877358484375 0.615625 0.7877358484375 0.621875 0.7830188671875 0.6515625 0.7783018875 0.6921875 0.752358490625 0.7078125 0.72641509375 0.7171875 0.6863207546875 0.7984375 0.6863207546875 0.8109375 0.6933962265625 0.8296875 0.6933962265625 0.8578125 0.7028301890625 0.9265625 0.7028301890625 0.94375 0.6910377359375001 0.959375 0.6650943390624999 0.965625 0.636792453125 0.965625 0.613207546875 0.9609375 0.5731132078125001 0.9578125 0.5683962265625 0.95 0.5683962265625 0.94375 0.5589622640624999 0.9265625 0.5471698109375 0.8734375 0.5471698109375 0.8140625 0.530660378125 0.703125 0.5283018875 0.703125 0.50471698125 0.7078125 0.49528301875 0.7078125 0.48584905625 0.703125 0.47641509375 0.69375 0.47641509375 0.6890625 0.48349056562500003 0.6890625 0.497641509375 0.6921875 0.502358490625 0.6860576921875 0.50988751875 0.6886029406249999 0.5138734734375 0.6834558828125 0.5230299671875 0.679927884375 0.5174165453125 0.6615384609375 0.540003628125 0.6625 0.5471698109375 0.6375 0.5471698109375 0.6328125 0.5542452828125 0.63125 0.5636792453125 0.63701923125 0.5701197375 0.6364583328125 0.5746855359375 0.6308894234375 0.5776487671874999 0.6002403843749999 0.615293903125 0.6 0.622641509375 0.5941105765625 0.62282293125 0.5879807687499999 0.630351959375 0.5609375 0.62971698125 0.5453125 0.6533018875 0.5380208328125 0.6768867921874999 0.50078125 0.6745283015625 0.5 0.650943396875 0.490625 0.62028301875 0.4546875 0.5707547171875 0.434375 0.5566037734375 0.325 0.5566037734375 0.3125 0.5636792453125 0.3015625 0.5754716984375 0.2875 0.608490565625 0.2796875 0.62028301875 0.2765625 0.61415094375 0.2609375 0.613836478125 0.2671875 0.5825471703125 0.2609375 0.5919811328125 0.2578125 0.5896226421875 0.259375 0.5754716984375 0.2515625 0.5683962265625 0.2328125 0.5589622640624999 0.2015625 0.5589622640624999 0.1921875 0.5542452828125 0.1171875 0.5542452828125 0.1046875 0.5613207546875 0.09375 0.5731132078125001 0.084375 0.5951257859375 0.0875269390625 0.6075553015625 0.0796875 0.606132075 0.078125 0.6155660375 0.093625 0.6198113203125 0.0953663796875 0.60897853125 0.10320581874999998 0.6104017578125001