0 0.5914869281249999 0.9119607843749999 0.5837418296875 0.9022875812500001 0.5779411765625 0.8977614375 0.5734150328125 0.8938888890625 0.5650326796875 0.8906699343750001 0.55986928125 0.8887418296874999 0.5566339874999999 0.8887418296874999 0.545669934375 0.889379084375 0.5437418296875001 0.889379084375 0.53728758125 0.8913071890625 0.5347058828125 0.8925980390625 0.5314705875 0.8945424843750001 0.524379084375 0.9022875812500001 0.523725490625 0.9061601312500001 0.522434640625 0.910669934375 0.5230882359375 0.9158333328125 0.5301797390625 0.9216503265625 0.5405065359375001 0.942303921875 0.551486928125 0.9429411765625 0.5747058828125 0.9442320265624999 0.5863235296875 0.933905228125 0.5914869281249999 0.9119607843749999
0 0.42919934687500005 0.8161928109375 0.4428594765625 0.8190359484374999 0.46166666718749994 0.8127614375000001 0.4679248359375 0.805931371875 0.4627941171875 0.778594771875 0.4474183 0.770620915625 0.42519607812500004 0.7717483656249999 0.4126797390625 0.7882679734375 0.414379084375 0.7911274515625 0.42919934687500005 0.8161928109375
0 0.42740196093750005 0.77150326875 0.45287581718750003 0.7723856203125 0.46223856249999995 0.7665359484375001 0.46692810468749996 0.7504248359375 0.46137254843750003 0.7258333328125001 0.4519934640625 0.719395425 0.4388235296875 0.7191013078124999 0.42740196093750005 0.720277778125 0.4151143796875 0.7302287578125 0.4104248359375 0.7407679734375 0.4080882359375 0.753643790625 0.42066993437500005 0.769460784375 0.42740196093750005 0.77150326875
0 0.414199346875 0.7681372546875 0.41710784375000004 0.7659477125 0.4083496734375 0.7455228765624999 0.4163725484375 0.7250980390625 0.40032679687500006 0.7170751640625 0.389395425 0.7229084968749999 0.374803921875 0.7323856203125 0.374803921875 0.7469771234375 0.385016340625 0.76668300625 0.392303921875 0.7710457515625 0.39887254843750003 0.7710457515625 0.414199346875 0.7681372546875
0 0.2895098046875 0.64642156875 0.28797385625 0.6525980390624999 0.2895098046875 0.664199346875 0.292222221875 0.6717320265625 0.3119281046875 0.6728758171875 0.3366339875 0.6703758171875001 0.338382353125 0.6516339875 0.3347058828125 0.6416013078125 0.327565359375 0.6352287578125 0.31926470625 0.6311601312499999 0.3053594765625 0.6311601312499999 0.2968627453125 0.636568628125 0.2929901953125 0.6404411765625 0.2895098046875 0.64642156875
0 0.5350326796875 0.9654248359375 0.5435620921875 0.94305555625 0.5297058828125001 0.9206862750000001 0.50521241875 0.9142810453125 0.495620915625 0.9238725484374999 0.495620915625 0.93133986875 0.524379084375 0.9739542484375001 0.5350326796875 0.9654248359375
0 0.3386928109375 0.6647875812499999 0.3401143796875 0.668725490625 0.3659640515625 0.6611928109375 0.368120915625 0.655457515625 0.369199346875 0.6482679734375 0.3641666671875 0.6392973859375 0.3512418296875 0.630686275 0.33797385625 0.6285294125 0.3361764703125 0.6396568625 0.3397549015625 0.6486274515625 0.3386928109375 0.6647875812499999
0 0.590882353125 0.9080228765625 0.5915849671875 0.9139052281250001 0.590882353125 0.9177124187500001 0.5919281046875 0.9249673203125001 0.59400326875 0.925669934375 0.6061111109375 0.9274019609374999 0.6092156859375 0.92289215625 0.6157843140625 0.909722221875 0.6144117640625 0.90349673125 0.6116339875000001 0.8941666671874999 0.607826796875 0.8844771234375 0.602647059375 0.8786111109375 0.5946895421875 0.8734150328125001 0.587091503125 0.87168300625 0.5780882359375 0.87202614375 0.5670261437499999 0.8761764703124999 0.561486928125 0.8786111109375 0.5521568625 0.8886274515625001 0.5791339875 0.8952287578125 0.5839705875 0.9025000000000001 0.590882353125 0.9080228765625
0 0.5843954250000001 0.7168464046875 0.5717973859375001 0.711143790625 0.55323529375 0.7151797390625 0.5480065359374999 0.7325490203125 0.55323529375 0.7461111109375 0.5594281046875 0.747777778125 0.562516340625 0.7425326796875 0.5722712421875 0.7365849671875 0.5884313718749999 0.7356372546875 0.59129085 0.731356209375 0.5843954250000001 0.7168464046875
0 0.749313725 0.8163071890625 0.732696078125 0.8124673203125001 0.7186437906250001 0.8252450984375 0.7156699343749999 0.8405718953125 0.7190686281249999 0.8529248359375 0.7288725484375 0.8588725484375 0.7318464046875001 0.8584477125 0.7599509796875 0.8584477125 0.7659150328125001 0.8461111109375 0.7629248359374999 0.8269444437500001 0.749313725 0.8163071890625
0 0.386617646875 0.7809150328125 0.386617646875 0.77120915 0.3844281046875 0.7641666671875 0.3757026140625 0.7530065359375 0.36331699375 0.7459640515625 0.3441503265625 0.743300653125 0.3385620921875 0.749117646875 0.327647059375 0.759068628125 0.3225490203125 0.7636764703125001 0.32207516406250003 0.772173203125 0.3589542484375 0.7891666671875 0.366960784375 0.7898856203125 0.3774019609375 0.7898856203125 0.386617646875 0.7809150328125
0 0.52168300625 0.9119607843749999 0.5243627453124999 0.9023366015625 0.5323856203124999 0.8916339875 0.545751634375 0.886830065625 0.540408496875 0.8782679734375 0.5414705875 0.8707843140625 0.5361274515625001 0.86650326875 0.52918300625 0.8638235296874999 0.5249019609375 0.8638235296874999 0.5115359484375 0.8675653593750001 0.508856209375 0.8675653593750001 0.49815359531250003 0.8777287578124999 0.49763071875 0.8905718953124999 0.5125980390625 0.9017973859374999 0.52168300625 0.9119607843749999
0 0.62763071875 0.7003921562500001 0.6157189546875 0.698905228125 0.6008333328125001 0.701879084375 0.6008333328125001 0.721225490625 0.6186928109375 0.7316339875 0.6283660125 0.721225490625 0.630604575 0.7137745093750001 0.62763071875 0.7003921562500001