1 0.46596875000000004 0.11379391093749999 0.460078125 0.1177283375 0.46465625 0.1471428578125 0.469234375 0.1500702578125 0.470546875 0.1275175640625 0.46596875000000004 0.11379391093749999
1 0.8059687500000001 0.10473067968750001 0.8000937499999999 0.11444964843750001 0.797015625 0.12185011718750001 0.796078125 0.1371194375 0.797625 0.1533255265625 0.801953125 0.15470725937500002 0.806265625 0.1533255265625 0.81059375 0.1505386421875 0.8124375 0.1505386421875 0.8198593750000001 0.1440749421875 0.822328125 0.1371194375 0.82540625 0.1362060890625 0.8315781250000001 0.1325058546875 0.8331250000000001 0.138524590625 0.8380625 0.138524590625 0.8439375 0.1352693203125 0.8442343749999999 0.1352693203125 0.84609375 0.1431381734375 0.850421875 0.1431381734375 0.8547343749999999 0.140843090625 0.8612187499999999 0.12093676874999999 0.86153125 0.0996487125 0.8596718750000001 0.084847775 0.8547343749999999 0.06679156875 0.8488749999999999 0.059391099999999995 0.843 0.05615925000000001 0.8383749999999999 0.0589461359375 0.83065625 0.05615925000000001 0.824171875 0.073747071875 0.81584375 0.0913348953125 0.8059687500000001 0.10473067968750001
1 0.9264687500000001 0.10276346562500001 0.938671875 0.110491803125 0.9471093749999999 0.10065573750000001 0.960234375 0.0521545671875 0.971484375 0.000843090625 0.939140625 0.000140515625 0.936796875 0.01770491875 0.9320937499999999 0.0289461359375 0.9250624999999999 0.09644028125000001 0.9264687500000001 0.10276346562500001
1 0.911109375 0.2429274 0.9164687499999999 0.2487822015625 0.9252499999999999 0.246580796875 0.9291562499999999 0.24512880625000003 0.9330468749999999 0.26046838437500003 0.943296875 0.26997658125 0.9554843749999999 0.26194379375 0.9579375000000001 0.2568149890625 0.959875 0.24 0.9608593750000001 0.2326932078125 0.9554843749999999 0.22098360625 0.947203125 0.2188056203125 0.9428124999999999 0.21807962500000003 0.9345156250000001 0.21807962500000003 0.9272031249999999 0.2202576109375 0.9232968749999999 0.2173302109375 0.9155 0.22098360625 0.913546875 0.227564403125 0.913546875 0.2370726 0.911109375 0.2429274
1 0.916015625 0.1563934421875 0.9114531250000001 0.168899296875 0.914875 0.1819672125 0.9307968750000001 0.1842388765625 0.9493750000000001 0.18594847812499998 0.958859375 0.17798594843749999 0.961515625 0.17173302031249998 0.955453125 0.1655035125 0.935734375 0.15412177968750002 0.930046875 0.1484309140625 0.9266249999999999 0.1495784546875 0.916015625 0.1563934421875
1 0.7677968749999999 0.131920375 0.756046875 0.1332786890625 0.7460625000000001 0.0965105390625 0.75059375 0.062482435937500004 0.75059375 0.0475175640625 0.73515625 0.02709601875 0.7242656249999999 0.029812646874999998 0.717 0.048875878125 0.713359375 0.067939109375 0.713359375 0.0869789234375 0.7052343750000001 0.11421545625 0.7052343750000001 0.135995315625 0.7106874999999999 0.141428571875 0.731578125 0.129180328125 0.735203125 0.129180328125 0.73778125 0.1373536296875 0.732328125 0.21901639374999998 0.742328125 0.228548009375 0.758671875 0.1509601875 0.7677968749999999 0.131920375
1 0.706328125 0.1579859484375 0.70509375 0.1455035125 0.7091093749999999 0.139484778125 0.70509375 0.1366978921875 0.70603125 0.1255971890625 0.698625 0.128384075 0.6980000000000001 0.1200468390625 0.6936718749999999 0.12744730625 0.691515625 0.1126463703125 0.686265625 0.11217798593749999 0.686578125 0.124683840625 0.676390625 0.12098360625 0.6720625 0.1255971890625 0.673 0.138548009375 0.679171875 0.1464168625 0.68040625 0.1542857140625 0.677625 0.16030445 0.676078125 0.1765105390625 0.67978125 0.18391100625 0.6742343749999999 0.190843090625 0.6800937499999999 0.2028805625 0.6819531249999999 0.208899296875 0.677625 0.21674473125 0.6825625 0.22416861875 0.681640625 0.2264637 0.68471875 0.2324824359375 0.69059375 0.2287822015625 0.6949062500000001 0.23480093750000003 0.702015625 0.22416861875 0.698921875 0.21444964843749997 0.70078125 0.20749414531250002 0.702328125 0.1968618265625 0.7032499999999999 0.188524590625 0.70046875 0.1825058546875 0.6980000000000001 0.17557377031250002 0.697078125 0.1690866515625 0.699234375 0.163091334375 0.706328125 0.1579859484375
1 0.9839062500000001 0.0912177984375 0.9984375 0.010093676562499999 0.97203125 0.0081498828125 0.9469375 0.1090866515625 0.9376875 0.1347775171875 0.9614687500000001 0.13278688593750002 0.9839062500000001 0.0912177984375
1 0.9148125 0.1118266984375 0.92665625 0.09852459062499999 0.9385 0.0363934421875 0.936515625 0.012716628125 0.9296093750000001 0.0023653390625 0.84571875 0.0082903984375 0.8388125000000001 0.0156908671875 0.8309218749999999 0.0511943796875 0.8546093750000001 0.06744730625 0.8684218749999999 0.11922716562499999 0.9148125 0.1118266984375
1 0.615234375 0.16901639375 0.6116875 0.182763465625 0.6128750000000001 0.20494145156250002 0.62234375 0.220491803125 0.636265625 0.2213583140625 0.658765625 0.21426229531250002 0.667640625 0.200515221875 0.67178125 0.1805386421875 0.682140625 0.165011709375 0.681546875 0.13351288125 0.66496875 0.1264168625 0.64928125 0.1264168625 0.6430625 0.13128805625 0.631234375 0.1428337234375 0.62353125 0.145948478125 0.61790625 0.15925058593750002 0.615234375 0.16901639375
1 0.4991875 0.22677595625000002 0.4960625 0.23313817343749998 0.5001562500000001 0.24 0.497984375 0.24468384062499998 0.504 0.25152224843750004 0.505203125 0.256932084375 0.5163191968749999 0.2361559046875 0.5174000000000001 0.237259953125 0.52153125 0.262224825 0.5313749999999999 0.2491100703125 0.5331875 0.23325526875000002 0.538296875 0.22234192031250002 0.537203125 0.2185011703125 0.5419375 0.2070257609375 0.532993303125 0.2049916375 0.54771875 0.1788056203125 0.550125 0.1572131140625 0.541109375 0.1491100703125 0.530296875 0.160819671875 0.524296875 0.156299765625 0.52009375 0.1464168625 0.50928125 0.1383138171875 0.500875 0.13740046875 0.51326875 0.21229508125000002 0.49678125 0.21440281093750002 0.4958125 0.2162060890625 0.4991875 0.22677595625000002
1 0.7497499999999999 0.091147540625 0.751296875 0.11599531562500001 0.761609375 0.1177283375 0.762765625 0.1280327875 0.77421875 0.121147540625 0.786828125 0.126299765625 0.80059375 0.121147540625 0.8280937500000001 0.062740046875 0.8338281249999999 0.038688525 0.834984375 0.018079625 0.82925 0.018079625 0.82465625 0 0.784546875 0.0008899296875000001 0.769234375 0.011592506249999999 0.779953125 0.0163466046875 0.76740625 0.0174707265625 0.7515625 0.0452459015625 0.744421875 0.08679156875 0.7497499999999999 0.091147540625
1 0.41981250000000003 0.10180327812500001 0.407546875 0.12775175625 0.41331249999999997 0.1364168625 0.42774999999999996 0.147236534375 0.437125 0.164543325 0.44940625 0.164543325 0.453 0.153723653125 0.4645625 0.147236534375 0.46167187500000006 0.11262295156249999 0.455171875 0.10180327812500001 0.44145312499999995 0.0899063234375 0.432078125 0.0974707265625 0.42774999999999996 0.1147775171875 0.41981250000000003 0.10180327812500001