1 0.5707962531249999 0.459703125 0.5192505859375001 0.499015625 0.4492740046875 0.535859375 0.46032786875 0.54815625 0.4897892265625 0.555515625 0.526604215625 0.555515625 0.552388759375 0.54815625 0.589227165625 0.543234375 0.552388759375 0.57271875 0.5634426234375 0.58746875 0.5671194374999999 0.58746875 0.589227165625 0.585 0.6923419203125001 0.54815625 0.7586182671875 0.5456875 0.8322716625 0.499015625 0.85067915625 0.449875 0.85067915625 0.363875 0.81386416875 0.327015625 0.7844028109375001 0.307359375 0.72548009375 0.302453125 0.6923419203125001 0.299984375 0.6702341921875 0.29507812499999997 0.6555035124999999 0.280328125 0.6260421546875 0.287703125 0.6297189703125 0.302453125 0.63709601875 0.319640625 0.63709601875 0.307359375 0.6444496484375 0.34421875 0.6260421546875 0.38353125 0.614988290625 0.413015625 0.5707962531249999 0.459703125
3 0.12395784531250001 0.319296875 0.151311475 0.350375 0.19384075 0.36389062499999997 0.2211943796875 0.36590625 0.2363700234375 0.358484375 0.2515690859375 0.334828125 0.2353629984375 0.31320312499999997 0.22320843125 0.299015625 0.19384075 0.286859375 0.1887822015625 0.288203125 0.1482669796875 0.291578125 0.12395784531250001 0.319296875
3 0.24177985937500002 0.307265625 0.24177985937500002 0.315953125 0.2482903984375 0.32751562500000003 0.2547775171875 0.33909375 0.2649180328125 0.349703125 0.27718969531250004 0.352109375 0.29599531562500003 0.349703125 0.318384075 0.352109375 0.32777517500000003 0.347296875 0.3429508203125 0.336203125 0.3487353625 0.315953125 0.3429508203125 0.294734375 0.335011709375 0.277859375 0.32777517500000003 0.271109375 0.314051521875 0.26628124999999997 0.2966978921875 0.264359375 0.2902107734375 0.2653125 0.2670726 0.270625 0.25044496562499996 0.28075 0.2425058546875 0.28990625 0.24177985937500002 0.307265625
3 0.24751756406249997 0.28203125 0.25859484843749997 0.273015625 0.27641686249999997 0.267265625 0.2930210765625 0.26521875 0.3096252921875 0.267671875 0.3108665109375 0.25946875 0.305316159375 0.2459375 0.29056206093750003 0.23240625 0.2622716625 0.22214062499999998 0.232763465625 0.225015625 0.21063231875000002 0.22746875000000003 0.1971194375 0.237734375 0.1891100703125 0.248390625 0.18665105312500002 0.270953125 0.19772833750000002 0.28490625 0.2358548015625 0.30007812500000003 0.24077283437500002 0.3013125 0.2413817328125 0.29515625 0.24751756406249997 0.28203125
3 0.317587821875 0.54490625 0.29775175625 0.5515156250000001 0.280772834375 0.56190625 0.270843090625 0.583625 0.2751053859375 0.605359375 0.31615925 0.6270781249999999 0.37421545625 0.622359375 0.401124121875 0.59590625 0.3968618265625 0.581734375 0.3657142859375 0.5666249999999999 0.34163934375 0.54584375 0.317587821875 0.54490625
0 0.4322014046875 0.40170312499999994 0.452084309375 0.40584375 0.4781498828125 0.414125 0.505456675 0.398390625 0.516627634375 0.38265625000000003 0.5228337234375 0.364421875 0.5191100703125 0.35365625 0.5066978921875 0.342890625 0.47442622968750003 0.32632812499999997 0.42227166250000003 0.33378125000000003 0.42103044531249995 0.33378125000000003 0.4036533953125 0.346203125 0.393723653125 0.36193749999999997 0.3912412171875 0.388453125 0.3924824359375 0.390109375 0.4036533953125 0.396734375 0.4322014046875 0.40170312499999994
0 0.2102576109375 0.52090625 0.2321779859375 0.534796875 0.26175644062500003 0.53771875 0.3121545671875 0.527484375 0.32969555 0.512140625 0.33517564375000003 0.49604687500000005 0.3318735359375 0.47046875000000005 0.32969555 0.46754687500000003 0.2968149890625 0.47265625 0.267236534375 0.468265625 0.23655737656250003 0.45803125 0.21901639374999998 0.46900000000000003 0.20039812656249997 0.48873437500000005 0.19819672187499998 0.501171875 0.2102576109375 0.52090625
0 0.5005386421875 0.46759375 0.522224825 0.495796875 0.5325058546875 0.494265625 0.58163934375 0.45921874999999995 0.6113348953125 0.42415624999999996 0.59648711875 0.424921875 0.5462295078125 0.421875 0.53709601875 0.41271874999999997 0.5348009375 0.413484375 0.4993911 0.437875 0.5005386421875 0.46759375
0 0.479180328125 0.55540625 0.4686651046875 0.5526093750000001 0.4644496484375 0.559625 0.459203746875 0.567328125 0.4476346609375 0.575046875 0.45604215468750003 0.591875 0.4728571421875 0.601703125 0.49283372343750004 0.609421875 0.515971896875 0.606609375 0.5390866515625 0.601 0.556955503125 0.5904843750000001 0.6368384078125 0.6136250000000001 0.6778454328125 0.598890625 0.6914988296875 0.5820624999999999 0.6957142859375 0.57225 0.69255269375 0.563125 0.690444965625 0.554015625 0.6820374703125001 0.54840625 0.6652224828125 0.563125 0.6347306796875001 0.575046875 0.6126697890624999 0.5820624999999999 0.5905854796875001 0.584171875 0.576932084375 0.586265625 0.5559016390625 0.58696875 0.5433021078125 0.5820624999999999 0.54644028125 0.572953125 0.55906323125 0.5568125 0.56325526875 0.549796875 0.54224824375 0.55190625 0.528571428125 0.55540625 0.49177985937499996 0.558921875 0.479180328125 0.55540625
0 0.49241217812500004 0.42603125000000003 0.47194379375000006 0.412921875 0.42606557343749996 0.405265625 0.390843090625 0.41346875 0.375292740625 0.42221875000000003 0.375292740625 0.42985937500000004 0.37693208437500003 0.44025 0.36709601875 0.45992187500000004 0.37693208437500003 0.46865625 0.3990398125 0.48559374999999994 0.41215456718750004 0.49434374999999997 0.44409836093750005 0.49270312499999996 0.469484778125 0.49215625 0.483395784375 0.4845 0.49487119375 0.471390625 0.503067915625 0.446796875 0.49241217812500004 0.42603125000000003
3 0.5729742390625 0.2455 0.5713817328124999 0.234859375 0.5681733015625 0.21573437499999998 0.5554332546875 0.20617187499999998 0.5442857140624999 0.202984375 0.5060421546875 0.19659374999999998 0.48693208437499996 0.20084375 0.48215456718749994 0.22954687499999998 0.4662060890625 0.256125 0.5028571421875 0.2678125 0.5124121781250001 0.2625 0.564988290625 0.25187499999999996 0.5729742390625 0.2455
3 0.47302107656250003 0.29809375 0.47302107656250003 0.3118125 0.47655737656249997 0.326703125 0.49063231875 0.33728125000000003 0.51002341875 0.34550000000000003 0.5311475406249999 0.34825 0.5546370015625001 0.345890625 0.570491803125 0.34040625 0.57871194375 0.334921875 0.5857611234375 0.327484375 0.58871194375 0.323171875 0.5957611234375 0.31846874999999997 0.6039812640625 0.312984375 0.6098360656249999 0.3000625 0.6098360656249999 0.289484375 0.6027868859375001 0.274984375 0.5945667453125 0.266359375 0.5828337234375 0.2593125 0.5587587828125 0.25578124999999996 0.5329273999999999 0.25853125 0.5047306796875 0.264796875 0.4959250578125 0.272234375 0.48594847812499997 0.278125 0.4771428578125 0.28634375 0.47302107656250003 0.29809375
3 0.626604215625 0.29171874999999997 0.6342857140625 0.29115625 0.6402576109375 0.285453125 0.6718501171875 0.285453125 0.6914988296875 0.282609375 0.705152225 0.275203125 0.711124121875 0.262671875 0.6889461359375 0.23360937499999998 0.646252928125 0.23931249999999998 0.6189227171875 0.253546875 0.6163700234375 0.27178125 0.62063231875 0.286015625 0.626604215625 0.29171874999999997
3 0.3708899296875 0.201484375 0.3639578453125 0.171453125 0.3501170953125 0.15875 0.322412178125 0.143734375 0.27740046875 0.14834375 0.2600702578125 0.15759375 0.2462295078125 0.176078125 0.2462295078125 0.20379687500000002 0.2652693203125 0.2234375 0.30510538593750003 0.233828125 0.33107728281250004 0.233828125 0.360491803125 0.213046875 0.3708899296875 0.201484375
3 0.0899063234375 0.49620312499999997 0.0947306796875 0.507625 0.114051521875 0.521375 0.1438875875 0.5289843750000001 0.1601170953125 0.527234375 0.1772131140625 0.523140625 0.19564402812499998 0.509078125 0.20135831406250002 0.48215624999999995 0.19829039843750002 0.45785937499999996 0.188196721875 0.44556250000000003 0.172388759375 0.43823437500000006 0.15353630000000001 0.43618750000000006 0.13906323125 0.43678125 0.122388759375 0.43970312500000003 0.098688525 0.451703125 0.0899063234375 0.47278125 0.0899063234375 0.49620312499999997
3 0.208196721875 0.43709375 0.21014051562499997 0.41967187499999997 0.209156909375 0.395796875 0.222716628125 0.369328125 0.2159250578125 0.36739062499999997 0.167564403125 0.358359375 0.136627634375 0.38159375 0.125011709375 0.3964375 0.125011709375 0.41321874999999997 0.138548009375 0.43257812500000004 0.184988290625 0.44160937499999997 0.193700234375 0.44225000000000003 0.214964871875 0.443546875 0.208196721875 0.43709375
3 0.36536299843750003 0.57125 0.39402810312500003 0.582953125 0.4259016390625 0.581890625 0.44819672187500004 0.5701875000000001 0.4609601875 0.5585 0.46573770468750003 0.5415 0.45456674531249996 0.518109375 0.435456675 0.506421875 0.3988056203125 0.49684375000000003 0.36536299843750003 0.505359375 0.343044496875 0.521296875 0.343044496875 0.5425625000000001 0.36536299843750003 0.57125