1 0.694203125 0.3279791671875 0.705953125 0.3279791671875 0.714171875 0.3275833328125 0.7171093749999999 0.3228958328125 0.7188749999999999 0.3127083328125 0.71740625 0.3044791671875 0.71740625 0.2946875 0.7109375 0.290375 0.70653125 0.290375 0.70653125 0.2966458328125 0.701828125 0.2974166671875 0.6959531250000001 0.299375 0.68978125 0.2954583328125 0.678625 0.2954583328125 0.6795 0.2923333328125 0.673921875 0.3056458328125 0.674515625 0.3264166671875 0.677734375 0.3275833328125 0.694203125 0.3279791671875
1 0.6868125 0.2632291671875 0.6989375 0.2597708328125 0.704140625 0.2586041671875 0.70846875 0.24937499999999999 0.712796875 0.2412916671875 0.7093281250000001 0.2355 0.704140625 0.2308958328125 0.6989375 0.23435416718750002 0.692875 0.2355 0.6859375 0.2355 0.68246875 0.2355 0.6738125 0.2458958328125 0.674671875 0.26208333281249996 0.6816093750000001 0.2632291671875 0.6868125 0.2632291671875
1 0.7244843750000001 0.4394583328125 0.723546875 0.4421875 0.722921875 0.44722916718750005 0.7262187499999999 0.4487083328125 0.73 0.44114583281249997 0.72984375 0.43568749999999995 0.727796875 0.4310625 0.722921875 0.4270833328125 0.7184999999999999 0.43147916718749996 0.7248125 0.434 0.7244843750000001 0.4394583328125
1 0.655078125 0.2626458328125 0.672046875 0.2635416671875 0.6740468749999999 0.24666666718750002 0.6700468749999999 0.2373541671875 0.6610625 0.2368958328125 0.655734375 0.22891666718749998 0.6487499999999999 0.2386875 0.635765625 0.2537708328125 0.641765625 0.25997916718749997 0.64275 0.2604166671875 0.655078125 0.2626458328125
1 0.669078125 0.2814791671875 0.674421875 0.2850625 0.6758437500000001 0.28791666718750003 0.680671875 0.2914791671875 0.686734375 0.2952916671875 0.6936875 0.2969583328125 0.6976093750000001 0.2986041671875 0.706 0.29670833281250003 0.70778125 0.29100000000000004 0.707953125 0.2819583328125 0.7049218749999999 0.2750625 0.70421875 0.2755416671875 0.674421875 0.2760208328125 0.669078125 0.2814791671875
1 0.428109375 0.31462500000000004 0.428109375 0.31502083281250004 0.426921875 0.3185416671875 0.43134375 0.3134583328125 0.43339062500000003 0.3154166671875 0.44103125 0.30914583281249997 0.441625 0.31385416718750003 0.44456249999999997 0.3130625 0.44396874999999997 0.32325 0.448078125 0.3240416671875 0.45367187500000006 0.3205 0.45748437500000005 0.3118958328125 0.45601562500000004 0.2993541671875 0.45014062499999996 0.2895625 0.439265625 0.2844583328125 0.4328125 0.2872083328125 0.4219375 0.2879791671875 0.42634375 0.2930833328125 0.42928125 0.2977916671875 0.428109375 0.31462500000000004
1 0.10704687500000001 0.2078333328125 0.108640625 0.21252083281249998 0.114078125 0.2188958328125 0.11567187500000001 0.2193333328125 0.1191875 0.22272916718750002 0.12078124999999999 0.2206041671875 0.125578125 0.22272916718750002 0.1278125 0.22189583281249997 0.13259375 0.2235833328125 0.13579687499999998 0.2193333328125 0.139625 0.21677083281249998 0.140578125 0.20954166718749997 0.141859375 0.20187499999999997 0.139625 0.19379166718750002 0.1370625 0.1895208328125 0.1341875 0.1878333328125 0.1278125 0.1873958328125 0.124296875 0.1873958328125 0.11695312499999999 0.1878333328125 0.11025 0.18995833281250002 0.106734375 0.1959166671875 0.10578125000000001 0.20187499999999997 0.10704687500000001 0.2078333328125
1 0.07065625 0.2038958328125 0.07065625 0.2127916671875 0.07368749999999999 0.2176458328125 0.07468749999999999 0.2200625 0.0763125 0.224375 0.07975 0.2225 0.080953125 0.2246458328125 0.085609375 0.22814583281249998 0.09085937499999999 0.2257291671875 0.0953125 0.2225 0.100359375 0.2149375 0.101765625 0.2073958328125 0.09753125 0.1958125 0.09590625 0.1955416671875 0.09085937499999999 0.20147916718749997 0.085203125 0.20256249999999998 0.082984375 0.19958333281250001 0.083390625 0.1944791671875 0.077125 0.1958125 0.07065625 0.2038958328125
1 0.0365 0.1954375 0.033468750000000005 0.2010833328125 0.032859375 0.2094375 0.03428125 0.21618750000000003 0.037703125 0.21779166718749998 0.03871875 0.2205 0.041546875 0.2237291671875 0.043578125 0.2231875 0.045390625000000004 0.21968749999999998 0.045390625000000004 0.22077083281249998 0.045796875 0.2248125 0.048828125 0.2264166671875 0.052468749999999995 0.2231875 0.053671875 0.2250833328125 0.054890625000000005 0.2264166671875 0.05771875 0.22668750000000001 0.0615625 0.2237291671875 0.06378125 0.21968749999999998 0.066 0.2180625 0.06782812499999999 0.2097083328125 0.06398437500000001 0.2008333328125 0.058125 0.19275 0.05509375 0.1957083328125 0.050640624999999995 0.1994791671875 0.048625 0.1975833328125 0.046796875 0.1957083328125 0.044578125 0.194625 0.0365 0.1954375
1 0.8090468749999999 0.40335416718749995 0.82675 0.4028541671875 0.835609375 0.3876041671875 0.8444687500000001 0.37185416718750003 0.835609375 0.36202083281249997 0.822328125 0.3497083328125 0.8075625000000001 0.3497083328125 0.8046093750000001 0.35808333281250004 0.793546875 0.3684166671875 0.7913281249999999 0.37235416718750003 0.795015625 0.39056250000000003 0.8090468749999999 0.40335416718749995
1 0.232140625 0.3077708328125 0.232140625 0.3134583328125 0.232140625 0.31725 0.232140625 0.32166666718750003 0.23309375000000002 0.32418749999999996 0.234515625 0.3267291671875 0.234515625 0.3311458328125 0.23689062500000002 0.33239583281249996 0.23878125 0.3342916671875 0.24162499999999998 0.3380833328125 0.24351562499999999 0.3380833328125 0.24540625 0.3355625 0.24920312500000003 0.3361875 0.2515625 0.3361875 0.25393750000000004 0.3349375 0.25582812499999996 0.3380833328125 0.258203125 0.3380833328125 0.26151562500000003 0.3355625 0.264828125 0.3330416671875 0.264828125 0.32925 0.268625 0.3273541671875 0.270046875 0.3260833328125 0.27240625 0.3197708328125 0.270046875 0.30652083281250003 0.266734375 0.2976666671875 0.2629375 0.2957708328125 0.258671875 0.293875 0.24825 0.2900833328125 0.24493749999999997 0.2951458328125 0.23640625 0.29704166718749997 0.23356249999999998 0.3020833328125 0.232140625 0.3077708328125
1 0.80840625 0.4399166671875 0.8067343749999999 0.4533333328125 0.8100937500000001 0.45856250000000004 0.80840625 0.46079166718750003 0.817359375 0.46229166718750003 0.8140000000000001 0.46975 0.822390625 0.47050000000000003 0.83021875 0.46752083281249995 0.8375 0.445875 0.8375 0.43916666718749997 0.8296718750000001 0.43916666718749997 0.8296718750000001 0.4302083328125 0.823515625 0.4287291671875 0.817359375 0.41381249999999997 0.80728125 0.41381249999999997 0.8190312499999999 0.425 0.8195937499999999 0.4264791671875 0.816234375 0.42350000000000004 0.80953125 0.42350000000000004 0.805046875 0.4346875 0.80840625 0.4399166671875
1 0.677828125 0.3752291671875 0.6775625 0.3808541671875 0.683359375 0.3871875 0.68653125 0.3871875 0.6941875 0.38895833281250003 0.70184375 0.3871875 0.707640625 0.3857708328125 0.7131875 0.38156249999999997 0.715296875 0.3759166671875 0.7190000000000001 0.3664166671875 0.718734375 0.3607916671875 0.70475 0.3586875 0.702890625 0.3625625 0.6989375 0.3607916671875 0.69021875 0.36150000000000004 0.68309375 0.365375 0.6791406249999999 0.36854166718750003 0.677828125 0.3752291671875
1 0.0765625 0.30416666718749996 0.0734375 0.3083333328125 0.0578125 0.3104166671875 0.046875 0.3229166671875 0.046875 0.3375 0.0515625 0.34375 0.0515625 0.3583333328125 0.046875 0.3645833328125 0.04375 0.3770833328125 0.0395833328125 0.37430555625 0.0390625 0.3770833328125 0.0203125 0.3791666671875 0.0109375 0.3958333328125 0.0180397734375 0.4077651515625 0.0109375 0.4125 0.0140625 0.42083333281249996 0.0234375 0.43125 0.0515625 0.43541666718750005 0.05625 0.44166666718750003 0.0484375 0.4604166671875 0.0484375 0.4791666671875 0.0515625 0.4875 0.0578125 0.49583333281249997 0.0703125 0.5 0.0734375 0.51875 0.0796875 0.525 0.0984375 0.5333333328125 0.10625 0.5333333328125 0.109375 0.55 0.121875 0.5645833328125 0.121875 0.5729166671875 0.1 0.575 0.090625 0.5854166671875001 0.0875 0.59375 0.0875 0.6104166671875 0.090625 0.61875 0.1 0.6291666671875 0.121875 0.6291666671875 0.1578125 0.6229166671875 0.171875 0.6270833328125 0.178125 0.6354166671875 0.1859375 0.6395833328125 0.2078125 0.6395833328125 0.2265625 0.625 0.2328125 0.6166666671875001 0.2359375 0.60625 0.234375 0.5854166671875001 0.221875 0.56875 0.221875 0.5645833328125 0.2265625 0.5645833328125 0.2375 0.5541666671875001 0.2453125 0.51875 0.2453125 0.5041666671875 0.2421875 0.49375 0.23125 0.48333333281249996 0.23125 0.47291666718750003 0.2421875 0.4625 0.24375 0.44375 0.2375 0.43333333281249997 0.2328125 0.43333333281249997 0.23125 0.40833333281249995 0.228125 0.40416666718750005 0.2234375 0.40416666718750005 0.2265625 0.375 0.2484375 0.3708333328125 0.2625 0.40625 0.26875 0.4125 0.2796875 0.4125 0.2859375 0.40625 0.4276171875 0.6033854171875 0.428125 0.6104166671875 0.4203125 0.6104166671875 0.4109375 0.6208333328125 0.4078125 0.6291666671875 0.4078125 0.6479166671875001 0.43125 0.6895833328125 0.4484375 0.6916666671875 0.4546875 0.6875 0.459375 0.68125 0.4640625 0.6666666671875 0.5724431812499999 0.7011363640625 0.5765625 0.7 0.578125 0.7041666671875 0.580184659375 0.7035984859375 0.5828125 0.7166666671875 0.5984375 0.7291666671875 0.5984375 0.7645833328125 0.5953125 0.7666666671875 0.571875 0.7625 0.5578125 0.7458333328125 0.5453125 0.7458333328125 0.534375 0.7583333328124999 0.5328125 0.8083333328125001 0.5390625 0.83125 0.5453125 0.8395833328125001 0.5546875 0.8395833328125001 0.559375 0.83125 0.5671875 0.8395833328125001 0.58125 0.8395833328125001 0.584375 0.8354166671875 0.596875 0.8333333328125001 0.60625 0.8354166671875 0.6140625 0.84375 0.6203125 0.84375 0.634375 0.8520833328125 0.6765625 0.8520833328125 0.684375 0.8479166671874999 0.6875 0.8520833328125 0.696875 0.8520833328125 0.703125 0.8354166671875 0.7140625 0.8291666671875 0.721875 0.81875 0.728125 0.81875 0.7375 0.8354166671875 0.775 0.8333333328125001 0.78125 0.8270833328125 0.7828125 0.8145833328125001 0.771875 0.7875 0.759375 0.7770833328125 0.7669407890625 0.7358552625 0.765625 0.7291666671875 0.7703125 0.7291666671875 0.7796875 0.7375 0.79375 0.7375 0.803125 0.7291666671875 0.828125 0.7291666671875 0.83125 0.725 0.8421875 0.7229166671875 0.8453125 0.7145833328125 0.8546875 0.7083333328125 0.8609375 0.6979166671875 0.8625 0.6583333328125 0.8578125 0.625 0.8515625 0.60625 0.840625 0.5958333328125 0.8109375 0.5958333328125 0.8046875 0.5854166671875001 0.79375 0.5791666671875 0.798125 0.5583333328125 0.803125 0.5583333328125 0.80625 0.5625 0.8171875 0.5625 0.825 0.5541666671875001 0.8265625 0.5479166671875 0.825 0.5333333328125 0.8171875 0.525 0.8171875 0.5166666671875 0.8265625 0.5083333328124999 0.8265625 0.4875 0.81875 0.4791666671875 0.8078125 0.4791666671875 0.8015625 0.4875 0.790625 0.4791666671875 0.7921875 0.46458333281249997 0.7875 0.45416666718750004 0.7890625 0.44166666718750003 0.796875 0.43333333281249997 0.7984375 0.4270833328125 0.796875 0.4125 0.7921875 0.40625 0.7859375 0.40416666718750005 0.7859375 0.39791666718749996 0.7921875 0.3854166671875 0.7921875 0.3708333328125 0.7953125 0.36875 0.7953125 0.3625 0.790625 0.3541666671875 0.7875 0.3541666671875 0.7875 0.3479166671875 0.80625 0.33125 0.8140625 0.3166666671875 0.8125 0.3020833328125 0.8046875 0.29375 0.7921875 0.29375 0.78125 0.3 0.765625 0.2833333328125 0.7546875 0.2833333328125 0.7484375 0.2708333328125 0.734375 0.26875 0.7296875 0.27291666718749996 0.7265625 0.28125 0.725 0.31875 0.7203125 0.3229166671875 0.715625 0.3416666671875 0.6984375 0.3375 0.6890625 0.33125 0.678125 0.33125 0.671875 0.3375 0.6640625 0.3375 0.6625 0.3270833328125 0.66875 0.3229166671875 0.671875 0.3125 0.671875 0.2916666671875 0.6609375 0.2708333328125 0.640625 0.27291666718749996 0.634375 0.2645833328125 0.6390625 0.2604166671875 0.6375 0.2520833328125 0.6421875 0.2479166671875 0.6375 0.2375 0.61875 0.23958333281250002 0.6109375 0.2375 0.60625 0.23125 0.596875 0.23125 0.5921875 0.2375 0.5921875 0.2520833328125 0.6004464281249999 0.2651785703125 0.5912683828125 0.2658088234375 0.5875 0.2708333328125 0.5546875 0.275 0.55 0.2708333328125 0.5484375 0.24583333281250003 0.5328125 0.23333333281250002 0.5046875 0.22916666718749998 0.5015625 0.23333333281250002 0.49375 0.23333333281250002 0.4828125 0.24583333281250003 0.4734375 0.2208333328125 0.4609375 0.2208333328125 0.440625 0.24375 0.4375 0.25833333281250004 0.39375 0.25833333281250004 0.3828125 0.2708333328125 0.378125 0.2625 0.3671875 0.2625 0.3625 0.26875 0.3625 0.28125 0.36875 0.2875 0.3671875 0.2979166671875 0.359375 0.2916666671875 0.3453125 0.2916666671875 0.3390625 0.29375 0.328125 0.3083333328125 0.3171875 0.3 0.2859375 0.30416666718749996 0.2734375 0.3166666671875 0.2734375 0.33645833281250004 0.2703125 0.34375 0.25625 0.3416666671875 0.2515625 0.3458333328125 0.2484375 0.3541666671875 0.24411057656250001 0.3423076921875 0.1621394234375 0.3035256421875 0.1546875 0.30416666718749996 0.1546875 0.2979166671875 0.1472355765625 0.2964743578125 0.1484375 0.2875 0.1517361109375 0.2817129625 0.15086805625 0.2710648140625 0.1546875 0.26875 0.1671875 0.2708333328125 0.1703125 0.2666666671875 0.171875 0.2520833328125 0.1765625 0.25 0.1859375 0.2375 0.1859375 0.2208333328125 0.1828125 0.2166666671875 0.171875 0.2166666671875 0.1625 0.22916666718749998 0.1609375 0.24375 0.1578125 0.24375 0.15 0.2541666671875 0.1390625 0.23958333281250002 0.1265625 0.23958333281250002 0.11875 0.2520833328125 0.115625 0.2479166671875 0.090625 0.2479166671875 0.084375 0.2520833328125 0.0796875 0.24375 0.06875 0.24375 0.0652644234375 0.2576923078125 0.0578125 0.2541666671875 0.059375 0.275 0.0640625 0.28125 0.0765625 0.2833333328125 0.0765625 0.30416666718749996