2 0.6816627640624999 0.55203125 0.731100703125 0.55203125 0.783372365625 0.523765625 0.794660421875 0.49643750000000003 0.7565339578125 0.48606249999999995 0.7395784546875 0.48795312500000004 0.7113348953124999 0.49171875 0.6760187359375001 0.5124531250000001 0.65482435625 0.5294218749999999 0.6816627640624999 0.55203125
2 0.699812646875 0.45253125 0.6547775171875 0.439171875 0.5997189703125 0.47034374999999995 0.6013817328125 0.500390625 0.6447540984375 0.5081875 0.66644028125 0.5081875 0.70482435625 0.474796875 0.699812646875 0.45253125
2 0.7101170953125 0.65890625 0.7084309140625 0.6789531249999999 0.72512880625 0.7034374999999999 0.7618266984375001 0.70565625 0.770163934375 0.715671875 0.798524590625 0.707890625 0.798524590625 0.681171875 0.8168618265625 0.684515625 0.8335597187499999 0.67115625 0.8068618265625 0.62775 0.8035363 0.611046875 0.7101170953125 0.59325 0.6950819671875 0.594359375 0.6417096015625 0.60771875 0.6467213109375 0.632203125 0.7434660421875 0.648890625 0.7101170953125 0.65890625
2 0.7507259953125 0.46489062499999995 0.738875878125 0.48465625 0.7576346609375 0.48465625 0.7921779859375 0.4951875 0.7872365343750001 0.47543749999999996 0.7438173296875 0.44251562499999997 0.7260421546875 0.44185937500000005 0.7280327875 0.4655625 0.7507259953125 0.46489062499999995
2 0.7033021078125 0.8079218750000001 0.7254098359375 0.773515625 0.6812177984375001 0.683828125 0.607540984375 0.769828125 0.64255269375 0.8288125000000001 0.6646370015625 0.8251250000000001 0.6812177984375001 0.8214375 0.7033021078125 0.8079218750000001
2 0.4601170953125 0.684046875 0.46327868906249997 0.699578125 0.47545667500000005 0.694984375 0.477564403125 0.684046875 0.47702576093750004 0.673109375 0.47967213124999997 0.6699375 0.487611240625 0.67028125 0.5108899296875 0.67346875 0.5182903984375 0.6699375 0.5283372359375 0.669234375 0.5415456671875 0.666765625 0.5357377046875 0.6621718750000001 0.5320374703125 0.657234375 0.5182903984375 0.65653125 0.515644028125 0.653 0.5209367687500001 0.6466406250000001 0.5262295078125 0.6459374999999999 0.5314988296875 0.641703125 0.5563700234375 0.6459374999999999 0.55901639375 0.642765625 0.540491803125 0.6381875 0.49344262343749995 0.634296875 0.4860187359375 0.635703125 0.45800936718749996 0.64946875 0.44583138125 0.661109375 0.4505854796875 0.6657031250000001 0.452716628125 0.67134375 0.4601170953125 0.684046875
2 0.4949180328125 0.6003125 0.4668384078125 0.6273593749999999 0.501147540625 0.6356875 0.5276580796875 0.636734375 0.538571428125 0.6003125 0.5151756437499999 0.592 0.4949180328125 0.6003125
2 0.4599531609375 0.611328125 0.5135597187500001 0.5886875 0.5176346609375 0.58053125 0.5271428578124999 0.5646875 0.5251053859375 0.56015625 0.50067915625 0.5687656249999999 0.44840749375 0.586875 0.4490866515625 0.5895937499999999 0.44161592499999996 0.59775 0.4599531609375 0.611328125
2 0.705152225 0.5933125 0.71255269375 0.5933125 0.713067915625 0.59190625 0.713067915625 0.589078125 0.713067915625 0.5880156249999999 0.713067915625 0.5834374999999999 0.713067915625 0.57884375 0.71255269375 0.5742499999999999 0.71255269375 0.5721406250000001 0.713067915625 0.5686093750000001 0.7083138171875001 0.563671875 0.7056674468749999 0.5601406250000001 0.6988056203124999 0.5555625 0.682412178125 0.552375 0.6755269328125 0.547796875 0.673419203125 0.5488593749999999 0.6654800937500001 0.5513281250000001 0.663372365625 0.5566093750000001 0.655971896875 0.57003125 0.65648711875 0.5721406250000001 0.7019672124999999 0.592609375 0.705152225 0.5933125
2 0.64063231875 0.555828125 0.640140515625 0.5555 0.636252928125 0.550640625 0.6265339578125 0.5454375 0.6221311468749999 0.541546875 0.61679156875 0.53959375 0.611428571875 0.541875 0.5997658078125 0.54771875 0.5929508203125 0.547390625 0.592459015625 0.5525781249999999 0.585644028125 0.559078125 0.58613583125 0.56103125 0.6309133484375 0.5655625 0.64063231875 0.555828125
2 0.6605620609375 0.43443750000000003 0.6517330203125 0.437109375 0.6982201406249999 0.454765625 0.70384075 0.474546875 0.7158548015624999 0.47562499999999996 0.721475409375 0.46224999999999994 0.726276346875 0.446203125 0.7166744734375 0.44406249999999997 0.706252928125 0.43657812500000004 0.6605620609375 0.43443750000000003
2 0.7116627640625001 0.56959375 0.7343091328125 0.5701875000000001 0.748243559375 0.5783125 0.771756440625 0.59865625 0.786580796875 0.5974999999999999 0.797892271875 0.59459375 0.8205386421875 0.574828125 0.812716628125 0.5353125000000001 0.79615925 0.53065625 0.800515221875 0.517296875 0.791803278125 0.5045 0.760444965625 0.5370468749999999 0.6994613578125 0.562046875 0.7116627640625001 0.56959375
2 0.6636065578125 0.5221875 0.67936768125 0.5064062500000001 0.6609836062500001 0.5064062500000001 0.597915690625 0.49589062500000003 0.5926697890625 0.48274999999999996 0.5480093671875 0.5230625 0.613676815625 0.54234375 0.6478454328125001 0.540578125 0.651779859375 0.536203125 0.6636065578125 0.5221875