1 0.9109375 0.9813380281249999 0.958796875 0.9633802812500001 0.9333750000000001 0.8442723000000001 0.906453125 0.7588732390625 0.849609375 0.6981924875 0.78828125 0.711690140625 0.72096875 0.7026995312500001 0.62971875 0.7094366203125 0.5983125 0.73640845 0.557921875 0.74089201875 0.502578125 0.765610328125 0.459203125 0.8150469484375 0.44575 0.9049530515624999 0.459203125 0.9319014078125001 0.49659375 0.9880985921875001 0.9109375 0.9813380281249999
1 0.13915625 0.64194835625 0.123953125 0.643849765625 0.1036875 0.6514553984375 0.09103125 0.655258215625 0.0745625 0.6514553984375 0.051765625 0.660962440625 0.035296875 0.6819014078125 0.01503125 0.6914084500000001 0.013765625 0.72946009375 0.0125 0.7446948359375 0.022625 0.7751408453125 0.08089062500000001 0.7998826296875 0.0935625 0.7694366203125 0.10621875 0.7789436624999999 0.12775 0.7884507046875 0.145484375 0.7884507046875 0.15435937500000002 0.7789436624999999 0.16828125 0.7580046953124999 0.18221875 0.7580046953124999 0.19107812500000002 0.7446948359375 0.19234374999999998 0.71805164375 0.19234374999999998 0.6799999999999999 0.164484375 0.655258215625 0.16828125 0.6590610328125 0.15562499999999999 0.6514553984375 0.13915625 0.64194835625
1 0.7071562499999999 0.48535211250000004 0.688703125 0.4957511734375 0.692546875 0.4703286390625 0.68178125 0.4726525828125 0.6779375 0.4576291078125 0.667171875 0.4703286390625 0.6564062500000001 0.48997652656249996 0.6448750000000001 0.506150234375 0.6371875 0.518849765625 0.630265625 0.505 0.627953125 0.48882629062499994 0.6148906249999999 0.503826290625 0.6148906249999999 0.51769953125 0.61565625 0.5350234734375 0.604890625 0.5500469484375 0.601046875 0.5685211265625 0.60028125 0.5858450703125 0.60565625 0.598568075 0.606421875 0.6274413140624999 0.604125 0.6528638499999999 0.612578125 0.68981220625 0.620265625 0.690985915625 0.634875 0.686361503125 0.639484375 0.6828873234375 0.6579375 0.671338028125 0.671015625 0.6655633796875 0.6779375 0.6493896718750001 0.68178125 0.65053990625 0.7133125 0.6597887328125001 0.73253125 0.6655633796875 0.748671875 0.658638496875 0.74790625 0.637840375 0.702546875 0.6054929578125 0.719453125 0.597417840625 0.717921875 0.5870187796875 0.69484375 0.543122065625 0.702546875 0.5454225359375 0.7033125 0.543122065625 0.7071562499999999 0.48535211250000004
1 0.848609375 0.678849765625 0.8530312500000001 0.6888028171875 0.858546875 0.7054225359374999 0.90109375 0.7245070421875 0.9265156250000001 0.731150234375 0.9430937500000001 0.728661971875 0.9480625 0.73446009375 0.9502656249999999 0.733638496875 0.95690625 0.728661971875 0.948609375 0.717042253125 0.9165625000000001 0.6962910796874999 0.87346875 0.6771830984375 0.855234375 0.6564319249999999 0.848609375 0.6589201874999999 0.848609375 0.6597652578125001 0.848609375 0.678849765625
1 0.540296875 0.492957746875 0.51759375 0.497417840625 0.49193749999999997 0.5196478875 0.49489062500000003 0.552253521875 0.525484375 0.57302816875 0.542265625 0.5937793421875 0.554109375 0.6115727703125 0.572859375 0.6011971828125 0.58271875 0.6115727703125 0.583703125 0.5893192484374999 0.6034531249999999 0.590821596875 0.58075 0.5626525828125 0.574828125 0.549295775 0.561015625 0.5285446015625 0.540296875 0.492957746875
1 0.5839531250000001 0.47028169062499997 0.554234375 0.4944131453125 0.553421875 0.51373239375 0.5759218749999999 0.5571830984374999 0.589578125 0.5692488265625 0.6024375 0.5632159625 0.616890625 0.5390845078125001 0.616890625 0.5113145546875 0.622515625 0.4896009390625 0.6257343750000001 0.4896009390625 0.6401875 0.5233802812499999 0.64903125 0.50286385 0.6184999999999999 0.448568075 0.608859375 0.450962440625 0.603234375 0.4582159625 0.5839531250000001 0.47028169062499997
1 0.8270156249999999 0.6423474171875 0.821109375 0.6445774640625 0.815796875 0.6654225359375 0.816984375 0.688497653125 0.8282031249999999 0.7026995312500001 0.847984375 0.701361503125 0.8506406249999999 0.694718309375 0.8456250000000001 0.6587558687499999 0.8468125000000001 0.6512206578125 0.835875 0.6436854453125 0.8270156249999999 0.6423474171875
1 0.761125 0.44333333281250004 0.76046875 0.4182394359375 0.7434375 0.40446009375 0.722796875 0.40004694843750005 0.72509375 0.42021126718749996 0.732625 0.44481220625000006 0.7313125 0.465 0.732625 0.47286385 0.74146875 0.45417840312499996 0.748671875 0.47237089218749995 0.7555625 0.46302816875 0.761125 0.44333333281250004
1 0.469796875 0.7911267609375 0.449515625 0.772253521875 0.458203125 0.75483568125 0.477515625 0.7403286390625 0.490078125 0.7229107984375001 0.47462499999999996 0.70840375625 0.46496875 0.7171126765625 0.470765625 0.679389671875 0.46496875 0.666338028125 0.45723437499999997 0.68373239375 0.45434374999999994 0.666338028125 0.44371875000000005 0.66051643125 0.43695312499999994 0.66197183125 0.43309375 0.6474647890624999 0.4234375 0.643122065625 0.41378125 0.6460093890625 0.40412499999999996 0.6460093890625 0.40121874999999996 0.656173709375 0.39253125 0.6706807515625 0.397359375 0.690985915625 0.388671875 0.70840375625 0.397359375 0.712769953125 0.38093750000000004 0.72873239375 0.389625 0.7330751171875 0.376109375 0.7446948359375 0.36259375 0.7679107984375 0.367421875 0.7954694828125 0.3935 0.8157746484375 0.41378125 0.82159624375 0.41475 0.8259389671875 0.44178125 0.840446009375 0.4446875 0.8361032859374999 0.460140625 0.8143427234375 0.469796875 0.7911267609375
1 0.517203125 0.336173709375 0.526328125 0.3464553984375 0.530890625 0.34474178437499997 0.530890625 0.36359155 0.55028125 0.36873239375 0.567390625 0.36016431875 0.5708125 0.3824413140625 0.58221875 0.37387323906250003 0.590203125 0.370446009375 0.601609375 0.3653051640625 0.606171875 0.3481690140625 0.603890625 0.3378873234375 0.597046875 0.32589201874999996 0.5799375 0.3036150234375 0.5514218750000001 0.3036150234375 0.526328125 0.3104694828125 0.517203125 0.32075117343750004 0.517203125 0.336173709375
1 0.530765625 0.4 0.5169374999999999 0.41298122031249995 0.5065625 0.42596244062500005 0.47717187499999997 0.4415492953125 0.47717187499999997 0.4467605640625 0.51003125 0.46234741718750005 0.5791875 0.46234741718750005 0.5982031250000001 0.4077934265625 0.6033906250000001 0.3922065734375 0.60165625 0.3818075125 0.582640625 0.374037559375 0.55325 0.3922065734375 0.5411406249999999 0.39481220625 0.530765625 0.4
1 0.48912500000000003 0.52553990625 0.48606249999999995 0.5237793421875 0.48278125000000005 0.5237793421875 0.4764375 0.5234272296875 0.47267187499999996 0.52518779375 0.470328125 0.5294131453124999 0.467984375 0.5357746484375 0.46681249999999996 0.545633803125 0.46704687500000003 0.563638496875 0.46985937499999997 0.5802112671875 0.471265625 0.590093896875 0.477609375 0.591877934375 0.48090625 0.592934271875 0.4841875 0.590798121875 0.48512500000000003 0.58481220625 0.48512500000000003 0.576338028125 0.483484375 0.5668075124999999 0.482546875 0.5558685453125001 0.48184375 0.5421126765625 0.487234375 0.5339906109375 0.48793749999999997 0.533638496875 0.489359375 0.5287089203125 0.48912500000000003 0.52553990625