1 0.357734375 0.707394365625 0.364921875 0.6996713609375 0.356703125 0.6873239437499999 0.33515625 0.681173709375 0.3269375 0.6904225359375 0.33515625 0.6996713609375 0.357734375 0.707394365625
1 0.38801562500000003 0.72516431875 0.384328125 0.69661971875 0.370078125 0.6768309859375 0.353203125 0.646713615625 0.3336875 0.646713615625 0.32471875 0.64194835625 0.31048437500000003 0.63481220625 0.29571875 0.63481220625 0.279890625 0.6253051640625 0.267765625 0.630070421875 0.26090625 0.62769953125 0.23399999999999999 0.62769953125 0.23399999999999999 0.6554225359375 0.22345312499999997 0.664929578125 0.23875000000000002 0.706150234375 0.272515625 0.7203990609375001 0.29625 0.7386384968749999 0.32156250000000003 0.7584507046875 0.36903125000000003 0.78140845 0.376421875 0.77269953125 0.376421875 0.748145540625 0.38801562500000003 0.72516431875
1 0.79659375 0.7446478875 0.79903125 0.7115492953125 0.787609375 0.675985915625 0.77046875 0.6649530515625 0.7517031249999999 0.6698591546875 0.74109375 0.6980751171875 0.74028125 0.704201878125 0.74028125 0.7532394359375 0.750890625 0.769178403125 0.773734375 0.755704225 0.79659375 0.7446478875
1 0.271140625 0.85018779375 0.279 0.8585211265625 0.283625 0.8619953046875001 0.287328125 0.8602582156249999 0.28871875 0.8561032859375001 0.28825 0.8505399062500001 0.28225 0.8401173703125 0.27531249999999996 0.834553990625 0.268609375 0.841502346875 0.269296875 0.8446478875000001 0.271140625 0.85018779375
1 0.44084375 0.9382159625 0.44425 0.9308685453125 0.44914062499999996 0.923497653125 0.45168749999999996 0.9180751171875 0.451046875 0.9135915499999999 0.446796875 0.9107277 0.440421875 0.9135915499999999 0.434890625 0.9187089203125 0.43062500000000004 0.9353286390625 0.43274999999999997 0.954201878125 0.43509374999999995 0.950985915625 0.44084375 0.9382159625
1 0.43423437500000006 0.8070422531249999 0.431734375 0.818309859375 0.460453125 0.8305164312500001 0.463578125 0.7929812203125 0.463578125 0.7826525828124999 0.460453125 0.774201878125 0.45982812500000003 0.7770187796875 0.44234375000000004 0.79016431875 0.43423437500000006 0.8070422531249999
1 0.2516875 0.7906807515625001 0.24681250000000002 0.775093896875 0.24701562500000002 0.7686854453125 0.24518749999999997 0.762582159375 0.241734375 0.75769953125 0.24071875 0.757394365625 0.23523437500000002 0.7644131453125 0.23543750000000002 0.7732629109375 0.235640625 0.7869953046875 0.24234375 0.7958685453125 0.252296875 0.806854459375 0.255546875 0.80624413125 0.256171875 0.7980046953125 0.2516875 0.7906807515625001
1 0.25403125000000004 0.9172769953125 0.245953125 0.9223708921875 0.24517187499999998 0.93410798125 0.24465625000000002 1 0.299671875 0.997582159375 0.30279687499999997 0.9901408453125 0.309328125 0.9670187796875 0.31871875 0.9474413140625 0.32965625 0.916877934375 0.32992187500000003 0.9059154921875001 0.320796875 0.9023708921875 0.306453125 0.8941549296875 0.28976562499999997 0.884741784375 0.27359374999999997 0.8843661968750001 0.264734375 0.8898356812499999 0.26237499999999997 0.8972769953125 0.263953125 0.8996478874999999 0.261078125 0.90786385 0.25403125000000004 0.9172769953125
1 0.340109375 0.87126760625 0.2979375 0.8757981218750001 0.30095312500000004 0.889366196875 0.31165625 0.8969014078124999 0.327390625 0.9039436625 0.331078125 0.9044366203124999 0.33175 0.9210328640625001 0.333078125 0.9315962437499999 0.344125 0.9421596250000001 0.3545 0.951713615625 0.358859375 0.9471830984375 0.36120312499999996 0.941150234375 0.35350000000000004 0.9321126765625 0.364203125 0.9311032859375 0.3591875 0.9240610328125 0.363546875 0.9185211265625 0.36990625 0.9145070421874999 0.375921875 0.91551643125 0.3893125 0.9170187796875 0.369234375 0.89640845 0.38028125 0.8908685453125 0.36521875000000004 0.8747887328124999 0.378265625 0.875281690625 0.36990625 0.8642253515625 0.37225 0.8511502343749999 0.353828125 0.8501408453125 0.34981249999999997 0.8516431921875001 0.348484375 0.8647183093749999 0.340109375 0.87126760625
1 0.78790625 0.8010563375 0.79190625 0.79340375625 0.799546875 0.7895774640625 0.8075468750000001 0.7857511734375 0.8075468750000001 0.7802816906250001 0.79590625 0.7775586859375 0.7889999999999999 0.7682629109375 0.780625 0.7567840375 0.77553125 0.755704225 0.768265625 0.760070421875 0.76134375 0.76661971875 0.750078125 0.770446009375 0.75334375 0.7764553984375 0.745703125 0.7792018781250001 0.75153125 0.7857511734375 0.74825 0.789037559375 0.755171875 0.8054225359375 0.7628125 0.798309859375 0.77590625 0.80159624375 0.77590625 0.8010563375 0.77990625 0.798309859375 0.78790625 0.8010563375
1 0.48146875 0.917394365625 0.486609375 0.9096478875 0.500015625 0.8755868546875 0.489703125 0.8631924874999999 0.47734375 0.8957276999999999 0.4639375 0.8879812203125 0.45878125000000003 0.8771361499999999 0.44846874999999997 0.894178403125 0.445375 0.8817840374999999 0.445375 0.8631924874999999 0.45671875 0.8569953046875 0.43815625 0.8569953046875 0.42371875000000003 0.8802347421875 0.41959375000000004 0.9019248828125 0.4185625 0.9111971828125001 0.4185625 0.9282394359374999 0.43093750000000003 0.9514788734374999 0.437125 0.9545774640625 0.45878125000000003 0.9623239437500001 0.4721875 0.9576760562500001 0.48250000000000004 0.9437323937500001 0.48146875 0.917394365625
1 0.19132812500000002 0.6880046953125001 0.21351562500000001 0.7629812203124999 0.254171875 0.7546478875 0.294828125 0.7629812203124999 0.305 0.7560328640625 0.29853125 0.742159625 0.262484375 0.7227230046875001 0.2403125 0.7102347421874999 0.228296875 0.6810798124999999 0.19132812500000002 0.6880046953125001
1 0.293890625 0.7919718312499999 0.30074999999999996 0.7960093890625 0.304328125 0.79018779375 0.30074999999999996 0.7753990609375 0.29896875 0.765985915625 0.29628125 0.759718309375 0.29090625000000003 0.7552347421875 0.280171875 0.759718309375 0.273015625 0.7583568078125 0.27151562500000004 0.7767370890625 0.2756875 0.78659624375 0.287625 0.78659624375 0.293890625 0.7919718312499999
1 0.2359375 0.8145539906250001 0.2328125 0.8239436625 0.2328125 0.83802816875 0.2375 0.8450704218749999 0.2375 0.877934271875 0.2484375 0.8920187796875 0.2640625 0.8920187796875 0.2734375 0.880281690625 0.284375 0.8826291078124999 0.2921875 0.88732394375 0.3 0.87949921875 0.3 0.8920187796875 0.309375 0.85446009375 0.3125 0.8474178406249999 0.3234375 0.8568075125 0.3328125 0.8568075125 0.3359375 0.8497652578125001 0.3359375 0.8403755875 0.36062500000000003 0.8328638500000001 0.3609375 0.8450704218749999 0.365625 0.8521126765625 0.3703125 0.8521126765625 0.371875 0.8568075125 0.3984375 0.8615023468749999 0.4 0.877934271875 0.403125 0.8826291078124999 0.41875 0.8826291078124999 0.421875 0.8755868546875 0.421875 0.85446009375 0.4171875 0.8474178406249999 0.415625 0.8145539906250001 0.4109375 0.8028169015625 0.390625 0.798122065625 0.38125 0.7887323937499999 0.38125 0.7816901406250001 0.390625 0.7793427234375 0.3921875 0.7629107984375 0.38758844375 0.7414297109375 0.743130896875 0.7254849859375 0.259375 0.715962440625 0.259375 0.7230046953125 0.25234375 0.7441314546875 0.253125 0.7558685453125 0.2140625 0.7629107984375 0.2140625 0.7723004687499999 0.221875 0.7910798125 0.2359375 0.8145539906250001