0 0.77540625 0.238708971875 0.756328125 0.2487964984375 0.74403125 0.2648140046875 0.73640625 0.2897593 0.733859375 0.3218161921875 0.742328125 0.351487965625 0.752515625 0.3675273515625 0.76734375 0.380590809375 0.78303125 0.38711159687499996 0.796171875 0.38652078749999996 0.82203125 0.3734573296875 0.8368593750000001 0.3503063453125 0.842796875 0.32299781250000004 0.844078125 0.296870896875 0.83771875 0.267199125 0.8207656249999999 0.24463895 0.79659375 0.234551421875 0.77540625 0.238708971875
3 0.553578125 0.5393873078125 0.558953125 0.5205470453125 0.559859375 0.501728665625 0.556265625 0.47787746093749994 0.53834375 0.445229759375 0.519515625 0.43393873125000004 0.50159375 0.43142231875 0.47021875 0.44899343593749996 0.460359375 0.4653172859375 0.454078125 0.4916849015625 0.4531875 0.5105032828125 0.455875 0.5331072203125 0.46482812500000004 0.555711159375 0.4845625 0.5782932171875 0.508765625 0.580809628125 0.548203125 0.561969365625 0.548203125 0.5632385125 0.54909375 0.5544420125 0.553578125 0.5393873078125
3 0.58296875 0.319671771875 0.597578125 0.3613566734375 0.61428125 0.378161925 0.629953125 0.383282275 0.6534375 0.378161925 0.663890625 0.373041575 0.6732812499999999 0.359890590625 0.68425 0.3306564546875 0.68946875 0.30505470468749996 0.686328125 0.278730853125 0.674328125 0.2509628015625 0.6581406249999999 0.2392560171875 0.6388281250000001 0.23266958437500002 0.6132500000000001 0.24144420156250002 0.598625 0.26118161875 0.5955 0.267768053125 0.585578125 0.294091903125 0.58296875 0.319671771875
3 0.3171875 0.15192560156249998 0.338140625 0.1802844640625 0.370265625 0.1871334796875 0.39470312500000004 0.171487965625 0.409375 0.148008753125 0.41565624999999995 0.10496717656250001 0.40657812499999996 0.076608315625 0.38703125 0.0501969359375 0.360484375 0.0414004375 0.33953125 0.047264770312499996 0.317875 0.07269146562499999 0.30809375 0.1137855578125 0.3171875 0.15192560156249998
3 0.40115625 0.3550547046875 0.41559375000000004 0.3056236328125 0.39153125 0.247199125 0.35943749999999997 0.23369803125000002 0.32253125 0.2584245078125 0.30809375 0.3011159734375 0.31771875 0.357308534375 0.34981249999999997 0.37978118125 0.354625 0.38426695781250003 0.3786875 0.37978118125 0.40115625 0.3550547046875
3 0.2145625 0.1899343546875 0.241359375 0.187111596875 0.262140625 0.1692779 0.276203125 0.131750546875 0.274859375 0.09234135624999999 0.2648125 0.06514223125 0.241359375 0.03886214375 0.21121875 0.0332385125 0.187765625 0.0435448578125 0.166015625 0.08155361093749999 0.16265625 0.1134573296875 0.169671875 0.1486433265625 0.18709375 0.1786652078125 0.2145625 0.1899343546875
3 0.18978124999999998 0.3794529546875 0.215203125 0.38538293281249997 0.24060937500000001 0.3838949671875 0.257546875 0.3720350109375 0.2691875 0.34536105 0.27871875 0.30978118125 0.27871875 0.2830853390625 0.26071875 0.256389496875 0.23424999999999999 0.2356455140625 0.1993125 0.24008752812499998 0.17390624999999998 0.2667833703125 0.1675625 0.3008752734375 0.1665 0.30978118125 0.169671875 0.34089715468750004 0.18978124999999998 0.3794529546875
3 0.053953125000000005 0.04557986875 0.047515625 0.0514442015625 0.040234375 0.0608533921875 0.032968750000000005 0.077308534375 0.030171874999999997 0.094551421875 0.030734375 0.11805251718750001 0.03409375 0.13371991249999998 0.042203125 0.1509628015625 0.04975 0.16037199062500002 0.06401562499999999 0.1705470453125 0.078015625 0.172910284375 0.08920312500000001 0.171728665625 0.100953125 0.1662363234375 0.111296875 0.15919037187500001 0.118296875 0.14978118125 0.12445312500000001 0.1376367609375 0.128359375 0.125492340625 0.13087500000000002 0.10630196875 0.130328125 0.0917943109375 0.1278125 0.0812253828125 0.12165625 0.0643763671875 0.111296875 0.0502844640625 0.100390625 0.040087528125 0.0925625 0.0365645515625 0.081921875 0.0345951859375 0.0726875 0.0365645515625 0.061781249999999996 0.0408752734375 0.053953125000000005 0.04557986875
3 0.102171875 0.23654267031249998 0.078421875 0.2296936546875 0.0511875 0.2375273515625 0.0309375 0.26002188125000003 0.022546875 0.28838074375 0.026046875000000004 0.33045951875 0.0393125 0.3656673953125 0.062359374999999995 0.37838074375 0.076328125 0.3813129109375 0.107765625 0.3627352296875 0.12871875 0.3265426703125 0.1273125 0.27273522968749997 0.102171875 0.23654267031249998
3 0.058578125 0.777111596875 0.09140625 0.7800437640625 0.11165624999999998 0.7683150984375 0.13190625 0.734070021875 0.13679687499999998 0.695929978125 0.129125 0.6705032828124999 0.11864062500000001 0.65094091875 0.102578125 0.6333260390625 0.0739375 0.6284463890625 0.05298437499999999 0.6352735234375 0.034125 0.65582056875 0.02225 0.6978774609375 0.025046875000000003 0.729190371875 0.037625 0.7594967171875 0.058578125 0.777111596875
3 0.2515 0.7571553609375 0.2553125 0.7518161921875001 0.25803125 0.7289496718749999 0.26184375000000004 0.7076148796874999 0.262390625 0.6915973734375 0.25803125 0.68094091875 0.2553125 0.6710284468750001 0.2515 0.6611159734375 0.24714062499999997 0.6519693656250001 0.24115625000000002 0.6420568921875 0.234078125 0.6374835890624999 0.22265625 0.6336761484375 0.2145 0.6336761484375 0.2085 0.6344420125 0.197625 0.6374835890624999 0.18346875 0.646630196875 0.169875 0.6717943109375 0.168234375 0.6915973734375 0.168234375 0.7129321656250001 0.17259375 0.7289496718749999 0.17585937499999998 0.742669584375 0.213421875 0.77978118125 0.22646875 0.775448578125 0.248234375 0.764770240625 0.2515 0.7571553609375
3 0.68196875 0.172669584375 0.70121875 0.1434354484375 0.70121875 0.10074398281250001 0.69640625 0.071531728125 0.661109375 0.040065645312499995 0.6161875 0.0468271328125 0.59853125 0.0805251640625 0.5937187500000001 0.12096280156250001 0.614578125 0.18838074375 0.649875 0.1906345734375 0.68196875 0.172669584375
3 0.991671875 0.2921444203125 0.9836406249999999 0.262932165625 0.95796875 0.2314660828125 0.9258749999999999 0.226958425 0.906625 0.23369803125000002 0.8825468750000001 0.247199125 0.8713124999999999 0.276411378125 0.863296875 0.3191028453125 0.8681093750000001 0.3415754921875 0.877734375 0.3685339171875 0.9018124999999999 0.3910065640625 0.9499375000000001 0.3910065640625 0.9643906250000001 0.3910065640625 0.9772187499999999 0.36630196875 0.991671875 0.2921444203125
3 0.8874531250000001 0.05789934375 0.8778750000000001 0.08251641093749999 0.873609375 0.1041356671875 0.8778750000000001 0.1362144421875 0.8874531250000001 0.1578336984375 0.9077031249999999 0.18021881875 0.9327343750000001 0.18021881875 0.9545625 0.1720131296875 0.9694843750000001 0.15113785625 0.9753437500000001 0.13398249375 0.978 0.1158643328125 0.978 0.0942231953125 0.96628125 0.062888403125 0.944984375 0.04649890625 0.9210156250000001 0.03978118125 0.914625 0.0407439828125 0.9023749999999999 0.045207878125 0.8874531250000001 0.05789934375
3 0.509375 1 0.51875 0.986870896875 0.525 0.986870896875 0.5296875 0.9803063453125 0.534375 0.9803063453125 0.5484375 0.9671772421875 0.553125 0.9671772421875 0.565625 0.9452954046875 0.590625 0.9452954046875 0.5953125 0.9518599562500001 0.6015625 0.9518599562500001 0.609375 0.9606126921874999 0.621875 0.9649890593749999 0.6296875 0.975929978125 0.6421875 0.975929978125 0.665625 0.9846827140625001 0.6765625 0.9846827140625001 0.6859375 0.9781181625 0.690625 0.9693654265625 0.696875 0.9649890593749999 0.70625 0.9452954046875 0.7359375 0.9452954046875 0.740625 0.9562363234375001 0.7640625 0.986870896875 0.775 0.9912472640625 0.7953125 0.9912472640625 0.8265625 0.9671772421875 0.846875 0.9343544859374999 0.8546875 0.9606126921874999 0.859375 0.9671772421875 0.8828125 0.9781181625 0.8953125 0.98905908125 0.9078125 0.986870896875 0.921875 0.9934354484375 0.93125 0.9934354484375 0.9421875 0.9781181625 0.9609375 0.9781181625 0.9859375 0.9387308531249999 0.990625 0.9212253828125 0.9890625 0.8949671765625 0.996875 0.8840262578125 0.9953125 0.8687089718750001 0.9890625 0.8621444203124999 0.975 0.8555798687499999 0.96875 0.8468271328125001 0.9671875 0.8358862140625 0.9625 0.8293216625 0.9515625 0.8271334796875 0.9375 0.8140043765625 0.93125 0.8161925609375 0.9296875 0.8008752734375 0.9359375 0.79649890625 0.9453125 0.79649890625 0.9609375 0.7768052515625 0.978125 0.761487965625 0.990625 0.74398249375 0.9953125 0.7221006562500001 0.9953125 0.7067833703125 0.990625 0.69584245 0.9921875 0.6695842453124999 0.9875 0.660831509375 0.98125 0.6586433265625 0.9765625 0.6433260390625 0.9625 0.62582056875 0.9484375 0.6214442015625 0.9390625 0.62582056875 0.9375 0.6214442015625 0.9359375 0.62582056875 0.9296875 0.628008753125 0.93046875 0.61487965 0.91640625 0.601750546875 0.915625 0.5864332609375 0.95 0.5842450765625 0.9640625 0.5733041578125 0.96875 0.564551421875 0.971875 0.564551421875 0.9828125 0.542669584375 0.9890625 0.520787746875 0.9890625 0.5076586437499999 0.98125 0.49015317343750003 0.9796875 0.4442013125 0.965625 0.4157549234375 0.95625 0.409190371875 0.9515625 0.41356673906249997 0.909375 0.41356673906249997 0.9046875 0.4179431078125 0.9 0.424507659375 0.8984375 0.43326039375000003 0.8921875 0.43544857812500004 0.8890625 0.4442013125 0.8765625 0.4617067828125 0.8671875 0.5076586437499999 0.8671875 0.5339168484375 0.8453125 0.5382932171875 0.846875 0.48140043749999994 0.8515625 0.4660831515625 0.8515625 0.457330415625 0.846875 0.44857768125 0.825 0.446389496875 0.8 0.422319475 0.778125 0.422319475 0.7625 0.43326039375000003 0.746875 0.43544857812500004 0.7421875 0.44201312968749995 0.7390625 0.4638949671875 0.734375 0.47045951874999997 0.709375 0.4638949671875 0.7140625 0.4529540484375 0.7140625 0.44201312968749995 0.709375 0.43326039375000003 0.690625 0.43326039375000003 0.684375 0.422319475 0.671875 0.4179431078125 0.6692708328125 0.41380987031250005 0.7546875 0.17943107187500001 0.765625 0.18380743906250002 0.778125 0.18380743906250002 0.784375 0.19474835937499999 0.8203125 0.19037199062500001 0.8296875 0.18380743906250002 0.8375 0.1728665203125 0.84375 0.15536105 0.85 0.146608315625 0.8515625 0.1137855578125 0.840625 0.0590809625 0.8296875 0.050328228125 0.821875 0.0393873078125 0.803125 0.02625820625 0.778125 0.02625820625 0.7625 0.035010940625 0.7484375 0.04814004375 0.7421875 0.04814004375 0.7203125 0.07877461718749999 0.71875 0.098468271875 0.7140625 0.1050328234375 0.7140625 0.131291028125 0.7375 0.1531728671875 0.75 0.1750547046875 0.746644021875 0.18346494062500002 0.5651766296875 0.357682428125 0.5612771734375 0.3683759875 0.55 0.3544857765625 0.5515625 0.347921225 0.5578125 0.339168490625 0.5609375 0.339168490625 0.5703125 0.323851203125 0.5703125 0.3107221 0.559375 0.2822757109375 0.559375 0.26258205625 0.553125 0.25601750624999997 0.5453125 0.25601750624999997 0.5328125 0.23194748281250002 0.5078125 0.2363238515625 0.5078125 0.1859956234375 0.51875 0.18380743906250002 0.5265625 0.17724288906250002 0.5546875 0.1750547046875 0.559375 0.16630196875 0.56875 0.1291028453125 0.56875 0.08971553593750001 0.5609375 0.0656455140625 0.5328125 0.0218818375 0.5109375 0.0196936546875 0.5015625 0.02625820625 0.4546875 0.02625820625 0.45 0.0328227578125 0.4453125 0.0678336984375 0.4375 0.083150984375 0.428017240625 0.0919037203125 0.21417025937499998 0.0328227578125 0.20625 0.037199125 0.203125 0.0218818375 0.1921875 0.0196936546875 0.1875 0.02625820625 0.1875 0.045951859375 0.2046875 0.037199125 0.2383928578125 0.1647389796875 0.1890625 0.18161925625 0.1953125 0.18380743906250002 0.19375 0.1920131296875 0.203125 0.21280087499999997 0.2078125 0.2122538296875 0.2078125 0.227571115625 0.2052083328125 0.228300509375 0.2078125 0.24070021874999997 0.196875 0.24288840312499999 0.1963541671875 0.23340627343749998 0.1859375 0.24070021874999997 0.18125 0.2516411375 0.184375 0.25601750624999997 0.1796875 0.2582056890625 0.1796875 0.26258205625 0.1703125 0.28008752812500004 0.171875 0.2844638953125 0.165625 0.291028446875 0.1421875 0.350109409375 0.1453125 0.376367615625 0.150497159375 0.382832703125 0.1484375 0.3894967171875 0.1515625 0.4026258203125 0.1475142046875 0.40531131875000004 0.138565340625 0.47274716562499997 0.128125 0.47483588593750004 0.1203125 0.4638949671875 0.115625 0.45514223125 0.115625 0.4442013125 0.109375 0.431072209375 0.08125 0.431072209375 0.071875 0.43763676093750004 0.059375 0.43544857812500004 0.0546875 0.43982494531249994 0.0484375 0.43982494531249994 0.01875 0.47921225312500004 0.01875 0.52954048125 0.025 0.5404814 0.0265625 0.5601750546875001 0.046875 0.5864332609375 0.05625 0.5864332609375 0.06875 0.5951859953125 0.08125 0.5951859953125 0.0921875 0.5842450765625 0.1140625 0.577680525 0.1234375 0.56673960625 0.1265625 0.5579868703125 0.1370738640625 0.48398647187500005 0.14375 0.47460555156249995 0.159375 0.47437521718750003 0.1640625 0.4879649890625 0.159375 0.494529540625 0.1578125 0.520787746875 0.1625 0.527352296875 0.1609375 0.5492341359374999 0.165625 0.5557986875 0.1796875 0.564551421875 0.184375 0.5711159734375 0.1953125 0.5733041578125 0.2 0.5820568921875 0.209375 0.5886214437499999 0.240625 0.5886214437499999 0.246875 0.579868709375 0.2578125 0.5733041578125 0.28649456562500003 0.6252307109374999 0.0855842390625 0.8181143562500001 0.0828125 0.8271334796875 0.0791032609375 0.824336409375 0.06875 0.8293216625 0.040625 0.8293216625 0.034375 0.83369803125 0.0265625 0.8512035015625001 0.0234375 0.8708971546875001 0.0078125 0.89277899375 0.0078125 0.9102844640625 0.0234375 0.9321663015625001 0.034375 0.9606126921874999 0.0390625 0.9824945296875001 0.0515625 1 0.071875 1 0.071875 0.9956236328125 0.075 0.9934354484375 0.078125 0.997811815625 0.0984375 0.997811815625 0.134375 0.986870896875 0.1390625 0.9781181625 0.1390625 0.9671772421875 0.13125 0.9562363234375001 0.125 0.9584245078125001 0.1234375 0.9518599562500001 0.1265625 0.9431072203124999 0.1359375 0.9387308531249999 0.1421875 0.927789934375 0.15 0.927789934375 0.15625 0.9387308531249999 0.1578125 0.9452954046875 0.1703125 0.9649890593749999 0.1734375 0.986870896875 0.1765625 0.9912472640625 0.1859375 0.9912472640625 0.190625 0.986870896875 0.228125 0.986870896875 0.2359375 0.9803063453125 0.26875 0.97374179375 0.28125 0.9431072203124999 0.3 0.9365426703124999 0.30625 0.9474835890625 0.3140625 0.9715536109375 0.3203125 0.9781181625 0.3296875 0.997811815625 0.365625 1 0.36875 0.9934354484375 0.371875 0.9934354484375 0.3765625 0.986870896875 0.38125 0.986870896875 0.3875 0.9781181625 0.396875 0.9781181625 0.4109375 0.9671772421875 0.4140625 0.9628008749999999 0.4171875 0.9387308531249999 0.421875 0.9234135671875 0.44375 0.9234135671875 0.45 0.9781181625 0.4609375 0.9934354484375 0.4796875 1 0.509375 1