0 0.593703125 0.5776041671875001 0.5894999999999999 0.5950208328125 0.5904375 0.6043541671875 0.593703125 0.6205208328125 0.6016250000000001 0.6304583328125 0.61421875 0.6310833328125 0.630078125 0.6211249999999999 0.638 0.6087083328125 0.6389375 0.5968958328125 0.636140625 0.5776041671875001 0.623546875 0.5657916671875001 0.61421875 0.5595833328125 0.60396875 0.5614375 0.593703125 0.5776041671875001
0 0.5251718750000001 0.5912499999999999 0.524375 0.6091666671875 0.520421875 0.6186458328125 0.511734375 0.6312916671875 0.508578125 0.642875 0.51253125 0.6565624999999999 0.5172656250000001 0.6681458328125001 0.508578125 0.6902708328125 0.508578125 0.69975 0.510953125 0.7250208328125 0.724234375 0.7397708328125 0.710015625 0.7144999999999999 0.721078125 0.7113333328125 0.716328125 0.69975 0.71396875 0.6660416671875 0.729765625 0.6481250000000001 0.73765625 0.4216875 0.735296875 0.41325 0.721859375 0.3942916671875 0.721859375 0.3921875 0.710015625 0.38797916718750003 0.6934218750000001 0.3890416671875 0.68078125 0.40483333281249995 0.6799999999999999 0.4364375 0.59309375 0.43433333281250003 0.59309375 0.42800000000000005 0.59309375 0.41431250000000003 0.59309375 0.3974583328125 0.58678125 0.3774375 0.5749375 0.3763958328125 0.5686093750000001 0.3763958328125 0.5583437499999999 0.3806041671875 0.552015625 0.3985208328125 0.552015625 0.4101041671875 0.54490625 0.4101041671875 0.540171875 0.4269583328125 0.537015625 0.4659166671875 0.5354375 0.49225 0.5354375 0.5112083328125 0.528328125 0.5364791671875 0.52825 0.5389791671874999 0.5251718750000001 0.5828333328124999 0.5251718750000001 0.5912499999999999
3 0.48820312499999996 0.0365625 0.48290625 0.0106041671875 0.323703125 0.0058958328125 0.320171875 0.1308958328125 0.329015625 0.1804166671875 0.48290625 0.1875 0.48820312499999996 0.0365625
3 0.574875 0.26768749999999997 0.534203125 0.2606041671875 0.534203125 0.296 0.537734375 0.3384375 0.5395 0.3219375 0.5678124999999999 0.3242916671875 0.574875 0.26768749999999997
3 0.268125 0.3303125 0.280625 0.3303125 0.28140624999999997 0.269875 0.274625 0.27160416718749997 0.261078125 0.2820208328125 0.25770312500000003 0.2882916671875 0.255609375 0.2959166671875 0.25587499999999996 0.3087708328125 0.259 0.31677083281249996 0.260296875 0.3223125 0.264734375 0.3271875 0.268125 0.3303125
3 0.26884375 0.2651875 0.269296875 0.2684791671875 0.273 0.26989583281249996 0.27714062500000003 0.2695416671875 0.279515625 0.270125 0.2781875 0.2497916671875 0.272109375 0.2539166671875 0.2710625 0.2575625 0.26956250000000004 0.2617916671875 0.26884375 0.2651875
3 0.19342187500000002 0.20400000000000001 0.21044562500000003 0.44685416718750004 0.21690204375 0.4479695515625 0.21116687500000003 0.457625 0.21547115312499998 0.45836858906250005 0.21188812499999998 0.46839583281249997 0.2140402640625 0.46876762968749996 0.212609375 0.4791666671875 0.22980729218749998 0.4807638890625 0.23759915937499998 0.4710104171875 0.23840625000000001 0.4815625 0.267203125 0.4807708328125 0.269072115625 0.4706177875 0.27540624999999996 0.48263194374999996 0.2918125 0.48635416718749996 0.2875625 0.4019375 0.2821550484375 0.399546475 0.28703124999999996 0.39138541718750003 0.2840240390625 0.3893934296875 0.28650000000000003 0.3808333328125 0.28596875 0.37028125 0.28776201874999996 0.3690873390625 0.2854375 0.3597291671875 0.28963100937499997 0.3589342953125 0.32 0.40316666718749994 0.3194705875 0.39239215625 0.3223984375 0.391171875 0.3189411765625 0.3816176484375 0.324796875 0.3791770828125 0.3184117640625 0.3708431375 0.317882353125 0.3600686265625 0.3271953125 0.3671822921875 0.32959375 0.3551875 0.3221646640625 0.2806666671875 0.31417647031249996 0.2846470578125 0.313647059375 0.27387255 0.321103365625 0.2700208328125 0.313117646875 0.2630980390625 0.3200420671875 0.259375 0.31258823593749996 0.2523235296875 0.31898076875000003 0.2487291671875 0.3120588234375 0.24154901875 0.31205889375 0.23709775624999999 0.31791947187499997 0.2380833328125 0.3168581734375 0.22743750000000001 0.313927884375 0.2269447125 0.31579687500000003 0.2167916671875 0.311 0.22000000000000003 0.3115294125 0.23077451093749998 0.310189903125 0.24725080156249998 0.2915 0.34878125 0.28490625 0.3491770828125 0.27799999999999997 0.21200000000000002 0.2498125 0.2087916671875 0.23407271562499998 0.3231810890625 0.22629987968749998 0.32328125 0.21742187500000001 0.2072083328125 0.19342187500000002 0.20400000000000001
1 0.450078125 0.5105625 0.46190625 0.47487500000000005 0.46876562499999996 0.45577083281249997 0.47125000000000006 0.44747916718749997 0.47125000000000006 0.4366875 0.46378125 0.4341875 0.46067187499999995 0.4341875 0.45506250000000004 0.43502083281250004 0.438875 0.4524583328125 0.412734375 0.49810416718750006 0.40151562500000004 0.5362916671875 0.393421875 0.5636875 0.387828125 0.5819583328125 0.385328125 0.5894166671875001 0.38221875 0.5977291671875 0.38221875 0.6002083328125 0.385328125 0.6085208328125 0.40276562499999996 0.5960625 0.41584374999999996 0.5836041671875 0.433890625 0.5470833328125 0.450078125 0.5105625
1 0.37893750000000004 0.5703541671875 0.38471875 0.5086666671875 0.39165625 0.4546875 0.39859374999999997 0.4253958328125 0.372 0.4099791671875 0.36506249999999996 0.4454375 0.36853125000000003 0.5364166671875 0.367375 0.5842291671875001 0.38009375 0.5950208328125 0.37893750000000004 0.5703541671875
1 0.367734375 0.40125 0.342171875 0.4178125 0.33414062499999997 0.44312500000000005 0.32975 0.48695833281249995 0.33121875 0.5229791671874999 0.33559375 0.5414791671875 0.352390625 0.5482916671875 0.361890625 0.5541458328125 0.361890625 0.5375833328125 0.35896875 0.4791666671875 0.3648125 0.4256041671875 0.3765 0.4090416671875 0.367734375 0.40125
1 0.4703125 0.6930208328125 0.470890625 0.6755 0.47145312500000003 0.6564375 0.47545312500000003 0.6312916671875 0.48175 0.6091875 0.486890625 0.5908958328125 0.494328125 0.573375 0.5000312499999999 0.5627083328125 0.50575 0.558125 0.5074687499999999 0.5543125 0.506890625 0.5512708328125 0.50346875 0.5466875 0.5000312499999999 0.5466875 0.49660937499999996 0.5489791671875001 0.47317187499999996 0.5619375 0.459453125 0.5832708328125 0.44515625 0.6137708328125 0.43659375 0.6465416671875001 0.436015625 0.6816041671875 0.459453125 0.7044583328125 0.4663125 0.7021666671875 0.4703125 0.6930208328125
1 0.362390625 0.6242291671875 0.365765625 0.6023958328125001 0.36721875000000004 0.5843958328125 0.36865625 0.5619166671875 0.36335937500000004 0.5567708328125 0.35371874999999997 0.5638333328125 0.3465 0.5824791671875 0.34071875 0.5998125 0.33540625 0.6248750000000001 0.331078125 0.6724166671875 0.3349375 0.70775 0.342640625 0.7283125 0.35228125 0.7392291671875 0.372515625 0.7424375000000001 0.38553125 0.7424375000000001 0.3744375 0.721875 0.362390625 0.6923333328125 0.362390625 0.6467083328125 0.362390625 0.6242291671875
1 0.38009375 0.6012083328125 0.3664375 0.629375 0.363953125 0.653375 0.37140625 0.7006041671875 0.384453125 0.7295833328125 0.40121874999999996 0.7469791671875 0.46209375 0.751125 0.479484375 0.7453125 0.49874999999999997 0.722125 0.49253125000000003 0.7072291671875 0.47140624999999997 0.7279166671875 0.44656250000000003 0.7295833328125 0.41178125000000004 0.7080416671875 0.394390625 0.6782291671875 0.394390625 0.6161041671875 0.393765625 0.6152916671875001 0.3856875 0.6103125 0.38009375 0.6012083328125
1 0.40523437500000004 0.5961875 0.400421875 0.6186666671875 0.398015625 0.663 0.40715625 0.695125 0.42065625000000006 0.7118333328124999 0.43896875 0.7253125 0.4529375 0.7285416671875 0.474140625 0.7201875 0.47703125 0.7037083328125 0.469328125 0.7011458328125 0.45871874999999995 0.7056458328125 0.44378124999999996 0.6915 0.431734375 0.6715833328125 0.42932812499999995 0.6510208328125 0.431734375 0.6163333328125 0.439453125 0.5867916671875 0.4461875 0.5559375 0.45053124999999994 0.5193333328125 0.43078125 0.5557083328125 0.416796875 0.5859166671875 0.40523437500000004 0.5961875
1 0.47753125 0.7153333328125 0.480953125 0.7203020828125 0.47535937500000003 0.729 0.4805 0.7450833328125 0.47639062499999996 0.7493958328125 0.47667187499999997 0.7525208328125 0.49078125000000006 0.7529166671875 0.494328125 0.7108720234375 0.49585937500000005 0.7091041671875 0.494921875 0.70023511875 0.497225 0.6970125 0.495515625 0.6895982140625 0.498590625 0.6849208328125 0.49610937499999996 0.6789613109375 0.49995625 0.6728291671875 0.49670312499999997 0.6683244046875 0.501321875 0.6607375 0.49729687499999997 0.6576875 0.5026875000000001 0.6486458328125 0.497890625 0.6470505953125001 0.498484375 0.6364136890625 0.5039322921875 0.6362222234375 0.49907812500000004 0.6257767859375 0.5051770828125 0.6237986109375 0.49967187500000004 0.61513988125 0.506421875 0.611375 0.500265625 0.6045029765625001 0.500859375 0.5938660703124999 0.5057968749999999 0.5931666671875 0.49834375 0.5765833328125 0.48157812499999997 0.6097291671875 0.475046875 0.6697708328124999 0.472875 0.6950416671874999 0.479703125 0.7016666671875 0.486546875 0.7116041671875 0.47753125 0.7153333328125
1 0.33253125 0.6172500000000001 0.333203125 0.5894166671875001 0.33521875 0.5615833328125001 0.33792187500000004 0.5445208328125 0.333203125 0.5283541671875 0.325796875 0.5283541671875 0.313 0.5588958328125 0.29953124999999997 0.6208541671875001 0.296828125 0.6729375 0.29953124999999997 0.704375 0.311640625 0.728625 0.310296875 0.7295208328125 0.33725 0.7358125 0.334546875 0.7151458328125 0.325796875 0.6765416671875 0.33253125 0.6172500000000001
1 0.4178125 0.48904166718750003 0.418625 0.47429166718750004 0.42026562500000003 0.4644583328125 0.426 0.4486041671875 0.43379687499999997 0.4404166671875 0.41576562499999997 0.43933333281250003 0.40059374999999997 0.43550000000000005 0.39445312499999996 0.4595416671875 0.389125 0.49068750000000005 0.39240624999999996 0.5103541671875 0.402640625 0.5338541671875 0.4030625 0.5300416671875 0.41125 0.5021666671875 0.4178125 0.48904166718750003
0 0.3106875 0.000375 0.15757812499999999 0.001375 0.166625 0.135125 0.166625 0.135625 0.312203125 0.15625 0.31484375 0.1461875 0.3106875 0.0506458328125 0.3106875 0.000375
1 0.474109375 0.5281458328124999 0.48375 0.5041458328124999 0.4991875 0.4741458328125 0.5036875000000001 0.46643749999999995 0.50240625 0.4595625 0.490828125 0.4604166671875 0.47925000000000006 0.46299999999999997 0.46510937500000005 0.48185416718749996 0.451609375 0.5118541671875 0.44453125 0.571875 0.44646875 0.6035833328125 0.44582812499999996 0.6061666671875 0.470890625 0.5641458328125 0.474109375 0.5281458328124999
1 0.453609375 0.43775000000000003 0.470796875 0.4265625 0.46775 0.4214583328125 0.44903125 0.4296041671875 0.44521875 0.4408125 0.43832812499999996 0.4408125 0.42457812500000003 0.4566041671875 0.41809375 0.48562500000000003 0.42076562500000003 0.48512500000000003 0.428015625 0.4683125 0.453609375 0.43775000000000003
1 0.484671875 0.5032916671875001 0.47707812499999996 0.5358333328125 0.47387499999999994 0.5603541671875 0.48826562500000004 0.5539583328125001 0.502671875 0.5448958328125 0.51228125 0.5038125 0.51228125 0.4952916671875 0.51028125 0.4851458328125 0.5078750000000001 0.4782083328125 0.50346875 0.47502083281249996 0.50228125 0.4771458328125 0.48987499999999995 0.49420833281250004 0.484671875 0.5032916671875001