1 0.219140625 0.32681818125 0.22753125000000002 0.34922727343750004 0.236875 0.3573636359375 0.24293749999999997 0.35056818125 0.242 0.324090909375 0.23314062500000002 0.30781818125 0.229875 0.275909090625 0.22614062499999998 0.244 0.22193749999999998 0.23584090937500002 0.212609375 0.2535 0.211671875 0.25418181875 0.21214062500000003 0.27318181875 0.21726562500000002 0.290840909375 0.219140625 0.3166363640625 0.219140625 0.32681818125
1 0.23362500000000003 0.20772727343750003 0.22640625 0.21743181875 0.224171875 0.2312045453125 0.229734375 0.27568181875 0.23975 0.323409090625 0.24920312500000003 0.33393181875 0.251421875 0.3242272734375 0.246421875 0.2853863640625 0.23362500000000003 0.20772727343750003
1 0.207625 0.4835227265625 0.208296875 0.4522272734375 0.20628125000000003 0.42093181875 0.197546875 0.43168181875 0.18812500000000001 0.4747272734375 0.1941875 0.51581818125 0.20023437500000002 0.5089545453125 0.207625 0.4835227265625
1 0.2308125 0.5388636359375 0.236046875 0.5432272734375 0.24129687500000002 0.53231818125 0.24279687499999997 0.5039772734375 0.23679687500000002 0.46036363593749996 0.233796875 0.445090909375 0.2229375 0.44618181874999996 0.2248125 0.44618181874999996 0.2143125 0.46254545468749997 0.2165625 0.4887045453125 0.22218749999999998 0.5225227265625 0.2308125 0.5388636359375
1 0.257125 0.5209772734375 0.253375 0.496409090625 0.2543125 0.4732272734375 0.2543125 0.44456818125 0.245875 0.42820454531249996 0.240234375 0.4036363640625 0.234609375 0.42275 0.23742187499999998 0.43775000000000003 0.23367187500000003 0.43638636406250003 0.240234375 0.49095454531250005 0.24962499999999999 0.53325 0.2524375 0.53325 0.257125 0.5209772734375
1 0.204890625 0.406159090625 0.20382812499999997 0.359909090625 0.213375 0.32443181875 0.195359375 0.3275227265625 0.189 0.3367727265625 0.18475 0.39075000000000004 0.189 0.43854545468749995 0.191109375 0.437 0.20595312500000001 0.4185 0.204890625 0.406159090625
1 0.2034375 0.637340909375 0.211171875 0.640159090625 0.21953125 0.61675 0.22532812500000002 0.62893181875 0.23562500000000003 0.62143181875 0.240125 0.6205 0.244640625 0.5699545453125 0.23176562500000003 0.5456136359375 0.218890625 0.525 0.2163125 0.4941136359375 0.21051562499999998 0.4987954546875 0.20795312500000002 0.5016136359375001 0.193140625 0.52406818125 0.1905625 0.5615227265625 0.1989375 0.6027045453125 0.2034375 0.637340909375
1 0.25040625 0.2708863640625 0.25325000000000003 0.32709090937499996 0.2464375 0.32709090937499996 0.243015625 0.3452727265625 0.24700000000000003 0.36593181874999997 0.244734375 0.3989772734375 0.255515625 0.39320454531250004 0.26745312499999996 0.37088636406250003 0.27540624999999996 0.3898863640625 0.290171875 0.39072727343749997 0.29415625 0.3824545453125 0.304953125 0.38906818125 0.3163125 0.3799772734375 0.316875 0.3527045453125 0.31234375000000003 0.31718181875 0.31575000000000003 0.3006363640625 0.31234375000000003 0.2725454546875 0.304953125 0.2560227265625 0.301546875 0.2337045453125 0.28734375 0.20147727343750002 0.270296875 0.1948636359375 0.260640625 0.2022954546875 0.254953125 0.208090909375 0.25210937499999997 0.21552272656250002 0.25040625 0.2708863640625
1 0.23284375000000002 0.17868181875 0.22974999999999998 0.1498863640625 0.22356250000000003 0.16068181875 0.21428124999999998 0.1759772734375 0.20746875 0.19759090937499998 0.20190625 0.21200000000000002 0.192625 0.2327045453125 0.190140625 0.248 0.200671875 0.26329545468750004 0.209328125 0.2587954546875 0.222328125 0.22999999999999998 0.22542187500000002 0.20929545468750002 0.23284375000000002 0.17868181875
1 0.181859375 0.16854545468749998 0.171375 0.1985454546875 0.165375 0.2159772734375 0.162 0.24106818125 0.16275 0.2585 0.1635 0.269409090625 0.1695 0.28031818125 0.178875 0.27868181875000003 0.185984375 0.27377272656249996 0.190109375 0.2590454546875 0.191234375 0.24434090937500003 0.193859375 0.2257954546875 0.202484375 0.2023636359375 0.202484375 0.1865454546875 0.207359375 0.16254545468749998 0.196859375 0.1603636359375 0.181859375 0.16854545468749998
1 0.207015625 0.3752727265625 0.206203125 0.38868181874999996 0.206203125 0.40559090937500003 0.20460937499999998 0.42131818125000003 0.20460937499999998 0.43879545468750003 0.20660937499999998 0.4498636359375 0.211015625 0.4580227265625 0.21421874999999999 0.4580227265625 0.21823437499999998 0.4580227265625 0.22503125000000002 0.4539545453125 0.226640625 0.43995454531249995 0.23025 0.3927727265625 0.23265625 0.3787727265625 0.23304687500000001 0.3630454546875 0.23064062500000002 0.35081818125 0.22784374999999998 0.3449772734375 0.21742187500000001 0.326909090625 0.21382812499999998 0.33681818125 0.209421875 0.34731818125 0.20821874999999998 0.3607045453125 0.207015625 0.3752727265625
1 0.284671875 0.5507727265625 0.27214062499999997 0.54818181875 0.2631875 0.5742272734375 0.241703125 0.61068181875 0.2631875 0.61068181875 0.284671875 0.5507727265625
1 0.245984375 0.3772727265625 0.246875 0.3668863640625 0.24375 0.365909090625 0.239953125 0.3613636359375 0.239953125 0.35681818125000003 0.2375 0.3545454546875 0.234375 0.3565 0.2328125 0.3565 0.23504687500000002 0.390590909375 0.2390625 0.39968181875000003 0.2453125 0.3987045453125 0.245984375 0.3772727265625