0 0.48130666718750004 0.6293599999999999 0.4895466671875 0.6245 0.49063999999999997 0.61884 0.49207999999999996 0.6113000000000001 0.4823733328125 0.60592 0.4608266671875 0.60348 0.44464 0.60968 0.4392533328125 0.61858 0.44141333281249995 0.61912 0.46261333281250006 0.63044 0.48130666718750004 0.6293599999999999
0 0.6539200000000001 0.58914 0.6340533328125 0.58914 0.6197066671875 0.58914 0.5987199999999999 0.5908 0.57552 0.5883200000000001 0.5622666671875 0.5957600000000001 0.56448 0.5990800000000001 0.5909866671875 0.6098399999999999 0.62632 0.6189600000000001 0.644 0.6189600000000001 0.67048 0.61234 0.6760266671874999 0.6057 0.6682933328125 0.59246 0.6539200000000001 0.58914
0 0.5201066671875 0.5818399999999999 0.5237333328125 0.58016 0.5377333328125 0.57996 0.5466933328125 0.5795399999999999 0.5469866671875 0.57828 0.5438933328125 0.57134 0.5315733328125 0.5663 0.5198133328125001 0.56714 0.5111466671875 0.57302 0.5117066671875 0.57344 0.5161866671875 0.57912 0.5201066671875 0.5818399999999999
0 0.5949866671875 0.58108 0.6043999999999999 0.58412 0.6157333328125 0.5844400000000001 0.6267199999999999 0.58596 0.6279466671875 0.58536 0.6353066671875001 0.58052 0.63568 0.57314 0.6312 0.56552 0.6267199999999999 0.56216 0.6193866671875 0.55972 0.6124799999999999 0.5591 0.60352 0.55972 0.59864 0.5594 0.58968 0.55972 0.5835733328125 0.56276 0.58072 0.56918 0.57952 0.5749799999999999 0.5790933328125 0.57832 0.5831733328125 0.57986 0.58888 0.5817 0.5949866671875 0.58108
0 0.5685866671875 0.5285599999999999 0.5746933328125 0.5237 0.57504 0.52344 0.5578133328125 0.52236 0.5416266671875001 0.5264 0.53696 0.53098 0.5344533328125001 0.5361 0.53408 0.5398799999999999 0.53768 0.5452600000000001 0.5599466671875 0.5452600000000001 0.56392 0.54392 0.5628266671875 0.53502 0.5685866671875 0.5285599999999999
0 0.5973066671875 0.43792 0.6002133328125 0.43792 0.6060800000000001 0.44378 0.6158133328125001 0.45182 0.6245866671875 0.45108 0.6343466671875 0.45620000000000005 0.64408 0.45182 0.6401866671875001 0.44158 0.6265333328125 0.43354 0.6236266671874999 0.43282 0.61192 0.42329999999999995 0.6050933328125 0.41672000000000003 0.59536 0.41454 0.5856 0.41891999999999996 0.58464 0.42329999999999995 0.5856 0.43208 0.58464 0.4372 0.5934133328125 0.43792 0.5973066671875 0.43792
0 0.41410666718750005 0.5742200000000001 0.40944 0.56152 0.4009866671875 0.55516 0.38464 0.55626 0.3767466671875 0.5604199999999999 0.3694666671875 0.5680799999999999 0.3717866671875 0.57706 0.37354666718749996 0.581 0.37704 0.57858 0.3782133328125 0.57794 0.38696 0.57114 0.4006933328125 0.56874 0.41176 0.57662 0.41410666718750005 0.5742200000000001
0 0.38032 0.60712 0.3918666671875 0.604 0.3955733328125 0.5995 0.3909333328125 0.5936 0.384 0.59222 0.3766133328125 0.59188 0.36461333281249997 0.59638 0.3641333328125 0.59672 0.3558133328125 0.59604 0.3419466671875 0.59396 0.3331733328125 0.59048 0.31376 0.5898 0.3091466671875 0.59672 0.3045333328125 0.60262 0.2998933328125 0.61302 0.3008266671875 0.6175200000000001 0.3073066671875 0.61788 0.31608 0.6189199999999999 0.31376 0.6192599999999999 0.3396533328125 0.61788 0.36274666718750004 0.61406 0.37477333281249997 0.60782 0.38032 0.60712
0 0.7017066671875 0.53122 0.6997866671875 0.5279 0.6962933328124999 0.5241 0.6921866671875 0.52218 0.6852 0.521 0.6779200000000001 0.521 0.6753866671875 0.5219400000000001 0.6665066671875 0.5279 0.6655466671875 0.53146 0.6684 0.53432 0.6852 0.53122 0.6966133328125 0.53218 0.7010666671875 0.53218 0.7017066671875 0.53122
0 0.4813866671875 0.5819 0.4962933328125 0.58238 0.5130933328125 0.58048 0.5124533328124999 0.57072 0.5045333328125 0.56334 0.4905866671875 0.5643 0.4810666671875 0.56526 0.47408 0.57524 0.47472000000000003 0.575 0.4725066671875 0.58118 0.4813866671875 0.5819
0 0.6032266671875 0.5435399999999999 0.6117866671875001 0.54258 0.6158933328125 0.53996 0.61464 0.5337799999999999 0.6095733328125 0.52878 0.6035466671874999 0.5264 0.59752 0.5278400000000001 0.5889599999999999 0.5352 0.5883200000000001 0.53712 0.5914933328124999 0.54402 0.6032266671875 0.5435399999999999
0 0.53832 0.41534000000000004 0.54024 0.40991999999999995 0.53496 0.40919999999999995 0.5287200000000001 0.40812 0.5243733328125 0.41028000000000003 0.5219733328125 0.4128 0.5210133328125 0.41786 0.5219733328125 0.42253999999999997 0.5234133328125 0.42722 0.53112 0.42614 0.5388 0.42506000000000005 0.53736 0.42362 0.53832 0.41534000000000004
0 0.5255466671875 0.59736 0.512 0.5947 0.4998666671875 0.59844 0.4920266671875 0.5995 0.47847999999999996 0.59094 0.4492533328125 0.5871999999999999 0.4392533328125 0.5957600000000001 0.43498666718749995 0.60592 0.4392533328125 0.61288 0.45282666718750003 0.60378 0.47135999999999995 0.6048600000000001 0.4920266671875 0.60966 0.49061333281249997 0.61982 0.50488 0.60966 0.5184266671875 0.6102000000000001 0.5269866671875 0.60324 0.5255466671875 0.59736
0 0.45866666718750004 0.44400000000000006 0.488 0.442 0.504 0.44800000000000006 0.4 0.5408000000000001 0.4026666671875 0.546 0.3913333328125 0.5486 0.368 0.568 0.3653333328125 0.572 0.3786666671875 0.5780000000000001 0.3653333328125 0.584 0.37333333281250003 0.5900000000000001 0.41333333281250006 0.5900000000000001 0.42400000000000004 0.5980000000000001 0.4373333328125 0.5980000000000001 0.45066666718750004 0.588 0.45066666718750004 0.5820000000000001 0.44266666718750003 0.5740000000000001 0.45066666718750004 0.568 0.46266666718750005 0.5690000000000001 0.4693333328125 0.564 0.4766666671875 0.5675 0.504 0.564 0.512 0.572 0.5226666671875 0.5660000000000001 0.5493333328125 0.5700000000000001 0.5541333328125 0.5764 0.5493333328125 0.61 0.528 0.614 0.5253333328124999 0.632 0.5333333328125 0.638 0.5546666671875 0.638 0.5573333328125 0.644 0.5493333328125 0.65 0.5493333328125 0.662 0.5573333328125 0.6679999999999999 0.5733333328125 0.6679999999999999 0.5813333328125 0.6599999999999999 0.5813333328125 0.6519999999999999 0.5733333328125 0.644 0.5573333328125 0.638 0.5660952375 0.635 0.5653333328125 0.63 0.5721904765625 0.626 0.61485714375 0.563 0.6133333328125 0.5599999999999999 0.6293333328124999 0.5660000000000001 0.6373333328124999 0.5599999999999999 0.6533333328125 0.5599999999999999 0.6719999999999999 0.544 0.6719999999999999 0.534 0.6666666671875 0.534 0.6666666671875 0.526 0.6773333328125 0.522 0.704 0.526 0.7146666671874999 0.536 0.7306666671875 0.536 0.736 0.532 0.736 0.514 0.728 0.506 0.7173333328125 0.504 0.7253333328125 0.492 0.728 0.472 0.7173333328125 0.46399999999999997 0.712 0.454 0.7013333328125 0.44800000000000006 0.6906666671874999 0.44800000000000006 0.6773333328125 0.45599999999999996 0.6719999999999999 0.45599999999999996 0.6586666671875 0.446 0.6426666671875 0.446 0.6373333328124999 0.45599999999999996 0.616 0.45199999999999996 0.6 0.438 0.5866666671874999 0.438 0.5826666671875 0.433 0.5893333328125 0.41600000000000004 0.584 0.414 0.5786666671875 0.404 0.5653333328125 0.396 0.5493333328125 0.4 0.5466666671875 0.404 0.5226666671875 0.398 0.5093333328125 0.39 0.5013333328125 0.39 0.49066666718749996 0.394 0.4853333328125 0.4 0.47466666718750006 0.398 0.46399999999999997 0.40199999999999997 0.45599999999999996 0.41600000000000004 0.4453333328125 0.41 0.43200000000000005 0.41 0.4186666671875 0.418 0.4186666671875 0.43 0.4266666671875 0.43600000000000005 0.44800000000000006 0.43600000000000005 0.45866666718750004 0.44400000000000006