2 0.751328125 0.6994807375 0.732796875 0.68127303125 0.72196875 0.6804355109375 0.704203125 0.6779564484375 0.69803125 0.679614740625 0.69184375 0.6854103859375 0.691078125 0.70197655 0.691078125 0.7218592968750001 0.707296875 0.7475209375 0.729703125 0.769882746875 0.744375 0.7872864328125 0.754421875 0.7996984921875 0.7598281250000001 0.8063316578125 0.7637031249999999 0.80798995 0.77296875 0.807152428125 0.7884218749999999 0.7715410390625 0.7845625 0.745862646875 0.76678125 0.719363484375 0.751328125 0.6994807375
2 0.6872499999999999 0.610636515625 0.68021875 0.5980737015625001 0.66734375 0.5943216078125 0.6544531250000001 0.5993299828125 0.643921875 0.608123953125 0.62284375 0.6370016749999999 0.62284375 0.6759128984375 0.63103125 0.69599665 0.643921875 0.6834505859375 0.639234375 0.6696314906249999 0.674359375 0.63197655 0.6872499999999999 0.610636515625
2 0.65865625 0.7905695140625 0.6606875 0.8047738687500001 0.66834375 0.8288274703124999 0.6790468749999999 0.8665326640625001 0.6907656249999999 0.89822445625 0.70096875 0.9025963156250001 0.72084375 0.8637855953125 0.7259375 0.8266331656249999 0.70759375 0.7654271359375 0.6795625000000001 0.7583249578125 0.6769999999999999 0.7599664984375 0.65865625 0.78073701875 0.65865625 0.7905695140625
2 0.640421875 0.8896984921875 0.6623125 0.91122278125 0.6759999999999999 0.8906867671875001 0.660484375 0.7957956453125 0.658671875 0.7860134000000001 0.6467968749999999 0.7791624796875001 0.630375 0.77721943125 0.6340312499999999 0.8466666671875 0.6340312499999999 0.875025125 0.640421875 0.8896984921875
2 0.846875 0.7730318265625 0.813328125 0.7483082078125001 0.8259062500000001 0.8629145734374999 0.874125 0.874154103125 0.869921875 0.8696649921875 0.8762187499999999 0.7887604687499999 0.846875 0.7730318265625
2 0.76459375 0.7098324953125 0.784265625 0.7262144046875 0.799546875 0.7332495812500001 0.8366875 0.75197655 0.838875 0.7262144046875 0.827953125 0.698123953125 0.803921875 0.672361809375 0.729640625 0.6489447234375 0.72090625 0.6583082078125 0.72090625 0.6864154109375 0.72309375 0.6793802343750001 0.729640625 0.6793802343750001 0.76459375 0.7098324953125
2 0.74009375 0.90425460625 0.75009375 0.9149748750000001 0.78009375 0.9100335015625 0.78625 0.9067336687499999 0.79240625 0.90425460625 0.803171875 0.8910720265625001 0.81778125 0.877872696875 0.828546875 0.8622110546874999 0.82546875 0.8490117250000001 0.8193125 0.7970686765624999 0.8100937500000001 0.8069681734374999 0.78240625 0.834991625 0.7485625 0.8786934671875001 0.74778125 0.8819933000000001 0.74009375 0.8894137359375 0.74009375 0.90425460625
2 0.826984375 0.653098828125 0.8487656250000001 0.653098828125 0.8487656250000001 0.6334338359375 0.82584375 0.622378559375 0.78803125 0.6690787265625 0.82240625 0.6838190953125001 0.82240625 0.678894471875 0.826984375 0.653098828125
2 0.72484375 0.7935845890625 0.715140625 0.7571691796875 0.695734375 0.727001675 0.6947656249999999 0.6885092125 0.66565625 0.697872696875 0.679234375 0.7332328312499999 0.6714687500000001 0.7654941375 0.7054375 0.7675711890625 0.716109375 0.7967001671875 0.72484375 0.7935845890625
2 0.79378125 0.8185092125000001 0.81746875 0.7958626468750001 0.813640625 0.7464321609375 0.793140625 0.7320268000000001 0.774578125 0.7189782250000001 0.753453125 0.7025125625 0.7560156250000001 0.7073199328124999 0.78675 0.7484924625 0.790578125 0.7759463984375 0.775859375 0.8020267999999999 0.79378125 0.8185092125000001
2 0.8528593750000001 0.8745393640625 0.8286250000000001 0.86675041875 0.8189375 0.8719430484374999 0.8165156250000001 0.8901340031249999 0.8189375 0.9083082078125001 0.8577031249999999 0.9057118921875 0.8625468749999999 0.882345059375 0.8528593750000001 0.8745393640625
2 0.743609375 0.650117253125 0.792109375 0.6682077046875 0.78578125 0.6591624796875 0.793171875 0.6591624796875 0.838515625 0.59924623125 0.835359375 0.59472361875 0.783671875 0.5935845890625 0.743609375 0.650117253125