1 0.52478125 0.5853958328125 0.52575 0.5705625000000001 0.526234375 0.5615208328125 0.526234375 0.5550625 0.527671875 0.5428124999999999 0.523328125 0.5421666671875001 0.521875 0.5421666671875001 0.519453125 0.553125 0.518 0.5557083328125 0.514609375 0.5628124999999999 0.511703125 0.5725 0.505421875 0.5750833328125 0.499125 0.5750833328125 0.494765625 0.580875 0.49621875 0.5912083328125 0.49573437499999995 0.5912083328125 0.50590625 0.5976666671875 0.514609375 0.5931458328125 0.520421875 0.5899166671875 0.52478125 0.5853958328125
1 0.379359375 0.5292916671875 0.37396875 0.5220833328125 0.36789062499999997 0.5184791671875 0.36789062499999997 0.5301875 0.3719375 0.5418958328125 0.3854375 0.5571875000000001 0.399609375 0.5598958328125 0.405015625 0.5526875 0.3989375 0.5472916671875 0.38746875 0.5409791671875 0.379359375 0.5292916671875
1 0.36384375 0.47408333281250004 0.359859375 0.46345833281250004 0.34690625 0.47806249999999995 0.333625 0.5032916671875001 0.31570312500000003 0.4926666671875 0.31270312499999997 0.5068333328125 0.32234375000000004 0.52675 0.3283125 0.5387083328125 0.339265625 0.5466666671875 0.352890625 0.548 0.3655 0.5413541671875 0.3718125 0.5170208328125 0.3708125 0.5068333328125 0.358859375 0.5032916671875001 0.36384375 0.47408333281250004
1 0.25768749999999996 0.4840625 0.257015625 0.4800625 0.255015625 0.4769375 0.250671875 0.473375 0.2463125 0.4738125 0.24431250000000002 0.4738125 0.243640625 0.4738125 0.239640625 0.47202083281249996 0.232609375 0.46802083281250006 0.226921875 0.46266666718750005 0.21890625 0.4555416671875 0.216890625 0.4559791671875 0.2185625 0.4675625 0.22559374999999998 0.4805 0.236625 0.4961041671875 0.24865624999999997 0.49877083281249995 0.251 0.49343750000000003 0.25568749999999996 0.49164583281249996 0.25768749999999996 0.4840625
1 0.7148749999999999 0.5105000000000001 0.72178125 0.5002708328125001 0.7248593750000001 0.49002083281250003 0.727921875 0.4797708328125 0.72178125 0.4797708328125 0.7141093749999999 0.4797708328125 0.715640625 0.47056250000000005 0.717171875 0.46237500000000004 0.71640625 0.46237500000000004 0.704109375 0.4531458328125 0.6949062500000001 0.45827083281250003 0.695671875 0.4531458328125 0.695671875 0.4418958328125 0.686453125 0.44291666718749995 0.68184375 0.46237500000000004 0.677234375 0.4531458328125 0.669546875 0.45110416718749996 0.669546875 0.45520833281249995 0.669546875 0.4685208328125 0.669546875 0.48285416718749996 0.673390625 0.49820833281250004 0.67646875 0.4961666671875 0.6910624999999999 0.49924999999999997 0.695671875 0.5115208328125 0.7010468750000001 0.5187083328125001 0.704109375 0.5187083328125001 0.704109375 0.5166458328125 0.7148749999999999 0.5105000000000001
1 0.620640625 0.43174999999999997 0.6184062499999999 0.4381666671875 0.617375 0.444125 0.6180625 0.45533333281250005 0.6189218750000001 0.46381249999999996 0.622359375 0.4695416671875 0.625109375 0.4688541671875 0.627515625 0.4642708328125 0.62803125 0.457625 0.62734375 0.44641666718749995 0.6268281250000001 0.43518749999999995 0.624421875 0.4285416671875 0.6221875 0.42808333281250005 0.620640625 0.43174999999999997
1 0.45640625 0.46662499999999996 0.456234375 0.47004166718749996 0.466328125 0.47779166718750005 0.4665 0.4780208328125 0.47265625 0.47027083281250004 0.473515625 0.46706250000000005 0.471796875 0.4563541671875 0.470609375 0.45202083281250005 0.471296875 0.4486041671875 0.47095312500000003 0.4474583328125 0.46940625 0.44654166718750005 0.468375 0.4467708328125 0.46804687500000003 0.4474583328125 0.467703125 0.4481458328125 0.4665 0.4524791671875 0.463078125 0.45225 0.458125 0.4618333328125 0.45640625 0.46662499999999996
1 0.595984375 0.5136666671875 0.585125 0.5289166671875 0.58340625 0.5426249999999999 0.58940625 0.5525416671875 0.580265625 0.5670208328124999 0.589125 0.5685416671875 0.597125 0.5590208328124999 0.6051249999999999 0.5571041671875 0.607703125 0.5449166671875 0.607421875 0.5483541671875 0.613703125 0.5239583328124999 0.613703125 0.5083333328124999 0.607703125 0.5113749999999999 0.595984375 0.5136666671875
1 0.585796875 0.46770833281249996 0.5821875000000001 0.4511666671875 0.569375 0.44477083281249996 0.563375 0.4522291671875 0.562171875 0.4693125 0.5645781249999999 0.4799791671875 0.5761875 0.4810625 0.585796875 0.46770833281249996
1 0.341359375 0.4165 0.33804687499999997 0.42241666718750004 0.33709375 0.42768750000000005 0.340265625 0.4378125 0.34373437500000004 0.4363333328125 0.34784375 0.4312708328125 0.350703125 0.42389583281250004 0.35164062500000004 0.41208333281250004 0.348328125 0.40912499999999996 0.3446875 0.4112291671875 0.341359375 0.4165
1 0.5135468750000001 0.5578333328125 0.516578125 0.5271041671875001 0.507484375 0.5093125 0.488671875 0.5012083328125 0.46804687500000003 0.506875 0.457125 0.5214375 0.452265625 0.5400416671875 0.46501562500000004 0.5529791671875001 0.48624999999999996 0.5723958328125 0.49959375 0.5756458328125 0.509296875 0.5643125 0.5135468750000001 0.5578333328125
1 0.58621875 0.5273125000000001 0.58940625 0.5268125 0.5920156249999999 0.5220833328125 0.59425 0.5133541671875 0.5951875 0.507625 0.5951875 0.49691666718749994 0.5940624999999999 0.4844583328125 0.593515625 0.4842083328125 0.58790625 0.4872083328125 0.583046875 0.49468750000000006 0.57875 0.510875 0.5793125 0.5153541671874999 0.583421875 0.5253125 0.58621875 0.5273125000000001
1 0.551625 0.5815208328125 0.556375 0.5797083328125 0.559765625 0.5769791671875 0.56384375 0.568375 0.56690625 0.5597708328125 0.56928125 0.5538958328125 0.57096875 0.548 0.5726718749999999 0.54075 0.5723281250000001 0.5393958328124999 0.56928125 0.5412083328125 0.56621875 0.5425625000000001 0.5641875 0.5434791671875 0.562484375 0.5434791671875 0.547203125 0.5570625 0.5431250000000001 0.56475 0.5414218749999999 0.5715625 0.542453125 0.5783541671875 0.547203125 0.5810625 0.551625 0.5815208328125
1 0.225 0.5 0.2296875 0.4875 0.22421875 0.478125 0.2390625 0.47291666718750003 0.2515625 0.475 0.25625 0.4791666671875 0.25625 0.4895833328125 0.2484375 0.5 0.2546875 0.5104166671875 0.275 0.5104166671875 0.284375 0.4916666671875 0.296875 0.5083333328124999 0.3125 0.50625 0.315625 0.49375 0.328125 0.5020833328125 0.334375 0.5020833328125 0.3453125 0.48125 0.3578125 0.46666666718750005 0.3609375 0.46666666718750005 0.3625 0.48333333281249996 0.359375 0.5041666671875 0.36875 0.50625 0.371875 0.5229166671875001 0.3890625 0.54375 0.4015625 0.55 0.4015625 0.5604166671875 0.40625 0.5604166671875 0.4125 0.5729166671875 0.4203125 0.5729166671875 0.428125 0.59375 0.4375 0.60625 0.45 0.6145833328125 0.471875 0.6145833328125 0.4875 0.6020833328124999 0.4921875 0.6020833328124999 0.4953125 0.5979166671875 0.496875 0.575 0.5059375 0.5770833328125 0.5125 0.5708333328124999 0.51953125 0.5770833328125 0.5240625 0.5729166671875 0.5265625 0.5833333328125 0.53125 0.5833333328125 0.5359375 0.575 0.5390625 0.575 0.5484375 0.5854166671875001 0.5640625 0.5854166671875001 0.5703125 0.5833333328125 0.5765625 0.5729166671875 0.5796875 0.5729166671875 0.5890625 0.5520833328125 0.609375 0.5479166671875 0.6125 0.5520833328125 0.621875 0.5520833328125 0.6265625 0.5479166671875 0.659375 0.55 0.6859375 0.5270833328125 0.69375 0.5125 0.690625 0.5 0.675 0.49791666718750005 0.671875 0.49375 0.66875 0.45208333281249996 0.659375 0.4458333328125 0.6390625 0.44166666718750003 0.625 0.4291666671875 0.603125 0.43125 0.5796875 0.4458333328125 0.575 0.4458333328125 0.5640625 0.4375 0.5421875 0.4375 0.534375 0.44166666718750003 0.5234375 0.45416666718750004 0.5171875 0.4458333328125 0.5046875 0.4375 0.4828125 0.4375 0.4703125 0.44375 0.465625 0.43541666718750005 0.45625 0.43541666718750005 0.4515625 0.44166666718750003 0.45 0.45 0.4421875 0.45 0.4359375 0.44166666718750003 0.4265625 0.44166666718750003 0.4203125 0.45 0.4140625 0.45208333281249996 0.4109375 0.4479166671875 0.4015625 0.4479166671875 0.396875 0.44166666718750003 0.390625 0.44166666718750003 0.384375 0.4291666671875 0.375 0.4291666671875 0.371875 0.43333333281249997 0.3578125 0.4291666671875 0.3421875 0.40625 0.321875 0.40208333281249997 0.30625 0.4166666671875 0.303125 0.4291666671875 0.29375 0.4291666671875 0.2890625 0.43541666718750005 0.2765625 0.43333333281249997 0.2703125 0.44166666718750003 0.2640625 0.44166666718750003 0.25625 0.45 0.253125 0.4458333328125 0.24375 0.4458333328125 0.2390625 0.45208333281249996 0.234765625 0.44947916718750003 0.216796875 0.45677083281249997 0.2171875 0.4604166671875 0.2078125 0.4604166671875 0.203125 0.46666666718750005 0.20625 0.49375 0.2109375 0.5 0.225 0.5