0 0.50725 0.33025000000000004 0.50725 0.325125 0.50509375 0.3228958328125 0.50196875 0.3228958328125 0.498359375 0.3241666671875 0.4966875 0.3261041671875 0.49596875 0.327375 0.495 0.3331458328125 0.49692187499999996 0.3373125 0.50196875 0.33827083281250003 0.507015625 0.3360208328125 0.50725 0.33025000000000004
0 0.481046875 0.34602083281249996 0.485671875 0.3449166671875 0.49437499999999995 0.3434791671875 0.5011875 0.3434791671875 0.50690625 0.34310416718750003 0.5093593750000001 0.33947916718750004 0.506625 0.3362083328125 0.49682812500000006 0.33658333281249997 0.494921875 0.3329375 0.49846874999999996 0.3235 0.494921875 0.32095833281249997 0.48457812499999997 0.32095833281249997 0.47614062500000004 0.3235 0.470421875 0.3187916671875 0.464171875 0.3249583328125 0.46553125 0.33258333281249997 0.46553125 0.339125 0.46825 0.3438333328125 0.474234375 0.3445625 0.481046875 0.34602083281249996
0 0.526421875 0.33325 0.5228125 0.3328333328125 0.519421875 0.3363541671875 0.520375 0.3438541671875 0.520375 0.34427083281250004 0.531609375 0.34525 0.534265625 0.33777083281250003 0.5338437500000001 0.3357916671875 0.528328125 0.33410416718749997 0.526421875 0.33325
0 0.41371874999999997 0.3503333328125 0.41039062499999995 0.3504791671875 0.4090625 0.35122916718749997 0.407625 0.3550625 0.40884375000000006 0.3575625 0.4099375 0.3588958328125 0.411046875 0.3584583328125 0.4139375 0.3588958328125 0.41559375000000004 0.357125 0.415703125 0.351375 0.41371874999999997 0.3503333328125
0 0.416171875 0.3433958328125 0.4154375 0.3453333328125 0.41471875 0.3484791671875 0.4114375 0.3494583328125 0.408703125 0.35091666718750003 0.40670312500000005 0.35091666718750003 0.403609375 0.35189583281250003 0.4034375 0.3552916671875 0.40251562500000004 0.3596458328125 0.39832812500000003 0.3611041671875 0.397796875 0.3635416671875 0.39796875 0.3669375 0.40270312500000005 0.3659583328125 0.40689062500000006 0.3666875 0.40998437499999996 0.3678958328125 0.41234374999999995 0.3683958328125 0.416171875 0.3681458328125 0.42145312500000004 0.3681458328125 0.426 0.368875 0.428734375 0.3666875 0.431453125 0.3664375 0.43218750000000006 0.3700833328125 0.43637499999999996 0.3700833328125 0.43910937499999997 0.37033333281249997 0.4425625 0.3708125 0.44584375 0.3720208328125 0.44929687500000004 0.373 0.45056250000000003 0.37106249999999996 0.45184375 0.3674166671875 0.45367187500000006 0.3659583328125 0.454578125 0.3642708328125 0.454578125 0.3611041671875 0.45475000000000004 0.3565 0.45621875 0.352375 0.455671875 0.3484791671875 0.45584375 0.34362499999999996 0.45475000000000004 0.3429166671875 0.45275 0.3431458328125 0.450203125 0.34168750000000003 0.44820312500000004 0.3414583328125 0.446203125 0.3426666671875 0.444015625 0.3414583328125 0.44128125 0.3412083328125 0.43910937499999997 0.3392708328125 0.43509374999999995 0.3412083328125 0.43200000000000005 0.34168750000000003 0.420359375 0.3414583328125 0.42000000000000004 0.3412083328125 0.41798437499999996 0.34168750000000003 0.416171875 0.3433958328125
0 0.585140625 0.3396041671875 0.58221875 0.3340208328125 0.5795 0.3330625 0.576765625 0.33427083281250003 0.5734843749999999 0.3376666671875 0.57221875 0.3313541671875 0.57075 0.32697916718750003 0.56765625 0.3248125 0.5643906249999999 0.32697916718750003 0.56165625 0.330875 0.561109375 0.3272291671875 0.5583750000000001 0.32697916718750003 0.55565625 0.32941666718749996 0.5510937499999999 0.32697916718750003 0.546546875 0.3272291671875 0.5430937499999999 0.32675 0.540359375 0.3298958328125 0.540546875 0.3362083328125 0.5374531250000001 0.335 0.53453125 0.33718750000000003 0.5319843750000001 0.3420416671875 0.53271875 0.3502916671875 0.536359375 0.3522291671875 0.538171875 0.35562499999999997 0.54071875 0.35562499999999997 0.552734375 0.35343749999999996 0.55946875 0.3541666671875 0.5605625 0.3500416671875 0.557109375 0.3466458328125 0.5521874999999999 0.3485833328125 0.55365625 0.3444583328125 0.55965625 0.3437291671875 0.56365625 0.3444583328125 0.5689375 0.3444583328125 0.5725781249999999 0.3410625 0.5774843749999999 0.3437291671875 0.582953125 0.34325 0.586765625 0.3408125 0.592421875 0.339375 0.595140625 0.33839583281249996 0.5936874999999999 0.3337916671875 0.5896874999999999 0.3325625 0.586234375 0.3345208328125 0.585140625 0.3396041671875
0 0.44251562499999997 0.3915 0.44548437500000004 0.3919583328125 0.44898437500000005 0.3910208328125 0.45003125 0.3861458328125 0.44967187500000005 0.38195833281249997 0.44898437500000005 0.3791666671875 0.4479375 0.3752083328125 0.44548437500000004 0.3752083328125 0.44409375000000006 0.37287499999999996 0.441125 0.3721666671875 0.43920312499999997 0.3714791671875 0.435703125 0.3710208328125 0.43221875 0.3700833328125 0.43168749999999995 0.36706249999999996 0.42959375 0.36706249999999996 0.42698437499999997 0.3672916671875 0.424359375 0.3700833328125 0.42209375 0.3745 0.4215625 0.3777708328125 0.421390625 0.3814791671875 0.42034374999999996 0.3877708328125 0.42175 0.3917291671875 0.42260937500000006 0.3910208328125 0.42715625 0.3919583328125 0.4343125 0.39289583281249996 0.43606249999999996 0.393125 0.438671875 0.3919583328125 0.44251562499999997 0.3915
0 0.43278125 0.3241458328125 0.42807812500000003 0.3313125 0.42403124999999997 0.3325 0.41978125000000005 0.3420625 0.43928124999999996 0.3405625 0.45540624999999996 0.3435625 0.45271875 0.3277291671875 0.45159374999999996 0.325625 0.43278125 0.3241458328125
3 0.547015625 0.3362916671875 0.548265625 0.3354583328125 0.548265625 0.3342916671875 0.548140625 0.3309583328125 0.545515625 0.32795833281250003 0.543765625 0.3274583328125 0.542765625 0.327625 0.541640625 0.328625 0.5407656249999999 0.330125 0.540390625 0.33245833281250003 0.540640625 0.336625 0.542890625 0.336625 0.544640625 0.33645833281250004 0.547015625 0.3362916671875
3 0.562421875 0.3327291671875 0.56125 0.329 0.557296875 0.32683333281250004 0.5554375 0.329 0.555671875 0.3358541671875 0.55753125 0.3373958328125 0.5619531249999999 0.3355416671875 0.562421875 0.3327291671875
3 0.58040625 0.3450625 0.5822812500000001 0.3431458328125 0.5829375 0.3410833328125 0.5829375 0.3394583328125 0.5820624999999999 0.3359166671875 0.5797343749999999 0.333125 0.5779687499999999 0.3325208328125 0.574984375 0.3337083328125 0.5740000000000001 0.3353333328125 0.573328125 0.3379791671875 0.5740000000000001 0.3409375 0.57321875 0.34358333281250003 0.576984375 0.3452083328125 0.58040625 0.3450625
3 0.42535937500000004 0.3694791671875 0.42762500000000003 0.36974999999999997 0.43071875000000004 0.3681041671875 0.43257812500000004 0.3636875 0.43174999999999997 0.3612291671875 0.42885937500000004 0.3590208328125 0.42679687499999996 0.3598541671875 0.4255625 0.3623125 0.42535937500000004 0.3694791671875
3 0.43046875 0.3699166671875 0.43112500000000004 0.3705 0.43334374999999997 0.3705 0.4364375 0.3703541671875 0.437890625 0.36902083281250003 0.437890625 0.365625 0.43689062500000003 0.3629583328125 0.43323437499999995 0.3629583328125 0.43234374999999997 0.3645833328125 0.431234375 0.3671041671875 0.43046875 0.3699166671875
0 0.4251875 0.3690416671875 0.427453125 0.367375 0.43034375 0.3671041671875 0.43200000000000005 0.3671041671875 0.432609375 0.3698541671875 0.44251562499999997 0.3706875 0.449515625 0.37316666718749997 0.45178124999999997 0.3682083328125 0.45487500000000003 0.36462500000000003 0.455296875 0.35583333281249996 0.45653125 0.3511666671875 0.45590624999999996 0.342375 0.44065624999999997 0.3412708328125 0.431171875 0.34208333281250003 0.419421875 0.3407083328125 0.41590625000000003 0.3440208328125 0.414875 0.34841666718750003 0.40890624999999997 0.3506041671875 0.407046875 0.3522708328125 0.40374999999999994 0.3511666671875 0.40374999999999994 0.3536458328125 0.40271875 0.3591458328125 0.39859374999999997 0.36189583281250004 0.39796875 0.3676666671875 0.40395312499999997 0.366 0.408484375 0.3676666671875 0.41137499999999994 0.3679375 0.4251875 0.3690416671875