0 0.7318749999999999 0.78478125 0.6905208328125 0.8063437499999999 0.67525 0.8265781249999999 0.6536666671875 0.8036562500000001 0.6285000000000001 0.81309375 0.5961458328125 0.8238749999999999 0.5871666671875 0.8306093750000001 0.5673958328125 0.8589375 0.5458125 0.917578125 0.5575 0.922296875 0.5745833328125001 0.90409375 0.6078333328125 0.883203125 0.6428958328125 0.8663437500000001 0.6842291671875 0.854890625 0.7165833328125 0.8393750000000001 0.7147916671875 0.8171406250000001 0.7156875 0.800953125 0.7453541671874999 0.7969062499999999 0.7318749999999999 0.78478125
1 0.7106250000000001 0.50309375 0.7016458328125 0.511828125 0.7016458328125 0.5239375 0.7393125 0.630875 0.8092499999999999 0.7109062500000001 0.8325625000000001 0.7095625 0.8469166671874999 0.700140625 0.8415416671875 0.68265625 0.8047708328125 0.6086875 0.7617291671875 0.51721875 0.7482708328125 0.49232812499999995 0.736625 0.49232812499999995 0.7106250000000001 0.50309375
1 0.4763958328125 0.32190625 0.5093541671875 0.37809375 0.5393333328125001 0.40056250000000004 0.5483125 0.4050625 0.5722916671875 0.3960625 0.5363333328125 0.335390625 0.5483125 0.283703125 0.5543125 0.24326562499999999 0.5692916671875 0.20954687500000002 0.5842708328125 0.187078125 0.5872708328125 0.18257812499999998 0.5752708328125 0.17809375 0.506375 0.187078125 0.4853958328125 0.21179687500000002 0.4644166671875 0.261234375 0.4763958328125 0.32190625
1 0.4136041671875 0.40384374999999995 0.4189375 0.38959375 0.42424999999999996 0.318953125 0.4379166671875 0.256296875 0.4310833328125 0.258578125 0.40525 0.27965625 0.3870208328125 0.30471875000000004 0.3908333328125 0.37990625 0.4136041671875 0.40384374999999995
1 0.3479166671875 0.083734375 0.3343333328125 0.10409375000000001 0.3257083328125 0.129078125 0.3349583328125 0.16007812500000002 0.3756875 0.1929375 0.40837500000000004 0.20171875 0.42502083281249997 0.196171875 0.41516666718749995 0.185984375 0.3855416671875 0.155453125 0.38 0.1369375 0.3812291671875 0.11381250000000001 0.3682708328125 0.11612499999999999 0.3497708328125 0.112890625 0.3479166671875 0.083734375
1 0.9327291671875001 0.535765625 0.8878958328125 0.46176562499999996 0.8400624999999999 0.45953125000000006 0.819125 0.49315625 0.8789166671875 0.580609375 0.9058333328125 0.6882343750000001 0.9476875 0.6927187499999999 0.9596458328124999 0.6344218749999999 0.9327291671875001 0.535765625
1 1 0.28490625 0.9970000000000001 0.27365625 0.9609583328125 0.23985937499999999 0.9219166671875 0.246625 0.8288333328125 0.264640625 0.8048125 0.30067187500000003 0.8168124999999999 0.356984375 0.8168124999999999 0.420046875 0.8348333328124999 0.45382812499999997 0.8468541671875001 0.47184375 0.8918958328125 0.47634375 0.9159166671875001 0.489859375 0.9579583328125001 0.49210937499999996 1 0.483109375 1 0.46057812499999995 1 0.37725 1 0.28490625
1 0.42845833281249995 0.5105000000000001 0.43843750000000004 0.53671875 0.4496875 0.589140625 0.43968749999999995 0.607875 0.44718749999999996 0.6191093750000001 0.46839583281249997 0.62659375 0.4696458328125 0.6237812500000001 0.488375 0.6191093750000001 0.5096041671875 0.6125468749999999 0.5333125 0.6050625000000001 0.5383125 0.591015625 0.5495416671875 0.547953125 0.5358125 0.53296875 0.5208333328125 0.498328125 0.5021041671875001 0.48803124999999997 0.4696458328125 0.4665 0.45841666718749996 0.46743750000000006 0.4297083328125 0.48896875 0.42845833281249995 0.5105000000000001
1 0.7370833328125 0.332578125 0.7101041671874999 0.285390625 0.704125 0.23370312499999998 0.7191041671875 0.2 0.692125 0.18426562500000002 0.6711666671875001 0.2 0.6531875 0.211234375 0.6412083328125 0.240453125 0.6412083328125 0.27415625 0.6621666671875001 0.364046875 0.6861458328125 0.391015625 0.7161041671875 0.42021875 0.7490625 0.408984375 0.7430625 0.37753125 0.7370833328125 0.332578125
1 0.8048125 0.456078125 0.75675 0.49210937499999996 0.7087083328125 0.49437499999999995 0.6366458328125 0.46509375000000003 0.5765833328125 0.485359375 0.5315416671875 0.577703125 0.5855833328125 0.6858125 0.621625 0.735359375 0.6966875 0.7736562499999999 0.7927916671874999 0.823203125 0.8468541671875001 0.827703125 0.882875 0.8186875 0.8858958328125001 0.8119375 0.9159166671875001 0.735359375 0.9159166671875001 0.6790468749999999 0.8468541671875001 0.543921875 0.8048125 0.456078125
1 0.5483125 0.34568750000000004 0.5812708328125 0.41984374999999996 0.60225 0.45581250000000006 0.6382083328125 0.44456249999999997 0.6501875 0.41760937499999995 0.6531875 0.361421875 0.6501875 0.309734375 0.6441874999999999 0.260296875 0.6621666671875001 0.21984374999999998 0.6651666671875 0.20860937499999999 0.6561874999999999 0.192890625 0.6501875 0.190640625 0.60825 0.20635937499999998 0.5752708328125 0.242328125 0.5483125 0.289515625 0.5483125 0.34568750000000004
1 0.27989583281249997 0.350609375 0.2849583328125 0.378625 0.29372916718750003 0.39245312499999996 0.3034166671875 0.39245312499999996 0.318625 0.408015625 0.33245833281250003 0.412515625 0.34075 0.40975 0.3449166671875 0.40040624999999996 0.3356875 0.392796875 0.3310833328125 0.3851875 0.3223125 0.360640625 0.3034166671875 0.34334375 0.3020208328125 0.31290625 0.2923333328125 0.319828125 0.2821875 0.33365625 0.27989583281249997 0.350609375
1 0.8408333328125 0.46959375000000003 0.8078125 0.390765625 0.8108124999999999 0.33896875 0.8017916671875 0.266890625 0.7777708328124999 0.18131250000000002 0.7297291671874999 0.179046875 0.7207291671875 0.29167187499999997 0.7657708328124999 0.42679687499999996 0.7747708328125 0.46284375000000005 0.8408333328125 0.46959375000000003
1 0.4399166671875 0.1135 0.4182708328125 0.12209375 0.40043749999999995 0.111578125 0.3838958328125 0.111578125 0.3877083328125 0.116359375 0.43227083281249995 0.169828125 0.46791666718749997 0.18225 0.4717291671875 0.16314062499999998 0.4399166671875 0.1135
1 0.2270833328125 0.284375 0.23333333281250002 0.2890625 0.2416666671875 0.290625 0.25 0.2984375 0.25833333281250004 0.3078125 0.2645833328125 0.325 0.26875 0.328125 0.26875 0.33125 0.2604166671875 0.3359375 0.25833333281250004 0.3453125 0.2416666671875 0.3671875 0.2416666671875 0.3859375 0.24583333281250003 0.3984375 0.2520833328125 0.40625 0.2666666671875 0.415625 0.26875 0.4234375 0.275 0.428125 0.3 0.428125 0.3083333328125 0.4359375 0.325 0.4359375 0.34375 0.45 0.33125 0.4609375 0.33125 0.475 0.3375 0.4796875 0.3479166671875 0.4796875 0.35625 0.4859375 0.3729166671875 0.490625 0.4 0.4890625 0.4125 0.4765625 0.41041666718750003 0.465625 0.40416666718750005 0.4625 0.40625 0.44375 0.41041666718750003 0.44375 0.4291666671875 0.4546875 0.4458333328125 0.46875 0.47291666718750003 0.46875 0.5166666671875 0.496875 0.5375 0.496875 0.5458333328125 0.490625 0.5541666671875001 0.490625 0.5708333328124999 0.484375 0.5875 0.471875 0.5958333328125 0.475 0.6104166671875 0.475 0.625 0.4703125 0.6333333328124999 0.4625 0.6375 0.4625 0.6395833328125 0.4671875 0.6458333328125 0.4703125 0.7083333328125 0.4953125 0.7416666671875001 0.49375 0.75 0.490625 0.75625 0.484375 0.7583333328124999 0.4578125 0.7541666671875 0.446875 0.7375 0.4296875 0.73125 0.4171875 0.7166666671875 0.4203125 0.7083333328125 0.4140625 0.6625 0.365625 0.6604166671875 0.3578125 0.6536458328125 0.35703125 0.6541666671875 0.3484375 0.6583333328125 0.3484375 0.5479166671875 0.2859375 0.5520833328125 0.284375 0.5604166671875 0.2671875 0.5520833328125 0.26875 0.49294871875 0.2092548078125 0.4875 0.2078125 0.5020833328125 0.1890625 0.5104166671875 0.184375 0.55 0.1828125 0.5708333328124999 0.1765625 0.5770833328125 0.1765625 0.5958333328125 0.184375 0.625 0.184375 0.6416666671875 0.178125 0.6541666671875 0.1671875 0.7979166671875 0.1671875 0.8125 0.1734375 0.8416666671874999 0.1734375 0.85625 0.1671875 0.8875 0.1671875 0.8875 0.190625 0.8958333328125001 0.20625 0.8979166671875 0.21875 0.9020833328125001 0.221875 0.9208333328125 0.221875 0.9270833328125001 0.228125 0.9354166671874999 0.2296875 0.9375 0.240625 0.9416666671874999 0.24375 0.95625 0.2421875 0.9625 0.2390625 0.9645833328125001 0.225 0.9708333328125001 0.2203125 0.975 0.2203125 0.98125 0.2140625 0.9979166671874999 0.16875 0.9979166671874999 0.0859375 0.9770833328125 0.0703125 0.9645833328125001 0.0703125 0.9354166671874999 0.0734375 0.9083333328125001 0.0859375 0.8541666671874999 0.0859375 0.8458333328125001 0.0921875 0.83125 0.0875 0.8145833328125001 0.0875 0.80625 0.096875 0.7916666671875 0.0984375 0.7875 0.0953125 0.775 0.0953125 0.76875 0.1 0.7645833328125 0.109375 0.7645833328125 0.121875 0.7729166671875001 0.1265625 0.7729166671875001 0.13515625 0.76875 0.14375 0.7583333328124999 0.1453125 0.75 0.14375 0.6645833328124999 0.146875 0.6583333328125 0.128125 0.6520833328125 0.1203125 0.6416666671875 0.1125 0.625 0.10625 0.5625 0.1078125 0.55625 0.1046875 0.5270833328125 0.1046875 0.50625 0.1125 0.4895833328125 0.1046875 0.4604166671875 0.1046875 0.44375 0.109375 0.4375 0.115625 0.44166666718750003 0.1171875 0.47083333281249995 0.1625 0.47083333281249995 0.175 0.46458333281249997 0.18125 0.43541666718750005 0.171875 0.4291666671875 0.1671875 0.38333333281250004 0.1125 0.375 0.1140625 0.3333333328125 0.1078125 0.3395833328125 0.0953125 0.3333333328125 0.0890625 0.32083333281250004 0.0890625 0.3145833328125 0.09375 0.3104166671875 0.1125 0.3020833328125 0.1203125 0.3 0.1578125 0.2958333328125 0.1640625 0.2979166671875 0.1765625 0.2916666671875 0.196875 0.26875 0.2140625 0.25833333281250004 0.2265625 0.24583333281250003 0.234375 0.24375 0.2453125 0.23125 0.25625 0.24958333281249998 0.265 0.2479166671875 0.27489919375 0.2270833328125 0.275 0.2270833328125 0.284375