2 0.446890625 0.6183541671875 0.44228125 0.6091458328125 0.4223125 0.5958333328125 0.41385937500000003 0.5937708328125 0.41003125 0.5988958328125 0.396203125 0.6787916671875001 0.40003124999999995 0.693125 0.40464062500000003 0.6992708328125 0.42078125 0.7002916671875 0.42768750000000005 0.7002916671875 0.446890625 0.693125 0.446890625 0.6890208328125 0.44920312500000004 0.6757083328125 0.45149999999999996 0.6603541671875 0.45149999999999996 0.6490833328125001 0.446890625 0.6449791671875 0.446890625 0.6326875000000001 0.446890625 0.6183541671875
2 0.2531875 0.5766666671875 0.25925 0.5219583328125 0.22754687499999998 0.5201041671875 0.214953125 0.5909791671875 0.21589062499999997 0.6133541671875 0.24759375 0.6040416671875 0.244328125 0.6034166671875 0.24712499999999998 0.6015416671875 0.2531875 0.5766666671875
2 0.26321875 0.2160416671875 0.25407812500000004 0.2282291671875 0.2575 0.23814583281249999 0.264359375 0.24881250000000002 0.270078125 0.2579583328125 0.31865625 0.2396666671875 0.29121874999999997 0.2030833328125 0.27521874999999996 0.20689583281249999 0.26321875 0.2160416671875
2 0.8770625000000001 0.387125 0.8754687499999999 0.3562916671875 0.8555468749999999 0.33077083281249997 0.8579375 0.3222708328125 0.84996875 0.3010208328125 0.826046875 0.28718750000000004 0.799734375 0.2957083328125 0.783 0.32014583281250003 0.79734375 0.34141666718749997 0.8292343750000001 0.3456666671875 0.8085000000000001 0.3647916671875 0.83959375 0.3988125 0.8475625000000001 0.4051875 0.869890625 0.3988125 0.8770625000000001 0.387125
2 0.35921875000000003 0.5629375 0.33878125 0.5587291671875 0.32909375 0.5522708328125 0.32825000000000004 0.5458125 0.3265625 0.5472083328124999 0.3151875 0.5511458328125001 0.305921875 0.5750208328124999 0.30843750000000003 0.5710833328125 0.30928125 0.5834583328125 0.334359375 0.5848541671875 0.358578125 0.5722083328124999 0.35921875000000003 0.5629375
2 0.538546875 0.32425000000000004 0.53759375 0.3174375 0.5327968750000001 0.3085 0.5241718750000001 0.3029583328125 0.5177968749999999 0.3055208328125 0.5158750000000001 0.30422916718750004 0.50725 0.30125 0.49990625 0.3008333328125 0.489375 0.3110416671875 0.485859375 0.32295833281249997 0.48426562500000003 0.3302083328125 0.47181249999999997 0.3348958328125 0.4689375 0.3489375 0.46860937500000005 0.35872916718750003 0.47435937499999997 0.3778958328125 0.48042187500000005 0.3863958328125 0.49192187499999995 0.3855625 0.496390625 0.3770416671875 0.5011875 0.3676666671875 0.500234375 0.3646875 0.50565625 0.3685208328125 0.507578125 0.3655416671875 0.506609375 0.3642708328125 0.522578125 0.3519166671875 0.532484375 0.342125 0.5363125 0.3348958328125 0.538546875 0.32425000000000004
2 0.50978125 0.1892291671875 0.504875 0.1921875 0.504875 0.20110416718750002 0.508890625 0.21475 0.505328125 0.2230625 0.5044375 0.2248541671875 0.507546875 0.23316666718749998 0.51021875 0.2379166671875 0.52090625 0.2325625 0.533828125 0.23316666718749998 0.53471875 0.2319791671875 0.54228125 0.21237499999999998 0.5298125 0.1987291671875 0.52625 0.1856666671875 0.50978125 0.1892291671875
2 0.30140625 0.6000625 0.308859375 0.5835 0.306375 0.5702499999999999 0.316921875 0.5520208328125 0.31257812500000004 0.5354583328125 0.292078125 0.534625 0.27282812500000003 0.5445625 0.26909375 0.5603125 0.26909375 0.5835 0.27468750000000003 0.6058541671875 0.282140625 0.6050208328125 0.292703125 0.6157916671875 0.30140625 0.6000625
2 0.36457812500000003 0.5647708328125 0.3629375 0.5085 0.34573437500000004 0.5024791671875 0.32934375 0.5035624999999999 0.328921875 0.5052083328125 0.32810937500000004 0.548375 0.32934375 0.5532916671875 0.360484375 0.5642291671875 0.36457812500000003 0.5647708328125
2 0.29634375 0.6489791671875 0.295234375 0.6282291671875 0.286328125 0.6045 0.268546875 0.6000625 0.25520312500000003 0.6133958328125 0.24853125 0.6563958328124999 0.2663125 0.6727083328125001 0.276328125 0.6756666671875 0.28521874999999997 0.6667708328125 0.29634375 0.6489791671875
2 0.6460781250000001 0.5563541671875 0.652359375 0.577 0.65865625 0.5789375 0.677046875 0.577 0.6930156249999999 0.5621666671875001 0.705125 0.5382916671875 0.705125 0.5260208328125 0.6915625000000001 0.5066666671875 0.660109375 0.49052083281250003 0.64559375 0.4989166671875 0.62575 0.5260208328125 0.622359375 0.5363541671875 0.6272031250000001 0.5434375 0.6460781250000001 0.5563541671875
2 0.9290625 0.6127083328125 0.965984375 0.5910624999999999 0.974375 0.5768958328125 0.97046875 0.5507916671875 0.9536875 0.5299166671875 0.9318593749999999 0.5321458328124999 0.9257031250000001 0.5463125 0.9106093749999999 0.5612291671875 0.938578125 0.5880833328125 0.942484375 0.5955416671875 0.9290625 0.6127083328125