0 0.81272 0.9357333328124999 0.80898 0.9236800000000001 0.8017 0.9172 0.7933 0.9174933328125 0.7857999999999999 0.9228 0.7814 0.9301600000000001 0.78096 0.93896 0.78228 0.94544 0.78382 0.95192 0.7878000000000001 0.95544 0.7922 0.95544 0.79684 0.95544 0.79904 0.95544 0.80368 0.9495466671875 0.8135999999999999 0.9442666671875 0.81272 0.9357333328124999
0 0.83718 0.9240533328125 0.8361000000000001 0.90696 0.8286199999999999 0.8941333328125 0.8147399999999999 0.8955733328125 0.80298 0.9126666671875 0.80938 0.9283466671875 0.8243600000000001 0.9340533328125 0.83718 0.9240533328125
0 0.89534 0.9376266671875 0.90208 0.9358933328125 0.9039999999999999 0.9346133328124999 0.90594 0.9234666671875 0.9065799999999999 0.9161866671875 0.9049799999999999 0.9110666671875001 0.9023999999999999 0.9063466671875 0.89886 0.9033333328125 0.8946999999999999 0.9033333328125 0.89276 0.9012 0.8901999999999999 0.8977866671875001 0.88634 0.8982133328125 0.8824799999999999 0.9012 0.88216 0.9059200000000001 0.88024 0.9192 0.88024 0.9281866671874999 0.88698 0.93976 0.89534 0.9376266671875
0 0.9255599999999999 0.9002399999999999 0.92858 0.8921333328125 0.9305999999999999 0.8800000000000001 0.9296 0.87056 0.92404 0.86584 0.91848 0.86584 0.9114000000000001 0.8698933328124999 0.90886 0.8854133328125 0.90938 0.8995466671875001 0.91038 0.9002399999999999 0.9169600000000001 0.9036 0.9255599999999999 0.9002399999999999
3 0.56654 0.8277066671875 0.56434 0.8230133328125 0.55772 0.8200533328124999 0.55442 0.8209333328125 0.5511 0.8247733328125 0.55176 0.8350666671875 0.5586 0.8441866671874999 0.5639000000000001 0.8406399999999999 0.5671999999999999 0.8359466671875 0.56654 0.8277066671875
3 0.55732 0.84304 0.5559000000000001 0.8458933328124999 0.5544 0.8486133328125 0.55394 0.8515466671875 0.55422 0.8553333328124999 0.55546 0.85664 0.55952 0.8574666671875001 0.56334 0.8574666671875001 0.56466 0.8562666671875 0.56556 0.8539199999999999 0.56556 0.8512000000000001 0.56494 0.8498933328125 0.5644 0.8474133328125 0.5637800000000001 0.8460000000000001 0.56272 0.8455199999999999 0.5612199999999999 0.8431733328125001 0.55952 0.84304 0.55846 0.84304 0.55732 0.84304
3 0.56604 0.8537866671875 0.55542 0.86792 0.5572 0.8750133328125 0.56426 0.87736 0.57134 0.8797066671874999 0.58372 0.87264 0.58196 0.8655733328125 0.58196 0.8584799999999999 0.58018 0.8443466671875001 0.5766600000000001 0.8396266671875001 0.5731200000000001 0.8443466671875001 0.56958 0.8466933328125 0.56604 0.8537866671875
3 0.5395800000000001 0.7996266671875001 0.53524 0.7969333328125 0.5282199999999999 0.7965066671875001 0.5242 0.8000533328125 0.52388 0.80808 0.53122 0.8178933328125 0.53926 0.8125600000000001 0.5399200000000001 0.8058666671875001 0.5395800000000001 0.7996266671875001
3 0.50918 0.8648266671875 0.51284 0.86808 0.52622 0.8599466671875 0.5152599999999999 0.834 0.5031 0.8421066671874999 0.50918 0.8648266671875
1 0.51622 0.5101333328125001 0.5219199999999999 0.50984 0.5216999999999999 0.5000266671875 0.51454 0.49272 0.51054 0.47472000000000003 0.51054 0.4643466671875 0.50738 0.4629333328125 0.5050600000000001 0.46799999999999997 0.49958 0.4775466671875 0.50316 0.49298666718749995 0.5092800000000001 0.5039466671875 0.51622 0.5101333328125001
1 0.54094 0.5119733328125 0.54888 0.51432 0.55564 0.5119733328125 0.55476 0.5049066671875 0.54094 0.4774933328125 0.53684 0.46416 0.5339 0.4653333328125 0.5344800000000001 0.4653333328125 0.5189199999999999 0.48925333281250005 0.52302 0.5049066671875 0.53654 0.5029600000000001 0.54094 0.5119733328125
1 0.56776 0.5128533328125 0.5691200000000001 0.5027733328124999 0.5604199999999999 0.4945333328125 0.55562 0.48231999999999997 0.55882 0.47224000000000005 0.55974 0.4667466671875 0.55562 0.4667466671875 0.55242 0.47224000000000005 0.5501199999999999 0.4743733328125 0.5476 0.4911733328125 0.5547 0.5079733328125 0.55928 0.5101066671875001 0.56776 0.5128533328125
1 0.5573400000000001 0.4852 0.5579799999999999 0.49157333281250004 0.56916 0.50224 0.5675600000000001 0.51288 0.56884 0.5162666671875 0.58992 0.5145866671875 0.5905400000000001 0.5090399999999999 0.57938 0.4966933328125 0.57076 0.4766933328125 0.57138 0.47072 0.56628 0.46943999999999997 0.56086 0.47242666718750004 0.55862 0.4779466671875 0.5573400000000001 0.4852
1 0.6325000000000001 0.5182133328125 0.6285000000000001 0.5008 0.6245 0.49376 0.62386 0.48674666718750004 0.62408 0.48029333281250003 0.62344 0.4744 0.61986 0.4744 0.6160599999999999 0.47522666718749995 0.61502 0.48760000000000003 0.6127 0.4974133328125 0.6120599999999999 0.5165333328124999 0.62112 0.5204533328125 0.63082 0.5201866671875 0.6325000000000001 0.5182133328125
1 0.72836 0.5178933328124999 0.72836 0.5025333328125 0.72112 0.4894666671875 0.72026 0.47640000000000005 0.71174 0.47072 0.7079 0.4752533328125 0.7045 0.47072 0.70322 0.4775466671875 0.6998 0.47413333281250003 0.69938 0.47413333281250003 0.69426 0.49402666718750005 0.71258 0.5139199999999999 0.72324 0.5196 0.72836 0.5178933328124999
1 0.72802 0.50048 0.72802 0.5149600000000001 0.7295 0.5208533328125 0.7336 0.5251466671875 0.73448 0.5259466671874999 0.73624 0.5259466671874999 0.73624 0.5227999999999999 0.73742 0.5212266671875 0.73978 0.51848 0.7409399999999999 0.5145866671875 0.73624 0.504 0.73536 0.50008 0.7359600000000001 0.47813333281250003 0.73654 0.47384000000000004 0.7259599999999999 0.48048 0.72568 0.4871466671875 0.72538 0.49656 0.72802 0.50048
1 0.5015799999999999 0.5090666671874999 0.49383999999999995 0.5019466671874999 0.48174 0.4897066671875 0.47834000000000004 0.4645333328125 0.47641999999999995 0.46322666718749994 0.4648 0.47872000000000003 0.47400000000000003 0.5051733328125 0.48852 0.51552 0.5015799999999999 0.5090666671874999
1 0.7559199999999999 0.51936 0.76134 0.5232 0.76102 0.5014933328125 0.76326 0.4950933328125 0.7607 0.4750933328125 0.75432 0.4733866671875 0.7520800000000001 0.4840266671875 0.75176 0.50064 0.754 0.51256 0.7559199999999999 0.51936
1 0.58968 0.51336 0.59758 0.51688 0.61336 0.5154666671875 0.6123000000000001 0.47549333281250006 0.58548 0.46426666718750004 0.57286 0.4726933328125 0.57286 0.48181333281249994 0.58968 0.51336
1 0.6259 0.4845066671875 0.62556 0.4993066671875 0.63146 0.5173333328124999 0.6376999999999999 0.5238133328125001 0.6436 0.5164266671875 0.64986 0.5205866671875 0.6515799999999999 0.5076266671874999 0.64256 0.48773333281250003 0.6432599999999999 0.47615999999999997 0.6376999999999999 0.4789333328125 0.6325000000000001 0.4733866671875 0.6259 0.4845066671875
0 0.23978000000000002 0.8148533328124999 0.26702 0.7913333328125 0.26748 0.7889066671875 0.2565 0.78432 0.24436 0.7849333328125 0.23338 0.79104 0.22810000000000002 0.7913333328125 0.22078000000000003 0.7965333328125 0.21574 0.7995733328125 0.20888 0.7946933328125 0.18758 0.8197333328124999 0.22146 0.8191200000000001 0.23978000000000002 0.8148533328124999
0 0.84604 0.9609333328125 0.85626 0.9720266671875001 0.8607400000000001 0.9741333328125 0.86392 0.9609333328125 0.86298 0.9443466671875 0.8565799999999999 0.93456 0.8450799999999999 0.932 0.8371000000000001 0.9396533328125001 0.83582 0.9511466671875001 0.8367800000000001 0.9575466671875 0.8367800000000001 0.9566933328125 0.84062 0.9609333328125 0.84604 0.9609333328125
0 0.79018 0.9545600000000001 0.78198 0.9545600000000001 0.77476 0.9577600000000001 0.77042 0.9648266671875 0.7708999999999999 0.97704 0.76946 0.9783200000000001 0.7656 0.99824 0.78246 1 0.80366 0.9930933328125 0.8147399999999999 0.9930933328125 0.8393200000000001 0.9924533328124999 0.8518399999999999 0.9879466671875001 0.8581 0.97704 0.8561799999999999 0.9693333328125 0.8465400000000001 0.9590400000000001 0.8321 0.9577600000000001 0.83016 0.9519733328125 0.8248599999999999 0.9481333328125 0.8147399999999999 0.9442666671875 0.81282 0.9442666671875 0.79836 0.9539199999999999 0.79018 0.9545600000000001
0 0.86342 0.96896 0.86728 0.9631466671875 0.8817600000000001 0.9444800000000001 0.8817600000000001 0.9341866671875 0.8774200000000001 0.9225866671875 0.861 0.9206666671875 0.8542400000000001 0.9335466671875 0.86148 0.9399733328125001 0.86438 0.9509333328125 0.86342 0.96896
3 0.96998 0.7997066671875 0.96702 0.7964533328125001 0.96296 0.7935733328125 0.9548400000000001 0.78816 0.90726 0.78816 0.88102 0.8181066671874999 0.8807600000000001 0.8234933328125 0.9535 0.8238666671875 0.96998 0.7997066671875
3 0.44576000000000005 0.6436 0.45124000000000003 0.64584 0.45544 0.6436 0.45755999999999997 0.64192 0.45776000000000006 0.6368533328125 0.4527 0.63488 0.44722 0.63544 0.44596 0.63488 0.44406 0.6390933328124999 0.44576000000000005 0.6436
3 0.46864 0.6773333328125 0.47587999999999997 0.6811200000000001 0.48028000000000004 0.6893333328125 0.48422 0.6887466671875 0.48972 0.68376 0.5018 0.6799466671875 0.5064 0.67528 0.50224 0.6618133328125 0.49454000000000004 0.6536 0.48752000000000006 0.6506933328125 0.47172000000000003 0.64424 0.46688 0.64512 0.46272 0.64688 0.45942 0.64776 0.45633999999999997 0.64776 0.4513 0.64952 0.44800000000000006 0.6547733328125 0.4502 0.6679466671875 0.457 0.6758666671875 0.46864 0.6773333328125
1 0.67604 0.5093866671875 0.67908 0.5186933328125 0.67038 0.52216 0.67472 0.5279733328125 0.68214 0.52624 0.68956 0.52392 0.69304 0.5210133328125 0.68824 0.51056 0.6782199999999999 0.49776 0.6773399999999999 0.4908 0.6773399999999999 0.48208 0.6769000000000001 0.47626666718750005 0.6743 0.47450666718749995 0.66994 0.47800000000000004 0.6664399999999999 0.48032 0.6664399999999999 0.48672000000000004 0.66994 0.4971733328125 0.67604 0.5093866671875
0 0.9070199999999999 0.91888 0.91144 0.92576 0.91698 0.9292 0.92104 0.9247733328125 0.92104 0.9159200000000001 0.9206799999999999 0.9036266671875 0.9129200000000001 0.89968 0.9092399999999999 0.90016 0.90628 0.9080533328125 0.9070199999999999 0.90656 0.90554 0.9149333328125 0.9070199999999999 0.91888
0 0.0984 0.89376 0.10586 0.8960266671875001 0.10688 0.9018933328125 0.11979999999999999 0.9028 0.12454000000000001 0.8910399999999999 0.16768 0.8348800000000001 0.1558 0.8344266671874999 0.15444 0.8326133328124999 0.14798 0.82944 0.14322 0.8326133328124999 0.13576 0.8339733328125 0.1113 0.83216 0.09330000000000001 0.8525333328125001 0.07836 0.8756533328125 0.0658 0.8960266671875001 0.08142 0.8996533328125 0.0865 0.8946666671875001 0.0984 0.89376
0 0.9587600000000001 0.9356 0.96696 0.92936 0.9681200000000001 0.9199999999999999 0.9686 0.90656 0.96976 0.8946933328125001 0.96578 0.89064 0.9512600000000001 0.89344 0.94214 0.9009600000000001 0.94214 0.90656 0.94002 0.9149866671875 0.9372199999999999 0.92904 0.9318199999999999 0.9315466671875001 0.9484600000000001 0.9353066671875 0.9587600000000001 0.9356
0 0.92408 0.8348266671875001 0.91822 0.8299733328125001 0.90678 0.8296533328125 0.9026400000000001 0.8306133328125 0.89632 0.8280266671875 0.88584 0.8280266671875 0.8800000000000001 0.8302933328125001 0.8744 0.8338666671875 0.8683 0.8286666671875 0.85906 0.8289866671875 0.85418 0.8312799999999999 0.8534599999999999 0.8335466671875 0.8515 0.8309333328124999 0.84566 0.8250933328125001 0.83884 0.8250933328125001 0.8310600000000001 0.8316000000000001 0.8298400000000001 0.8384 0.8298400000000001 0.8416533328125 0.8234999999999999 0.8491199999999999 0.82204 0.8556266671874999 0.8154600000000001 0.8621066671875001 0.8140000000000001 0.8653600000000001 0.8135199999999999 0.87056 0.8140000000000001 0.8750933328125001 0.89338 0.8712 0.9019199999999999 0.866 0.9118999999999999 0.8601599999999999 0.92408 0.8348266671875001
3 0.9225199999999999 0.9734933328125001 0.92714 0.9698933328124999 0.9333 0.9611733328125001 0.93252 0.9529866671875 0.9240600000000001 0.9447733328125001 0.91328 0.9468266671875 0.9075200000000001 0.9570933328125 0.90944 0.9688800000000001 0.9098200000000001 0.96272 0.9151999999999999 0.9693866671875 0.9225199999999999 0.9734933328125001
3 0.30674 0.7502133328125 0.30552 0.7489333328125001 0.30016 0.74632 0.29236 0.74664 0.29018 0.7437333328125 0.28359999999999996 0.74112 0.27484000000000003 0.7437333328125 0.27094 0.7424266671875001 0.26339999999999997 0.7443733328125 0.26144 0.7427466671875 0.25339999999999996 0.74536 0.24925999999999998 0.7482666671875 0.2439 0.7525066671875 0.2383 0.7583466671875 0.23612000000000002 0.7612533328125 0.23538 0.7661333328125 0.23538 0.7697066671874999 0.2327 0.77328 0.27606 0.78008 0.30674 0.75216 0.30674 0.7502133328125
3 0.40652 0.7734133328125 0.40991999999999995 0.7471466671875 0.4004 0.744 0.38512 0.7476 0.3695 0.75032 0.35964 0.7566666671875 0.35964 0.77296 0.36269999999999997 0.7752266671875 0.4004 0.77432 0.40652 0.7734133328125
1 0.647 0.4937333328125 0.6521600000000001 0.50632 0.65072 0.5166133328125 0.6515799999999999 0.5189066671875 0.6573 0.5212 0.66646 0.51624 0.6753199999999999 0.5154666671875 0.67104 0.5066933328125 0.66418 0.4975466671875 0.6593 0.47618666718749997 0.6573 0.4777066671875 0.6533 0.48266666718750006 0.647 0.4937333328125
0 0.9112600000000001 0.87072 0.9082399999999999 0.8694666671875 0.8993800000000001 0.87072 0.8924 0.87848 0.891 0.8871733328125 0.8896000000000001 0.8989866671875 0.89402 0.90488 0.9063800000000001 0.91016 0.90988 0.89992 0.9087 0.88408 0.9112600000000001 0.87072