2 0.3628125 0.5587822015625 0.363640625 0.5533021078125 0.36296875 0.548571428125 0.3603125 0.5483138171874999 0.356 0.54608899375 0.355328125 0.5455737703125 0.3545 0.55030445 0.3603125 0.5657611234375 0.36131250000000004 0.5687353625 0.3628125 0.5587822015625
2 0.341984375 0.5221779859375 0.334484375 0.5099297421875 0.340625 0.5037939109375 0.33721875 0.501756440625 0.32084375 0.49051522187499996 0.31062500000000004 0.4915456671875 0.30993750000000003 0.49971897031249995 0.30993750000000003 0.515035128125 0.31471875 0.532412178125 0.32834375 0.53548009375 0.33584375 0.53548009375 0.33653125 0.532412178125 0.342671875 0.526276346875 0.341984375 0.5221779859375
2 0.39221875 0.5624824359375 0.3845 0.5489227171875 0.37678124999999996 0.5589695546875 0.374765625 0.5644964875 0.3744375 0.5680327875 0.382484375 0.5700468390625 0.390875 0.5831147546875 0.397921875 0.58159250625 0.397578125 0.5795784546875 0.39825 0.5715456671875 0.39221875 0.5624824359375
2 0.374078125 0.519180328125 0.376515625 0.5115690859375001 0.3763125 0.5060655734374999 0.37489062500000003 0.504543325 0.37121875000000004 0.504847775 0.366328125 0.5063700234375 0.366734375 0.49721311406249996 0.36531250000000004 0.496299765625 0.364296875 0.49721311406249996 0.36571875 0.5091100703125 0.3669375 0.5173536296875 0.36979687499999997 0.519812646875 0.374078125 0.519180328125
2 0.4305 0.471100703125 0.4305 0.471920375 0.43934375000000003 0.4686182671875 0.445984375 0.44044496562499996 0.444875 0.4189227171875 0.43657812500000004 0.42222482499999997 0.4305 0.471100703125
2 0.49365625 0.6568384078125 0.466734375 0.636651053125 0.454765625 0.6478688531250001 0.42484374999999996 0.661311475 0.43981250000000005 0.683747071875 0.465234375 0.6725292734375 0.49365625 0.6568384078125
2 0.462578125 0.509836065625 0.454390625 0.5124121781250001 0.46299999999999997 0.522084309375 0.45912499999999995 0.532412178125 0.46171875 0.534355971875 0.478078125 0.543395784375 0.48624999999999996 0.533067915625 0.485828125 0.524028103125 0.474203125 0.509836065625 0.462578125 0.509836065625
2 0.5337500000000001 0.5775175640625 0.52325 0.5752693203125 0.52325 0.60674473125 0.5427500000000001 0.60224824375 0.53975 0.5797658078125 0.5337500000000001 0.5775175640625
2 0.41285937500000003 0.4552693203125 0.40734375 0.453067915625 0.40265625 0.4506557375 0.394234375 0.44920374687500003 0.3929375 0.44166276406250005 0.3918125 0.43440281093750005 0.39034375 0.43196721250000003 0.383390625 0.432459015625 0.375296875 0.4358548015625 0.37303125000000004 0.43948477812500003 0.370765625 0.44653395781249994 0.36946875 0.44992974218750004 0.36621875 0.45259953125 0.3644375 0.45112412187500006 0.361859375 0.47128805625 0.37707812500000004 0.47320843124999995 0.3748125 0.46107728281249993 0.37820312500000003 0.45646370000000003 0.3803125 0.45573770468749997 0.380953125 0.4586651046875 0.388890625 0.4606089 0.388078125 0.4671428578125 0.38856250000000003 0.46836065624999995 0.3918125 0.46957845468750004 0.39245312499999996 0.469812646875 0.39471875 0.47370023437500003 0.39634375 0.4773536296875 0.397953125 0.48098360625 0.40006250000000004 0.4826932078125 0.40232812500000004 0.4807494140625 0.40540624999999997 0.4734660421875 0.40945312500000003 0.4676346609375 0.412203125 0.4606089 0.41285937500000003 0.4552693203125
2 0.372609375 0.6503044499999999 0.38473437499999996 0.65583138125 0.391890625 0.6503044499999999 0.39340625 0.621100703125 0.38084375000000004 0.6168852453125 0.368703125 0.624660421875 0.372609375 0.6503044499999999
2 0.48268750000000005 0.37154566718750004 0.471015625 0.385292740625 0.471015625 0.3894613578125 0.478796875 0.40114754062499997 0.472125 0.4073770484375 0.47406249999999994 0.41114754062500003 0.486015625 0.40323184999999995 0.49046874999999995 0.40114754062499997 0.50409375 0.38320843125000004 0.48268750000000005 0.37154566718750004
2 0.44148437500000004 0.4673770484375 0.4335 0.47185011718750003 0.43600000000000005 0.4793442625 0.433 0.48531615937500006 0.437 0.49503512812499995 0.44498437500000004 0.49503512812499995 0.44646875 0.5002810296875 0.458953125 0.4785948484375 0.4619375 0.46812646406249997 0.454953125 0.464379390625 0.45046875000000003 0.468875878125 0.44148437500000004 0.4673770484375
2 0.3450625 0.491147540625 0.3450625 0.4882669796875 0.3450625 0.46049180312500004 0.32653125 0.46049180312500004 0.316953125 0.4719906328125 0.31759375 0.48538641718750003 0.32653125 0.494004684375 0.332921875 0.4988056203125 0.34249999999999997 0.49304449687499996 0.3450625 0.491147540625
2 0.4407169125 0.4375258296875 0.4458333328125 0.44574551093750003 0.4381433828125 0.449097671875 0.417555146875 0.5416724078125 0.4 0.6065573765625001 0.4 0.6206089 0.4046875 0.6276346609375001 0.4140625 0.6276346609375001 0.41875 0.6182669796875 0.41875 0.608899296875 0.4140625 0.599531615625 0.4046875 0.599531615625 0.4149816171875 0.5532442484375 0.452734375 0.5447892265625 0.45384615312500004 0.55683660625 0.45234375 0.5591334890625 0.45625 0.56674473125 0.451953125 0.5734777515625 0.4515625 0.5878220140625 0.45625 0.5948477750000001 0.465625 0.5948477750000001 0.4703125 0.58548009375 0.4703125 0.5761124125 0.4536177890625 0.54424428125 0.4531610578125 0.5190596296875001 0.45208333281249996 0.5183450421875 0.4529326921875 0.5064673015625 0.45104166718750005 0.5062451218749999 0.45 0.4941451984375 0.45270432656250004 0.4938749765625 0.44895833281249997 0.4820452765625 0.4524759609375 0.4812826515625 0.45224759687500005 0.468690325 0.4479166671875 0.46994535624999995 0.446875 0.4578454328125 0.45201923125 0.456098 0.4515625 0.43091334843749995 0.4578125 0.43091334843749995 0.4609375 0.42622950781249996 0.4875 0.40281030468749995 0.490625 0.40281030468749995 0.490625 0.4121779859375 0.50625 0.40983606562499997 0.5094531250000001 0.412060890625 0.5571875000000001 0.5536299765625 0.56875 0.6112412171875 0.565625 0.6252927406250001 0.5578125 0.6393442625 0.5578125 0.653395784375 0.5625 0.6604215453125 0.584375 0.658079625 0.59375 0.6393442625 0.59375 0.62997658125 0.5875 0.6182669796875 0.590625 0.608899296875 0.5890625 0.5948477750000001 0.5859375 0.590163934375 0.5765625 0.590163934375 0.571875 0.5971896953125 0.5608593749999999 0.5645199062499999 0.5140625 0.40398126406249996 0.521875 0.3981264640625 0.5265625 0.3887587828125 0.5265625 0.3793911 0.521875 0.37002341875 0.5109375 0.37002341875 0.5021093750000001 0.3902810296875 0.4984375 0.3793911 0.46510416718750003 0.3950039046875 0.4625 0.4121779859375 0.45677083281249997 0.398907103125 0.4484375 0.40281030468749995 0.44375 0.40983606562499997 0.44586397031249997 0.41438214531249995 0.44329044062499995 0.4259539890625 0.4484375 0.43091334843749995 0.4407169125 0.4375258296875