1 0.360953125 0.7634426234375 0.366965625 0.768515221875 0.37213124999999997 0.7774894609375 0.3656875 0.78421545625 0.35803124999999997 0.7989695546875 0.3700625 0.797868853125 0.37493750000000003 0.7841217796875 0.377296875 0.7864637 0.3831875 0.8027868859374999 0.390109375 0.79679156875 0.389015625 0.783395784375 0.392296875 0.7825761124999999 0.397765625 0.78421545625 0.40689062500000006 0.7918735359375 0.414546875 0.7945901640625 0.41745312500000004 0.7863934421875001 0.424390625 0.7765573765625 0.41526562499999997 0.7678220140625001 0.420015625 0.761803278125 0.41053125 0.744332553125 0.393390625 0.7383138171875 0.38975 0.7415925062500001 0.38428125 0.738852459375 0.38282812499999996 0.731756440625 0.369328125 0.726299765625 0.3656875 0.731756440625 0.356203125 0.735035128125 0.35146875 0.7415925062500001 0.35475 0.74487119375 0.3618 0.759540984375 0.360953125 0.7634426234375
1 0.193578125 0.6746135828125001 0.19032812500000001 0.7000468390625 0.191625 0.707868853125 0.193578125 0.7127634656249999 0.1975 0.7127634656249999 0.203375 0.7127634656249999 0.21185937500000002 0.707868853125 0.222296875 0.710796253125 0.228828125 0.713723653125 0.23926562499999998 0.711779859375 0.243828125 0.713723653125 0.25884375 0.711779859375 0.26340625 0.711779859375 0.268640625 0.7059016390624999 0.2699375 0.69416861875 0.26928125 0.678524590625 0.26471875 0.66482435625 0.26015625 0.6540749421875 0.249703125 0.6462295078125 0.23796875 0.6403747078124999 0.234046875 0.6335128812499999 0.22360937500000003 0.6276580796875 0.21903125 0.6423185015625 0.21315625 0.649180328125 0.20598437500000003 0.6560187359375 0.193578125 0.6746135828125001
1 0.2748125 0.727283371875 0.260234375 0.751428571875 0.25792187499999997 0.7732786890625001 0.266359375 0.77674473125 0.266359375 0.777892271875 0.27634375 0.8020374703125001 0.285546875 0.8077985953125 0.2970625 0.8135363 0.30089062499999997 0.8135363 0.31623437499999996 0.8135363 0.328515625 0.8112412171875001 0.34385937499999997 0.8077985953125 0.36534374999999997 0.7836299765625 0.357671875 0.7548946140624999 0.354609375 0.7399297421875 0.340796875 0.7318969562500001 0.323140625 0.7307494140624999 0.313171875 0.7307494140624999 0.299359375 0.718079625 0.2970625 0.7146370015625 0.288609375 0.718079625 0.2748125 0.727283371875
1 0.30628125 0.69030445 0.29659375 0.6968149890625 0.289578125 0.709836065625 0.28990625 0.713348946875 0.292921875 0.7168384078125001 0.30860937499999996 0.727868853125 0.33799999999999997 0.7318735359375 0.3506875 0.7373770484375 0.354703125 0.734355971875 0.357046875 0.72386416875 0.361046875 0.7208430906250001 0.36471875 0.7173536296874999 0.35303125 0.6933255265625 0.347359375 0.6883138171875001 0.337671875 0.6858079625 0.329984375 0.6858079625 0.319640625 0.68229508125 0.31996875 0.6868149890625 0.314953125 0.690819671875 0.30628125 0.69030445
1 0.199484375 0.7244496484375 0.17959375 0.7542622953125 0.1779375 0.7940281031249999 0.20059375 0.8056206093749999 0.2370625 0.8114051515625 0.248109375 0.7973302109375 0.250328125 0.7675175640624999 0.24701562500000002 0.7501170953125 0.239828125 0.7426697890625 0.23098437500000002 0.740187353125 0.226015625 0.7285948484375 0.21828124999999998 0.72775175625 0.20721875 0.7244496484375 0.199484375 0.7244496484375
1 0.14925 0.7653864171875 0.15726562500000002 0.7601170953125 0.1584375 0.74810304375 0.14828125 0.74810304375 0.133625 0.7428337234375 0.12073437499999999 0.7419672125 0.11937500000000001 0.751920375 0.1240625 0.759812646875 0.14925 0.7653864171875
1 0.390109375 0.6874238874999999 0.38696875 0.6968149890625 0.377578125 0.7108899296875 0.36131250000000004 0.71744730625 0.360046875 0.727775175 0.3700625 0.7296487125 0.37882812499999996 0.7268384078125 0.38446875 0.7352693203125 0.390109375 0.73997658125 0.411390625 0.7418501171874999 0.41953125 0.7559250578125 0.415140625 0.77 0.42078125 0.77936768125 0.43079687499999997 0.7774941453124999 0.44456249999999997 0.7502810296875 0.44331250000000005 0.718384075 0.428921875 0.7005620609375 0.42453124999999997 0.6789695546875001 0.408890625 0.6696018734375 0.40387500000000004 0.6648946140625001 0.39635937499999996 0.6686651046875001 0.390109375 0.6874238874999999
1 0.16118749999999998 0.7201170953125 0.17396875 0.7154332546875 0.175390625 0.7073536296875 0.171984375 0.7039344265625 0.15778125 0.7064871187499999 0.155796875 0.692435596875 0.14754687500000002 0.6979859484375 0.14896875 0.7060655734375 0.15323437499999998 0.7171428578125 0.16118749999999998 0.7201170953125
1 0.131546875 0.6644730671875 0.123796875 0.68770491875 0.1229375 0.7051288062500001 0.1384375 0.6928805625 0.13671875 0.7077283375000001 0.1461875 0.7096487125000001 0.147484375 0.7012646375 0.147046875 0.69093676875 0.14490625 0.668992975 0.143171875 0.65997658125 0.13671875 0.6477049187499999 0.131546875 0.6644730671875
1 0.11146875 0.7063466046875 0.102359375 0.6989461359375 0.09135937499999999 0.7000936765625 0.0868125 0.7131615921875001 0.082640625 0.7313348953125 0.08340625 0.7489695546874999 0.0860625 0.7739812640625 0.10275000000000001 0.79159250625 0.11487499999999999 0.7989695546875 0.133078125 0.797283371875 0.137625 0.785339578125 0.14596875 0.775667446875 0.15128124999999998 0.76259953125 0.144078125 0.7620374703125 0.1255 0.759203746875 0.12056249999999999 0.7529508203125 0.11942187500000001 0.740444965625 0.11790624999999999 0.7131615921875001 0.118296875 0.71032786875 0.11753125 0.709180328125 0.11146875 0.7063466046875
3 0.862890625 0.48735362968749996 0.8713906250000001 0.49140515156250003 0.8737187499999999 0.4943091328125 0.8713906250000001 0.5035831374999999 0.8791249999999999 0.5070726 0.8891875 0.5105386421875 0.8922812499999999 0.5215456671875 0.8934374999999999 0.5250351281250001 0.9147187499999999 0.4931381734375 0.9154843749999999 0.48618267031249995 0.9108437500000001 0.482131146875 0.9119999999999999 0.4774941453125 0.9073593750000001 0.46590163906250004 0.89653125 0.4601170953125 0.89653125 0.4514051515625 0.88803125 0.44444964843749996 0.874875 0.44852459062500005 0.8686875000000001 0.45316159218749996 0.86134375 0.4548946140625 0.857859375 0.4635831375 0.8505156250000001 0.47402810312500004 0.8505156250000001 0.4844496484375 0.862890625 0.48735362968749996
1 0.15434375 0.7573302109375 0.15684375 0.738079625 0.16184375 0.749836065625 0.1746875 0.763747071875 0.1821875 0.7589227171874999 0.1696875 0.7509133484375 0.157203125 0.707587821875 0.143703125 0.691007025 0.137625 0.695292740625 0.128 0.7049180328125 0.123 0.7402107734375 0.121875 0.749836065625 0.137578125 0.757868853125 0.15434375 0.7573302109375