0 1 0.006744731249999999 0.8875781249999999 0 0.8965781249999999 0.006744731249999999 0.8830937499999999 0.026955503125000002 0.87859375 0.049437939062500005 0.8890781249999999 0.0876346609375 0.899578125 0.1236065578125 0.916078125 0.1438173296875 0.9340624999999999 0.1505620609375 0.952046875 0.1505620609375 0.9700468750000001 0.14606557343749998 0.9985312499999999 0.1505620609375 1 0.14606557343749998 1 0.006744731249999999
0 0.5002500000000001 0.36566744687499997 0.552734375 0.376908665625 0.605203125 0.3566744734375 0.6366875000000001 0.2735363 0.6336875 0.1926463703125 0.608203125 0.1297189703125 0.543734375 0.0960187359375 0.50325 0.10051522187499999 0.459765625 0.167915690625 0.46126562499999996 0.26229508125 0.47326562499999997 0.307236534375 0.5002500000000001 0.36566744687499997
0 0.252703125 0.205971896875 0.270640625 0.276580796875 0.2998125 0.31491803281249997 0.332125 0.3384543328125 0.379234375 0.3458548015625 0.417375 0.3209601875 0.450578125 0.27255269375 0.4671875 0.1797423890625 0.46403125 0.13871194375 0.442953125 0.080187353125 0.404359375 0.0418501171875 0.36128125 0.0337939109375 0.32942187500000003 0.036487118750000005 0.28859375 0.06674473125 0.2724375 0.09229508125 0.26570312500000004 0.1091100703125 0.25628125 0.1414051515625 0.252703125 0.205971896875
0 0.26875 0.5075175640625 0.283296875 0.49166276406250004 0.30315625 0.4599297421875 0.3005 0.4341217796875 0.305796875 0.390491803125 0.2991875 0.3547775171875 0.29653125 0.33098360625 0.289921875 0.3051990625 0.26875 0.271475409375 0.218453125 0.229812646875 0.185375 0.2199063234375 0.11920312500000001 0.2655269328125 0.10728125 0.390491803125 0.13640625 0.46388758750000003 0.20521875 0.5134660421875 0.230359375 0.5075175640625 0.26875 0.5075175640625
0 0 0.8881967218750001 0.013500000000000002 0.8881967218750001 0.028484375 0.881451990625 0.032984374999999996 0.8702341921875 0.037484375 0.8432552687499999 0.053968749999999996 0.7825761124999999 0.053968749999999996 0.748875878125 0.053968749999999996 0.7219203750000001 0.049484375000000004 0.6971896953125001 0.034484375 0.658992975 0.017984375 0.620796253125 0 0.6005620609375 0 0.8881967218750001
0 0.8520156249999999 0.8322014046874999 0.865546875 0.7736533953125 0.8985937500000001 0.7150819671875001 0.8985937500000001 0.6250117093750001 0.847515625 0.57320843125 0.78590625 0.57093676875 0.71978125 0.618243559375 0.70475 0.69030445 0.715265625 0.7849180328124999 0.75584375 0.8367213109374999 0.748328125 0.8457142859375001 0.8159531250000001 0.8547306796875 0.8520156249999999 0.8322014046874999
0 0.65671875 0.6284309140625 0.66325 0.606908665625 0.6469375 0.6215690859375 0.63584375 0.6157142859375 0.667171875 0.5864637 0.669125 0.5757142859375 0.672390625 0.5326697890625 0.670421875 0.47496487187499997 0.657375 0.416276346875 0.614953125 0.3771428578125 0.5673125 0.3751990625 0.535984375 0.3937704921875 0.5098906249999999 0.4270257609375 0.491609375 0.4700702578125 0.48834375 0.537564403125 0.49031250000000004 0.55613583125 0.52815625 0.6373302109375001 0.54446875 0.658852459375 0.575140625 0.6696018734375 0.63584375 0.6489695546875 0.643015625 0.6440749421875 0.65671875 0.6284309140625
0 0.22939062500000001 0.7119906328125001 0.254875 0.8018735359375 0.298359375 0.8513114749999999 0.33884375 0.8558079624999999 0.379328125 0.8513114749999999 0.40931249999999997 0.826580796875 0.431796875 0.8153629984374999 0.446796875 0.8018735359375 0.46028125 0.7366978921875 0.45728125000000003 0.6648009375 0.45428125 0.6063700234375 0.44079687500000003 0.58613583125 0.41381249999999997 0.547939109375 0.37482812499999996 0.52770491875 0.350828125 0.52770491875 0.33434375 0.552435596875 0.295359375 0.554683840625 0.289359375 0.5704215453125 0.298359375 0.5681733015625 0.26387499999999997 0.59063231875 0.25187499999999996 0.6018735359375 0.22939062500000001 0.6423185015625 0.22939062500000001 0.7119906328125001
0 0.613328125 0.9520140515625 0.625296875 0.9587353625 0.6148281250000001 0.9161358312500001 0.6671875 0.9071662765624999 0.7030937500000001 0.8735362999999999 0.7075781250000001 0.8152459015625 0.7075781250000001 0.7479859484375 0.688125 0.714355971875 0.64625 0.6582903984375 0.5774375 0.6695081968750001 0.54003125 0.7053864171875001 0.51609375 0.8040281031250001 0.535546875 0.8623419203125 0.56546875 0.9049414515624999 0.583421875 0.9071662765624999 0.60734375 0.9071662765624999 0.613328125 0.9520140515625
0 0.9805468749999999 0.559555034375 1 0.47864168593749995 0.99703125 0.40674473125 0.9805468749999999 0.368548009375 0.9370625 0.3101170953125 0.9010781250000001 0.307868853125 0.87859375 0.3168618265625 0.8411093749999999 0.3325761125 0.8096249999999999 0.391007025 0.8006249999999999 0.4584309140625 0.803625 0.507868853125 0.814125 0.5505620609374999 0.86659375 0.5955035125 0.8965781249999999 0.6157377046875 0.9610468750000001 0.6044964875 0.9805468749999999 0.559555034375
0 0.46028125 0.9681733015624999 0.45278124999999997 0.8985011703125 0.4078125 0.8378220140625 0.33134375 0.86255269375 0.26237499999999997 0.9164871187499999 0.253375 0.9793911 0.259375 0.99063231875 0.46178125000000003 0.9816393437500001 0.46028125 0.9681733015624999
0 0.185125 0.7606557375 0.162265625 0.7606557375 0.13482812500000002 0.7726463703124999 0.10625 0.7812177984375 0.09709375 0.812060890625 0.090234375 0.82578454375 0.078796875 0.851475409375 0.075375 0.866908665625 0.07309375 0.889180328125 0.06393750000000001 0.9131850109374999 0.06393750000000001 0.9285948484375 0.06965625 0.9371662765625001 0.07423437499999999 0.9543091328125 0.078796875 0.9817096015625 0.082234375 0.998852459375 0.083375 1 0.22515625 0.9919906328125 0.234296875 0.9645901640625001 0.236578125 0.9508665109375001 0.240015625 0.9320140515625001 0.240015625 0.9183138171874999 0.238875 0.8994613578124999 0.232015625 0.878899296875 0.228578125 0.8600468390625 0.22515625 0.8411943796875001 0.22515625 0.8360655734375 0.21828124999999998 0.829203746875 0.212578125 0.8069320843750001 0.20456249999999998 0.779508196875 0.192 0.7675175640624999 0.185125 0.7606557375
0 0.100515625 0.7636299765625 0.116109375 0.7688290390625 0.147296875 0.7688290390625 0.1785 0.7610304453125 0.201015625 0.7428571421875 0.21662499999999998 0.7064871187499999 0.227015625 0.670140515625 0.23395312499999998 0.6363700234375 0.240875 0.579227165625 0.20795312500000002 0.5350585484375 0.157703125 0.5012880562500001 0.123046875 0.49351288125000004 0.086640625 0.5012880562500001 0.065859375 0.5168852453125 0.055453125000000006 0.5428571421874999 0.0450625 0.6 0.04159375 0.670140515625 0.055453125000000006 0.719484778125 0.064125 0.7402576109375001 0.100515625 0.7636299765625
0 0.9984375 1 0.9984375 0.6042154562500001 0.9625 0.6042154562500001 0.9421875 0.6112412171875 0.928125 0.6229508203125 0.909375 0.6510538640625 0.9 0.6768149890624999 0.8953125 0.742388759375 0.9015625 0.7728337234375 0.9140625 0.7985948484375001 0.9140625 0.8056206093749999 0.89375 0.8220140515625 0.88125 0.8384074937499999 0.8671875 0.8758782203125 0.86484375 0.887587821875 0.6453125 0.922716628125 0.6390625 0.913348946875 0.615625 0.9180327875 0.60625 0.9086651046875 0.565625 0.9063231843749999 0.54375 0.8758782203125 0.5234375 0.8758782203125 0.4953125 0.8899297421875 0.4828125 0.9063231843749999 0.46875 0.93676815 0.471875 0.9521054328125 0.4640625 0.9531615921875 0.4609375 0.9718969562499999 0.4625 1 0.6578125 1 0.659375 0.9882903984375 0.659375 0.96487119375 0.65625 0.94613583125 0.6515625 0.932084309375 0.6515625 0.92781375 0.8625 0.8992974234375 0.859375 0.9180327875 0.859375 0.960187353125 0.865625 0.99063231875 0.871875 1 0.9984375 1