1 0.2884 0.6285866671875 0.29338000000000003 0.6227733328125 0.29897999999999997 0.59288 0.29712 0.5721333328125 0.27906 0.5696533328125 0.27844 0.57048 0.28218 0.6269066671875 0.2884 0.6285866671875
1 0.26796000000000003 0.8177333328125 0.27784 0.8177333328125 0.2807 0.8198133328124999 0.282 0.8263999999999999 0.2846 0.8281333328124999 0.28538 0.8211999999999999 0.28954 0.8229333328124999 0.2924 0.8260533328124999 0.2924 0.8316000000000001 0.29500000000000004 0.8350666671875 0.30176 0.8368 0.30436 0.8364533328125001 0.30592 0.83056 0.30670000000000003 0.8295199999999999 0.31112 0.8281333328124999 0.31476000000000004 0.8246666671874999 0.31398000000000004 0.8184266671874999 0.31501999999999997 0.8132266671874999 0.31918 0.8163466671874999 0.32022 0.8042133328125001 0.31918 0.79624 0.31762 0.7886133328125 0.3171 0.7847999999999999 0.31684 0.7747466671875001 0.31528 0.7636533328125 0.31164000000000003 0.7601866671875 0.30618 0.7591466671875 0.30124 0.7601866671875 0.29162 0.7646933328125 0.28616 0.7688533328125 0.28538 0.7816799999999999 0.28434 0.79104 0.28121999999999997 0.7986666671875 0.27888 0.79936 0.27524000000000004 0.7958933328125 0.27186 0.8017866671875 0.27056 0.8010933328125001 0.26822 0.8028266671875001 0.26354 0.8114933328125 0.26276 0.8125333328125001 0.26224 0.8177333328125 0.26796000000000003 0.8177333328125
1 0.25602 0.7554133328125 0.25773999999999997 0.7743733328125 0.25739999999999996 0.7854666671875 0.25706 0.8030666671875 0.26052 0.80816 0.2685 0.8053866671875 0.26816 0.7956533328125001 0.26782 0.78224 0.2633 0.7590933328125 0.25844 0.75032 0.25670000000000004 0.7493866671875 0.25602 0.7554133328125
1 0.24910000000000002 0.5700000000000001 0.25148000000000004 0.5763733328125 0.25544 0.5795466671875 0.261 0.56472 0.26496 0.5530933328125001 0.26338 0.54672 0.261 0.5393333328125001 0.261 0.5298133328125 0.25386000000000003 0.5329866671875 0.25544 0.5425066671875001 0.25386000000000003 0.54992 0.25148000000000004 0.56472 0.24910000000000002 0.5700000000000001
1 0.24314 0.58728 0.24806 0.5847733328125 0.2526 0.5751999999999999 0.25752 0.5525066671875 0.25826 0.5389066671875 0.25524 0.5323466671875 0.24352000000000001 0.53688 0.23900000000000002 0.5510133328125 0.23900000000000002 0.5731733328125 0.24314 0.58728
1 0.30938 0.44568 0.31324 0.42002666718750004 0.29998 0.39896 0.28759999999999997 0.4018133328125 0.28588 0.41546666718749997 0.28332 0.4450933328125 0.29444 0.46559999999999996 0.30554000000000003 0.46504 0.30938 0.44568
1 0.28159999999999996 0.4140266671875 0.27546 0.42088000000000003 0.26622 0.43456 0.26622 0.43592000000000003 0.26622 0.44002666718750005 0.26724000000000003 0.4701066671875 0.27956 0.45778666718750005 0.28058 0.45232 0.28159999999999996 0.4140266671875
1 0.27334 0.88408 0.27014 0.8952533328125 0.26816 0.9106933328125001 0.26974 0.9186666671875001 0.27614 0.9271733328125 0.28690000000000004 0.9293066671875 0.29209999999999997 0.9335466671875 0.30326 0.93568 0.30246 0.9287733328125001 0.31324 0.9261066671875 0.32082 0.9208000000000001 0.33039999999999997 0.9080266671875 0.3272 0.89312 0.32082 0.8824799999999999 0.32002 0.8814133328124999 0.31004 0.8723733328125001 0.29488 0.8729066671875 0.29608 0.8707733328125 0.27812000000000003 0.8771733328125 0.27334 0.88408
1 0.28658 0.7456266671875 0.29392 0.7428266671875 0.30178 0.7372266671875 0.30308 0.7124533328125 0.3023 0.7019733328125 0.29758 0.6974133328125001 0.29314 0.6963733328124999 0.29078 0.6942933328125 0.2803 0.6977866671874999 0.27742 0.7250133328125 0.27793999999999996 0.7354933328125 0.2803 0.7417866671875 0.28658 0.7456266671875
1 0.23866 0.9547733328125 0.2363 0.9697066671875 0.23596 0.9733333328124999 0.24512 0.96608 0.25226000000000004 0.9801333328125 0.25498 0.9796799999999999 0.25666 0.9733333328124999 0.25734 0.9814933328125001 0.26244 0.9796799999999999 0.26482 0.9715199999999999 0.26617999999999997 0.9850933328125 0.26924000000000003 0.9864533328125 0.27398 0.9737866671875001 0.27568000000000004 0.9719733328125001 0.2818 0.9706133328125001 0.28248 0.9438933328125 0.28146 0.93936 0.27976 0.93392 0.28078 0.9294133328124999 0.27264 0.9280533328124999 0.26345999999999997 0.9248799999999999 0.26448 0.9248799999999999 0.25294 0.9235200000000001 0.24886 0.9321333328125 0.24512 0.9343733328124999 0.23866 0.9547733328125
1 0.29008 0.9868533328125 0.28532 0.9956799999999999 0.28454 0.99992 0.30596 0.99992 0.31152 0.9907466671874999 0.31734 0.9805066671875 0.31206 0.9632266671874999 0.30412 0.9586399999999999 0.29618 0.95368 0.29114 0.95016 0.29062 0.9498133328125 0.28664 0.95792 0.2922 0.9607466671875 0.29168 0.9738133328125 0.29008 0.9868533328125
1 0.25902 0.8258933328125 0.2599 0.8312799999999999 0.25788 0.8393333328124999 0.25816 0.8481333328125 0.26076 0.8596533328125 0.26536 0.86424 0.26880000000000004 0.8650133328124999 0.27024 0.8546666671875001 0.2714 0.8512000000000001 0.27744 0.8630933328125 0.28290000000000004 0.8573333328125001 0.28232 0.8542666671875001 0.28894000000000003 0.8523466671875 0.28894000000000003 0.8412266671875 0.28578000000000003 0.8328 0.28232 0.82936 0.27974 0.8266666671875 0.27658 0.8186133328125 0.2622 0.81824 0.26104 0.8090400000000001 0.25414 0.8144 0.25270000000000004 0.8201599999999999 0.25414 0.8247466671874999 0.25902 0.8258933328125
1 0.25484 0.8622400000000001 0.25776 0.85624 0.25828 0.85448 0.26014 0.8604799999999999 0.25802 0.8368533328125001 0.25882 0.8311999999999999 0.25776 0.8266133328124999 0.25404 0.8241333328125 0.253 0.8223733328125 0.2522 0.8198933328125 0.24611999999999998 0.8230666671875 0.244 0.8297866671874999 0.24956 0.8583733328125 0.25484 0.8622400000000001
1 0.248 0.8240000000000001 0.26 0.808 0.27999999999999997 0.8 0.284 0.792 0.288 0.7626666671875 0.282 0.7466666671875 0.274 0.7413333328125 0.244 0.7413333328125 0.22599999999999998 0.7493333328125 0.22000000000000003 0.7573333328125 0.21800000000000003 0.7946666671875 0.22999999999999998 0.8186666671875 0.236 0.8240000000000001 0.248 0.8240000000000001