0 0.61024 0.6766666671875 0.6192 0.6129066671875 0.60726 0.5670933328125 0.5071399999999999 0.5073066671875 0.45782 0.4574933328125 0.45633999999999997 0.49336 0.46828000000000003 0.57704 0.4892 0.68464 0.5176000000000001 0.7822666671875 0.52806 0.8041600000000001 0.5504800000000001 0.8161333328125 0.55944 0.8838666671875 0.57438 0.8639466671875 0.57438 0.8440266671875 0.59978 0.7284533328125 0.61024 0.6766666671875
3 0.16058 0.7976533328125 0.25764 0.9670666671875001 0.50118 0.9788266671875 0.53648 0.9529333328125 0.55236 0.8211733328124999 0.2753 0.5505866671875 0.19412000000000001 0.6 0.16412 0.6658933328125001 0.16058 0.7976533328125
3 0.00152 0.5173066671875 0 0.8241866671875 0.018179999999999998 0.8449333328125 0.10158 0.9294666671874999 0.0371 0.7856533328124999 0.025979999999999996 0.7530133328125 0.02708 0.6344266671875001 0.06934 0.5439733328125 0.11048 0.50544 0.10491999999999999 0.48319999999999996 0.04822 0.5187733328124999 0.03264 0.4935733328125 0.00152 0.5173066671875
3 0.16011999999999998 0.43202666718750005 0.1736 0.46349333281250005 0.1972 0.47922666718749996 0.22078000000000003 0.47695999999999994 0.25786 0.4679733328125 0.25956 0.4837066671875 0.25786 0.5084266671875 0.27808 0.5556266671875 0.30506 0.5646133328125 0.38426 0.52416 0.43484 0.50168 0.45842 0.47922666718749996 0.45674000000000003 0.4365066671875 0.43314 0.3938133328125 0.3927 0.3690933328125 0.38258000000000003 0.35112 0.37751999999999997 0.32639999999999997 0.36404000000000003 0.25224 0.31179999999999997 0.22752 0.23764 0.22304 0.20898 0.2545066671875 0.13313999999999998 0.25224 0.0809 0.27471999999999996 0.05562 0.32639999999999997 0.05394 0.39832 0.0809 0.4454933328125 0.11291999999999999 0.4365066671875 0.15674 0.42304 0.16011999999999998 0.43202666718750005
3 0.14476 0.5602400000000001 0.11714 0.6052533328124999 0.09156 0.7007466671875 0.08643999999999999 0.74168 0.09668 0.844 0.13964000000000001 0.9313066671874999 0.21230000000000002 1 0.49572000000000005 0.9940533328125 0.50084 0.9804266671875 0.35452 0.9736 0.25528 0.9599466671875 0.16216 0.8071466671874999 0.15908 0.71984 0.18364 0.6243466671875 0.25528 0.5506666671875 0.23479999999999998 0.5220266671875 0.22662 0.51112 0.1775 0.54112 0.14476 0.5602400000000001
3 0.75168 0.13034666718750001 0.79044 0.1820266671875 0.79888 0.1617866671875 0.8191 0.07192 0.81236 0.0584266671875 0.7972 0.035946667187499996 0.7618 0.0179733328125 0.72978 0.0157333328125 0.71124 0.0045066671875 0.49214 0.00224 0.43146000000000007 0.0292266671875 0.4163 0.0764 0.46516 0.1146133328125 0.49382000000000004 0.11010666718749999 0.53426 0.1595466671875 0.59832 0.11010666718749999 0.66742 0.2112266671875 0.75168 0.13034666718750001
3 0.76006 0.6333333328124999 0.77852 0.60424 0.7802 0.5684533328125 0.7869200000000001 0.5214666671875 0.7953 0.4946133328125 0.8003399999999999 0.4677866671875 0.7684599999999999 0.4386933328125 0.72652 0.3782933328125 0.69128 0.3670933328125 0.66108 0.3693333328125 0.6359 0.3805333328125 0.62752 0.4029066671875 0.62752 0.4208 0.6392599999999999 0.4498933328125 0.6660999999999999 0.47672 0.6896 0.5035733328124999 0.7114 0.55056 0.71644 0.5729333328124999 0.6745 0.5997600000000001 0.6543599999999999 0.59752 0.6745 0.6288533328125 0.69296 0.6512266671875 0.7114 0.6557066671875 0.76006 0.6333333328124999
3 0.51576 0.34112 0.48617999999999995 0.3253333328125 0.46846 0.34741333281250003 0.44480000000000003 0.3915733328125 0.44244000000000006 0.4168 0.45544 0.4420266671875 0.46136 0.472 0.485 0.4925066671875 0.53114 0.5271733328125 0.5417799999999999 0.5334933328125 0.6021 0.56344 0.63994 0.5792266671874999 0.65176 0.5808 0.6848799999999999 0.5808 0.69316 0.5760799999999999 0.70972 0.5713333328125 0.6848799999999999 0.51456 0.64584 0.46253333281250003 0.61746 0.42941333281249994 0.5583400000000001 0.36634666718750003 0.51576 0.34112
0 0.48827999999999994 0.6793066671875 0.4569 0.5119733328125 0.41365999999999997 0.5165066671874999 0.38483999999999996 0.5278133328125 0.34752 0.54816 0.33565999999999996 0.5515466671875 0.31954 0.5628533328125 0.317 0.60016 0.37636 0.6555733328125 0.5205 0.7980266671875 0.51626 0.7934933328125 0.49505999999999994 0.70984 0.48827999999999994 0.6793066671875
0 0.5751999999999999 0.83528 0.5751999999999999 0.87928 0.59168 0.95184 0.62302 0.9386666671875 0.66426 0.9034666671875 0.6923 0.8396800000000001 0.69396 0.7341066671875 0.68076 0.6659466671875001 0.63292 0.5779733328125001 0.62138 0.5867466671875 0.61148 0.57136 0.61808 0.6329333328125 0.5751999999999999 0.83528
3 0.10078000000000001 0.9330666671875001 0.1628 0.98216 0.18604 0.9873333328125 0.11628000000000001 0.8813866671874999 0.0969 0.8297066671875 0.08528 0.73152 0.09496 0.66176 0.12404 0.5997333328125001 0.13954 0.5713066671875 0.19962 0.5299733328125 0.23062 0.5170399999999999 0.19574 0.48088 0.17636000000000002 0.48602666718750004 0.17442 0.48602666718750004 0.07752 0.5325599999999999 0.02132 0.63592 0.0252 0.75736 0.10078000000000001 0.9330666671875001