0 0.32941666718749996 0.964703125 0.3325416671875 0.9529375 0.21018750000000003 0.90353125 0.1725416671875 0.89646875 0.1662708328125 0.8894062500000001 0.1662708328125 0.8941250000000001 0.1443125 0.90353125 0.16 0.917640625 0.32 0.981171875 0.32941666718749996 0.964703125
1 0.0193541671875 0.27290625 0.0161458328125 0.34395312499999997 0.053083332812499995 0.34395312499999997 0.080375 0.3475625 0.0450416671875 0.27290625 0.0354166671875 0.26568749999999997 0.0193541671875 0.27290625
1 0.1550208328125 0.313359375 0.1959583328125 0.342609375 0.22618749999999999 0.3345625 0.2612708328125 0.34334375 0.28175 0.330171875 0.3119583328125 0.314828125 0.2788125 0.298734375 0.24958333281249998 0.248296875 0.2456875 0.235875 0.2252083328125 0.24171874999999998 0.21058333281250002 0.254140625 0.19693750000000002 0.23951562499999998 0.19693750000000002 0.24903124999999998 0.1745208328125 0.246109375 0.1482083328125 0.255609375 0.1384583328125 0.283390625 0.1550208328125 0.313359375
1 0.3361875 0.22568749999999999 0.3233125 0.22979687499999998 0.3131666671875 0.233890625 0.3061458328125 0.240921875 0.3014583328125 0.2535 0.3006666671875 0.27018749999999997 0.3229166671875 0.309125 0.3525833328125 0.32025000000000003 0.3697708328125 0.3185 0.3467291671875 0.303265625 0.33268749999999997 0.273703125 0.32683333281250004 0.25760937500000003 0.334625 0.237109375 0.3455625 0.22803125 0.3455625 0.22393749999999998 0.3361875 0.22568749999999999
1 0.49924999999999997 0.266703125 0.4783333328125 0.22859375 0.47533333281249995 0.19271875 0.46637500000000004 0.19720312499999998 0.4334791671875 0.23307812499999997 0.48131250000000003 0.28912499999999997 0.5142083328125 0.304828125 0.5201875 0.28912499999999997 0.49924999999999997 0.266703125
1 0.6337916671875 0.194953125 0.6068749999999999 0.188234375 0.6038958328125 0.22185937500000003 0.6218333328125001 0.30034375 0.6636875 0.31828124999999996 0.6487291671875 0.2734375 0.6337916671875 0.194953125
1 0.4632916671875 0.21192187499999998 0.45904166718750006 0.25559375 0.45904166718750006 0.260921875 0.47325 0.29928125 0.5101875 0.3120625 0.5158541671875 0.3120625 0.5414375 0.303546875 0.5755208328125 0.317390625 0.5939791671875 0.29821875000000003 0.6039375 0.290765625 0.59825 0.27796875 0.586875 0.25346875 0.5698333328125 0.2204375 0.5698333328125 0.21618750000000003 0.5726875 0.19593750000000001 0.5641666671875 0.18209375 0.5456875 0.17676562499999998 0.5187083328125001 0.18634375 0.49029166718750006 0.18634375 0.47183333281250006 0.19275 0.4632916671875 0.21192187499999998
1 0.735375 0.295265625 0.7016458328125 0.18448437499999998 0.6566875 0.1724375 0.6245833328125 0.186890625 0.6598958328125 0.2940625 0.6855833328125 0.301296875 0.7080625 0.3169375 0.735375 0.295265625
1 0.5303125 0.3881875 0.5490625 0.39840624999999996 0.5728958328125 0.404796875 0.5814166671875001 0.40393749999999995 0.576875 0.398828125 0.5666458328124999 0.394140625 0.5524583328125 0.3788125 0.5547291671875 0.366890625 0.537125 0.3630625 0.5263541671875 0.36903125000000003 0.5263541671875 0.376265625 0.5303125 0.3881875
1 0.4209166671875 0.23137500000000003 0.42456250000000006 0.24940625 0.4303958328125 0.263078125 0.43550000000000005 0.27509375 0.44714583281250003 0.287109375 0.456625 0.29640625 0.46900000000000003 0.301875 0.47191666718749997 0.2996875 0.4726458328125 0.299140625 0.46608333281250003 0.284390625 0.461 0.270171875 0.461 0.2658125 0.4333125 0.23246875 0.46245833281250004 0.20242187500000003 0.46608333281250003 0.1996875 0.456625 0.195859375 0.45152083281250005 0.19640625 0.43550000000000005 0.203515625 0.4296666671875 0.20570312500000001 0.42018750000000005 0.2144375 0.4209166671875 0.23137500000000003
1 0.40893750000000006 0.323296875 0.41237500000000005 0.3194375 0.4261041671875 0.325875 0.4355416671875 0.325234375 0.4372708328125 0.31815625000000003 0.43125 0.305921875 0.41581250000000003 0.292390625 0.3952083328125 0.2705 0.39177083281249997 0.23315625 0.3952083328125 0.22028124999999998 0.3883333328125 0.21770312500000003 0.3823333328125 0.21770312500000003 0.3694375 0.226078125 0.353125 0.22478125000000002 0.34025 0.231875 0.3248125 0.24925000000000003 0.3291041671875 0.273078125 0.34541666718749997 0.297546875 0.3677291671875 0.31815625000000003 0.3848958328125 0.325875 0.38747916718750003 0.321375 0.3969166671875 0.323296875 0.40893750000000006 0.323296875
1 0.8542708328125 0.315421875 0.8465833328124999 0.29925 0.8280833328125 0.294625 0.8188541671875 0.29693749999999997 0.8111458328125 0.30040625 0.8019166671875 0.31657812500000004 0.8049791671875001 0.33968750000000003 0.8203958328125 0.35354687500000004 0.8404166671875 0.35354687500000004 0.8465833328124999 0.352390625 0.8573541671875 0.33853125 0.8542708328125 0.315421875
1 0.10435416718749999 0.30121875 0.1353958328125 0.32556250000000003 0.1622083328125 0.329796875 0.16924999999999998 0.32556250000000003 0.15372916718750002 0.312859375 0.1424375 0.2938125 0.12268749999999999 0.281109375 0.12552083281249998 0.266296875 0.12552083281249998 0.258890625 0.1368125 0.251484375 0.1410416671875 0.24725000000000003 0.12975 0.23771874999999998 0.10716666718750001 0.244078125 0.095875 0.25571875 0.0930625 0.2758125 0.10435416718749999 0.30121875
0 0.6625833328125 0.687 0.8335416671875 0.682578125 0.8562708328124999 0.6579531249999999 0.8562708328124999 0.647203125 0.8604791671875001 0.631421875 0.8680625 0.61246875 0.8924791671875001 0.571421875 0.8806875 0.571421875 0.8672291671875 0.574578125 0.8571249999999999 0.577109375 0.8486874999999999 0.577109375 0.834375 0.5739375 0.8175416671875 0.578359375 0.8124791671875 0.577109375 0.7956458328125 0.5720468750000001 0.7830208328125 0.571421875 0.7636458328125 0.57646875 0.7602708328125 0.57584375 0.7493333328125 0.5726875 0.7274375 0.571421875 0.7088958328125 0.580890625 0.7055416671875 0.57646875 0.6971041671875 0.56953125 0.67775 0.565109375 0.6693333328125 0.6604687499999999 0.6634375 0.670578125 0.6625833328125 0.687
0 0.49341666718750005 0.51653125 0.4697083328125 0.5211406249999999 0.4583125 0.5211406249999999 0.43899999999999995 0.518515625 0.41529166718750005 0.51653125 0.4100208328125 0.5158750000000001 0.3757916671875 0.5158750000000001 0.34768750000000004 0.5158750000000001 0.3345208328125 0.5145625 0.31695833281249997 0.5145625 0.3011666671875 0.5145625 0.2862291671875 0.5158750000000001 0.2660416671875 0.518515625 0.254625 0.5217968749999999 0.23970833281249998 0.5244375 0.2344375 0.52575 0.22214583281250003 0.528390625 0.216875 0.53234375 0.216875 0.5369531249999999 0.36085416718749996 0.550109375 0.3775416671875 0.5290468749999999 0.3757916671875 0.5231250000000001 0.5776875 0.5290468749999999 0.49341666718750005 0.51653125
0 0.7902291671875 0.570921875 0.7967291671875001 0.5702812500000001 0.8157708328125001 0.579046875 0.8235625000000001 0.578390625 0.8313541671875001 0.573859375 0.8287708328125 0.569953125 0.8270208328124999 0.567359375 0.8201041671875 0.565078125 0.8123125 0.561515625 0.811875 0.5592343750000001 0.8079791671875001 0.55696875 0.8023541671875 0.554703125 0.7902291671875 0.554703125 0.7846041671874999 0.56021875 0.7815833328124999 0.566703125 0.7794166671875 0.570609375 0.782 0.570921875 0.7902291671875 0.570921875
1 0.7157083328125 0.40295312499999997 0.7103125 0.40345312499999997 0.70425 0.40928125 0.700875 0.41762499999999997 0.7032291671875 0.423953125 0.7079583328125 0.42824999999999996 0.7160624999999999 0.432296875 0.7211041671875 0.43634375 0.7251666671875 0.440140625 0.7308958328124999 0.43862500000000004 0.735625 0.44089062500000004 0.7393333328125 0.440140625 0.743375 0.440140625 0.7481041671875001 0.440640625 0.7487708328125 0.434578125 0.7329166671875 0.41028125 0.7329166671875 0.40700000000000003 0.7231458328125 0.40295312499999997 0.7157083328125 0.40295312499999997
1 0.2791666671875 0.3 0.3083333328125 0.3140625 0.3083333328125 0.3171875 0.2979166671875 0.3234375 0.3 0.3296875 0.3229166671875 0.3484375 0.3458333328125 0.35 0.3541666671875 0.346875 0.3625 0.340625 0.36666666718749996 0.33125 0.3645833328125 0.3203125 0.5807655046875 0.2916787796875 0.69375 0.3140625 0.6916666671875 0.3203125 0.6987847234375 0.32669270781250004 0.6916666671875 0.3359375 0.6979166671875 0.3453125 0.7104166671875001 0.3546875 0.7291666671875 0.359375 0.7295454546875 0.36434659062499997 0.7598484859375 0.3870738640625 0.7628472234375 0.3841145828125 0.7699652765625 0.3904947921875 0.7674242421875 0.39275568125000004 0.775 0.3984375 0.7583333328124999 0.4171875 0.7604166671875 0.4328125 0.7854166671875 0.446875 0.8083333328125001 0.446875 0.8166666671874999 0.44375 0.85 0.4421875 0.8604166671875 0.4296875 0.8604166671875 0.4125 0.85 0.396875 0.8354166671875 0.390625 0.8125 0.390625 0.80625 0.39375 0.7854166671875 0.39375 0.7770833328125 0.396875 0.7670833328125 0.381875 0.7557291671875 0.377734375 0.7620833328125001 0.374375 0.7486111109375 0.3713541671875 0.7570833328125001 0.366875 0.7520833328125 0.359375 0.7625 0.346875 0.7625 0.3234375 0.7541666671875 0.309375 0.74375 0.303125 0.7291666671875 0.3015625 0.7083333328125 0.3171875 0.6979166671875 0.3109375 0.5704941859375 0.2896438953125 0.3137112390625 0.2387718015625 0.3104166671875 0.2359375 0.3034399234375 0.23673691875 0.3083333328125 0.228125 0.30625 0.2203125 0.2958333328125 0.2125 0.2791666671875 0.209375 0.2625 0.2140625 0.26235465156250004 0.228597384375 0.2520833328125 0.2265625 0.2479166671875 0.2390625 0.25 0.25 0.2770833328125 0.296875 0.2791666671875 0.3