0 0.46059800624999997 0.7306250000000001 0.46313953437500005 0.7457812500000001 0.45805647812499994 0.7545625 0.47078073125 0.7609375 0.4877408640625 0.7577499999999999 0.5089534890625 0.756953125 0.526777409375 0.7753125 0.5462790703125 0.7577499999999999 0.5437375421875 0.7481718749999999 0.53611295625 0.743390625 0.542890365625 0.734609375 0.542890365625 0.727421875 0.537807309375 0.72503125 0.542890365625 0.719453125 0.5496843859375 0.71865625 0.5420431890625 0.7066874999999999 0.5208305640625001 0.69071875 0.50302325625 0.68434375 0.4750166109375 0.6979062500000001 0.4809634546875 0.712265625 0.47842192656250004 0.7210468750000001 0.46569767500000003 0.7306250000000001 0.46059800624999997 0.7306250000000001
0 0.530182725 0.8087500000000001 0.53345515 0.8241093749999999 0.54215946875 0.8364062499999999 0.5563122921875 0.8445937499999999 0.5682890359375 0.8445937499999999 0.59551495 0.8374375000000001 0.6151162796875 0.8210468750000001 0.634700996875 0.79953125 0.6151162796875 0.8036406250000001 0.60749169375 0.794421875 0.599867109375 0.784171875 0.58353820625 0.7739375 0.5715614625 0.77803125 0.567192690625 0.769828125 0.5639368765625 0.782125 0.5574086375 0.774953125 0.546511628125 0.76471875 0.537807309375 0.76471875 0.53345515 0.78725 0.530182725 0.8087500000000001
0 0.6160132890625001 0.85428125 0.620465115625 0.8705937499999999 0.62146179375 0.87990625 0.6269102984375 0.88084375 0.6516611296875 0.881296875 0.6907807312500001 0.88084375 0.693272425 0.865 0.6858305640625 0.852890625 0.6739534890625001 0.83890625 0.6595847171875 0.8272656250000001 0.614518271875 0.826796875 0.6011461796875001 0.836125 0.597192690625 0.8379843749999999 0.6060963453125 0.8417031250000001 0.6160132890625001 0.85428125
3 0.7312624578125 0.8432031249999999 0.7384385375 0.8290468750000001 0.7334219265625 0.8095000000000001 0.7140697671875 0.79196875 0.691843853125 0.78590625 0.67750830625 0.786578125 0.6603156140625 0.80140625 0.65888704375 0.828375 0.6832558140625 0.8452343750000001 0.7083388703125 0.852640625 0.7061794015625 0.8539843749999999 0.714784053125 0.8512968750000001 0.7312624578125 0.8432031249999999
3 0.781428571875 0.789359375 0.7857475078125 0.80290625 0.7929568109375 0.7839375000000001 0.7979900328125 0.7710625 0.7929568109375 0.748046875 0.7720764124999999 0.7344999999999999 0.756943521875 0.74871875 0.752624584375 0.7676875 0.7583887046875 0.76971875 0.7655980062500001 0.778515625 0.781428571875 0.789359375
2 0.26405315625000003 0.778765625 0.2807475078125 0.7801875 0.282275746875 0.7801875 0.297458471875 0.7673281249999999 0.2989701 0.7501875 0.297458471875 0.7301875 0.285299003125 0.72734375 0.2564451828125 0.71590625 0.26252491718750004 0.674484375 0.26707641249999997 0.660203125 0.25948505 0.644484375 0.244302325 0.628765625 0.23215946875000001 0.60878125 0.22456810625 0.5873437499999999 0.22000000000000003 0.551640625 0.22000000000000003 0.530203125 0.19418604687500002 0.49021875000000004 0.186594684375 0.5230625 0.186594684375 0.5430625 0.19267441875 0.5759218749999999 0.19267441875 0.5973437500000001 0.19267441875 0.625921875 0.1881063125 0.664484375 0.20026578125 0.711625 0.2169601328125 0.74590625 0.23671096406249997 0.7701875 0.26405315625000003 0.778765625
2 0.3210631234375 0.716875 0.3370764125 0.716875 0.33975083125 0.7131093749999999 0.3424086375 0.711859375 0.347757475 0.70809375 0.35308970156249997 0.6993125 0.3610963453125 0.681734375 0.38111295625 0.659125 0.26767441875000003 0.65034375 0.2596677734375 0.7131093749999999 0.28235880468749996 0.716875 0.3063787375 0.7193906250000001 0.3117109640625 0.7193906250000001 0.3197176078125 0.716875 0.3210631234375 0.716875
2 0.48913621249999995 0.64734375 0.46787375468750003 0.6383125 0.46033222656249995 0.640890625 0.46855481718750003 0.64540625 0.4781727578125 0.657671875 0.482973421875 0.662828125 0.5028571421875 0.6809062499999999 0.5529402 0.707359375 0.546777409375 0.6950937500000001 0.514518271875 0.667984375 0.48913621249999995 0.64734375
2 0.3180398671875 0.7498125 0.32284053125 0.7498125 0.32762458437499997 0.737296875 0.3324086375 0.727796875 0.336677740625 0.71978125 0.32975083125000004 0.71528125 0.3148504984375 0.71978125 0.3052823921875 0.72178125 0.30313953437499996 0.723796875 0.30313953437499996 0.725796875 0.30475083125 0.7388125 0.3079402 0.7448125 0.31272425312499996 0.7483125 0.3180398671875 0.7498125
3 0.6173588046875 0.8660781249999999 0.6039036546875 0.8415156250000001 0.578588040625 0.8370625 0.5611960140625001 0.8504531249999999 0.5517109640625 0.87575 0.618139534375 0.8772343749999999 0.618139534375 0.87425 0.6173588046875 0.8660781249999999
3 0.5112790703125001 0.81096875 0.529186046875 0.8041562499999999 0.5317441859375001 0.79734375 0.5296013281249999 0.78290625 0.5261960140624999 0.773296875 0.5108637875 0.75846875 0.4895514953125 0.756453125 0.47506644531250003 0.7580625000000001 0.46485049843750004 0.76246875 0.46186046562499994 0.77609375 0.46186046562499994 0.790515625 0.46016611249999995 0.8041562499999999 0.476777409375 0.816171875 0.48998338906249994 0.817375 0.5112790703125001 0.81096875