1 0.246847059375 0.5004375 0.2748235296875 0.48568749999999994 0.286352940625 0.4386875 0.28223529375 0.42503124999999997 0.2666117640625 0.41135937499999997 0.24110588281249998 0.40153125 0.205717646875 0.39496875 0.2444 0.420109375 0.25261176406249997 0.45234375 0.23781176406250001 0.49278125 0.246847059375 0.5004375
1 0.29423529375 0.286109375 0.29423529375 0.28490625 0.2960705875 0.25471875 0.2796941171875 0.23059375000000001 0.2542588234375 0.22576562500000003 0.214282353125 0.22937500000000002 0.19247058749999998 0.21731250000000002 0.1688235296875 0.20885937499999999 0.16519999999999999 0.1750625 0.1379294125 0.16540625 0.1052235296875 0.16540625 0.0743294125 0.15575 0.028894117187500002 0.171453125 0.025247059375000002 0.17265625 0 0.187140625 0.005247059375 0.268 0.037976470312499996 0.2836875 0.065247059375 0.289734375 0.10884705937500001 0.3098125 0.13976470624999998 0.31946875 0.15611764687500002 0.33153125 0.1379294125 0.365328125 0.1452 0.37740625 0.1524705875 0.40196875 0.22336470625 0.373 0.24517647031249998 0.350078125 0.2906117640625 0.3223125 0.29423529375 0.286109375
1 0.1438588234375 0.164890625 0.16216470624999998 0.176125 0.17063529375 0.20982812499999998 0.20588235312499997 0.230421875 0.23548235312500002 0.2191875 0.25945882343750004 0.22668750000000001 0.291882353125 0.234171875 0.31162352968749996 0.2248125 0.321482353125 0.20515625 0.33416470625 0.18548437499999998 0.3200705875 0.15553125 0.2792 0.132125 0.27072941250000004 0.1330625 0.23830588281249998 0.148984375 0.21856470625000002 0.138671875 0.20023529375 0.11528125 0.17345882343750002 0.116203125 0.157952940625 0.11059375 0.1551294125 0.10871875 0.1297411765625 0.11246875 0.0987294125 0.141484375 0.101552940625 0.164890625 0.1438588234375 0.164890625
1 0 0.6540468749999999 0.028988235937500002 0.6709375 0.061482353125 0.671875 0.06997647031250001 0.659671875 0.1024705875 0.6681250000000001 0.129317646875 0.63996875 0.133552940625 0.56959375 0.086917646875 0.547078125 0.0812705875 0.537703125 0.050188235937500006 0.5367656249999999 0 0.541453125 0 0.6540468749999999
1 0.120517646875 0.46546875 0.1162117640625 0.44496874999999997 0.12136470625 0.42160937499999995 0.1351058828125 0.397125 0.13595294062500002 0.388 0.113647059375 0.389140625 0.0990588234375 0.38971875 0.0904941171875 0.394265625 0.0836235296875 0.401109375 0.0793411765625 0.41135937499999997 0.0724705875 0.43357812500000004 0.0870588234375 0.4774375 0.1368 0.5025000000000001 0.1642588234375 0.49907812500000004 0.141952940625 0.48598437499999997 0.120517646875 0.46546875
1 0.46364705937500006 0.247609375 0.4803764703125 0.25609375 0.5200705875 0.25696875 0.5504705875 0.24876562500000002 0.550917646875 0.23765624999999999 0.5438588234374999 0.2250625 0.506847059375 0.228578125 0.490517646875 0.22974999999999998 0.47068235312500006 0.230625 0.4640705875 0.231203125 0.4605411765625 0.236765625 0.46364705937500006 0.247609375
1 0.37002352968749996 0.2723125 0.3301411765625 0.29879687499999996 0.299317646875 0.33854687499999997 0.3428235296875 0.34696875 0.3392 0.3578125 0.373647059375 0.363828125 0.402682353125 0.3578125 0.462517646875 0.303625 0.46795294062500004 0.253046875 0.44075294062500003 0.23015625 0.3972235296875 0.253046875 0.37002352968749996 0.2723125
1 0.1257882359375 0.41481250000000003 0.12150588281250001 0.42620312499999996 0.12063529375 0.443859375 0.12150588281250001 0.45981249999999996 0.1335058828125 0.478046875 0.159247059375 0.49740624999999994 0.15496470625 0.500828125 0.1360705875 0.508234375 0.1292235296875 0.5150781249999999 0.1377882359375 0.5253281249999999 0.165247059375 0.52190625 0.18668235312499998 0.5116562499999999 0.196117646875 0.523046875 0.2072705875 0.527609375 0.230447059375 0.5099375 0.245882353125 0.478609375 0.25275294062500003 0.455265625 0.25016470625 0.43703125 0.24159999999999998 0.41709375 0.22614117656250002 0.40456250000000005 0.20642352968750002 0.39771875 0.171247059375 0.393171875 0.14981176406250002 0.39715625 0.1326588234375 0.4 0.1352235296875 0.40171875 0.1292235296875 0.407984375 0.1257882359375 0.41481250000000003
1 0.1812705875 0.772625 0.1960941171875 0.76840625 0.20456470625 0.760671875 0.20456470625 0.75434375 0.2172705875 0.749421875 0.228917646875 0.757859375 0.247952940625 0.753640625 0.27018823593749997 0.731859375 0.2680705875 0.684765625 0.2500705875 0.660859375 0.2257411765625 0.6475 0.21832941250000001 0.637671875 0.202447059375 0.634859375 0.1908 0.6369687500000001 0.19821176406250002 0.62290625 0.1908 0.6193906250000001 0.17597647031250002 0.6193906250000001 0.17174117656250001 0.620796875 0.16011764687500002 0.627828125 0.1548235296875 0.636265625 0.13999999999999999 0.64609375 0.1389411765625 0.6671875 0.1272941171875 0.70021875 0.1315294125 0.7437968749999999 0.1431764703125 0.755046875 0.1812705875 0.772625
1 0.5251294125 0.213421875 0.5170588234375 0.20392187499999997 0.5081176468749999 0.193234375 0.4973882359375 0.18492187499999999 0.48397647031249996 0.190859375 0.48665882343750005 0.197390625 0.4947058828125 0.20570312500000001 0.4973882359375 0.216390625 0.49649411718750003 0.22767187500000002 0.503647059375 0.226484375 0.5215294125 0.225296875 0.5251294125 0.213421875
1 0.4394588234375 0.230765625 0.4428705875 0.22398437499999999 0.41392941250000004 0.231890625 0.4054117640625 0.22737500000000002 0.3968941171875 0.2149375 0.3849882359375 0.21154687499999997 0.362847059375 0.21832812499999998 0.362847059375 0.238671875 0.356047059375 0.25790625 0.3662588234375 0.275984375 0.37305882343749996 0.270328125 0.4156235296875 0.242078125 0.4394588234375 0.230765625