2 0.67925 0.8573124999999999 0.654484375 0.9021250000000001 0.636796875 0.8738125 0.617328125 0.8478749999999999 0.608484375 0.7700416671875 0.59434375 0.8266458328124999 0.608484375 0.9634375000000001 0.62440625 0.9846666671875001 0.9711093749999999 0.9846666671875001 0.992328125 0.9492916671874999 0.9781875 0.8148541671875 0.898578125 0.796 0.81721875 0.7323125 0.73584375 0.6922083328124999 0.666859375 0.7157916671875 0.6615624999999999 0.6969375 0.65271875 0.7181666671875 0.67925 0.8573124999999999
2 0.31959375 0.26737500000000003 0.317875 0.2347708328125 0.296421875 0.23762500000000003 0.29298437499999996 0.24162499999999998 0.301578125 0.25764583281250003 0.299859375 0.2645208328125 0.302421875 0.26795833281250003 0.31959375 0.26737500000000003
2 0.378265625 0.1725416671875 0.370375 0.1830625 0.361515625 0.2041041671875 0.3625 0.22512500000000002 0.37334375 0.2382708328125 0.40093750000000006 0.2080416671875 0.397984375 0.187 0.378265625 0.1725416671875
2 0.163640625 0.3480416671875 0.187015625 0.3376666671875 0.18896875 0.3038958328125 0.187015625 0.2883125 0.192859375 0.2753333328125 0.146109375 0.2571458328125 0.136359375 0.28570833281249997 0.14415625 0.3194791671875 0.163640625 0.3480416671875
2 0.282109375 0.2420416671875 0.291609375 0.2424375 0.29504687500000004 0.23743750000000002 0.29965625 0.2155833328125 0.290453125 0.2155833328125 0.266578125 0.2213333328125 0.266015625 0.23743750000000002 0.26859375 0.240125 0.27434375 0.2420416671875 0.282109375 0.2420416671875
2 0.3263125 0.24235416718749997 0.330125 0.23995833281249998 0.329890625 0.21545833281250001 0.30165625 0.2136666671875 0.30098437499999997 0.2384791671875 0.314890625 0.23577083281250003 0.32228124999999996 0.23816666718750001 0.3263125 0.24235416718749997
2 0.318453125 0.2369583328125 0.318453125 0.2394166671875 0.32065625 0.2630416671875 0.32620312500000004 0.26106250000000003 0.3428125 0.2620416671875 0.345015625 0.2684375 0.347609375 0.2684375 0.347234375 0.25614583281250003 0.353875 0.2541666671875 0.360890625 0.2531875 0.36384375 0.2389166671875 0.354625 0.2403958328125 0.346875 0.241875 0.330265625 0.24285416718750003 0.331 0.2448333328125 0.3269375 0.242375 0.318453125 0.2369583328125
2 0.2356875 0.2774583328125 0.23917187499999998 0.2780416671875 0.250515625 0.276875 0.257484375 0.27337500000000003 0.264453125 0.26814583281250004 0.2714375 0.26408333281249996 0.2705625 0.25652083281250004 0.2679375 0.24375 0.263578125 0.2385208328125 0.254859375 0.2356041671875 0.247890625 0.2361875 0.24221875 0.2396666671875 0.23743750000000002 0.2431666671875 0.22915625 0.2530416671875 0.230453125 0.2646666671875 0.232640625 0.2728125 0.2356875 0.2774583328125
2 0.38775 0.23802083281250003 0.378265625 0.23650000000000002 0.37365624999999997 0.23956249999999998 0.368765625 0.2376458328125 0.36359375 0.23841666718750001 0.36331250000000004 0.2499166671875 0.362734375 0.24914583281249997 0.368765625 0.2587291671875 0.378546875 0.2687083328125 0.387171875 0.2560416671875 0.38775 0.23802083281250003
2 0.42115625 0.24983333281250003 0.43317187500000004 0.24745833281250001 0.43393750000000003 0.2168125 0.42907812500000003 0.21408333281249997 0.4255 0.2144166671875 0.4135 0.2164583328125 0.40532812500000004 0.2185 0.40225 0.219875 0.40199999999999997 0.2246458328125 0.40328125000000004 0.2382708328125 0.40353125 0.24881250000000002 0.4050625 0.2549583328125 0.42115625 0.24983333281250003
2 0.337390625 0.2023958328125 0.328171875 0.21589583281250002 0.334625 0.217125 0.334625 0.23925000000000002 0.3631875 0.23679166718750003 0.36134374999999996 0.1913333328125 0.337390625 0.2023958328125
2 0.28909375000000004 0.29720833281250003 0.2978125 0.2890833328125 0.29128125 0.2675833328125 0.2978125 0.2559583328125 0.2965 0.2466458328125 0.266 0.2402708328125 0.27296875 0.26349999999999996 0.251171875 0.2780416671875 0.25728125 0.29372916718750003 0.262078125 0.29431250000000003 0.28909375000000004 0.29720833281250003