1 0.1161875 0.43025 0.15840625 0.43025 0.20456249999999998 0.4355416671875 0.275796875 0.4179375 0.34835937499999997 0.3775 0.3760625 0.3476041671875 0.38660937500000003 0.2860416671875 0.40112500000000006 0.26316666718750004 0.37078125 0.2895625 0.331203125 0.303625 0.287671875 0.3317708328125 0.19796875 0.3581458328125 0.12409375 0.35110416718750004 0.07134375 0.352875 0.070015625 0.35110416718750004 0.063421875 0.3739791671875 0.070015625 0.3933333328125 0.089796875 0.4144375 0.1161875 0.43025
1 0.118453125 0.6647708328124999 0.08946875 0.6895 0.0883125 0.7157916671875 0.09875 0.7312291671875 0.12309375 0.7513333328125 0.16829687499999998 0.7482291671875 0.17525 0.7513333328125 0.159015625 0.7621458328124999 0.16018749999999998 0.7745208328125 0.167140625 0.7884166671874999 0.15323437499999998 0.8023333328125 0.130046875 0.8193333328125 0.130046875 0.8440625 0.15323437499999998 0.8641458328124999 0.183359375 0.871875 0.255234375 0.85025 0.3131875 0.8069791671875001 0.37578125 0.7374166671875 0.38853125 0.7080625 0.40940624999999997 0.6786875 0.4105625 0.6385 0.40128125 0.6029583328125 0.40940624999999997 0.5890416671875001 0.412875 0.5627708328125001 0.412875 0.5457708328125 0.40012499999999995 0.5395833328124999 0.38621875 0.5380416671875 0.343328125 0.5504166671874999 0.292328125 0.5674166671875 0.233203125 0.5936874999999999 0.19148437499999998 0.6214999999999999 0.18915625 0.6385 0.1856875 0.6354166671875 0.193796875 0.650875 0.118453125 0.6647708328124999
1 0.218609375 0.5203958328125 0.304375 0.5024583328125 0.38509375 0.4531458328125 0.38171875 0.43295833281249996 0.38340625 0.385875 0.3733125 0.36120833281250003 0.31278125 0.42175 0.228703125 0.4441666671875 0.16815625 0.43520833281250004 0.14125000000000001 0.44641666718749995 0.147984375 0.48229166718750005 0.218609375 0.5203958328125
0 0.47234375 0.42008333281250004 0.458546875 0.441125 0.45065625000000004 0.46741666718749997 0.447703125 0.5002708328125001 0.455578125 0.53575 0.47728125 0.5594166671874999 0.5117812500000001 0.5725625 0.54825 0.5673125 0.56796875 0.5515416671875 0.577828125 0.5134166671875 0.579796875 0.47397916718750005 0.5788125 0.44768749999999996 0.5660000000000001 0.42404166718749997 0.536421875 0.403 0.522625 0.3964375 0.48515625 0.41089583281250003 0.47234375 0.42008333281250004
0 0.79640625 0.2832708328125 0.79640625 0.324 0.79640625 0.3608125 0.797390625 0.3857916671875 0.812171875 0.397625 0.833859375 0.402875 0.85653125 0.40418750000000003 0.8742812499999999 0.4015625 0.884140625 0.3884166671875 0.8939999999999999 0.3581875 0.8979374999999999 0.3332083328125 0.89596875 0.3056041671875 0.8890781249999999 0.2845833328125 0.87625 0.2648541671875 0.85653125 0.2503958328125 0.8299218749999999 0.2596041671875 0.8200625 0.2596041671875 0.8013281250000001 0.2674791671875 0.79640625 0.2832708328125
0 0.6288750000000001 0.131625 0.598640625 0.1305416671875 0.5725 0.1664791671875 0.563515625 0.1893541671875 0.5684218750000001 0.22420833281250002 0.57821875 0.25906250000000003 0.6051875 0.2830208328125 0.6370312499999999 0.2753958328125 0.6599062499999999 0.24597916718750001 0.663265625 0.2324583328125 0.665625 0.2046041671875 0.665625 0.1762708328125 0.6484687499999999 0.1446875 0.6288750000000001 0.131625
0 0.5075000000000001 0.1969166671875 0.48825 0.1894791671875 0.47000000000000003 0.19083333281249998 0.447203125 0.20637500000000003 0.436046875 0.2266458328125 0.4325 0.2435416671875 0.430984375 0.2482708328125 0.45023437499999996 0.2502916671875 0.471015625 0.256375 0.489265625 0.2671875 0.5065000000000001 0.28475 0.516625 0.3090833328125 0.516625 0.3198958328125 0.528796875 0.3023333328125 0.5303125 0.2604375 0.52778125 0.2286666671875 0.5075000000000001 0.1969166671875
0 0.601258928125 0.43899107031250006 0.6007 0.4447083328125 0.5858749999999999 0.45883333281249994 0.5858749999999999 0.49412083281249997 0.58940625 0.505875 0.5858749999999999 0.5058833328125 0.5858749999999999 0.5176458328125 0.545296875 0.5811666671875 0.548828125 0.6211666671875 0.674125 0.6517708328125 0.6829375 0.6447083328125001 0.744703125 0.64 0.781765625 0.6235208328125 0.781765625 0.5529375 0.758828125 0.52 0.711171875 0.52 0.70940625 0.5129479171875 0.7376406249999999 0.48706250000000006 0.718234375 0.40941666718749997 0.68646875 0.3835208328125 0.628234375 0.4023541671875 0.6229375 0.4026815484375 0.6229375 0.3505833328125 0.5876406249999999 0.3035208328125 0.52940625 0.3223541671875 0.5223515625 0.3447083328125 0.515296875 0.36706249999999996 0.524125 0.3976458328125 0.5700000000000001 0.43764583281249997 0.601258928125 0.43899107031250006
3 0.713828125 0.40531249999999996 0.745515625 0.40531249999999996 0.7606875 0.4016458328125 0.789625 0.3759166671875 0.8034062499999999 0.3391666671875 0.8061718750000001 0.30425 0.78825 0.2509583328125 0.759296875 0.2233958328125 0.72484375 0.21787499999999999 0.700046875 0.2270625 0.6779843750000001 0.2380833328125 0.664203125 0.27116666718750004 0.661453125 0.3189375 0.6835 0.37775 0.713828125 0.40531249999999996
3 0.38875000000000004 0.399125 0.409671875 0.4241041671875 0.442171875 0.44025 0.47631249999999997 0.4241041671875 0.5055 0.3961875 0.516515625 0.3719583328125 0.520375 0.3484583328125 0.51321875 0.3205625 0.5055 0.2956041671875 0.49284375 0.2713541671875 0.469703125 0.25006249999999997 0.444921875 0.25006249999999997 0.42620312499999996 0.2508125 0.41518750000000004 0.2537291671875 0.40142187500000004 0.2662291671875 0.38489062500000004 0.29339583281250003 0.382140625 0.3132291671875 0.376640625 0.3381875 0.376640625 0.3668333328125 0.38875000000000004 0.399125
3 0.86015625 0.5241666671874999 0.869125 0.49233333281249997 0.8661406250000001 0.4636666671875 0.8595625 0.4334166671875 0.8500156249999999 0.4166875 0.84165625 0.40793749999999995 0.8153750000000001 0.3952083328125 0.79746875 0.3928125 0.777171875 0.4015625 0.7562656249999999 0.41270833281249997 0.750296875 0.4254583328125 0.7425312500000001 0.44216666718750003 0.7347812499999999 0.4604791671875 0.734171875 0.4795833328125 0.735375 0.5034791671875001 0.737765625 0.514625 0.737765625 0.517 0.7562656249999999 0.5273541671875 0.7682187500000001 0.5385 0.77478125 0.5496458328125 0.78075 0.5639791671875 0.777765625 0.5663750000000001 0.8022500000000001 0.5655625 0.826125 0.5607916671875001 0.8434531249999999 0.5472708328125 0.86015625 0.5241666671874999
3 0.5232187500000001 0.3510208328125 0.532359375 0.3275833328125 0.56471875 0.3050625 0.60271875 0.315375 0.61396875 0.3219583328125 0.61396875 0.31256249999999997 0.61396875 0.304125 0.600609375 0.2684791671875 0.587234375 0.2525416671875 0.566828125 0.24879166718749998 0.536578125 0.2497291671875 0.532359375 0.2938125 0.5140625 0.31818749999999996 0.5232187500000001 0.3510208328125
1 0.198 0.35770833281250003 0.2538125 0.346 0.29765625 0.32156250000000003 0.36143749999999997 0.2939166671875 0.38615625 0.2737291671875 0.4140625 0.25245833281249996 0.4140625 0.2365208328125 0.40049999999999997 0.2407708328125 0.382171875 0.2641666671875 0.3678125 0.2673541671875 0.24584375 0.312 0.145390625 0.3343125 0.15335937500000002 0.3513125 0.159734375 0.35770833281250003 0.198 0.35770833281250003
3 0.768609375 0.407125 0.801609375 0.3949375 0.789671875 0.37716666718749997 0.764390625 0.399625 0.71875 0.40991666718750003 0.7159375 0.4108541671875 0.7335 0.44737499999999997 0.7335 0.45860416718749997 0.747546875 0.4248958328125 0.768609375 0.407125
3 0.6052500000000001 0.47620833281249997 0.6111093750000001 0.43943750000000004 0.592921875 0.4519583328125 0.579421875 0.46291666718749996 0.57003125 0.5200208328125 0.608765625 0.5075000000000001 0.6052500000000001 0.47620833281249997
0 0.635578125 0.30404166718750003 0.6126406249999999 0.3182083328125 0.62271875 0.3443125 0.6271875 0.40472916718749996 0.63390625 0.39877083281250003 0.685375 0.3860833328125 0.6663593750000001 0.34729166718750004 0.6579531249999999 0.3047708328125 0.635578125 0.30404166718750003