1 0.54015625 0.6864375 0.5373281249999999 0.6854583328125 0.53671875 0.6885833328125 0.5386875 0.6936458328125 0.5450625 0.6982291671875 0.5515625 0.6993750000000001 0.55646875 0.69725 0.562859375 0.689875 0.562859375 0.6849791671875 0.562609375 0.6830208328125 0.558921875 0.686125 0.554015625 0.690375 0.5485 0.692 0.5466562500000001 0.6923333328125 0.55365625 0.6884166671874999 0.555734375 0.6848124999999999 0.5526718749999999 0.6797500000000001 0.5519375 0.6774583328125 0.55021875 0.668625 0.54996875 0.663875 0.5489843750000001 0.6625625 0.548 0.6625625 0.5465312499999999 0.6651875 0.5465312499999999 0.6731874999999999 0.54359375 0.681875 0.54015625 0.6836666671875 0.54015625 0.6864375
1 0.605140625 0.6182291671875 0.60215625 0.6353333328125 0.594375 0.6423541671875 0.593 0.6447916671875 0.598265625 0.6453958328125 0.60628125 0.6392916671875 0.613375 0.6264791671875 0.610640625 0.6075416671875 0.605140625 0.6182291671875
1 0.60890625 0.6099375 0.605828125 0.6082708328125 0.603046875 0.6054791671875 0.601234375 0.6049375 0.599015625 0.6071666671875 0.597484375 0.6095833328125 0.5969218749999999 0.6118125 0.5946875 0.6132916671875 0.59440625 0.6158958328125 0.59621875 0.6190416671875 0.596625 0.620125 0.60290625 0.6209374999999999 0.604578125 0.6207291671874999 0.60596875 0.6155208328125 0.60890625 0.6099375
0 0.309859375 0.6541041671875 0.308734375 0.6510833328125 0.302328125 0.6475625 0.29704687500000004 0.6470625 0.29403125 0.6520833328125 0.290640625 0.658625 0.286859375 0.6686666671875 0.28271875 0.6792291671874999 0.286484375 0.68175 0.29289062499999996 0.6837708328125001 0.3004375 0.6837708328125001 0.30534374999999997 0.6762291671875 0.309109375 0.6651666671875 0.309859375 0.6541041671875
0 0.45565625 0.6898333328125 0.44860937500000003 0.6902291671875 0.4448125 0.6956875 0.44509375 0.7078125 0.44362500000000005 0.7144583328125 0.445984375 0.721875 0.45653125 0.7257916671875 0.47325 0.7230624999999999 0.475296875 0.7148541671875 0.474125 0.7042916671875 0.472359375 0.696875 0.468265625 0.694125 0.46268750000000003 0.69375 0.45565625 0.6898333328125
3 0.47292187500000005 0.7091875 0.47424999999999995 0.6975416671875 0.46975 0.696125 0.46578125000000004 0.6986041671875001 0.46471875 0.6986041671875001 0.46234374999999994 0.6957708328125001 0.45837500000000003 0.6926041671875 0.453609375 0.6908333328125 0.44964062499999996 0.6904791671875 0.4425 0.6957708328125001 0.443546875 0.7053125 0.44303125000000004 0.7144791671874999 0.444875 0.7208333328125 0.44646875 0.7208333328125 0.452546875 0.7236458328125 0.46392187500000004 0.724 0.470015625 0.7187083328125 0.47292187500000005 0.7091875
3 0.512796875 0.7168333328125 0.510671875 0.7207916671875 0.512796875 0.7258958328125 0.517203125 0.7276041671875 0.522734375 0.7255208328125 0.5213125 0.7185208328125 0.52003125 0.7175833328125 0.515359375 0.7149375 0.512796875 0.7168333328125
3 0.5295 0.7238541671875 0.5314062500000001 0.7197916671875 0.531484375 0.7158333328125 0.529953125 0.7127916671875 0.52859375 0.7110624999999999 0.52653125 0.7127916671875 0.52446875 0.715625 0.52234375 0.7188958328124999 0.52234375 0.7224375000000001 0.522640625 0.7264999999999999 0.524328125 0.7261041671874999 0.5272187500000001 0.7254791671875 0.5295 0.7238541671875
3 0.41429687499999995 0.5235000000000001 0.415046875 0.5214791671875 0.41517187499999997 0.5193125000000001 0.41479687500000006 0.5168125 0.412921875 0.5161458328124999 0.410921875 0.5166458328125 0.41029687499999995 0.5216458328125 0.411796875 0.5231666671874999 0.411671875 0.5245 0.412171875 0.5245 0.41429687499999995 0.5235000000000001
3 0.38828125 0.5288958328125 0.391890625 0.5275208328125001 0.393953125 0.5247708328125 0.391890625 0.5213333328124999 0.389828125 0.5199791671875 0.386234375 0.5220208328125 0.38828125 0.5288958328125
3 0.44746874999999997 0.5151875 0.44957812500000005 0.5097083328124999 0.448359375 0.5073333328125 0.4446875 0.507625 0.442796875 0.5091249999999999 0.44190625 0.5131249999999999 0.44346874999999997 0.5155000000000001 0.44746874999999997 0.5151875
3 0.43840625 0.5242083328125 0.442953125 0.5227291671875001 0.444078125 0.5184375 0.44195312500000006 0.5139791671875 0.4380625 0.5126458328125 0.435734375 0.5135416671875 0.43317187500000004 0.5166458328125 0.43184374999999997 0.5194791671875 0.43239062500000003 0.5227291671875001 0.43840625 0.5242083328125
3 0.40571875 0.5289791671875 0.408484375 0.5313333328125001 0.41076562499999997 0.5303333328125001 0.412515625 0.5323541671875 0.41479687500000006 0.5303333328125001 0.41831250000000003 0.5283125 0.420328125 0.5279791671875 0.423609375 0.5252916671875 0.425125 0.5242916671875 0.428640625 0.524625 0.43267187500000004 0.5242916671875 0.4336875 0.5239583328124999 0.43267187500000004 0.5178958328125 0.43493750000000003 0.5152083328125 0.439234375 0.5128541671875 0.440234375 0.5118541671875 0.43821875 0.5091666671875 0.43493750000000003 0.5074791671875001 0.431171875 0.5051458328125 0.42990625 0.5044583328125001 0.424609375 0.5068125 0.419828125 0.5101666671875 0.4175625 0.5125208328124999 0.41378125 0.5142083328125 0.40925 0.5158958328125001 0.40698437500000006 0.5158958328125001 0.40596875 0.5172291671875 0.403203125 0.5172291671875 0.4024375 0.5182291671875 0.399671875 0.52025 0.39790625 0.5212708328125 0.39665625000000004 0.5229375 0.395640625 0.5249583328125 0.399171875 0.5276458328125 0.4021875 0.5266458328125 0.40345312499999997 0.5289791671875 0.40571875 0.5289791671875
3 0.43934375000000003 0.510625 0.43934375000000003 0.5086666671875 0.43896875 0.5050208328125 0.43751562499999996 0.5033125 0.43568749999999995 0.5030833328125001 0.43440625 0.5055 0.43459375 0.5067291671875 0.43659375 0.5093958328125 0.43934375000000003 0.510625
3 0.4403125 0.50975 0.441375 0.5101041671875 0.4448125 0.5086875 0.44534375 0.5055 0.44375 0.5044375 0.441109375 0.5044375 0.43871874999999994 0.5037291671874999 0.43871874999999994 0.507625 0.4403125 0.50975
1 0.593671875 0.6363125000000001 0.599015625 0.6321458328125 0.60259375 0.6288750000000001 0.604375 0.6256041671875 0.6048125 0.6214583328125001 0.60328125 0.6212500000000001 0.59321875 0.6273958328125 0.590109375 0.6291875 0.5916718750000001 0.6342291671875 0.593671875 0.6363125000000001
0 0.32740625 0.6779791671875001 0.325109375 0.6812291671875 0.32375 0.6877291671875 0.32496875 0.6926041671875 0.328078125 0.6958541671875 0.33132812500000003 0.6965833328125 0.3343125 0.7 0.340671875 0.6994583328124999 0.34865625 0.6987291671875 0.352296875 0.6962083328124999 0.351890625 0.6898958328125 0.35040625 0.684125 0.3524375 0.6806875 0.354734375 0.67475 0.35325 0.6686041671875 0.350140625 0.666625 0.34567187499999996 0.6651666671875 0.341078125 0.6686041671875 0.33971874999999996 0.6680625 0.337140625 0.6648125 0.32984375 0.6655416671875 0.32915625 0.6704166671875 0.328890625 0.6738333328125 0.32740625 0.6779791671875001
0 0.43540625000000005 0.4086666671875 0.43284374999999997 0.4099375 0.43134375 0.4135416671875 0.43174999999999997 0.41841666718750004 0.432703125 0.4234583328125 0.43256249999999996 0.4249166671875 0.434859375 0.4274375 0.43648437500000004 0.4285208328125 0.440140625 0.4299583328125 0.4439375 0.4303333328125 0.448265625 0.43177083281249995 0.45395312499999996 0.430875 0.45421875 0.42925 0.453 0.4254583328125 0.453 0.4222083328125 0.45462499999999995 0.4180625 0.454765625 0.41624999999999995 0.453 0.41227083281250004 0.449890625 0.4088541671875 0.44840625 0.4074166671875 0.446375 0.4074166671875 0.44312500000000005 0.40812499999999996 0.4415 0.40795833281249994 0.44095312499999995 0.40758333281250003 0.43920312499999997 0.406875 0.442984375 0.4028958328125 0.44284375000000004 0.40199999999999997 0.43920312499999997 0.40308333281250003 0.43784375000000003 0.40416666718750005 0.43770312499999997 0.4061458328125 0.43540625000000005 0.4086666671875
0 0.52671875 0.6956875 0.5189375 0.6940625 0.5138125 0.6898333328125 0.5084531250000001 0.6888541671875 0.505296875 0.6930833328125 0.50090625 0.7096458328125 0.5016406250000001 0.7151666671875 0.505296875 0.7219791671875 0.51284375 0.7248958328125 0.52696875 0.7262083328125 0.5328125 0.7184166671875001 0.532078125 0.7096458328125 0.52671875 0.6956875
0 0.37609375 0.5535625 0.37609375 0.5508333328125 0.37609375 0.5485833328124999 0.372359375 0.5485833328124999 0.366921875 0.5508333328125 0.36590625 0.5585416671875 0.369984375 0.5626041671875 0.3703125 0.5621666671875001 0.3740625 0.5603541671875 0.37609375 0.5535625