3 0.5309062499999999 0.5318958328125001 0.5460625 0.5206666671875 0.5528125 0.47570833281249997 0.541015625 0.44425 0.532578125 0.43977083281249996 0.5174218749999999 0.4375208328125 0.50225 0.4285208328125 0.47190624999999997 0.42404166718749997 0.44662499999999994 0.47570833281249997 0.47190624999999997 0.5251458328124999 0.488765625 0.5363958328125 0.5309062499999999 0.5318958328125001
3 0.021234375 0.1937291671875 0.01128125 0.19637500000000002 0.007546875 0.19537500000000002 0.0063125 0.1910625 0.0063125 0.1864166671875 0.009796875 0.1784583328125 0.0060625 0.180125 0.00034375 0.18775 0.00059375 0.2030208328125 0.02446875 0.23054166718750002 0.027453125000000002 0.2262291671875 0.032937499999999995 0.2235833328125 0.040390625 0.2262291671875 0.045125 0.2312083328125 0.047859374999999996 0.22722916718750003 0.05134375 0.2189375 0.053828125000000004 0.2020208328125 0.05084375 0.1880833328125 0.048609374999999996 0.18675 0.03715625 0.1890833328125 0.021234375 0.1937291671875
3 0.908140625 0.6739375 0.896109375 0.6545 0.8891249999999999 0.64775 0.87709375 0.6435208328125 0.84984375 0.6545 0.828296875 0.6621041671875 0.813078125 0.6697291671875 0.7985 0.69675 0.797875 0.7280208328125 0.8035781249999999 0.7457708328125 0.8137187499999999 0.7643541671875 0.8270156249999999 0.7719583328125 0.839703125 0.7770416671875 0.8612500000000001 0.7719583328125 0.8707499999999999 0.7601458328125 0.8783593749999999 0.7457708328125 0.8885 0.7364791671875001 0.887859375 0.7128125 0.899265625 0.6849375 0.908140625 0.6739375
3 0.9259999999999999 0.7825208328125 0.9439062500000001 0.7832708328125 0.952296875 0.7817708328124999 0.963484375 0.7758125 0.976359375 0.7601458328125 0.979703125 0.7355208328125 0.9785937499999999 0.7138958328125 0.9769062500000001 0.7012083328125 0.968515625 0.6833125 0.95621875 0.6721250000000001 0.94334375 0.6624375 0.9265625 0.6631666671875001 0.918171875 0.6661666671875001 0.9041874999999999 0.6758541671875 0.893 0.6945 0.8874062500000001 0.7131458328125 0.8851718749999999 0.7310625 0.8924375 0.7497083328125 0.9041874999999999 0.7683541671875 0.91090625 0.7750625 0.9131406249999999 0.7758125 0.9259999999999999 0.7825208328125
3 0.25775000000000003 0.4643333328125 0.2690625 0.442375 0.271125 0.40393749999999995 0.268046875 0.3881458328125 0.25671875 0.37854166718750004 0.239734375 0.3792291671875 0.21604687500000003 0.3908958328125 0.201125 0.4176666671875 0.197515625 0.4403125 0.197515625 0.45129166718749997 0.21090625 0.4725833328125 0.22789062499999999 0.48287500000000005 0.234578125 0.47943749999999996 0.24693749999999998 0.4739583328125 0.25775000000000003 0.4643333328125
3 0.13359375 0.752125 0.144328125 0.7597083328124999 0.15634375 0.7538125 0.17278125 0.7352708328124999 0.18415625 0.7099791671875 0.184796875 0.6813125 0.1759375 0.6653125 0.15571875 0.6644583328125 0.14559375000000002 0.6712083328125 0.11842187500000001 0.7175625 0.14559375000000002 0.742 0.144328125 0.7495833328125 0.13359375 0.752125
3 0.331 0.9412916671874999 0.35015625 0.9695416671875 0.368546875 0.9736458328125 0.383359375 0.9555833328125001 0.39384375 0.9361666671875 0.396390625 0.9245833328125 0.399453125 0.90075 0.3869375 0.8881458328124999 0.38259375 0.8680625 0.380046875 0.8632916671875 0.37340625 0.8615833328125 0.36165625 0.8622708328125 0.35271875 0.8663541671875 0.34376562499999996 0.8734999999999999 0.336875 0.8861041671875001 0.32818749999999997 0.9078958328125 0.325125 0.9232291671875 0.331 0.9412916671874999
3 0.423203125 0.2967291671875 0.4130625 0.2842291671875 0.39823437500000003 0.2769583328125 0.38184375 0.2863125 0.369359375 0.3144166671875 0.369359375 0.3466666671875 0.38653125 0.3612291671875 0.41384375 0.3539375 0.42476562500000004 0.3466666671875 0.42865624999999996 0.3237708328125 0.423203125 0.2967291671875
3 0.2455 0.5330625 0.2310625 0.5402083328125 0.22303125000000001 0.5509375000000001 0.21642187499999999 0.564125 0.21581250000000002 0.5789791671875 0.21725 0.5896874999999999 0.21890625 0.5921666671875 0.22446875 0.6056458328125001 0.23498437499999997 0.6133333328125 0.252515625 0.6122291671875 0.258078125 0.60975 0.270859375 0.5990416671875 0.28034375 0.5781458328125 0.28446875 0.55725 0.28054687500000003 0.5413125 0.270859375 0.5325 0.271890625 0.5344375 0.264875 0.5292083328125 0.2455 0.5330625
3 0.099390625 0.3858541671875 0.09828125 0.40012499999999995 0.094609375 0.40012499999999995 0.092046875 0.3903333328125 0.083421875 0.3766875 0.0818125 0.3572916671875 0.080703125 0.3545208328125 0.076859375 0.3551666671875 0.072390625 0.3621875 0.061515625 0.3790208328125 0.055453125000000006 0.3937291671875 0.053531249999999996 0.4068333328125 0.05337499999999999 0.4183541671875 0.055281250000000004 0.42325 0.057359375000000004 0.4270833328125 0.05753125 0.4330625 0.05815625 0.4366875 0.06071875 0.4366875 0.06328125 0.44008333281249995 0.065515625 0.44329166718749996 0.07062500000000001 0.44329166718749996 0.075109375 0.4488333328125 0.097078125 0.4409375 0.106296875 0.4138541671875 0.10953125 0.4122916671875 0.11026562499999999 0.40149999999999997 0.109078125 0.38287499999999997 0.10600000000000001 0.3663958328125 0.098234375 0.3546458328125 0.09668750000000001 0.3558125 0.09812499999999999 0.3641041671875 0.099390625 0.3858541671875
3 0.48793749999999997 0.0722083328125 0.48403124999999997 0.078 0.481859375 0.0884375 0.47837500000000005 0.1075625 0.48359375 0.12320833281250002 0.495328125 0.13075 0.50925 0.1452291671875 0.515328125 0.1452291671875 0.5253281249999999 0.1208958328125 0.527078125 0.12262500000000001 0.530546875 0.1058125 0.51925 0.07914583281250001 0.5040312499999999 0.0710416671875 0.48793749999999997 0.0722083328125
3 0.362078125 0.7449583328125 0.34943749999999996 0.73275 0.34378125000000004 0.7234375 0.3350625 0.731 0.34246875 0.7304166671875 0.347703125 0.7344791671875 0.34334375 0.744375 0.3350625 0.7670416671875 0.3525 0.7734166671875 0.362515625 0.7629583328125 0.36078125 0.764125 0.363828125 0.7490208328125 0.362078125 0.7449583328125
3 0.363140625 0.7462500000000001 0.363921875 0.7472916671875 0.3765 0.7294791671875 0.37675000000000003 0.7284375 0.37492187499999996 0.726 0.37178125 0.7197083328125 0.366546875 0.7190000000000001 0.363921875 0.7109791671875 0.35946875 0.7053958328125 0.350046875 0.7032916671875 0.346109375 0.7015416671875 0.3435 0.7127291671875 0.344546875 0.7273958328125001 0.352921875 0.7368125 0.363140625 0.7462500000000001