1 0.4928 0.26088 0.48262 0.2737866671875 0.47634 0.2860533328125 0.47051999999999994 0.3002666671875 0.46424000000000004 0.3144533328125 0.46083999999999997 0.33381333281250003 0.46230000000000004 0.3538133328125 0.4681 0.3718933328125 0.47778 0.38738666718750003 0.48891999999999997 0.4015733328125 0.4957 0.3983466671875 0.50732 0.38544 0.51022 0.3712533328125 0.5078 0.36157333281250004 0.49471999999999994 0.3402666671875 0.49376 0.3247733328125 0.49618 0.3138133328125 0.51166 0.27768000000000004 0.50828 0.2654133328125 0.49908 0.25895999999999997 0.4928 0.26088
1 0.31236 0.2632533328125 0.28236 0.2726666671875 0.25236000000000003 0.2867733328125 0.24176000000000003 0.3197333328125 0.24176000000000003 0.33384 0.24176000000000003 0.3526666671875 0.26648 0.3926666671875 0.29294 0.4091466671875 0.3247 0.4091466671875 0.35118 0.4350133328125 0.37058 0.42797333281250005 0.38117999999999996 0.39736 0.40942 0.3761866671875 0.43235999999999997 0.3667733328125 0.45 0.34090666718749996 0.43942 0.2891466671875 0.42352 0.25384 0.4147 0.23973333281250003 0.37235999999999997 0.24208 0.37058 0.2491466671875 0.34236 0.2632533328125 0.31236 0.2632533328125
1 0.55094 0.2142133328125 0.54594 0.21864 0.54594 0.2253066671875 0.5450999999999999 0.2319733328125 0.54652 0.26136 0.5568 0.27608 0.57518 0.2937066671875 0.5818 0.2996 0.5979599999999999 0.2868533328125 0.59724 0.2564533328125 0.59724 0.23882666718749998 0.59502 0.2329333328125 0.59944 0.2172533328125 0.5979599999999999 0.2084266671875 0.59136 0.2035466671875 0.58768 0.19863999999999998 0.5825400000000001 0.19178666718749998 0.5803200000000001 0.19178666718749998 0.57926 0.1964266671875 0.5767599999999999 0.1964266671875 0.5700999999999999 0.2064266671875 0.55926 0.20530666718749999 0.55094 0.2142133328125
1 0.37324 0.4622666671875 0.36616 0.49056 0.38561999999999996 0.5377333328125 0.42806 0.55896 0.48466 0.5424533328125001 0.49706 0.5117866671875 0.49528 0.4598933328125 0.47759999999999997 0.4787733328125 0.43513999999999997 0.4787733328125 0.38738 0.44104 0.38384 0.44104 0.38029999999999997 0.44104 0.37324 0.4622666671875
1 0.65388 0.38536000000000004 0.69526 0.3939466671875 0.67962 0.3571466671875 0.65572 0.3216 0.5849 0.2909333328125 0.58766 0.32037333281249997 0.60054 0.3350933328125 0.62354 0.35469333281250004 0.65388 0.38536000000000004
1 0.51484 0.2566933328125 0.522 0.2861866671875 0.522 0.3009333328125 0.52266 0.33216 0.52916 0.3625066671875 0.53762 0.3677066671875 0.56688 0.35469333281250004 0.5812 0.3408266671875 0.58574 0.3252 0.5844400000000001 0.3061333328125 0.57078 0.28445333281249996 0.54868 0.2575733328125 0.52786 0.22896 0.50964 0.24544000000000002 0.51484 0.2566933328125
1 0.48726 0.2676 0.48647999999999997 0.2491733328125 0.48109999999999997 0.2378933328125 0.46958 0.22970666718750002 0.45422 0.2184266671875 0.46114 0.2184266671875 0.4765 0.22152 0.48802 0.22765333281250003 0.5103 0.2501866671875 0.53104 0.2532533328125 0.54948 0.2491733328125 0.5441 0.22765333281250003 0.5272 0.20615999999999998 0.51336 0.19488 0.49416000000000004 0.18157333281250002 0.47496 0.1723466671875 0.45730000000000004 0.17133333281250002 0.43655999999999995 0.17746666718749998 0.42196 0.1866933328125 0.40736 0.1989866671875 0.39892 0.22152 0.40275999999999995 0.2430133328125 0.41197999999999996 0.2563466671875 0.42119999999999996 0.2665866671875 0.43118 0.2747733328125 0.44884 0.2850133328125 0.45422 0.29013333281250003 0.48726 0.2798933328125 0.48726 0.27784 0.48726 0.2676
1 0.54 0.4581066671875 0.5382399999999999 0.4886933328125 0.5382399999999999 0.5004533328125 0.5382399999999999 0.5122133328125 0.54176 0.5428 0.56118 0.6204533328124999 0.57176 0.5922133328125 0.58412 0.57104 0.58412 0.5686933328125 0.60176 0.5451733328125 0.6088199999999999 0.51928 0.6088199999999999 0.5004533328125 0.6088199999999999 0.47928 0.61058 0.45576 0.6194200000000001 0.44162666718750004 0.62648 0.4345866671875 0.64058 0.4322133328125 0.64942 0.41810666718749995 0.6547 0.3969333328125 0.65294 0.38752 0.64764 0.3851733328125 0.64588 0.3804533328125 0.61236 0.364 0.6070599999999999 0.37104 0.58236 0.404 0.55942 0.4298666671875 0.54 0.4581066671875
1 0.61448 0.48816 0.60996 0.5099466671874999 0.61268 0.5510666671875 0.61902 0.5740533328125 0.6281 0.5813066671875 0.63898 0.5801066671874999 0.64442 0.5704266671875 0.6408 0.5401866671875 0.64896 0.4942133328125 0.63988 0.47728000000000004 0.62718 0.47850666718749996 0.61448 0.48816
1 0.6375 0.3131466671875 0.66652 0.33008000000000004 0.68014 0.3470133328125 0.69556 0.39176 0.7100799999999999 0.38936000000000004 0.72096 0.38936000000000004 0.72822 0.3772533328125 0.7318399999999999 0.3542666671875 0.72822 0.32888 0.72458 0.3155733328125 0.7418199999999999 0.30832000000000004 0.7418199999999999 0.2853333328125 0.77086 0.2720266671875 0.78084 0.2550933328125 0.7645 0.2550933328125 0.7391 0.25872 0.701 0.2841066671875 0.71914 0.2623466671875 0.7128 0.2538666671875 0.69192 0.2550933328125 0.6683399999999999 0.25872 0.65382 0.2538666671875 0.62934 0.25749333281250003 0.6256999999999999 0.24661333281250003 0.63932 0.2260533328125 0.63388 0.20792000000000002 0.61754 0.22362666718750002 0.5993999999999999 0.24056000000000002 0.60122 0.28048 0.5948599999999999 0.29741333281250004 0.6375 0.3131466671875
1 0.70714 0.5402666671875 0.6935 0.6052 0.6915600000000001 0.63376 0.69936 0.6571466671875 0.72272 0.6545333328125 0.7616799999999999 0.6104 0.77142 0.5844266671875 0.77728 0.55064 0.7597400000000001 0.4934933328125 0.7422 0.5038933328125 0.7422 0.5246666671875 0.73442 0.5350666671875 0.70714 0.5402666671875
1 0.40976 0.39048 0.41534000000000004 0.4121066671875 0.4159 0.45759999999999995 0.42654 0.46730666718749997 0.44555999999999996 0.47328000000000003 0.46962000000000004 0.47104 0.47968 0.46730666718749997 0.48304 0.44792 0.47912 0.42704000000000003 0.46794 0.42629333281250004 0.45730000000000004 0.42778666718749997 0.44332000000000005 0.4031733328125 0.44332000000000005 0.3934666671875 0.4506 0.37856 0.4506 0.37184 0.4327 0.3688533328125 0.4327 0.36736 0.42094 0.37408 0.40976 0.39048
1 0.295726665625 0.4382755546875 0.3066171421875 0.4369752375 0.30541333437499996 0.449137778125 0.3151 0.45999999999999996 0.3169057140625 0.44175618906249997 0.3271942859375 0.44653714375 0.326553334375 0.4520711125 0.3389 0.46968 0.3389 0.47850666718749996 0.34154 0.4899466671875 0.34682 0.48906666718749997 0.34022 0.5119733328125 0.33956 0.53576 0.3488 0.5930133328125 0.36004 0.5771733328125 0.36334 0.5551466671874999 0.36268 0.5084533328124999 0.35276 0.49610666718749996 0.3574 0.4925866671875 0.36202 0.4934666671875 0.3607 0.4837866671875 0.36136 0.46792 0.35806 0.46087999999999996 0.35276 0.46176000000000006 0.347771428125 0.4560990484375 0.34352 0.46528 0.3374828578125 0.45131809531249995 0.338006665625 0.44414222187499997 0.34946 0.4362133328125 0.34352 0.4274133328125 0.32633999999999996 0.4124266671875 0.31774 0.4089066671875 0.30454 0.40714666718750003 0.29725999999999997 0.4097866671875 0.28472 0.4203733328125 0.28603999999999996 0.4274133328125 0.296328571875 0.4321942859375 0.295726665625 0.4382755546875