1 0.850620915625 0.4983986921875 0.8680555562500001 0.5025490203125 0.87055555625 0.5316013078124999 0.8846568625 0.5374183 0.907908496875 0.51168300625 0.9236764703125001 0.5158333328125 0.9543954250000001 0.523300653125 0.9660130718750001 0.5133333328125 0.9693300656250001 0.50918300625 0.972647059375 0.41620914999999997 0.962696078125 0.3805228765625 0.931143790625 0.3805228765625 0.905408496875 0.3921405234375 0.8830065359375 0.4112418296875 0.8630718953125 0.462696078125 0.850620915625 0.4983986921875
1 0.6044934640624999 0.5348366015625 0.6516830062500001 0.5168464046875 0.640457515625 0.42246732031249995 0.6224673203125 0.4022549015625 0.5797712421875 0.3865196078125 0.54831699375 0.4044934640625 0.5550490203125 0.512352940625 0.5730392156249999 0.523594771875 0.5820261437500001 0.5101143796875001 0.6044934640624999 0.5348366015625
1 0.5325816999999999 0.9678594765625 0.5528104578125 0.9543627453125 0.575277778125 0.9521241828125 0.591013071875 0.9521241828125 0.6112418296875 0.9588562093749999 0.61573529375 0.9611111109375001 0.6292156859375 0.9049346406250001 0.6202287578125001 0.8420098046875 0.5977450984375 0.81055555625 0.591013071875 0.790326796875 0.5887581703125 0.7880718953125 0.5617973859375 0.792565359375 0.5438235296875 0.8060620921874999 0.5280882359375 0.8330228765625 0.5280882359375 0.9341503265625001 0.5325816999999999 0.9678594765625
1 0.28129085 0.5168627453125 0.294542484375 0.5192810453125001 0.316225490625 0.52047385625 0.32946078437500004 0.514460784375 0.33428104531249997 0.5072385625 0.34271241875 0.49519607812500005 0.3571568625 0.4783333328125 0.3607843140625 0.46629085000000003 0.371617646875 0.44099673125 0.336699346875 0.412091503125 0.3198366015625 0.4012581703125 0.3065849671875 0.386813725 0.29936274531249996 0.386813725 0.29694444375 0.391617646875 0.3005718953125 0.451830065625 0.28129085 0.49277777812499995 0.28009803906249997 0.5060294125 0.28129085 0.5168627453125
1 0.1749019609375 0.40848039218750004 0.183169934375 0.442434640625 0.17986928124999998 0.4896405234375 0.1881535953125 0.5277450984375001 0.205539215625 0.5335294125 0.21217320312500002 0.5318790843750001 0.2138235296875 0.5153104578125001 0.2063725484375 0.4879901953125 0.20305555625 0.45650326874999997 0.193120915625 0.420065359375 0.19228758125 0.4126143796875 0.18566993437499998 0.4051633984375 0.1749019609375 0.40848039218750004
1 0.06437908437499999 0.4095751640625 0.0629248359375 0.420539215625 0.0782679734375 0.42712418281250003 0.0819281046875 0.42712418281250003 0.103856209375 0.4263888890625 0.1148366015625 0.4263888890625 0.1272549015625 0.4220098046875 0.1586928109375 0.4066503265625 0.17331699375 0.3408496734375 0.14187908437500002 0.3218464046875 0.128725490625 0.314542484375 0.124330065625 0.314542484375 0.1097058828125 0.3225817 0.10678104531249999 0.327696078125 0.108251634375 0.36132352968750003 0.10166666718749999 0.37668300625 0.07388888906249999 0.4073856203125 0.06437908437499999 0.4095751640625
1 0.1826143796875 0.31331699375 0.1813235296875 0.324934640625 0.1755228765625 0.3326797390625 0.1574509796875 0.40366013125 0.16003267968749998 0.404313725 0.1774673203125 0.4030228765625 0.1826143796875 0.40236928125000004 0.1948856203125 0.40495097968750005 0.20263071875 0.4107679734375 0.2090849671875 0.415277778125 0.2245751640625 0.4088235296875 0.23295751562499997 0.4088235296875 0.2336111109375 0.392696078125 0.23295751562499997 0.3675326796875 0.20714052343749997 0.3488071890625 0.208431371875 0.3391339875 0.21617647031249998 0.328169934375 0.20972222187499998 0.31784313750000004 0.20650326875 0.3152614375 0.1974673203125 0.31331699375 0.1826143796875 0.31331699375
1 0.266617646875 0.31143790781249997 0.2453104578125 0.3513725484375 0.236879084375 0.3757843140625 0.243986928125 0.3873202609375 0.2586274515625 0.3828758171875 0.28392156874999996 0.3327450984375 0.30032679687499997 0.2999019609375 0.30743464062500003 0.2888071890625 0.29633986874999996 0.2865849671875 0.266617646875 0.31143790781249997
1 0.41001634062500003 0.40062091562499996 0.41259803906250003 0.39029411718749996 0.41452614375 0.37093137187499997 0.4106535953125 0.35673202656249997 0.408725490625 0.3451143796875 0.4035620921875 0.327696078125 0.3964542484375 0.31155228749999997 0.36483660156250003 0.29736928125 0.3609640515625 0.31155228749999997 0.359673203125 0.33607843125 0.360326796875 0.361895425 0.362908496875 0.4012581703125 0.3764542484375 0.4115849671875 0.39710784375 0.40383986875 0.41001634062500003 0.40062091562499996
1 0.7056372546875 0.6424509796875 0.7178431375 0.6640196078125 0.7216013078125 0.6968627453125 0.7140849671875 0.7212581703125001 0.6925 0.7475326796874999 0.6775 0.77099673125 0.701895425 0.77944444375 0.719722221875 0.7672385625 0.744117646875 0.7297058828125 0.752565359375 0.6996895421875 0.752565359375 0.6658986921875 0.751617646875 0.6555882359375 0.7225326796875 0.643382353125 0.7056372546875 0.6424509796875
1 0.182434640625 0.9346895421875001 0.1914379078125 0.952696078125 0.21397058750000003 0.9391830062500001 0.2522549015625 0.8941503265625 0.2612581703125 0.826568628125 0.24774509843749998 0.8040522875 0.236486928125 0.7882843140625 0.1982026140625 0.7995424843750001 0.1982026140625 0.8648692812500001 0.16892156875 0.9166666671874999 0.1576633984375 0.9369444437500001 0.182434640625 0.9346895421875001
1 0.57866013125 0.3639379078125 0.593594771875 0.35352941250000003 0.599934640625 0.335408496875 0.6080882359374999 0.31186274531249997 0.610800653125 0.294199346875 0.610800653125 0.2833333328125 0.6071895421875 0.27336601250000003 0.6080882359374999 0.26068627499999997 0.5994934640625 0.25707516406250003 0.5917810453125 0.25797385625 0.5840849671874999 0.2529901953125 0.5673366015625 0.262957515625 0.5537418296875 0.26521241875 0.52883986875 0.2833333328125 0.4921568625 0.3227287578125 0.4867320265625 0.3267973859375 0.4822058828125 0.3363071890625 0.4835620921875 0.3521568625 0.490800653125 0.3521568625 0.5052941171875001 0.3530718953125 0.5216013078125 0.35624182968749996 0.5369934640625 0.35849673125 0.54650326875 0.3539705875 0.5537418296875 0.36212418281250003 0.5646241828125 0.367565359375 0.57866013125 0.3639379078125
1 0.2583986921875 0.7900817 0.2608333328125 0.78521241875 0.26650326875 0.7681862749999999 0.2673202609375 0.7414379078125 0.2673202609375 0.7163071890625 0.268120915625 0.6855065359375 0.2673202609375 0.6749673203125 0.2673202609375 0.6555228765625001 0.2616339875 0.6547058828125001 0.2616339875 0.6587581703125001 0.25109477187499996 0.6822712421875 0.24542483593750003 0.6936111109375 0.24055555625 0.7074019609375 0.23732026093749997 0.7284803921874999 0.2348856203125 0.757647059375 0.2340849671875 0.77710784375 0.23570261406249998 0.782777778125 0.24055555625 0.790882353125 0.2413725484375 0.791699346875 0.2559640515625 0.79331699375 0.2583986921875 0.7900817
1 0.0686274515625 0.527777778125 0.078431371875 0.527777778125 0.08496732031250001 0.5228758171875 0.09640522812499999 0.5326797390625 0.1094771234375 0.5392156859375 0.1568627453125 0.5392156859375 0.1781393421875 0.6351689609375 0.1813725484375 0.6405228765625 0.16993464062500002 0.651960784375 0.1633986921875 0.6650326796875 0.1307189546875 0.668300653125 0.1094771234375 0.686274509375 0.1013071890625 0.704248365625 0.09640522812499999 0.7287581703125 0.09640522812499999 0.7745098046875001 0.0735294125 0.7859477125 0.05392156875 0.8055555562500001 0.045751634375 0.810457515625 0.0245098046875 0.8349673203125001 0.01797385625 0.848039215625 0.0114379078125 0.87418300625 0.013071895312500002 0.91013071875 0.026143790625000003 0.9313725484375001 0.042483659374999996 0.9428104578125 0.062091503125 0.9493464046875 0.10620915 0.9477124187499999 0.1290849671875 0.9346405234375 0.1470588234375 0.9166666671874999 0.16013071875 0.8970588234375001 0.1666666671875 0.9016690015625001 0.23202614375000002 0.9077380953124999 0.236649978125 0.8990404671875 0.24019607812500002 0.9150326796874999 0.2483660125 0.9264705875000001 0.2614379078125 0.936274509375 0.27450980468749997 0.9411764703125 0.3921568625 0.9411764703125 0.4068627453125 0.9444444437499999 0.4754901953125 0.9444444437499999 0.491830065625 0.937908496875 0.5 0.9444444437499999 0.51633986875 0.9444444437499999 0.527777778125 0.9330065359375 0.527777778125 0.85620915 0.51797385625 0.848039215625 0.5147058828125 0.848039215625 0.5107531890625 0.8267195765625001 0.608979146875 0.8173825078125001 0.6094771234375 0.828431371875 0.6192810453125001 0.84150326875 0.6209150328125 0.848039215625 0.6290849671875 0.9052287578125 0.62581699375 0.9248366015625 0.6323529406249999 0.9330065359375 0.6486928109375001 0.9444444437499999 0.668300653125 0.9477124187499999 0.6846405234375 0.955882353125 0.722222221875 0.954248365625 0.7369281046875 0.9771241828124999 0.7483660125 0.9852941171875 0.7614379078125 0.9901960781250001 0.792483659375 0.9885620921875 0.8055555562500001 0.98202614375 0.8218954249999999 0.9640522875 0.8251633984375 0.9640522875 0.831699346875 0.972222221875 0.8431372546875 0.98039215625 0.85620915 0.9852941171875 0.8872549015625 0.9852941171875 0.9052287578125 0.9771241828124999 0.9232026140625 0.957516340625 0.9444444437499999 0.957516340625 0.9624183000000001 0.9493464046875 0.9754901953124999 0.936274509375 0.98202614375 0.9248366015625 0.9852941171875 0.91176470625 0.98366013125 0.792483659375 0.9771241828124999 0.7549019609375 0.9509803921875 0.69771241875 0.9297385625000001 0.6732026140625 0.9003267968750001 0.6552287578125 0.87418300625 0.64379085 0.8055555562500001 0.64379085 0.794117646875 0.6388888890625 0.76633986875 0.6388888890625 0.7565359484374999 0.6421568625 0.7483660125 0.6470588234375 0.7434640515625001 0.653594771875 0.715686275 0.6666666671875 0.6993464046875 0.6503267968750001 0.6797385625000001 0.6503267968750001 0.6650326796875 0.6225490203125 0.6486928109375001 0.60620915 0.635620915625 0.5996732031249999 0.6748366015625 0.5228758171875 0.687908496875 0.527777778125 0.7140522875 0.527777778125 0.73202614375 0.51960784375 0.7450980390625 0.5065359484374999 0.7630718953125 0.5130718953125 0.7908496734375 0.5130718953125 0.7990196078125 0.509803921875 0.813725490625 0.5228758171875 0.830065359375 0.5228758171875 0.83986928125 0.5147058828125 0.848039215625 0.491830065625 0.8594771234374999 0.47385620937499995 0.8692810453125001 0.44771241875 0.8676470593750001 0.439542484375 0.8774509796875 0.421568628125 0.8807189546874999 0.40849673124999997 0.89379085 0.40359477187500004 0.903594771875 0.39379084999999997 0.9313725484375001 0.3807189546875 0.955882353125 0.3807189546875 0.9640522875 0.367647059375 0.9673202609375 0.3545751640625 0.9673202609375 0.33823529375 0.9640522875 0.32516339843750003 0.957516340625 0.313725490625 0.9444444437499999 0.3006535953125 0.9313725484375001 0.294117646875 0.8839869281249999 0.292483659375 0.8545751640624999 0.30228758125 0.8333333328125001 0.30392156875 0.8218954249999999 0.30882352968750004 0.7826797390625 0.30882352968750004 0.7712418296875 0.30392156875 0.740196078125 0.30555555624999997 0.73202614375 0.2973856203125 0.7140522875 0.2892156859375 0.653594771875 0.2892156859375 0.6192810453125001 0.3006535953125 0.6111111109375 0.30555555624999997 0.5931372546875 0.3545751640625 0.5767973859375 0.366013071875 0.562091503125 0.367647059375 0.5490196078125 0.3578431375 0.5212418296875 0.36274509843749997 0.51797385625 0.35620915000000003 0.5016339875 0.3529411765625 0.48366013125 0.3529411765625 0.48366013125 0.330065359375 0.47385620937499995 0.3202614375 0.455882353125 0.312091503125 0.42973856250000003 0.312091503125 0.4166666671875 0.3169934640625 0.40359477187500004 0.3267973859375 0.4068627453125 0.33986928125000004 0.359803921875 0.341830065625 0.3594771234375 0.30882352968750004 0.3529411765625 0.3006535953125 0.348039215625 0.2973856203125 0.30228758125 0.2973856203125 0.294117646875 0.2892156859375 0.294117646875 0.2810457515625 0.2875817 0.2728758171875 0.2826797390625 0.26960784375 0.2614379078125 0.26960784375 0.20915032656250002 0.3169934640625 0.215686275 0.330065359375 0.20915032656250002 0.33823529375 0.20751634062500002 0.349673203125 0.23366013125 0.367647059375 0.23366013125 0.3766339875 0.23692810468749997 0.382352940625 0.233986928125 0.38366013125 0.23202614375000002 0.41013071874999996 0.222222221875 0.41013071874999996 0.2124183 0.4150326796875 0.20751634062500002 0.4150326796875 0.1993464046875 0.41013071874999996 0.1928104578125 0.4166666671875 0.19771241875 0.437908496875 0.1813725484375 0.44444444375 0.16993464062500002 0.43137254843750006 0.1568627453125 0.42483660156249997 0.1290849671875 0.4264705875 0.1209150328125 0.43137254843750006 0.1094771234375 0.44444444375 0.0931372546875 0.4509803921875 0.08333333281250001 0.4607843140625 0.07679738593749999 0.47222222187499996 0.063725490625 0.47385620937499995 0.0473856203125 0.490196078125 0.027777778125000003 0.4983660125 0.01960784375 0.5065359484374999 0.01797385625 0.5114379078125 0.01960784375 0.5310457515625 0.0310457515625 0.5408496734375 0.0473856203125 0.5408496734375 0.0686274515625 0.527777778125