0 0.0939764703125 0.590375 0.0598588234375 0.577953125 0.03783529375 0.5845312500000001 0.0323294125 0.591109375 0.029035293750000003 0.600609375 0.0279294125 0.605 0.0389411765625 0.604265625 0.0752705875 0.6028125 0.0928705875 0.609390625 0.0961882359375 0.6028125 0.0939764703125 0.590375
0 0.09334117656249999 0.628859375 0.1061411765625 0.63059375 0.115152940625 0.635421875 0.13056470625 0.63503125 0.1453882359375 0.6319375 0.1459764703125 0.624796875 0.14423529375 0.616484375 0.134352940625 0.61165625 0.12270588281249999 0.610125 0.115152940625 0.610125 0.1003058828125 0.612828125 0.0904235296875 0.619578125 0.089552940625 0.624796875 0.09334117656249999 0.628859375
0 0.284117646875 0.6229843749999999 0.2918117640625 0.622265625 0.2951058828125 0.6156875 0.2962117640625 0.601828125 0.2874117640625 0.597453125 0.26983529375000004 0.592359375 0.24567058749999998 0.592359375 0.2324941171875 0.5996406249999999 0.2269882359375 0.6113125 0.2324941171875 0.6244531249999999 0.2511764703125 0.6310156250000001 0.2566588234375 0.6339375 0.2621411765625 0.62371875 0.284117646875 0.6229843749999999
0 0.220847059375 0.655765625 0.2356941171875 0.656515625 0.24256470624999998 0.655 0.2471294125 0.651203125 0.24941176406249999 0.6443749999999999 0.25056470625 0.639828125 0.25056470625 0.637546875 0.24256470624999998 0.633 0.2391294125 0.63071875 0.236847059375 0.62996875 0.232282353125 0.62996875 0.216282353125 0.629203125 0.20600000000000002 0.6284375 0.20484705937499997 0.62996875 0.196847059375 0.636796875 0.196847059375 0.64209375 0.21284705937499998 0.653484375 0.220847059375 0.655765625
0 0.5590352937499999 0.490515625 0.5585411765625 0.48489062499999996 0.5550588234375 0.479578125 0.5490588234375 0.47459375000000004 0.5300705875 0.46895312499999997 0.5105882359375 0.47128125 0.5035999999999999 0.47659375 0.5050823531249999 0.494828125 0.513082353125 0.497828125 0.556047059375 0.49615625 0.557552940625 0.494171875 0.5590352937499999 0.490515625
0 0.3360235296875 0.60359375 0.3064705875 0.59575 0.2923058828125 0.598734375 0.2951294125 0.614734375 0.2982117640625 0.613796875 0.324917646875 0.613796875 0.3419294125 0.62384375 0.35018823593750004 0.6163125 0.3360235296875 0.60359375
0 0.19136470625 0.6332187499999999 0.19136470625 0.628984375 0.1888 0.622625 0.1868941171875 0.619234375 0.173482353125 0.61584375 0.1632705875 0.61584375 0.15562352968749998 0.61796875 0.1524235296875 0.61796875 0.146047059375 0.622625 0.1524235296875 0.63153125 0.16583529375 0.63534375 0.180517646875 0.635765625 0.19136470625 0.6332187499999999
3 0.6085411765625001 0.7873281249999999 0.6095058828125001 0.79959375 0.6114588234375 0.811859375 0.6211764703125 0.8428281249999999 0.64936470625 0.848640625 0.6707294125 0.850578125 0.68823529375 0.8421875 0.685317646875 0.82928125 0.68336470625 0.8034687500000001 0.69503529375 0.780875 0.7232235296875 0.759578125 0.698917646875 0.7421562500000001 0.65616470625 0.733765625 0.6192235296875 0.727953125 0.5784235296875 0.728609375 0.553152940625 0.7460312499999999 0.5628705875 0.768609375 0.5949411765625 0.776359375 0.6085411765625001 0.7873281249999999
3 0.43967058750000004 0.947265625 0.45463529375 0.940640625 0.48456470625000003 0.909984375 0.49703529375000005 0.871890625 0.489552940625 0.838765625 0.4533882359375 0.818875 0.371082353125 0.813078125 0.309952940625 0.818046875 0.27752941249999996 0.8429062500000001 0.28376470625 0.874375 0.28376470625 0.90915625 0.324917646875 0.943125 0.3149411765625 0.93234375 0.3935294125 0.95140625 0.43967058750000004 0.947265625
3 0.7394117640625 0.7574375 0.774352940625 0.7872656250000001 0.7943058828125 0.786421875 0.8791058828124999 0.783109375 0.9127764703125001 0.73590625 0.9464705875 0.7044374999999999 0.924 0.683734375 0.8766117640625 0.664671875 0.8392 0.664671875 0.8067764703125 0.667984375 0.7718588234375 0.683734375 0.743152940625 0.703609375 0.7356705875 0.7284531249999999 0.7394117640625 0.7574375
3 0.889952940625 0.783625 0.8824 0.783625 0.7840941171875 0.788640625 0.7632941171875001 0.7999375 0.746282353125 0.825046875 0.7444 0.8463906250000001 0.7632941171875001 0.8463906250000001 0.7859764703125001 0.845140625 0.8294588234375 0.8576874999999999 0.8615999999999999 0.874015625 0.8956235296875 0.9141875 0.9012941171875 0.946828125 0.9220941171874999 0.9066562499999999 0.9523294124999999 0.8928437499999999 0.9731294125 0.8865624999999999 0.971247059375 0.8815468750000001 0.971247059375 0.8576874999999999 0.956117646875 0.815015625 0.9164235296875001 0.794921875 0.889952940625 0.783625
3 0.659317646875 0.984328125 0.671882353125 0.9811249999999999 0.6689882359375 0.9592812500000001 0.659317646875 0.9297187499999999 0.6573882359375001 0.91109375 0.6825411765625 0.8905312500000001 0.7047764703125 0.8635468749999999 0.701882353125 0.8616250000000001 0.6844705875 0.8545624999999999 0.6399764703125 0.8455625 0.607082353125 0.84878125 0.587717646875 0.8507031250000001 0.5674117640625 0.8545624999999999 0.5422588234375 0.8609843749999999 0.5325882359375 0.8770468749999999 0.503552940625 0.902734375 0.5016235296875 0.9284375 0.5084 0.9535 0.5161411765625 0.9695625 0.5267764703125 0.98240625 0.5635294125 0.9978281250000001 0.5567764703125 0.992046875 0.5741882359375 0.992046875 0.6215764703125 0.98496875 0.659317646875 0.984328125
3 0.45437647031250006 0.820625 0.46647058750000003 0.8301718749999999 0.48011764687499997 0.83971875 0.4929882359375 0.8512968750000001 0.49903529375 0.862859375 0.498282353125 0.87190625 0.49903529375 0.868890625 0.5270588234375 0.859328125 0.5490117640625 0.8558125000000001 0.5694588234375 0.8502812499999999 0.5967294125 0.8477656250000001 0.6118588234375 0.845765625 0.61336470625 0.836703125 0.6118588234375 0.8291718749999999 0.607317646875 0.818109375 0.604282353125 0.8105625 0.6118588234375 0.8015156250000001 0.6111058828125 0.7894375 0.5929411765625 0.780390625 0.5740000000000001 0.773359375 0.5687058828125 0.769328125 0.546752940625 0.773859375 0.5353882359375 0.7788906250000001 0.5141882359375 0.781390625 0.49145882343749997 0.78390625 0.4725411765625 0.791453125 0.44755294062499995 0.801015625 0.43543529375 0.8110625 0.43922352968749995 0.8115625 0.44527058750000004 0.813578125 0.45437647031250006 0.820625
3 0.73736470625 0.737171875 0.7392705875 0.727421875 0.7392705875 0.718515625 0.7596941171875 0.699453125 0.7647999999999999 0.69309375 0.782047059375 0.68503125 0.8037411765625 0.677828125 0.8215999999999999 0.671890625 0.840752940625 0.668921875 0.8535294125 0.6634218749999999 0.8560705875 0.66171875 0.8560705875 0.6600312500000001 0.85416470625 0.6600312500000001 0.8535294125 0.6591875 0.8413882359375 0.652390625 0.836917646875 0.6511250000000001 0.8056470593749999 0.65028125 0.7903294125 0.6494375 0.7667058828125 0.649 0.7411764703125 0.651546875 0.7264941171875 0.65790625 0.7150117640625 0.662578125 0.7048 0.670203125 0.697152940625 0.6820625 0.6913882359375 0.690125 0.690752940625 0.733359375 0.7003294125 0.74521875 0.70863529375 0.755390625 0.723317646875 0.762171875 0.7348 0.75878125 0.7367058828124999 0.7558125 0.73736470625 0.737171875
3 0.484682353125 0.74503125 0.4654588234375 0.7505625 0.44364705937500004 0.76334375 0.4250588234375 0.778671875 0.41479999999999995 0.79825 0.429552940625 0.8063437499999999 0.435952940625 0.8093281250000001 0.45197647031250004 0.799953125 0.4968705875 0.7833593750000001 0.531482353125 0.77825 0.5532941171875 0.77015625 0.563952940625 0.761046875 0.5551999999999999 0.751 0.5366117640625 0.7454531249999999 0.5154588234374999 0.742046875 0.484682353125 0.74503125
3 0.8561647062500001 0.87190625 0.8155529406250001 0.8494375 0.751247059375 0.8449375 0.6903294125 0.867421875 0.6564941171875 0.9146093750000001 0.6835764703125 0.968546875 0.7275529406250001 0.9842656249999999 0.8324705874999999 0.986515625 0.8832235296875 0.9617968749999999 0.8933882359374999 0.939328125 0.8866117640625 0.910109375 0.8561647062500001 0.87190625
3 0.719647059375 0.7632656250000001 0.694917646875 0.78190625 0.68423529375 0.8032187499999999 0.6895764703125 0.840046875 0.69023529375 0.8391562499999999 0.7016 0.824078125 0.7163058828125 0.8129687499999999 0.73903529375 0.805875 0.7537411765625001 0.80853125 0.7631058828125 0.8001093750000001 0.7764705875 0.7912343749999999 0.7771294125 0.787671875 0.74103529375 0.758828125 0.7296705875 0.761046875 0.719647059375 0.7632656250000001
3 0.9976 0.7333125 0.9778117640625 0.749 0.9573882359375 0.77528125 0.9548235296875 0.781203125 0.9541882359375 0.7896875 0.9509882359375 0.8011250000000001 0.951647059375 0.8125781249999999 0.9860941171875 0.846484375 0.9995058828125 0.85453125 0.99823529375 0.851578125 1 0.732046875 0.9976 0.7333125
3 0.951152940625 0.6796562500000001 0.9927529406250001 0.648484375 0.999152940625 0.63146875 0.98423529375 0.622265625 0.9170117640625 0.6258125 0.8914117640624999 0.641390625 0.8754117640624999 0.66478125 0.9426117640625 0.70303125 0.9468941171875 0.6959531250000001 0.951152940625 0.6796562500000001
0 0.4768 0.490859375 0.47143529375000004 0.48550000000000004 0.4472705875 0.48460937499999995 0.4347294125 0.48996874999999995 0.4356235296875 0.49768749999999995 0.462047059375 0.5000625000000001 0.47501176406249995 0.497390625 0.4768 0.490859375
0 0.43014117656249995 0.4935625 0.43491764687499995 0.491796875 0.44764705937500004 0.486515625 0.467247059375 0.482296875 0.49797647031250003 0.48265624999999995 0.49903529375 0.48265624999999995 0.5234117640625 0.469625 0.562117646875 0.469984375 0.56263529375 0.48687500000000006 0.5764235296875 0.475609375 0.5806588234375 0.46821875 0.6039764703125 0.452734375 0.6447764703125001 0.43618750000000006 0.6363058828125 0.420703125 0.6034352937499999 0.413671875 0.5743058828125001 0.418953125 0.5562823531250001 0.435140625 0.519717646875 0.44076562499999994 0.4948 0.44921875 0.4555764703125 0.458015625 0.415317646875 0.46892187500000004 0.392 0.46082812500000003 0.326282353125 0.469625 0.313552940625 0.48687500000000006 0.3178117640625 0.497078125 0.3310588234375 0.503765625 0.3744941171875 0.500953125 0.40101176406250005 0.4991875 0.43014117656249995 0.4935625
3 1 0.701265625 0.9769411765625 0.70390625 0.9233882359375001 0.72365625 0.8996000000000001 0.7480156250000001 0.8876941171875 0.77896875 0.880752940625 0.7888437500000001 0.9422352937499999 0.80728125 0.9541411765625 0.813203125 0.95016470625 0.78225 0.97496470625 0.757234375 0.9967764703125 0.746703125 1 0.73484375 1 0.701265625