1 0.09525 0.876604215625 0.0709375 0.926299765625 0.07259375 0.9378922718749999 0.09525 0.9329274 0.115140625 0.9221545671875001 0.132265625 0.9055971890625001 0.144984375 0.8807494140625 0.15271875 0.8443091328125 0.128953125 0.822763465625 0.11403125 0.82775175625 0.104078125 0.8534192031250001 0.09525 0.876604215625
1 0.485765625 0.8763934421874999 0.47678125 0.8763934421874999 0.45878125000000003 0.8853864171874999 0.427296875 0.898875878125 0.40931249999999997 0.892131146875 0.3928125 0.8898829046875001 0.3898125 0.907868853125 0.4033125 0.9258313812500001 0.4063125 0.9258313812500001 0.45428125 0.928079625 0.47378125000000004 0.9191100703125 0.485765625 0.894379390625 0.485765625 0.8763934421874999
1 0.21890625 0.9062060890625 0.21612499999999998 0.92224824375 0.20978124999999997 0.9471896953125001 0.20265624999999998 0.9679859484375 0.204640625 0.9851990624999999 0.22167187500000002 0.982224825 0.23395312499999998 0.9436299765625 0.240296875 0.90740046875 0.241875 0.8901873531250001 0.2395 0.8622716625000001 0.22999999999999998 0.8290163937499999 0.22365624999999997 0.8319906328125001 0.22365624999999997 0.8634660421874999 0.21890625 0.9062060890625
1 0.23359375 0.841756440625 0.239109375 0.8553161593749999 0.23978125 0.8627634656250001 0.242640625 0.8899063234375 0.238671875 0.91871194375 0.23028125 0.95676815 0.23139062500000002 0.955456675 0.245953125 0.9488290390625 0.256125 0.9379156906249999 0.25678125 0.9379156906249999 0.263625 0.939227165625 0.270921875 0.9283138171875001 0.273296875 0.897283371875 0.26190625 0.855971896875 0.239734375 0.8308430906250001 0.23315625 0.8326229515625 0.23337500000000003 0.8318266984375 0.23204687499999999 0.8331615921875001 0.23359375 0.841756440625
1 0.3500625 0.8027400468750001 0.35145312500000003 0.81386416875 0.3549375 0.8214988296874999 0.36003124999999997 0.825316159375 0.361890625 0.8235831375 0.3644375 0.815948478125 0.3644375 0.8044730671875 0.36328125 0.7968384078125 0.36071875000000003 0.7898829046875 0.3549375 0.77355971875 0.35121875 0.7766978921875001 0.3500625 0.7905854796875 0.3500625 0.8027400468750001
1 0.316125 0.773723653125 0.317 0.7692740046875 0.31525 0.7671428578125 0.31228125 0.76583138125 0.30965625 0.7655035125 0.305703125 0.764847775 0.299890625 0.764028103125 0.297703125 0.764847775 0.3040625 0.77159250625 0.30921875 0.7750351281250001 0.31315624999999997 0.7765105390625 0.316125 0.773723653125
1 0.3529375 0.7665573765625 0.35529687499999996 0.7697892265624999 0.358046875 0.772716628125 0.360984375 0.768899296875 0.363140625 0.7603747078125 0.36648437500000003 0.7541920375 0.370203125 0.7536065578125 0.37510937499999997 0.7538875875 0.377265625 0.7544964875 0.38021875 0.7536065578125 0.381 0.7521311468749999 0.38040625 0.7483138171875 0.379234375 0.746252928125 0.37570312499999997 0.7433021078125 0.37315624999999997 0.7400702578125 0.37059375 0.7383138171875 0.368640625 0.7374238875 0.367453125 0.7371428578125 0.36510937499999996 0.7365573765625 0.362546875 0.7365573765625 0.3584375 0.7368384078125 0.35509375 0.7374238875 0.353140625 0.7385948484375 0.351375 0.7397892265625 0.3501875 0.7412412171875 0.349203125 0.742131146875 0.34784375 0.7438875875 0.34764062500000004 0.7441920375 0.34704687500000003 0.7453629984375 0.346859375 0.745667446875 0.34665625 0.746252928125 0.34665625 0.7468384078125 0.34665625 0.7474238875 0.3474375 0.7477283375 0.346859375 0.7480093671875 0.348625 0.7533021078125001 0.35 0.759203746875 0.351375 0.7638875875 0.3529375 0.7665573765625
1 0.431359375 0.831756440625 0.443953125 0.8397423890625 0.44821875 0.8435831374999999 0.4578125 0.8480562062500001 0.455671875 0.8355737703124999 0.44885937499999995 0.831100703125 0.43925000000000003 0.8231147546875001 0.42176562500000003 0.8061826703125 0.413671875 0.7985011703125 0.40896875 0.7866744734375 0.4070625 0.7828337234375 0.404703125 0.7866744734375 0.40598437499999995 0.796908665625 0.40406250000000005 0.7959484781249999 0.408328125 0.807775175 0.41451562500000005 0.8183138171875 0.42262500000000003 0.825667446875 0.431359375 0.831756440625
1 0.36253125 0.8049180328125001 0.36124999999999996 0.8155737703125 0.3615625 0.8301170953125 0.3635 0.8436768156250001 0.37093750000000003 0.858688525 0.3858125 0.871779859375 0.400671875 0.878079625 0.40746874999999994 0.87613583125 0.411671875 0.8698360656249999 0.41070312500000006 0.862084309375 0.40456250000000005 0.854332553125 0.39421875 0.8485245906250001 0.38775 0.8407728343749999 0.38128125 0.8296252921875 0.377734375 0.8136299765624999 0.378375 0.7928103046875 0.370609375 0.7928103046875 0.36415625 0.7879625296875 0.36253125 0.8049180328125001
1 0.466515625 0.7624824359375 0.466828125 0.7707025765625 0.469734375 0.7900936765625 0.475234375 0.8031615921874999 0.4849375 0.816252928125 0.497546875 0.8278688531249999 0.504328125 0.82932084375 0.5062656249999999 0.8196487125 0.504 0.8109133484375001 0.49171875 0.7968618265625 0.48428125 0.7842622953125 0.478796875 0.7668384078125 0.478140625 0.7358313812499999 0.473625 0.7387353625 0.469734375 0.74744730625 0.466515625 0.7624824359375
1 0.24318749999999997 0.8383372359375001 0.259359375 0.8522716625 0.26768749999999997 0.8684309140625001 0.27209374999999997 0.8875409843750001 0.273078125 0.93159250625 0.276015625 0.9337939109375 0.28532812500000004 0.9286416859375001 0.2921875 0.9058782203125 0.291703125 0.8882669796875 0.28532812500000004 0.8596252921875 0.276515625 0.8427400468749999 0.24809375 0.82805620625 0.244171875 0.819227165625 0.23878125 0.8295081968750001 0.24318749999999997 0.8383372359375001
1 0.255046875 0.8299531609375 0.26753125 0.8370725999999999 0.277640625 0.8455503515625 0.283890625 0.8553629984375 0.29340625 0.8829976578125001 0.28715625 0.927564403125 0.2966875 0.9324824359375 0.30084374999999997 0.9208899296874999 0.30471875000000004 0.905292740625 0.305609375 0.8945901640624999 0.306203125 0.882107728125 0.301734375 0.8558079624999999 0.2904375 0.8370725999999999 0.279734375 0.827259953125 0.2645625 0.8214754093750001 0.255640625 0.8201405156250001 0.2496875 0.8259250578125 0.255046875 0.8299531609375
1 0.538609375 0.825667446875 0.5375156249999999 0.82810304375 0.539421875 0.8358782203124999 0.541609375 0.8391334890625 0.5555 0.8358782203124999 0.572125 0.82770491875 0.5805625 0.819531615625 0.583015625 0.8166744734375 0.58384375 0.8089227171875001 0.5835625 0.8068618265625 0.57675 0.8015690859375001 0.572125 0.8048243562499999 0.56340625 0.8105386421875 0.547875 0.817892271875 0.538609375 0.825667446875
1 0.1203125 0.9437939109375 0.1265625 0.96487119375 0.1359375 0.9789227171875 0.15 0.9882903984375 0.1734375 0.985948478125 0.1890625 0.969555034375 0.203125 0.960187353125 0.2078125 0.9531615921875 0.2140625 0.932084309375 0.22146045937499997 0.8894517984375 0.303125 0.86416861875 0.30704719375 0.8652678874999999 0.3046875 0.8735362999999999 0.30625 0.9063231843749999 0.3109375 0.913348946875 0.325 0.922716628125 0.3453125 0.922716628125 0.3609375 0.911007025 0.371875 0.8899297421875 0.375 0.86416861875 0.3692920921875 0.8476795875 0.3875 0.8407494140624999 0.39375 0.8501170953124999 0.4046875 0.8548009375 0.4109375 0.86416861875 0.421875 0.86416861875 0.4390625 0.8571428578125 0.446875 0.8501170953124999 0.4578125 0.8501170953124999 0.471875 0.8384074937499999 0.4875 0.8313817328124999 0.4921875 0.824355971875 0.4953125 0.8032786890624999 0.5015625 0.81030445 0.5046875 0.8056206093749999 0.5171875 0.8149882906249999 0.5515625 0.8173302109374999 0.578125 0.8032786890624999 0.5828125 0.8079625296874999 0.5765625 0.8266978921874999 0.5828125 0.8173302109374999 0.58515625 0.8255269328124999 0.59375 0.824355971875 0.6046875 0.8149882906249999 0.61875 0.7892271656250001 0.621875 0.770491803125 0.61875 0.73067915625 0.64375 0.725995315625 0.6546875 0.716627634375 0.6640625 0.7002341921874999 0.66875 0.6768149890624999 0.662480709375 0.6669557921875 0.66796875 0.6639344265625 0.7854166671875 0.6401249015625 0.784375 0.6651053859375 0.790625 0.6861826703125 0.8 0.7002341921874999 0.8140625 0.7096018734375 0.8328125 0.7096018734375 0.8578125 0.6955503515625 0.9484375 0.69320843125 0.959375 0.6861826703125 0.9703125 0.672131146875 0.975 0.6604215453125 0.978125 0.6416861828125 0.9765625 0.6159250578125001 0.9703125 0.5971896953125 0.959375 0.5831381734375001 0.9484375 0.5761124125 0.8375 0.5784543328125 0.8046875 0.5948477750000001 0.790625 0.6135831375 0.7859375 0.6276346609375001 0.6856288578124999 0.6595830796875 0.6671875 0.6510538640625 0.6640625 0.6393442625 0.6546875 0.6229508203125 0.6390625 0.6112412171875 0.6 0.6112412171875 0.5890625 0.6159250578125001 0.5765625 0.6276346609375001 0.5609375 0.6323185015624999 0.546875 0.6510538640625 0.54375 0.6604215453125 0.5078125 0.62997658125 0.48125 0.62997658125 0.4671875 0.6370023421875 0.45625 0.6510538640625 0.434375 0.6510538640625 0.4203125 0.6604215453125 0.4109375 0.6744730671875 0.3921875 0.721311475 0.378125 0.707259953125 0.365625 0.7025761125 0.328125 0.7025761125 0.3140625 0.7119437937499999 0.3046875 0.725995315625 0.3 0.7400468390625 0.29375 0.7447306796875 0.284375 0.73770491875 0.2359375 0.7400468390625 0.225 0.7494145203125 0.2140625 0.7658079625 0.2046875 0.8056206093749999 0.207233796875 0.81195246875 0.19951774687499998 0.8144100375000001 0.19583333281249998 0.8056206093749999 0.19180169687499998 0.8168676093749999 0.18697916718750002 0.8056206093749999 0.178125 0.8056206093749999 0.1840856484375 0.8193251796875 0.1763695984375 0.8217827515625 0.16953125 0.8161592499999999 0.16865354999999999 0.8242403203125 0.1609375 0.8266978921874999 0.14375 0.8852459015624999 0.13125 0.9086651046875 0.1203125 0.9180327875 0.1203125 0.9437939109375