0 0.471890625 0.6093632078125 0.471890625 0.6008962265625 0.46440625 0.5886792453125 0.4575625 0.5886792453125 0.44634375000000004 0.578325471875 0.43512500000000004 0.5764386796875 0.42578125 0.5754952828125 0.41581250000000003 0.5839622640625 0.40771875 0.5905424531250001 0.40335937499999996 0.6027830187500001 0.40709375000000003 0.618773584375 0.40895312500000003 0.62346698125 0.4145625 0.6291037734375 0.448828125 0.6385141515625 0.478109375 0.6300471703125 0.481859375 0.6206367921875 0.471890625 0.6093632078125
0 0.47790625000000003 0.589339621875 0.490265625 0.58278301875 0.489265625 0.56415094375 0.48492187500000006 0.5530660375 0.47790625000000003 0.5470047171875 0.474234375 0.54903301875 0.46256250000000004 0.5621226421875 0.461890625 0.5767452828125 0.47056250000000005 0.5848113203125 0.47790625000000003 0.589339621875
0 0.49865624999999997 0.5971933968750001 0.502984375 0.5921462265625 0.503984375 0.5891273578125 0.50465625 0.585117925 0.506984375 0.5820990562499999 0.506328125 0.5775707546875 0.502984375 0.5735613203125001 0.49665625 0.5695283015625 0.49232812499999995 0.5705424531250001 0.489328125 0.5750707546875 0.489 0.586132075 0.490328125 0.5976886796875001 0.49465624999999996 0.5987028296875 0.496 0.5991981125 0.49865624999999997 0.5971933968750001
0 0.62325 0.589174528125 0.624015625 0.581273584375 0.6185937499999999 0.5681132078125 0.606953125 0.558443396875 0.602890625 0.55141509375 0.5931875 0.550259434375 0.58659375 0.550542453125 0.58 0.5470283015625 0.5755312499999999 0.5455660375 0.5668124999999999 0.5370754718749999 0.563703125 0.536792453125 0.556140625 0.5379481125 0.551875 0.54233490625 0.548390625 0.54790094375 0.546828125 0.550825471875 0.542375 0.5531839625 0.53771875 0.5531839625 0.5344218749999999 0.5566981125 0.531703125 0.5634198109375 0.536359375 0.5760141515625 0.53771875 0.5798113203125 0.545484375 0.5915330187500001 0.54915625 0.5965094343749999 0.5530468749999999 0.6011792453125 0.555953125 0.6014858484375 0.585046875 0.6085141515625 0.616265625 0.6026415093749999 0.62325 0.589174528125
0 0.639109375 0.5903773578125 0.647109375 0.591367925 0.658765625 0.5903773578125 0.66609375 0.5893632078125 0.678421875 0.587358490625 0.68275 0.580825471875 0.68140625 0.572759434375 0.67775 0.5647169812499999 0.671421875 0.5561792453125001 0.671421875 0.5496462265625001 0.670421875 0.5431132078124999 0.6640937499999999 0.5410849062499999 0.6617656249999999 0.5350471703124999 0.65409375 0.5310377359375 0.644765625 0.536556603125 0.63978125 0.5325471703125 0.632453125 0.5285141515625 0.625109375 0.536556603125 0.6171249999999999 0.536556603125 0.607125 0.5425943390625 0.60346875 0.5521462265625 0.606796875 0.5587028296875001 0.612453125 0.5616981125 0.6197812500000001 0.5682547171875 0.6244531249999999 0.5828301890625001 0.623125 0.5918867921875 0.625109375 0.592382075 0.627453125 0.5918867921875 0.634109375 0.591367925 0.639109375 0.5903773578125
0 0.530203125 0.62233490625 0.54390625 0.61858490625 0.552015625 0.609174528125 0.552015625 0.59790094375 0.548265625 0.5903773578125 0.538296875 0.5828537734375 0.52584375 0.5790801890624999 0.514 0.5790801890624999 0.50653125 0.584740565625 0.49781250000000005 0.5950707546875 0.49406249999999996 0.6044811328125 0.48846875 0.6073113203125 0.48659375000000005 0.6176415093750001 0.5077812500000001 0.6176415093750001 0.50653125 0.62141509375 0.512765625 0.62141509375 0.530203125 0.62233490625
0 0.5762968749999999 0.541226415625 0.5762968749999999 0.546226415625 0.57709375 0.5464622640625 0.5811875 0.5490801890625 0.586859375 0.5433726421875 0.591265625 0.53790094375 0.583234375 0.5350471703124999 0.5762968749999999 0.541226415625
0 0.585828125 0.5280188671875 0.5898125000000001 0.5237971703125 0.591140625 0.5195990562499999 0.589546875 0.51778301875 0.58621875 0.517382075 0.58303125 0.5183962265625001 0.579578125 0.5216037734375 0.5791875 0.527617925 0.579453125 0.5292216984375 0.583296875 0.5300235843750001 0.585828125 0.5280188671875
0 0.515859375 0.559858490625 0.514734375 0.552240565625 0.510515625 0.5467216984375 0.50321875 0.5467216984375 0.496765625 0.5471462265625 0.49198437500000003 0.553089621875 0.491140625 0.5632547171875 0.494515625 0.56959905625 0.4995625 0.5738443390625 0.5110781249999999 0.575542453125 0.515015625 0.5742688671875 0.516984375 0.570023584375 0.515859375 0.559858490625
0 0.3273125 0.667240565625 0.33478125 0.6595283015625 0.336359375 0.6529952828125001 0.335171875 0.647641509375 0.331234375 0.6399292453125 0.32415625000000003 0.6357783015625 0.31865625 0.6339858484375 0.3166875 0.6250707546875 0.30920312499999997 0.6161792453125 0.30528125 0.6149764156249999 0.29859375 0.61141509375 0.285609375 0.612617925 0.27853125 0.6185377359374999 0.27459375 0.6298349062499999 0.269875 0.636957546875 0.26396875 0.643490565625 0.26003125 0.6529952828125001 0.26121875 0.663089621875 0.26396875 0.671391509375 0.28521874999999997 0.6767452828125 0.30448437500000003 0.6731839625 0.3273125 0.667240565625
0 0.01225 0.6406367921875 0 0.62141509375 0.0003125 0.7439622640625 0.023390625 0.7391745281250001 0.04409375 0.72834905625 0.04090625 0.6935141515625001 0.031359375 0.6814858484374999 0.029765625 0.6814858484374999 0.02578125 0.6622641515625001 0.01225 0.6406367921875
0 0.061125 0.725660378125 0.06796875 0.7198113203125 0.074375 0.7063207546875 0.08315625 0.6980188671875001 0.08240625 0.690589621875 0.07764062499999999 0.679575471875 0.069453125 0.6739622640625 0.062468749999999997 0.6735141515625 0.053828125000000004 0.6782311328125 0.0483125 0.6881132078125 0.044 0.7067688671875 0.046828125 0.7171226421875 0.061125 0.725660378125