1 0.3798958328125 0.358828125 0.3551666671875 0.37428125 0.3613541671875 0.40982812500000004 0.3634166671875 0.5319375 0.3902083328125 0.5983906250000001 0.4726458328125 0.5952968750000001 0.5282708328125 0.5705625000000001 0.633375 0.5628437500000001 0.7075625 0.544296875 0.7487708328125 0.507203125 0.6663541671875 0.48865625 0.553 0.44075 0.46439583281249996 0.3711875 0.4540833328125 0.338734375 0.4540833328125 0.32637499999999997 0.4190625 0.32328125 0.3798958328125 0.358828125
1 0.6365416671874999 0.47562499999999996 0.7088125 0.504328125 0.7513333328125 0.511765625 0.7966875 0.516015625 0.8207916671875 0.4873125 0.8080208328125 0.47562499999999996 0.8207916671875 0.447984375 0.7966875 0.44904687499999996 0.7697708328124999 0.4618125 0.7031458328125 0.45329687500000004 0.6521250000000001 0.426734375 0.6251875 0.39059374999999996 0.6124375 0.362953125 0.5840833328125 0.366140625 0.5855 0.364015625 0.5373125 0.40015625000000005 0.5132291671875 0.41290625 0.5798333328124999 0.44692187499999997 0.6365416671874999 0.47562499999999996
1 0.49370833281250004 0.7768125 0.5136041671875 0.797015625 0.6022083328125001 0.842390625 0.6631041671875 0.853515625 0.7091666671875 0.8625937499999999 0.7275 0.858484375 0.7349166671875 0.8450156249999999 0.724 0.833015625 0.7091666671875 0.8204375 0.6783333328125 0.8110625 0.6467083328125 0.811359375 0.6182083328125 0.804625 0.5335208328125 0.7695000000000001 0.5124375 0.764515625 0.48862500000000003 0.739640625 0.47927083281250005 0.7399218750000001 0.47927083281250005 0.746953125 0.49370833281250004 0.7768125
1 0.5483125 0.77078125 0.5782708328124999 0.786515625 0.6292083328125 0.8112343750000001 0.701125 0.8112343750000001 0.7250833328125 0.838203125 0.7520625 0.831453125 0.8599166671875 0.8067343749999999 0.8629166671874999 0.793265625 0.8269583328125 0.757296875 0.8359583328125 0.741578125 0.6172291671875 0.6561874999999999 0.5632916671875 0.6809062499999999 0.4793958328125 0.741578125 0.497375 0.7483125 0.5483125 0.77078125
1 0.28806944375 0.9515781249999999 0.29736011875 0.9488258921874999 0.2974375 0.956796875 0.35225 0.944069196875 0.3488125 0.994125 0.4146458328125 0.9977499999999999 0.425875 0.9929218750000001 0.45479166718749997 1 0.5045625 0.9965468749999999 0.5479166671875 0.9989531250000001 0.5752083328125 0.9688437499999999 0.6201666671875 0.9531875 0.6426458328125 0.943546875 0.6699375 0.935125 0.6715416671875001 0.929109375 0.6201666671875 0.900203125 0.5382708328125 0.88575 0.4612083328125 0.8520312499999999 0.42747916718749995 0.8327656250000001 0.4098333328125 0.7990468749999999 0.395375 0.77978125 0.395375 0.74365625 0.36324999999999996 0.747265625 0.36164583281249996 0.77978125 0.2942083328125 0.7773749999999999 0.2877916671875 0.783390625 0.2958125 0.7894062500000001 0.2931025640625 0.7906165859375001 0.2781583328125 0.789171875 0.23962500000000003 0.812296875 0.2267777765625 0.842796875 0.2203541671875 0.858046875 0.2316041671875 0.9254843749999999 0.24122916718749998 0.9254843749999999 0.28806944375 0.9515781249999999
1 0.526375 0.8161250000000001 0.4658125 0.754984375 0.4425 0.8196249999999999 0.49375 0.865046875 0.6428333328125 0.905234375 0.6964166671875 0.8999843750000001 0.5915833328125 0.87203125 0.526375 0.8161250000000001
1 0.8589583328125 0.731703125 0.7971250000000001 0.68996875 0.7353125 0.657515625 0.6961458328125001 0.6544218749999999 0.7085208328125 0.688421875 0.7827083328125 0.731703125 0.8568958328124999 0.76415625 0.8589583328125 0.731703125
1 0.6152708328125 0.391640625 0.6334947921875 0.39304296875 0.6517291671875001 0.41618750000000004 0.6695 0.43442187499999996 0.7386874999999999 0.456875 0.7807708328125 0.45546875 0.7835833328125 0.4449375 0.7943333328125 0.45055468750000005 0.8125625 0.46809375 0.8172291671874999 0.47790625000000003 0.8153750000000001 0.49824999999999997 0.8340624999999999 0.498953125 0.8705416671874999 0.497546875 0.8901666671875 0.491234375 0.9088749999999999 0.47720312500000006 0.8291439390625 0.4556214484375 0.8191041671875 0.456171875 0.8195378796874999 0.45227414843749997 0.80993181875 0.44892684687499995 0.8078958328124999 0.44564062499999996 0.8003257578125 0.4455795453125 0.7957291671875 0.447046875 0.7907196984375 0.44223224375000003 0.7811136359375 0.43888494375000003 0.77454398125 0.44026215312500006 0.771507575 0.4355376421875 0.7655046296875 0.43558680625 0.7619015140625 0.43219034062499995 0.7564652765625001 0.43091145781250006 0.747425925 0.4262361109375 0.74268939375 0.4254957390625 0.738386575 0.4215607640625 0.7330833328125 0.42214843750000003 0.7293472234375 0.4168854171875 0.7234772734375 0.4188011359375 0.7203078703125 0.41221006875 0.7138712125 0.41545383593749996 0.7042651515625 0.412106534375 0.7112685187500001 0.407534721875 0.7022291671875001 0.40285937499999996 0.6946590921875 0.4087592328125 0.68505303125 0.40541193125 0.69334375 0.39777734374999996 0.6666875 0.38253125 0.6582708328125 0.35446875 0.6358333328125 0.357984375 0.6306927078125 0.3663984375 0.6255520828125001 0.3748125 0.6274166671875 0.385328125 0.6204114578125 0.3832265625 0.6152708328125 0.391640625
1 0.7968958328125 0.447265625 0.8110833328125 0.446203125 0.8139166671875 0.47596875 0.8280833328125 0.49828124999999995 0.8720208328125001 0.49935937499999994 0.9032083328124999 0.48021874999999997 0.917375 0.46640625 0.9669791671875 0.44089062500000004 1 0.43451562499999996 0.9995833328125 0.41218750000000004 0.9655625000000001 0.41218750000000004 0.9017916671874999 0.41218750000000004 0.8479374999999999 0.4058125 0.7869791671875 0.367546875 0.7841458328125 0.32820312500000004 0.7713958328125 0.32820312500000004 0.7487083328125 0.33990624999999997 0.7515416671875 0.34203125 0.6792708328125 0.378171875 0.6778541671875 0.384546875 0.7217916671875 0.41431250000000003 0.7968958328125 0.447265625
1 0.6721041671875 0.677203125 0.71775 0.6975625 0.7140416671875001 0.6929375 0.6992499999999999 0.6651875 0.6850625 0.644828125 0.6579166671875 0.6665625000000001 0.669625 0.6675 0.6721041671875 0.677203125
1 0.7238125 1 0.7121041671875 0.97875 0.6668958328125 0.951125 0.6434583328125 0.95865625 0.6116666671875 0.981265625 0.6150208328125 1 0.7238125 1