3 0.42604687500000005 0.5202708328125001 0.43168749999999995 0.5251041671875 0.43979687500000003 0.5248958328125 0.44371875000000005 0.5189166671875001 0.44559375 0.5115833328125 0.444734375 0.505 0.4408125 0.498625 0.4385 0.49766666718749997 0.435171875 0.49806249999999996 0.42995312500000005 0.49806249999999996 0.427203125 0.4999791671875 0.424890625 0.5052083328125 0.424734375 0.5102291671875 0.42604687500000005 0.5202708328125001
3 0.40462499999999996 0.4999791671875 0.40232812500000004 0.5167708328125 0.408234375 0.5242916671875 0.413375 0.5239583328124999 0.418765625 0.5234375 0.42159375 0.5205416671875 0.423265625 0.5152291671875 0.42415624999999996 0.505625 0.42146875 0.49945833281249996 0.41568750000000004 0.4962083328125 0.41503125 0.4956875 0.409 0.49672916718750004 0.40462499999999996 0.4999791671875
3 0.4525 0.5245416671875 0.45568749999999997 0.5245416671875 0.45610937500000004 0.5245416671875 0.461828125 0.5242708328125001 0.46373437500000003 0.5234166671875 0.46565625 0.5197499999999999 0.46628125000000004 0.5146458328125 0.4665 0.5067291671875 0.464171875 0.5007916671875 0.46268750000000003 0.4991041671875 0.45865625000000004 0.49712500000000004 0.45292187500000003 0.49712500000000004 0.44995312500000006 0.4985416671875 0.44740624999999995 0.5030625 0.44656250000000003 0.5081458328124999 0.447203125 0.5140833328125 0.44762500000000005 0.5188958328125 0.44995312500000006 0.5239791671875 0.4525 0.5245416671875
0 0.389296875 0.5843958328125 0.394125 0.5846666671875 0.39837500000000003 0.5846666671875 0.40321875 0.5851875 0.40534375 0.5882708328125 0.40670312500000005 0.5859583328125 0.408640625 0.5813125 0.415796875 0.5707291671875 0.415796875 0.5681666671875 0.415796875 0.5645416671875 0.41559375000000004 0.5593958328124999 0.4144375 0.5532083328125 0.410953125 0.5475208328125001 0.40728125000000004 0.5441666671875 0.401671875 0.5413333328125 0.39645312499999996 0.5413333328125 0.3918125 0.542875 0.38678124999999997 0.5469999999999999 0.3819375 0.5524166671875 0.379046875 0.5653125 0.379625 0.5779583328125 0.38309375 0.5851875 0.384265625 0.5851875 0.385234375 0.5849166671875 0.389296875 0.5843958328125
0 0.480859375 0.5874166671875 0.48606249999999995 0.5832499999999999 0.486328125 0.5735416671875 0.4699375 0.5548333328124999 0.462671875 0.55275 0.44551562499999997 0.569375 0.43953125000000004 0.57875 0.440828125 0.5811666671875 0.44265625000000003 0.5960625 0.4501875 0.6116666671875 0.4699375 0.6123541671875 0.480859375 0.5874166671875
0 0.407140625 0.6304166671875 0.408109375 0.6336458328125001 0.41004687500000003 0.6388125 0.411984375 0.6420416671875 0.41489062499999996 0.6452708328125001 0.41779687499999996 0.6478541671875 0.42167187500000003 0.6497708328125 0.42603125000000003 0.653 0.42989062499999997 0.6562291671875 0.4323125 0.6562291671875 0.43425 0.6549375000000001 0.439578125 0.649125 0.44151562499999997 0.6472083328125 0.4439375 0.6452708328125001 0.445875 0.6401041671875001 0.44828124999999996 0.6355833328125 0.44828124999999996 0.6278333328125 0.44828124999999996 0.6265416671875 0.450703125 0.6201041671875 0.450703125 0.613 0.44539062500000004 0.5987916671875 0.440546875 0.5923541671875 0.42940625 0.5923541671875 0.418765625 0.5968541671875001 0.41150000000000003 0.6091249999999999 0.409078125 0.6213958328125 0.408109375 0.6226666671875 0.407625 0.6258958328124999 0.407140625 0.6304166671875
0 0.43934375000000003 0.5757916671875 0.45384375 0.5610208328125 0.46492187500000004 0.5519375 0.45767187500000006 0.5417083328125 0.4453125 0.5354375 0.4359375 0.5382916671875 0.4265625 0.5559166671875 0.42740625000000004 0.5689791671875 0.42954687500000005 0.570125 0.43423437500000006 0.5723958328125 0.43934375000000003 0.5757916671875
0 0.48276562500000003 0.6315833328125 0.488578125 0.6354583328125 0.498265625 0.6386875 0.502125 0.6361041671875001 0.51084375 0.6264375 0.5132656250000001 0.6199791671875 0.51665625 0.609 0.5156875000000001 0.6012500000000001 0.5132656250000001 0.5948125 0.507453125 0.5825416671875 0.49778124999999995 0.5799583328125 0.4851875 0.5806041671875 0.477453125 0.5877083328125 0.47309375 0.6025416671875 0.472125 0.6154583328125 0.47260937500000005 0.6219166671874999 0.48276562500000003 0.6315833328125
0 0.423765625 0.5946875 0.435453125 0.5921666671875 0.44260937499999997 0.5931666671875 0.444125 0.5881458328125 0.440359375 0.5755625 0.43129687499999997 0.5700416671874999 0.42262500000000003 0.5695416671875 0.41546874999999994 0.5705416671875 0.40603125 0.5871458328125 0.40942187499999994 0.5961875 0.4109375 0.60625 0.4113125 0.60625 0.41771874999999997 0.5997083328125 0.423765625 0.5946875
0 0.431015625 0.5382083328125 0.42076562500000003 0.5414791671875 0.414625 0.5502291671874999 0.41503125 0.5584166671874999 0.41871875000000003 0.5677083328125 0.42117187500000003 0.5666249999999999 0.426921875 0.5655208328125 0.427328125 0.5551458328125001 0.43674999999999997 0.5392916671875 0.431015625 0.5382083328125
0 0.37115624999999997 0.5867083328125 0.37984375 0.5802708328125 0.37984375 0.5648125 0.38321875 0.5512916671875 0.383703125 0.5474375 0.36921875000000004 0.5519375 0.364390625 0.5661041671875 0.367765625 0.5835 0.37115624999999997 0.5867083328125
0 0.47771875 0.6505416671875001 0.479234375 0.6445000000000001 0.479984375 0.6354583328125 0.479609375 0.6304375 0.47771875 0.6248958328125 0.47584375 0.6163541671874999 0.4724375 0.6103125 0.46264062499999997 0.6088125 0.451328125 0.6088125 0.4494375 0.6103125 0.4494375 0.618875 0.4494375 0.6228958328124999 0.4483125 0.6289166671875 0.4486875 0.6339583328125 0.4494375 0.6364583328125 0.4385 0.6520625 0.44529687500000004 0.6616041671875 0.45999999999999996 0.666625 0.47357812499999996 0.6590833328125 0.47771875 0.6505416671875001
0 0.400828125 0.6518333328125 0.40056250000000004 0.6604791671875 0.409390625 0.6694791671875 0.41925 0.6712083328125 0.429875 0.6739791671875001 0.435578125 0.6687916671874999 0.44154687499999995 0.6580625 0.43714062499999995 0.6521874999999999 0.429875 0.6570208328125 0.4246875 0.6494166671875 0.41665625000000006 0.6473541671875 0.4106875 0.6407708328124999 0.407828125 0.6387083328125 0.402125 0.6442291671875 0.400828125 0.6518333328125
0 0.40660937500000005 0.5878125 0.39045312499999996 0.5860624999999999 0.37559375 0.5907291671875 0.36815625 0.600625 0.36728125 0.6134583328125001 0.37078125 0.6280208328125 0.37690625 0.635 0.385640625 0.6390833328125 0.3991875 0.6355833328125 0.4061875 0.6239375 0.41010937500000005 0.600625 0.40660937500000005 0.5878125
0 0.516328125 0.6092500000000001 0.515171875 0.618 0.5232812499999999 0.6154166671875 0.527515625 0.6036041671875 0.525984375 0.5902291671875 0.519421875 0.5737708328125 0.5109375 0.5675833328125 0.49896874999999996 0.5675833328125 0.49126562500000004 0.57325 0.48971875000000004 0.5794166671875 0.507453125 0.5835416671875 0.515171875 0.6005 0.516328125 0.6092500000000001