1 0.43478125 0.5923125 0.44154687499999995 0.6051875 0.447328125 0.6148541671875 0.452640625 0.6187083328125 0.46568750000000003 0.6180625 0.47534375000000006 0.607125 0.489828125 0.6045416671875 0.50721875 0.6135625 0.50721875 0.6064791671875 0.50528125 0.5852291671875001 0.500453125 0.5717083328125 0.48403124999999997 0.5671875 0.47824999999999995 0.5639791671875 0.46857812499999996 0.56075 0.45748437500000005 0.5588333328124999 0.44346874999999997 0.5639791671875 0.42609375 0.5820000000000001 0.42609375 0.5826458328124999 0.42609375 0.5897291671875 0.43478125 0.5923125
1 0.38325 0.6833125 0.38468749999999996 0.6484583328125 0.399703125 0.6375 0.38856250000000003 0.6174791671875 0.381796875 0.6026458328125 0.356625 0.6091041671874999 0.34162499999999996 0.6129791671875 0.323703125 0.6413541671874999 0.32515625 0.6620208328125 0.33387500000000003 0.6962083328124999 0.34790625 0.70525 0.36678125 0.7020208328125 0.38325 0.6833125
1 0.21787499999999999 0.5957916671875 0.215140625 0.5868333328124999 0.2049375 0.5758958328125 0.195734375 0.5679375 0.192 0.5669375 0.193734375 0.5715833328125 0.19225 0.5699166671875 0.20070312499999998 0.5835208328125 0.209421875 0.5957916671875 0.213390625 0.6017708328125 0.21787499999999999 0.5957916671875
1 0.212296875 0.6560416671875 0.18696875 0.6550833328125 0.165859375 0.6419583328125 0.159515625 0.6419583328125 0.148265625 0.6419583328125 0.14475 0.6419583328125 0.14121875 0.6419583328125 0.137 0.6428958328125 0.13278125000000002 0.6522708328125 0.14545312500000002 0.6663541671875 0.14545312500000002 0.6757291671875 0.15459375 0.6860625 0.164453125 0.69825 0.17359375 0.7048333328124999 0.178515625 0.7048333328124999 0.20104687499999999 0.6935625 0.212296875 0.6560416671875
1 0.085484375 0.7155833328125001 0.07940625 0.7121875 0.068234375 0.7104791671874999 0.060578125000000003 0.71175 0.058015625 0.7185625 0.0656875 0.7236666671875 0.0775 0.7241041671875 0.08835937499999999 0.7275 0.0925 0.7283541671875 0.089625 0.72325 0.085484375 0.7155833328125001
1 0.22157812500000001 0.7650625 0.23367187500000003 0.7680833328125 0.23518750000000002 0.7690833328125 0.24728124999999998 0.7761458328125 0.26165625000000003 0.7680833328125 0.272609375 0.772625 0.284703125 0.774625 0.29075 0.7776666671875 0.2983125 0.7721041671875 0.30625 0.7721041671875 0.307390625 0.7690833328125 0.311546875 0.7549791671875 0.30625 0.7328125 0.30284374999999997 0.7126458328124999 0.28584375 0.7030624999999999 0.2661875 0.6995416671875 0.265046875 0.7030624999999999 0.25371875 0.7025625 0.24123437499999997 0.7030624999999999 0.228765625 0.7217083328125 0.22157812500000001 0.7650625
1 0.28278125 0.6903333328125 0.2983125 0.6795416671875001 0.29965625 0.674125 0.2983125 0.6669375 0.29426562500000003 0.6615416671875 0.284140625 0.6579375 0.287515625 0.6507291671875 0.2814375 0.6471250000000001 0.266578125 0.6462291671875 0.263203125 0.6498333328125 0.25982812499999997 0.6543333328125 0.257125 0.6417291671875 0.2544375 0.6417291671875 0.24295312500000002 0.6399375 0.241609375 0.6444375 0.23957812500000003 0.6543333328125 0.23756249999999998 0.6561250000000001 0.23553125000000003 0.6462291671875 0.23148437500000002 0.6444375 0.228109375 0.651625 0.226078125 0.6507291671875 0.22203124999999999 0.651625 0.220671875 0.6579375 0.21798437499999998 0.660625 0.21595312500000002 0.660625 0.21325 0.6642291671875 0.21528125 0.6768333328125 0.209203125 0.674125 0.207171875 0.6750416671874999 0.20582812499999997 0.6867291671875 0.20178124999999997 0.6939375 0.204484375 0.7020416671875 0.209203125 0.7056458328125 0.217296875 0.7056458328125 0.228109375 0.7056458328125 0.238234375 0.7056458328125 0.24228125 0.6984375 0.2544375 0.6894375 0.263203125 0.7020416671875 0.27535937499999996 0.7002291671875 0.28278125 0.6903333328125
1 0.31578125 0.4977708328125 0.3118125 0.488125 0.30270312499999996 0.4793958328125 0.29312499999999997 0.47908333281250004 0.287984375 0.4809583328125 0.28378125 0.4840833328125 0.28378125 0.4871875 0.279578125 0.4840833328125 0.26953125 0.4846875 0.27 0.4890625 0.27725 0.4956041671875 0.2763125 0.4999583328125 0.27795312499999997 0.5024583328125 0.273046875 0.5092916671875 0.27375 0.5158333328125 0.274203125 0.5208333328125 0.27490625 0.5255 0.2816875 0.5320416671875 0.287984375 0.540125 0.29453125 0.5382708328125 0.308078125 0.5289166671875 0.309015625 0.5195833328125 0.31134375 0.5146041671875 0.31321875 0.5077499999999999 0.31578125 0.4977708328125
1 0.258703125 0.4849583328125 0.263203125 0.47816666718749995 0.265890625 0.4901458328125 0.269484375 0.4889583328125 0.269796875 0.48375 0.279390625 0.4845625 0.28328125000000004 0.4885625 0.2841875 0.4845625 0.279984375 0.4809583328125 0.2826875 0.47056250000000005 0.279984375 0.4681666671875 0.276984375 0.4601666671875 0.272796875 0.467375 0.271890625 0.45618749999999997 0.265890625 0.44418749999999996 0.262890625 0.4501875 0.256296875 0.44737499999999997 0.2485 0.44339583281249995 0.2383125 0.4465833328125 0.22962500000000002 0.4461875 0.224515625 0.4501875 0.22542187500000002 0.45816666718750004 0.21912500000000001 0.46216666718750005 0.217328125 0.4753541671875 0.22362500000000002 0.4737708328125 0.22871875 0.47495833281250005 0.235015625 0.471375 0.24131249999999999 0.4737708328125 0.252703125 0.48575 0.258703125 0.4849583328125
1 0.4035 0.6215208328124999 0.404765625 0.626625 0.4095 0.6295416671875 0.41078125 0.62225 0.41296875 0.6132708328125 0.41168750000000004 0.6006666671875001 0.40750000000000003 0.6001666671875 0.404765625 0.6040625000000001 0.40112500000000006 0.6125416671874999 0.3995 0.5992083328125 0.40368750000000003 0.5882916671875 0.40623437500000004 0.5800416671875 0.400578125 0.5746875 0.39621875 0.5800416671875 0.3933125 0.5831875 0.392390625 0.5763958328125 0.391484375 0.5715416671875 0.385484375 0.5708125 0.384203125 0.5778541671874999 0.380015625 0.5834374999999999 0.38146874999999997 0.6011458328125 0.3909375 0.6217708328125 0.39821875 0.6244375 0.4035 0.6215208328124999
1 0.25406249999999997 0.6072291671875 0.2584375 0.6137916671875 0.24915625000000002 0.6101458328125 0.250796875 0.6225416671875 0.2671875 0.6291041671875 0.299984375 0.6057708328125 0.30053125 0.5992291671875 0.2934375 0.5861041671875 0.29015625 0.5795416671875 0.26882812500000003 0.5868333328124999 0.246421875 0.5948541671875 0.249703125 0.6072291671875 0.25406249999999997 0.6072291671875
1 0.189890625 0.6541458328124999 0.200921875 0.6564166671875 0.21025 0.649625 0.219578125 0.6518958328125 0.23059375000000001 0.6417083328125 0.23229687499999999 0.623625 0.22890625 0.6145833328125 0.22381250000000003 0.6043958328125 0.21703125 0.6055416671875 0.212796875 0.6111875 0.20940625000000002 0.6111875 0.1865 0.6315416671875 0.17209375 0.6371875 0.177171875 0.649625 0.189890625 0.6541458328124999
1 0.23298437500000002 0.71675 0.22751562500000003 0.7102708328125 0.205625 0.7062291671875001 0.20379687500000002 0.69325 0.178265625 0.7159583328125 0.177046875 0.74675 0.156984375 0.778375 0.155765625 0.7897083328125001 0.171578125 0.798625 0.16975 0.8075416671875001 0.153953125 0.8294375 0.1655 0.8464583328125 0.18859375 0.8561875000000001 0.21353125 0.8294375 0.21353125 0.8091666671875 0.21960937500000002 0.775125 0.23298437500000002 0.71675
1 0.197762784375 0.61640625 0.2015625 0.61875 0.1890625 0.63125 0.1734375 0.6375 0.171875 0.6458333328125 0.1375 0.64375 0.134375 0.6541666671875 0.0730113640625 0.7053030312499999 0.0734375 0.7125 0.0609375 0.7125 0.059375 0.7208333328125 0.046875 0.71875 0.0453125 0.725 0.0015625 0.7833333328125 0.0015625 0.8083333328125001 0.011284721875 0.8518518515625001 0.0015625 0.8625 0.0059375 0.8712500000000001 0.0015625 0.8916666671875 0.0015625 0.9104166671874999 0.015625 0.9125 0.021875 0.9083333328125001 0.0296875 0.9291666671875 0.05 0.9583333328125001 0.053125 0.9583333328125001 0.0578125 0.9645833328125001 0.075 0.9645833328125001 0.084375 0.9604166671875 0.0953125 0.9520833328125 0.1046875 0.9395833328125001 0.1078125 0.9395833328125001 0.1125 0.9291666671875 0.1125 0.9104166671874999 0.121875 0.8833333328125 0.134375 0.89375 0.1421875 0.90625 0.1515625 0.9333333328125001 0.171875 0.9666666671874999 0.184375 0.975 0.2078125 0.975 0.2203125 0.9666666671874999 0.2359375 0.9395833328125001 0.2671875 0.9333333328125001 0.271875 0.9291666671875 0.2890625 0.9520833328125 0.296875 0.9583333328125001 0.3234375 0.9604166671875 0.3359375 0.9520833328125 0.346875 0.9354166671874999 0.3515625 0.9166666671874999 0.35 0.8895833328125 0.353125 0.88125 0.384375 0.8833333328125 0.3984375 0.90625 0.4109375 0.9145833328125 0.46875 0.9145833328125 0.48125 0.90625 0.49375 0.8875 0.5046875 0.8416666671874999 0.5046875 0.825 0.509375 0.8208333328125 0.51875 0.81875 0.5234375 0.8229166671874999 0.53125 0.8395833328125001 0.540625 0.8520833328125 0.5640625 0.8708333328125001 0.603125 0.8708333328125001 0.621875 0.8645833328125001 0.6375 0.8541666671874999 0.6453125 0.84375 0.6671875 0.775 0.6734375 0.7666666671875 0.690625 0.7666666671875 0.703125 0.7583333328124999 0.7140625 0.7416666671875001 0.71875 0.7229166671875 0.71875 0.70625 0.7140625 0.6875 0.703125 0.6708333328125 0.715625 0.6375 0.7375 0.6416666671875 0.746875 0.6666666671875 0.771875 0.69375 0.784375 0.73125 0.803125 0.75625 0.8296875 0.775 0.8515625 0.775 0.8640625 0.7666666671875 0.875 0.75 0.9171875 0.7520833328125 0.9296875 0.74375 0.9375 0.7333333328125 0.9453125 0.7083333328125 0.9453125 0.6916666671875 0.9421875 0.6770833328125 0.9296875 0.65625 0.9171875 0.6479166671875001 0.896875 0.6479166671875001 0.8828125 0.6395833328125 0.8640625 0.6395833328125 0.853125 0.6125 0.84375 0.6 0.83125 0.5916666671875 0.8265625 0.5916666671875 0.8171875 0.5625 0.809375 0.5520833328125 0.796875 0.54375 0.76875 0.54375 0.7515625 0.5354166671875 0.7203125 0.5354166671875 0.7078125 0.54375 0.6984375 0.55625 0.6921875 0.575 0.64509943125 0.57755681875 0.6421875 0.58125 0.634375 0.5708333328124999 0.615625 0.5604166671875 0.6109375 0.5166666671875 0.5984375 0.49583333281249997 0.5859375 0.4875 0.5796875 0.4875 0.565625 0.46458333281249997 0.5390625 0.45 0.5046875 0.45 0.4828125 0.46458333281249997 0.46875 0.46875 0.4625 0.475 0.4328125 0.47291666718750003 0.4203125 0.48125 0.4109375 0.49375 0.4 0.46458333281249997 0.3921875 0.45416666718750004 0.3796875 0.4458333328125 0.353125 0.4479166671875 0.3359375 0.46666666718750005 0.3265625 0.4458333328125 0.31875 0.43541666718750005 0.30625 0.4270833328125 0.2828125 0.4270833328125 0.26875 0.4375 0.25625 0.44166666718750003 0.240625 0.44166666718750003 0.23125 0.4291666671875 0.21875 0.42083333281249996 0.1671875 0.42291666718750004 0.1546875 0.43125 0.1453125 0.44375 0.1390625 0.4625 0.1390625 0.5166666671875 0.1421875 0.53125 0.029771959375 0.6025900890625 0.03125 0.60625 0.0109375 0.60625 0.003125 0.6104166671875 0.0015625 0.6229166671875 0.008614865624999999 0.6162725234375 0.0094105109375 0.62265625 0.197762784375 0.61640625