0 0.5270625 0.2210416671875 0.561078125 0.1913541671875 0.596328125 0.174875 0.591375 0.1699166671875 0.57096875 0.1592083328125 0.554265625 0.158375 0.5270625 0.1592083328125 0.49984375 0.1757083328125 0.48376562500000003 0.1913541671875 0.47387499999999994 0.22352083281250001 0.48253124999999997 0.25814583281250003 0.495515625 0.24825 0.5072656249999999 0.23918750000000003 0.5270625 0.2210416671875
0 0.4855625 0.4092291671875 0.51025 0.4363333328125 0.52525 0.43568749999999995 0.53396875 0.41375 0.5383281249999999 0.3918125 0.536390625 0.3750416671875 0.502984375 0.32406250000000003 0.4875 0.29825 0.47976562500000003 0.2846875 0.47056250000000005 0.3046875 0.468625 0.3324375 0.47346875 0.3692291671875 0.4855625 0.4092291671875
0 0.17759375 0.21393749999999997 0.189140625 0.24266666718750002 0.223390625 0.24420833281249998 0.24878125 0.2616458328125 0.27532812500000003 0.26575000000000004 0.31303125 0.2724166671875 0.349203125 0.2713958328125 0.36343749999999997 0.26525 0.3680625 0.2503541671875 0.356515625 0.2524166671875 0.276484375 0.21600000000000003 0.25146875 0.2082916671875 0.22839062499999999 0.2154791671875 0.17759375 0.21393749999999997
0 0.785296875 0.3935625 0.788984375 0.3788125 0.776078125 0.3714375 0.77515625 0.361625 0.770546875 0.346875 0.7622656250000001 0.3444166671875 0.7539687500000001 0.3456458328125 0.73921875 0.3591666671875 0.726328125 0.3800416671875 0.7364531249999999 0.3800416671875 0.7364531249999999 0.3825 0.719875 0.4144583328125 0.7327656250000001 0.4525416671875 0.766859375 0.49800000000000005 0.78990625 0.518875 0.810171875 0.51275 0.81478125 0.48570833281250003 0.8110937500000001 0.4537708328125 0.796359375 0.4169166671875 0.7954375 0.42058333281250004 0.7880625 0.41200000000000003 0.785296875 0.3935625
0 0.6255 0.5365833328125 0.670859375 0.529875 0.68740625 0.5183541671875 0.70684375 0.49435416718749997 0.709 0.45499999999999996 0.70253125 0.4329375 0.673015625 0.4262083328125 0.659328125 0.43197916718749996 0.60175 0.4502083328125 0.578703125 0.4655625 0.529765625 0.5001249999999999 0.516078125 0.5385 0.528328125 0.5586666671875 0.562875 0.5500208328125 0.575109375 0.5471458328125001 0.6255 0.5365833328125
0 0.60509375 0.6887916671875 0.62690625 0.6843125 0.645375 0.69625 0.6543281249999999 0.6940208328125 0.6671875 0.6828333328125 0.715859375 0.6589583328125 0.7578125 0.6432916671875 0.7796406250000001 0.6321041671875001 0.781875 0.6000208328125 0.772359375 0.5746666671875 0.74159375 0.5642291671875 0.70578125 0.5470625 0.68565625 0.5507916671875 0.676140625 0.5306666671875 0.64928125 0.5314166671875 0.62690625 0.5403541671875 0.61515625 0.5403541671875 0.588875 0.5522916671875 0.5385156249999999 0.582875 0.5094218749999999 0.60375 0.50103125 0.6425416671875 0.49992187499999996 0.6902916671875 0.5060781249999999 0.720125 0.52453125 0.7260833328125 0.585515625 0.7037083328125 0.588875 0.7022291671875001 0.597265625 0.6887916671875 0.60509375 0.6887916671875
0 0.62578125 0.2067916671875 0.597796875 0.2316666671875 0.58084375 0.2723541671875 0.573203125 0.3153333328125 0.5935625 0.3311458328125 0.619 0.3322916671875 0.6325624999999999 0.33341666718749996 0.63765625 0.3322916671875 0.65290625 0.2904583328125 0.697 0.2282708328125 0.685984375 0.2079166671875 0.66309375 0.19775 0.62578125 0.2067916671875
0 0.442265625 0.22168749999999998 0.442265625 0.2100208328125 0.446890625 0.1983541671875 0.44535937499999995 0.1853125 0.439171875 0.1667916671875 0.42990625 0.14208333281250002 0.42115625 0.1379583328125 0.40726562499999996 0.1489375 0.39645312499999996 0.1695416671875 0.39284375 0.1962916671875 0.39490625 0.1990416671875 0.40726562499999996 0.1969791671875 0.41137499999999994 0.1990416671875 0.40982812500000004 0.21208333281249997 0.408796875 0.22581250000000003 0.41137499999999994 0.22925 0.42784374999999997 0.23885416718750002 0.435578125 0.23472916718749998 0.436609375 0.2340416671875 0.442265625 0.22168749999999998
0 0.4685625 0.3376458328125 0.360796875 0.3255 0.289453125 0.3760833328125 0.260625 0.44691666718749995 0.40784374999999995 0.4408541671875 0.46704687500000003 0.3619166671875 0.4685625 0.3376458328125
0 0.25909375 0.3558541671875 0.2435 0.2727291671875 0.12273437499999999 0.24156249999999999 0.06428125 0.3090833328125 0.009734375 0.3246666671875 0.173375 0.3584375 0.25909375 0.3558541671875
0 0.37040625 0.2655208328125 0.3915 0.24977083281249998 0.381375 0.2239166671875 0.3661875 0.21154166718749998 0.3425625 0.20591666718749999 0.309671875 0.20929166718749997 0.277609375 0.21154166718749998 0.284359375 0.21941666718750003 0.3459375 0.2486458328125 0.37040625 0.2655208328125
0 0.34390624999999997 0.3280833328125 0.352921875 0.33245833281250003 0.35896875 0.3280416671875 0.468875 0.3397708328125 0.46699999999999997 0.31883333281250004 0.47642187500000005 0.2861666671875 0.502796875 0.31883333281250004 0.503421875 0.3046041671875 0.49965624999999997 0.29118750000000004 0.5059375 0.2836666671875 0.5071875 0.26608333281249996 0.44564062499999996 0.2794791671875 0.34453125 0.31966666718750003 0.34364062500000003 0.3211458328125 0.34199999999999997 0.3258958328125 0.34390624999999997 0.3280833328125
0 0.5372656250000001 0.3975625 0.5426562500000001 0.4014375 0.551359375 0.400875 0.553421875 0.3958958328125 0.5563281250000001 0.38816666718750004 0.5654375 0.38595833281249997 0.56834375 0.3997708328125 0.576625 0.3986666671875 0.585328125 0.400875 0.59071875 0.398125 0.5932031249999999 0.40308333281250003 0.60315625 0.4036458328125 0.6068749999999999 0.4069583328125 0.6072968750000001 0.4135833328125 0.617234375 0.4146875 0.6209687500000001 0.4174583328125 0.63175 0.41579166718750005 0.63546875 0.4119166671875 0.6495625 0.4058541671875 0.674 0.400875 0.69721875 0.397 0.703015625 0.3870625 0.70384375 0.37933333281250003 0.7088125 0.37933333281250003 0.7233125 0.3776666671875 0.729125 0.3727083328125 0.7344999999999999 0.3605416671875 0.7419687500000001 0.3483958328125 0.749 0.3445208328125 0.7456875000000001 0.33679166718750003 0.751078125 0.33347916718750004 0.7515 0.3285 0.7469375 0.31856249999999997 0.7403125 0.311375 0.7324375 0.3086041671875 0.7229062500000001 0.3086041671875 0.7125468749999999 0.31579166718749996 0.70384375 0.318 0.6930625 0.3213125 0.652046875 0.3301666671875 0.6139218750000001 0.33679166718750003 0.5700000000000001 0.3439791671875 0.546796875 0.3539166671875 0.543484375 0.36331250000000004 0.534359375 0.3705 0.53603125 0.37324999999999997 0.5372656250000001 0.3909375 0.5372656250000001 0.3975625