1 0.451015625 0.4831041671875 0.41215624999999995 0.4380625 0.385140625 0.4403125 0.36825 0.4403125 0.322640625 0.4222916671875 0.27365625 0.37725 0.23985937499999999 0.384 0.175671875 0.5686875 0.167234375 0.6137291671875 0.22634375 0.6497708328125 0.24325000000000002 0.6993333328125 0.266890625 0.7196041671875 0.32432812499999997 0.7196041671875 0.358109375 0.7060833328125 0.359796875 0.7038333328124999 0.378375 0.6925625 0.378375 0.6948125 0.415546875 0.6114791671875001 0.45776562500000006 0.5551875 0.451015625 0.4831041671875
1 0.148640625 0.48693749999999997 0.18803125 0.4799375 0.214296875 0.4571666671875 0.226109375 0.4343958328125 0.24712499999999998 0.39237500000000003 0.29571875 0.371375 0.28915625 0.3556041671875 0.26551562500000003 0.3293541671875 0.2510625 0.3503541671875 0.23399999999999999 0.38887499999999997 0.19854687499999998 0.40639583281249997 0.17096875 0.42914583281249996 0.1145 0.4414166671875 0.102671875 0.4571666671875 0.1263125 0.48168749999999994 0.148640625 0.48693749999999997
1 0.1925625 0.62275 0.179046875 0.5912083328125 0.1891875 0.5439166671875 0.11825000000000001 0.5461666671875001 0.09796875000000001 0.5867083328125 0.08615625 0.6385208328124999 0.05404687500000001 0.6700416671875 0.052359375 0.7353541671875 0.09121875 0.7623958328125 0.09290625 0.7646458328125 0.11654687500000001 0.8232083328125 0.16046875 0.8232083328125 0.138515625 0.8029375 0.241546875 0.7871666671875001 0.28040625 0.7105833328125 0.229734375 0.6542708328125 0.1925625 0.62275
1 0.3989375 0.8768541671875001 0.44995312500000006 0.8428333328125 0.48423437500000005 0.8375208328125 0.490609375 0.8237083328124999 0.48025 0.8045625 0.45871874999999995 0.795 0.4085 0.7939375 0.3758125 0.8173333328125001 0.33675 0.8619791671874999 0.3168125 0.9246874999999999 0.325578125 0.940625 0.36065625 0.9597708328125 0.36065625 0.9459375 0.371828125 0.9172499999999999 0.3989375 0.8768541671875001
1 0.7335 0.6023541671875 0.7124375 0.6041041671875 0.68084375 0.607625 0.6624218749999999 0.6409583328124999 0.6413593750000001 0.7093958328125 0.6268906249999999 0.7760833328125 0.6426875 0.7953958328125 0.6703125 0.8269791671875 0.6992812500000001 0.8410208328125 0.704546875 0.8252291671875 0.694015625 0.788375 0.7150624999999999 0.7497708328125 0.761140625 0.6760625 0.7650781249999999 0.6497291671875 0.7650781249999999 0.6146458328125 0.7335 0.6023541671875
1 0.6535 0.49366666718749996 0.629796875 0.5084791671875 0.61971875 0.5421041671875 0.6166875 0.6093541671875 0.625765625 0.6402916671875001 0.64140625 0.6947708328125 0.6620781250000001 0.6497083328125 0.686296875 0.6106874999999999 0.72715625 0.5992708328125 0.7306874999999999 0.591875 0.714546875 0.5582499999999999 0.68478125 0.50175 0.67821875 0.49704166718750004 0.6620781250000001 0.4916666671875 0.6535 0.49366666718749996
1 0.713765625 0.4961458328125 0.6915312499999999 0.5124583328125001 0.713765625 0.561375 0.73934375 0.6073333328125 0.76046875 0.6162291671875 0.769359375 0.6281041671875001 0.767140625 0.6636666671875 0.78715625 0.6681250000000001 0.8371875 0.6992499999999999 0.80271875 0.6251249999999999 0.758234375 0.5554375 0.729328125 0.5168958328125 0.713765625 0.4961458328125
1 0.77621875 0.46604166718749995 0.8025781249999999 0.47106250000000005 0.7790468749999999 0.40452083281249995 0.730078125 0.4145625 0.6999531250000001 0.42335416718749996 0.6764218750000001 0.43589583281250005 0.654765625 0.44720833281249994 0.683953125 0.46979166718750004 0.681125 0.48862500000000003 0.693359375 0.4848541671875 0.7084374999999999 0.47983333281249996 0.6961875 0.430875 0.737625 0.46227083281250003 0.77621875 0.46604166718749995
1 0.45973437500000003 0.9012916671875001 0.47921874999999997 0.8389583328124999 0.43442187499999996 0.8545416671874999 0.366234375 0.9272708328125001 0.3565 0.9350625000000001 0.37403125 0.9870208328125001 0.55909375 0.9844166671875 0.48896875 0.9584374999999999 0.45973437500000003 0.9324583328125 0.45973437500000003 0.9012916671875001
1 0.00584375 0.470125 0.0038906250000000004 0.5246666671875 0.023375 0.5454583328125 0.070125 0.5376666671875 0.112984375 0.5584374999999999 0.130515625 0.5480416671875 0.116890625 0.4883125 0.095453125 0.4675416671875 0.083765625 0.45454166718750005 0.07403125 0.4363541671875 0.027265624999999998 0.36364583281249996 0.0116875 0.3922083328125 0.00584375 0.4259791671875 0.00584375 0.470125
1 0.6320781249999999 0.32556250000000003 0.654109375 0.34025 0.667125 0.3335833328125 0.695171875 0.3389166671875 0.7121875 0.3175416671875 0.7232031250000001 0.2948541671875 0.720203125 0.25212500000000004 0.7051875 0.19337500000000002 0.6791406249999999 0.1613333328125 0.649109375 0.1613333328125 0.64509375 0.1426458328125 0.60303125 0.10124999999999999 0.55896875 0.10391666718749999 0.5339375000000001 0.1252708328125 0.502890625 0.1773541671875 0.51290625 0.24945833281250002 0.5449531249999999 0.2868333328125 0.575 0.32556250000000003 0.59803125 0.32556250000000003 0.59303125 0.32156250000000003 0.6190625 0.3242291671875 0.6320781249999999 0.32556250000000003