2 0.466078125 0.34581249999999997 0.5020781249999999 0.3202083328125 0.5858218749999999 0.2835708328125 0.590140625 0.29012916718750004 0.586421875 0.30005000000000004 0.5890625 0.3098125 0.582703125 0.30997083281250004 0.575265625 0.3298125 0.578265625 0.3218125 0.58336328125 0.326609375 0.60765625 0.317 0.66225 0.2898125 0.69225 0.270625 0.7540312499999999 0.262625 0.785828125 0.2618125 0.7912343749999999 0.2410208328125 0.7924375 0.22981250000000003 0.675453125 0.23781249999999998 0.62565625 0.2474166671875 0.6190625 0.258625 0.6090625000000001 0.2810138890625 0.5998593750000001 0.2642083328125 0.581859375 0.266625 0.542875 0.2778125 0.46128125000000003 0.28820833281249997 0.389890625 0.2842083328125 0.3695 0.29460416718750004 0.40728125000000004 0.35220833281249997 0.43428125 0.3618125 0.466078125 0.34581249999999997
2 0.8123125 0.1548958328125 0.82203125 0.10079166718749999 0.806015625 0.11068750000000001 0.707140625 0.1526041671875 0.691125 0.1594791671875 0.75 0.1754791671875 0.8123125 0.1548958328125
2 0.820125 0.4805208328125 0.7733749999999999 0.4415625 0.7597343750000001 0.4415625 0.7714218749999999 0.49349999999999994 0.8571406250000001 0.5506458328125 0.87078125 0.55325 0.8551875000000001 0.5065000000000001 0.820125 0.4805208328125
2 0.47154687500000003 0.27349999999999997 0.481359375 0.2604166671875 0.48920312499999996 0.2395 0.49117187500000004 0.2150833328125 0.4944375 0.18456250000000002 0.504890625 0.1409791671875 0.5042500000000001 0.13225 0.487234375 0.1584166671875 0.473515625 0.1828333328125 0.45715625 0.2229375 0.44996875000000003 0.2813333328125 0.46696875000000004 0.2839583328125 0.46762499999999996 0.27872916718749996 0.47154687500000003 0.27349999999999997
2 0.9379375 0.1447916671875 0.9368124999999999 0.1350625 0.90821875 0.1328333328125 0.8195937499999999 0.1919166671875 0.87625 0.1963958328125 0.9098906250000001 0.1784375 0.9379375 0.1447916671875
2 0.44106249999999997 0.0863541671875 0.430859375 0.0818333328125 0.4070625 0.11016666718749998 0.40960937499999994 0.14416666718749999 0.42576562500000004 0.16683333281249998 0.45210937500000004 0.16458333281249998 0.49207812500000003 0.1566458328125 0.50653125 0.1283125 0.49632812499999995 0.1158333328125 0.460625 0.1328333328125 0.42490625 0.1317083328125 0.41810937499999995 0.1147083328125 0.44106249999999997 0.0863541671875
2 0.52446875 0.09379166718750001 0.5415 0.084875 0.562171875 0.081625 0.5791875 0.0767708328125 0.590125 0.0637916671875 0.562171875 0.0573125 0.52021875 0.0710833328125 0.49710937499999996 0.0856875 0.50440625 0.10433333281249998 0.52021875 0.1059583328125 0.52446875 0.09379166718750001
2 0.899 0.23389583281249998 0.7326406249999999 0.18604166718749998 0.70653125 0.2153958328125 0.75709375 0.230625 0.9022656250000001 0.2415 0.899 0.23389583281249998
2 0.6296406250000001 0.0308125 0.6375625 0.0183333328125 0.69228125 0 0.623890625 0.0001041671875 0.587171875 0.04425 0.63325 0.0615416671875 0.646203125 0.050979167187499994 0.6296406250000001 0.0308125
2 0.698859375 0.45999999999999996 0.708109375 0.45999999999999996 0.710640625 0.4499166671875 0.729984375 0.4566458328125 0.7485 0.49029166718750006 0.776265625 0.4891666671875 0.829265625 0.49029166718750006 0.831796875 0.553125 0.83853125 0.5564791671875 0.8469374999999999 0.5598541671875 0.85703125 0.5643333328125 0.867125 0.5643333328125 0.8343125 0.4835625 0.742609375 0.45552083281250005 0.7249375 0.44654166718750005 0.72325 0.4083958328125 0.67109375 0.415125 0.592 0.419625 0.61471875 0.419625 0.6904375 0.4330833328125 0.698859375 0.45999999999999996
2 0.556171875 0.4574166671875 0.6279375 0.4650416671875 0.674421875 0.4498125 0.680953125 0.46285416718750005 0.707046875 0.4650416671875 0.724984375 0.43677083281250006 0.722546875 0.4030625 0.591234375 0.4150208328125 0.530078125 0.4759166671875 0.556171875 0.4715625 0.556171875 0.4574166671875