2 0.3192291671875 0.591046875 0.3182708328125 0.59825 0.3028958328125 0.6155625 0.3211458328125 0.61628125 0.328375 0.6123125 0.3336458328125 0.598609375 0.3379791671875 0.587796875 0.3331666671875 0.58346875 0.33125 0.578421875 0.33125 0.56940625 0.336625 0.54834375 0.3230416671875 0.522875 0.31683333281250003 0.520734375 0.2976041671875 0.530109375 0.2980833328125 0.5470625 0.3153958328125 0.5780624999999999 0.3192291671875 0.591046875
2 0.12256249999999999 0.6445000000000001 0.1123125 0.645015625 0.10135416718750001 0.649625 0.0911041671875 0.67425 0.0911041671875 0.678875 0.08837500000000001 0.7255625 0.0828958328125 0.73171875 0.0815208328125 0.7558281250000001 0.0863125 0.7614687499999999 0.0931458328125 0.767625 0.10956250000000001 0.768140625 0.11641666718749999 0.7614687499999999 0.1417291671875 0.688109375 0.14650000000000002 0.683484375 0.14925 0.6680937499999999 0.1396666671875 0.659375 0.1287291671875 0.647578125 0.12256249999999999 0.6445000000000001
2 0.015067707812500001 0.692748046875 0.0239903859375 0.688265625 0.0258854171875 0.69023046875 0.0338605765625 0.684765625 0.036703124999999996 0.6877128906250001 0.043730768749999996 0.681265625 0.047520832812500004 0.6851953125 0.0536009625 0.6777656249999999 0.058338542187499995 0.682677734375 0.0634711546875 0.674265625 0.0733413453125 0.670765625 0.0799739578125 0.6776425781250001 0.09079166718750001 0.675125 0.09308173125 0.663765625 0.1029519234375 0.660265625 0.1464791671875 0.6624531250000001 0.1584166671875 0.657234375 0.1474791671875 0.64678125 0.1365416671875 0.6519999999999999 0.1325625 0.649765625 0.1128221140625 0.656765625 0.08979166718750001 0.657234375 0.09029166718750001 0.6661796875 0.0832115375 0.667265625 0.0778583328125 0.658278125 0.030125000000000002 0.6624531250000001 0.0200833328125 0.6654375 0 0.67140625 0.00425 0.695265625 0.0141201921875 0.691765625 0.015067707812500001 0.692748046875
2 0.34522916718749996 0.616265625 0.339 0.605203125 0.35220833281249997 0.59471875 0.37629166718749996 0.586546875 0.37629166718749996 0.5830625 0.3700833328125 0.5801406250000001 0.3413333328125 0.598796875 0.3335625 0.61103125 0.3374583328125 0.618015625 0.34522916718749996 0.616265625
2 0.034187499999999996 0.7439843749999999 0.0448541671875 0.735703125 0.053666667187499996 0.72578125 0.0595625 0.7180625 0.055874999999999994 0.7142031249999999 0.0522083328125 0.716140625 0.0492708328125 0.713390625 0.0400833328125 0.7139375 0.0400833328125 0.715859375 0.0062708328125 0.743421875 0.012875000000000001 0.747015625 0.0228125 0.745640625 0.034187499999999996 0.7439843749999999
2 0 0.6482187500000001 0.014104167187499999 0.6437968749999999 0.014104167187499999 0.6039375 0.0131875 0.59134375 0.00775 0.5841875 0 0.584875 0 0.589640625 0 0.6482187500000001
2 0.19243749999999998 0.5195624999999999 0.1775416671875 0.523046875 0.1716458328125 0.530734375 0.1731875 0.5405 0.1775416671875 0.544 0.1930625 0.5465625000000001 0.2172708328125 0.529796875 0.21477083281249998 0.5256093749999999 0.19243749999999998 0.5195624999999999
2 0.051041667187499994 0.6215625 0.0661875 0.61571875 0.066625 0.6134375000000001 0.0579583328125 0.61246875 0.066625 0.6111718749999999 0.066625 0.606953125 0.053625 0.608890625 0.039770832812500004 0.620265625 0.051041667187499994 0.6215625
2 0.09783333281249999 0.59221875 0.0842708328125 0.5865625 0.0586458328125 0.595609375 0.0737291671875 0.6193593749999999 0.09181249999999999 0.6159687500000001 0.1098958328125 0.6091875 0.12647916718750002 0.593359375 0.09783333281249999 0.59221875
2 0.1640416671875 0.6312656249999999 0.16875 0.6330312499999999 0.1720416671875 0.6224375 0.1616875 0.6146874999999999 0.1574583328125 0.6174999999999999 0.1616875 0.6227968749999999 0.1640416671875 0.6312656249999999
2 0.175625 0.5878125 0.1901875 0.58078125 0.18856250000000002 0.578109375 0.1856458328125 0.567921875 0.18856250000000002 0.55384375 0.1947083328125 0.5465625000000001 0.1895416671875 0.54753125 0.183375 0.547296875 0.177875 0.5485 0.1720625 0.5468124999999999 0.17141666718749998 0.5405 0.16558333281249998 0.5405 0.16170833281250002 0.548015625 0.1549166671875 0.550203125 0.142625 0.547046875 0.12256249999999999 0.5424375 0.12320833281250002 0.5485 0.1177083328125 0.5485 0.11058333281249999 0.5492343749999999 0.10541666718750001 0.552140625 0.10541666718750001 0.556265625 0.11058333281249999 0.5591875 0.1264375 0.5618593749999999 0.1419791671875 0.561375 0.1529791671875 0.55796875 0.1568541671875 0.5647656249999999 0.1691458328125 0.56865625 0.1662291671875 0.584421875 0.1484375 0.59121875 0.1507083328125 0.59315625 0.1639791671875 0.59121875 0.175625 0.5878125