1 0.6711406249999999 0.8259791671875 0.691921875 0.8398333328125 0.7150937500000001 0.8398333328125 0.75184375 0.8398333328125 0.772625 0.8334374999999999 0.77821875 0.8004166671874999 0.779015625 0.7929583328125 0.7798125 0.7641875 0.765421875 0.6992083328125 0.7462500000000001 0.6715 0.721484375 0.6576666671875 0.708703125 0.649125 0.695109375 0.6597916671874999 0.68471875 0.689625 0.66875 0.7418125 0.66634375 0.7972291671875 0.6711406249999999 0.8259791671875
1 0.5126875 0.7902291671875 0.52065625 0.8093541671875 0.542984375 0.8125416671875 0.5485625 0.8146666671875 0.55334375 0.8136041671875001 0.587625 0.8274166671875 0.614734375 0.8295416671875 0.6482187500000001 0.8114791671875 0.652203125 0.7997916671875 0.667359375 0.7742708328125001 0.67134375 0.7466458328125001 0.653 0.7477083328125 0.6203125 0.7370625000000001 0.586828125 0.7009375 0.570890625 0.6637291671875001 0.559734375 0.6594791671875 0.546171875 0.6669166671875 0.5421875 0.6817916671875001 0.53740625 0.7009375 0.50790625 0.725375 0.508703125 0.7689583328125 0.5126875 0.7902291671875
1 0.42642187500000006 0.6539375 0.4181875 0.6591041671875 0.40415625000000005 0.6700625 0.393984375 0.6771666671875 0.38721875 0.6907291671875 0.382375 0.7042708328125 0.3843125 0.7442916671875001 0.39109375 0.7584791671875 0.40609375 0.7901041671875 0.43657812500000004 0.7991458328125 0.467078125 0.8055833328125 0.48740625 0.783 0.511125 0.7875208328125 0.511125 0.7488125 0.509671875 0.7242708328125 0.5178906249999999 0.7171875 0.47192187499999994 0.6810416671875 0.4636875 0.6719999999999999 0.45496875000000003 0.6519999999999999 0.45159374999999996 0.6474791671875 0.45496875000000003 0.6474791671875 0.443359375 0.6455416671875 0.42642187500000006 0.6539375
1 0.29640625 0.6493333328124999 0.273875 0.670125 0.26346875000000003 0.6990208328125 0.260875 0.746375 0.26434375 0.7637083328125 0.278203125 0.7683333328125 0.304203125 0.7741041671875 0.325859375 0.7775624999999999 0.357046875 0.7787291671875 0.3804375 0.7694791671875 0.382171875 0.7336666671875001 0.35271875 0.688625 0.32759375 0.6401041671875001 0.33018749999999997 0.6401041671875001 0.319796875 0.6320208328125 0.29640625 0.6493333328124999
1 0.09614062500000001 0.6400625 0.091796875 0.6585416671875 0.097859375 0.6931875 0.11259375 0.7151458328125 0.1403125 0.7371041671875 0.16371875 0.7371041671875 0.16890624999999998 0.7371041671875 0.16804687499999998 0.7278541671875 0.152453125 0.7116875 0.139453125 0.6908958328125 0.126453125 0.6781875 0.121265625 0.6388958328125 0.123859375 0.6123333328125 0.11000000000000001 0.6215833328125 0.09614062500000001 0.6400625
1 0.8774843750000001 0.7168333328125 0.879078125 0.7508541671875 0.8846718750000001 0.7646666671875 0.89025 0.7774166671875 0.8958281250000001 0.7731666671874999 0.9053906250000001 0.7859166671875 0.914953125 0.7891041671875 0.9229375 0.7880416671875 0.9340937500000001 0.7784791671875 0.94684375 0.7944375 0.959609375 0.7944375 0.967578125 0.7880416671875 0.969171875 0.7784791671875 0.98671875 0.7859166671875 0.9930937500000001 0.7837916671875 0.9946875000000001 0.7604166671875 0.9922968750000001 0.7391458328125 0.980328125 0.7083333328125 0.9835312500000001 0.6828125 0.984328125 0.669 0.9811249999999999 0.6466666671875 0.96678125 0.6243541671874999 0.956421875 0.6126666671875001 0.9492499999999999 0.6115833328125 0.938875 0.6083958328125 0.9165625000000001 0.6392291671875 0.9061875 0.6605000000000001 0.89025 0.688125 0.8774843750000001 0.7168333328125
1 0.8399531250000001 0.6983125 0.862453125 0.6642083328124999 0.84096875 0.5755208328125 0.807203125 0.5441458328125 0.760140625 0.6000833328125 0.739671875 0.627375 0.7611718749999999 0.6205416671874999 0.787765625 0.6696666671875 0.8133437499999999 0.6232708328125 0.8317656250000001 0.6123541671875 0.8399531250000001 0.6983125
1 0.6445937500000001 0.5583958328125 0.63690625 0.5657291671875 0.6303124999999999 0.5733333328125 0.622859375 0.58475 0.615609375 0.6143125 0.6151718749999999 0.6301249999999999 0.6371249999999999 0.6148958328125 0.6393125000000001 0.6081666671875 0.643703125 0.5879791671875 0.648765625 0.5680625 0.6516093749999999 0.5601666671875 0.648765625 0.551375 0.6445937500000001 0.5583958328125
1 0.39392187500000003 0.5983125 0.382515625 0.6298958328125 0.382515625 0.655625 0.385140625 0.6784166671875 0.39215625 0.6819375 0.44084375 0.6462708328125 0.44917187500000005 0.6146874999999999 0.460140625 0.5936458328125 0.462328125 0.5836875 0.458828125 0.5796041671875 0.44128125 0.5796041671875 0.426375 0.5854583328125 0.411453125 0.5825208328125 0.39392187500000003 0.5983125
1 0.33028124999999997 0.6394791671875 0.34384375 0.6620833328125 0.36928125 0.7107083328125 0.37098437500000003 0.7129583328125 0.37690625 0.7220208328125 0.384546875 0.7186250000000001 0.386234375 0.6993958328125001 0.38878124999999997 0.6813125 0.385390625 0.645125 0.380296875 0.6078125 0.37690625 0.592 0.36928125 0.5795625 0.367578125 0.5637291671875 0.372671875 0.5546875 0.36928125 0.5456458328125 0.36165625 0.5433749999999999 0.354015625 0.5433749999999999 0.35146875 0.5478958328125 0.34553124999999996 0.5626041671875 0.3370625 0.5705208328125 0.32603125 0.5750416671874999 0.3175625 0.5874791671875 0.308234375 0.6360833328125 0.311625 0.6417291671875 0.322640625 0.6360833328125 0.33028124999999997 0.6394791671875
1 0.7286875 0.5658958328125 0.719734375 0.5621666671875001 0.7063125 0.568875 0.69959375 0.5785625 0.690078125 0.5793125 0.68225 0.5785625 0.6760937499999999 0.5912499999999999 0.668828125 0.6002083328125 0.6710625 0.6158750000000001 0.6738593749999999 0.6315208328125 0.6833750000000001 0.6539166671875 0.68671875 0.6695625 0.68896875 0.6889583328125 0.6923125 0.6718124999999999 0.696796875 0.6546458328125 0.70575 0.6516666671875 0.7130156249999999 0.6516666671875 0.719734375 0.6553958328125 0.7247656250000001 0.6613749999999999 0.73259375 0.6553958328125 0.73875 0.6479375 0.74434375 0.6486875000000001 0.74378125 0.6427291671875001 0.73371875 0.6091458328125 0.7275625 0.592 0.725328125 0.5770833328125 0.7286875 0.5658958328125
1 0.48371875 0.6056874999999999 0.46134375 0.6302916671875 0.45406250000000004 0.6414791671875 0.45406250000000004 0.6526666671875 0.48371875 0.6877291671875 0.519515625 0.7108541671874999 0.5307031249999999 0.7093541671875 0.54021875 0.6869791671875001 0.554765625 0.6504375 0.520640625 0.59375 0.511125 0.5900208328125001 0.5010625 0.6108958328125 0.48371875 0.6056874999999999
1 0.38234375 0.6252500000000001 0.395953125 0.5966041671875 0.40025000000000005 0.5927916671875 0.40884375000000006 0.5832291671875 0.428890625 0.5841875 0.438921875 0.5775 0.436046875 0.5447916671875 0.436046875 0.5161458328124999 0.436046875 0.5142291671875 0.42603125000000003 0.5151875 0.41957812499999997 0.521875 0.4095625 0.5333333328125 0.4016875 0.5333333328125 0.39523437499999997 0.53525 0.385921875 0.54575 0.37303125000000004 0.5829791671875 0.37374999999999997 0.5851458328125 0.378046875 0.5975625 0.38234375 0.6252500000000001
1 0 0.7208333328125 0.0046875 0.7270833328124999 0.0140625 0.7270833328124999 0.01875 0.7229166671875 0.0375 0.73125 0.040625 0.7354166671875 0.0546875 0.7375 0.071875 0.7354166671875 0.075 0.7395833328125 0.1140625 0.7395833328125 0.1203125 0.7291666671875 0.1234375 0.7291666671875 0.1390625 0.7395833328125 0.1828125 0.7395833328125 0.1875 0.73125 0.1859375 0.7145833328125 0.1765625 0.7020833328125 0.18125 0.6895833328125 0.1890625 0.6895833328125 0.1953125 0.7 0.225 0.7 0.234375 0.68125 0.25625 0.68125 0.2796875 0.6583333328125 0.2921875 0.6541666671875 0.296875 0.6458333328125 0.3 0.6291666671875 0.309375 0.6291666671875 0.315625 0.5979166671875 0.321875 0.58125 0.3265625 0.575 0.3359375 0.5729166671875 0.3390625 0.5645833328125 0.3390625 0.5354166671875 0.334375 0.5270833328125 0.3203125 0.5270833328125 0.309375 0.5395833328124999 0.303125 0.5395833328124999 0.296875 0.55 0.2828125 0.55625 0.2765625 0.5645833328125 0.275 0.5729166671875 0.271875 0.5729166671875 0.26875 0.5645833328125 0.2640625 0.5604166671875 0.2515625 0.5333333328125 0.2484375 0.5291666671875 0.24375 0.5291666671875 0.24375 0.43125 0.246875 0.4270833328125 0.246875 0.42083333281249996 0.24375 0.4166666671875 0.2359375 0.4166666671875 0.2328125 0.4125 0.23289473749999998 0.39375 0.2359375 0.3875 0.246875 0.3895833328125 0.25 0.3854166671875 0.2484375 0.3729166671875 0.265625 0.375 0.26875 0.3708333328125 0.26875 0.3625 0.265625 0.3583333328125 0.2296875 0.3583333328125 0.21832386406249998 0.1916666671875 0.22455357187499997 0.19238095156249999 0.3491071421875 0.2818452375 0.4859375 0.39375 0.48125 0.40416666718750005 0.48125 0.4166666671875 0.4863425921875 0.4125 0.4875 0.42291666718750004 0.48526785781250004 0.42604166718750003 0.5375 0.5479166671875 0.5109375 0.5770833328125 0.509375 0.59375 0.5203125 0.59375 0.553125 0.6479166671875001 0.5546875 0.6625 0.5609375 0.6604166671875 0.5703125 0.6645833328124999 0.5859375 0.7 0.6171875 0.7354166671875 0.621875 0.7395833328125 0.6421875 0.7458333328125 0.6625 0.74375 0.671875 0.7333333328125 0.6859375 0.6875 0.6828125 0.6625 0.7171875 0.65625 0.746875 0.6729166671875 0.7640625 0.6979166671875 0.7796875 0.7645833328125 0.7796875 0.7916666671875 0.7984375 0.7916666671875 0.809375 0.7854166671875 0.8140625 0.7791666671875 0.834375 0.7395833328125 0.8421875 0.7145833328125 0.8421875 0.6958333328124999 0.8390625 0.6895833328125 0.8328125 0.625 0.8265625 0.6166666671875001 0.83125 0.6145833328125 0.7484375 0.6104166671875 0.7375 0.6208333328125 0.7283288046874999 0.61358695625 0.756182065625 0.51213768125 0.7475560890625 0.5081196578125 0.7534054484375 0.5010149562499999 0.758967390625 0.5019927546875 0.7592548078125 0.49391025624999996 0.7649604578125 0.49084680468749997 0.76453804375 0.48170289843749997 0.770953525 0.4797008546875 0.7673233703125 0.4715579703125 0.7701086953125 0.46141304375000003 0.776802884375 0.47259615468750005 0.817748396875 0.4228632484375 0.815625 0.4166666671875 0.8234375 0.4166666671875 0.8390625 0.39375 0.8411458328125001 0.39444444375 0.8421875 0.3895833328125 0.8469951921875 0.38733974375 0.8762419875 0.35181623906250004 0.8859375 0.35208333281250004 0.8859375 0.375 0.88125 0.3916666671875 0.8734375 0.40416666718750005 0.875 0.42083333281249996 0.884375 0.42083333281249996 0.8875 0.4166666671875 0.8921875 0.42291666718750004 0.925 0.42083333281249996 0.9296875 0.425 0.978125 0.425 0.9828125 0.4125 0.984375 0.3854166671875 0.978125 0.3625 0.971875 0.35 0.9796875 0.3395833328125 0.984375 0.3395833328125 0.9875 0.33541666718749996 0.990625 0.2979166671875 0.9875 0.29375 0.98125 0.2979166671875 0.965625 0.2916666671875 0.959375 0.29375 0.953125 0.2854166671875 0.94375 0.2875 0.9375 0.2979166671875 0.934375 0.2979166671875 0.9296875 0.2916666671875 0.921875 0.2916666671875 0.91875 0.2958333328125 0.9140625 0.2958333328125 0.9109375 0.28958333281250004 0.9046875 0.2916666671875 0.9 0.2791666671875 0.9109375 0.2645833328125 0.921875 0.2604166671875 0.91875 0.25625 0.9203125 0.24375 0.9140625 0.23958333281250002 0.9109375 0.24375 0.9109375 0.2520833328125 0.9078125 0.25625 0.903125 0.2541666671875 0.9 0.25833333281250004 0.90234375 0.2645833328125 0.89375 0.2645833328125 0.89375 0.24583333281250003 0.890625 0.2416666671875 0.878125 0.2416666671875 0.871875 0.23333333281250002 0.86875 0.23333333281250002 0.865625 0.2375 0.8671875 0.25 0.8307291671874999 0.2766203703125 0.8296875 0.28958333281250004 0.8125 0.2770833328125 0.8078125 0.2770833328125 0.803125 0.2833333328125 0.796875 0.2833333328125 0.7890625 0.29375 0.7765625 0.29375 0.771875 0.30416666718749996 0.759375 0.2958333328125 0.759375 0.28958333281250004 0.753125 0.2854166671875 0.75 0.28958333281250004 0.7484375 0.3 0.7390625 0.3020833328125 0.7359375 0.30625 0.734375 0.31875 0.7078125 0.31875 0.696875 0.3270833328125 0.690625 0.3395833328125 0.690625 0.3479166671875 0.6828125 0.34118589843749997 0.5890625 0.3604166671875 0.590625 0.35208333281250004 0.590625 0.3416666671875 0.584375 0.3375 0.5765625 0.3479166671875 0.5734375 0.3479166671875 0.5640625 0.34375 0.565625 0.33541666718749996 0.5625 0.33125 0.5453125 0.33125 0.5421875 0.33541666718749996 0.5421875 0.34375 0.546875 0.3458333328125 0.546875 0.3583333328125 0.54375 0.3625 0.5421875 0.3700320515625 0.53125 0.3708333328125 0.5265625 0.3732371796875 0.5203125 0.36875 0.51875 0.37483974375 0.5109375 0.3764423078125 0.509375 0.36666666718749996 0.503125 0.3780448703125 0.5015625 0.3770833328125 0.4953125 0.3796474359375 0.490625 0.3770833328125 0.4875 0.38125 0.35602678593750003 0.2868154765625 0.2176136359375 0.18125 0.2140625 0.1291666671875 0.215625 0.1270833328125 0.213651315625 0.12291666718750001 0.221875 0.1145833328125 0.2296875 0.0979166671875 0.2296875 0.08125 0.2265625 0.075 0.228125 0.0208333328125 0.2265625 0.03125 0.2171875 0.0322916671875 0.2140625 0.0229166671875 0.2078125 0.0229166671875 0.20625 0.01875 0.198359375 0.019375 0.1953125 0.025 0.1921875 0.025 0.19046875000000002 0.02 0.178125 0.0166666671875 0.175 0.0083333328125 0.1703125 0.0041666671875 0.159375 0.0041666671875 0.1515625 0.0083333328125 0.146875 0.00625 0.1140625 0.0125 0.1125 0.0166666671875 0.1015625 0.0166666671875 0.0890625 0.0208333328125 0.0859375 0.025 0.084375 0.0208333328125 0.075 0.0229166671875 0.0734375 0.0270833328125 0.0625 0.025 0.0609375 0.029166667187500002 0.053125 0.029166667187500002 0.046875 0.0229166671875 0.04375 0.010416667187500001 0.025 0.010416667187500001 0.009375 0.03125 0.00625 0.029166667187500002 0.003125 0.0333333328125 0.0100446421875 0.0383035703125 0.00703125 0.046875 0.0109375 0.060416667187499995 0.0140625 0.060416667187499995 0.030483490624999998 0.07755503124999999 0.0025943390625 0.5288522015625 0.0078125 0.5333333328125 0.0019457546875 0.5393474828125 0.003125 0.5458333328125 0 0.5708333328124999 0 0.7208333328125