2 0.9215 0.9458782203125 0.88696875 0.8941217796875 0.844578125 0.8376580796875001 0.8021874999999999 0.7835363 0.7441093750000001 0.7458782203125 0.7441093750000001 0.7505854796875 0.7613749999999999 0.7858782203125 0.7880625 0.8235363 0.8414375 0.8705854796875 0.92778125 0.9788290390625001 0.9324999999999999 0.9858782203124999 0.9419062500000001 0.9858782203124999 0.9215 0.9458782203125
2 0.8100468749999999 0.9694145203125 0.797484375 0.931756440625 0.7739375 0.8705854796875 0.71271875 0.7411709609375 0.711140625 0.76 0.71428125 0.8117564406250001 0.731546875 0.8611709609375 0.79278125 0.9576580796874999 0.79434375 0.9576580796874999 0.80846875 0.9811709609375001 0.8100468749999999 0.9694145203125
2 0.7409687500000001 0.764707259375 0.733125 0.7294145203125 0.709578125 0.7105854796875 0.7048593750000001 0.7176580796875001 0.742546875 0.8 0.7739375 0.8494145203125001 0.82575 0.9129508203125001 0.8461562499999999 0.9835362999999999 0.8571406250000001 0.9788290390625001 0.8587031250000001 0.9764637 0.836734375 0.9011709609375 0.797484375 0.844707259375 0.76765625 0.7764637 0.7409687500000001 0.764707259375
2 0.777046875 0.739555034375 0.8048125 0.7496487125 0.846875 0.7786416859374999 0.901546875 0.8000936765625 0.84434375 0.7433489468750001 0.778734375 0.6954332546875001 0.766953125 0.6992037468750001 0.759375 0.7168618265625 0.76190625 0.7130913343749999 0.766953125 0.7307259953125 0.777046875 0.739555034375
2 1 0.8939344265625 0.9921562500000001 0.8779859484375001 0.9522187499999999 0.8516393437499999 0.925609375 0.8285011703125 0.9969531249999999 0.8651990625 0.9783125 0.8412646374999999 0.9426406249999999 0.823723653125 0.9069687500000001 0.8093442625 0.888859375 0.796580796875 0.859046875 0.7830210765625 0.829765625 0.7718501171875001 0.803671875 0.75030445 0.786640625 0.7439110062500001 0.770671875 0.7335363 0.7669374999999999 0.7239578453125 0.731265625 0.699227165625 0.72328125 0.7000234187500001 0.713171875 0.7119906328125001 0.732328125 0.7279625296875001 0.735 0.73194379375 0.742984375 0.76386416875 0.7515 0.766252928125 0.742453125 0.7439110062500001 0.744578125 0.7415222484374999 0.74884375 0.746299765625 0.783984375 0.766252928125 0.80528125 0.7854098359374999 0.8345625 0.8189227171875 0.869703125 0.8644028109375 0.914953125 0.9346370015625001 0.9447656249999999 0.9458079625 0.9831093750000001 0.9458079625 0.9958750000000001 0.9458079625 0.9980156250000001 0.9426229515625 0.9980156250000001 0.9346370015625001 0.9910937499999999 0.9250585484375 0.9793749999999999 0.9011241218749999 0.9767187500000001 0.88674473125 0.960734375 0.8644028109375 1 0.8995316156250001 1 0.8939344265625
2 0.8244374999999999 0.8883372359375 0.834359375 0.9072131140625 0.84009375 0.9198126468750001 0.8454375000000001 0.9266744734374999 0.866421875 0.9455503515625001 0.904609375 0.9695784546875 0.9023125000000001 0.962716628125 0.885890625 0.9340983609375 0.874828125 0.9158079625 0.8549843750000001 0.8963466046875 0.82596875 0.8711709609374999 0.81565625 0.8580093671875 0.80115625 0.8471428578125 0.7984843749999999 0.85229508125 0.807640625 0.8660187359375 0.8244374999999999 0.8883372359375
2 0.7063906249999999 1 0.71296875 0.9896252921875 0.70803125 0.849203746875 0.70475 0.79871194375 0.70475 0.7654332546875 0.7030937500000001 0.7358782203125 0.6932343750000001 0.7112412171875 0.677625 0.7371194375 0.671875 0.7900702578125001 0.684203125 0.9526697890625 0.698171875 1 0.7063906249999999 1
2 0.10773437500000001 0.6846370015625001 0.096421875 0.68578454375 0.007421875 0.68578454375 0 0.693700234375 0.0323125 0.702740046875 0.052671875 0.707259953125 0.083609375 0.711779859375 0.085109375 0.707259953125 0.100953125 0.6959484781249999 0.10773437500000001 0.6846370015625001
2 0.10293749999999999 0.6949414515625 0.089515625 0.70836065625 0.08440625 0.7169789234375 0.06653125 0.7294145203125 0.013515625 0.7571662765625 0.01415625 0.76482435625 0.0333125 0.7581264640625001 0.056937499999999995 0.753348946875 0.07418749999999999 0.750468384375 0.094625 0.7380327875 0.10484374999999999 0.7274941453125 0.105484375 0.717915690625 0.10995312500000001 0.692084309375 0.10293749999999999 0.6949414515625
2 0.001109375 0.7339812640625001 0.001859375 0.745292740625 0.02525 0.754332553125 0.070515625 0.7249414515625 0.08634375 0.7102341921875001 0.055421874999999995 0.7091100703125 0.001109375 0.7339812640625001
2 0.02175 0.7617330203125 0.000625 0.79451990625 0 0.809203746875 0.002890625 0.809203746875 0.024765625 0.79224824375 0.057203125 0.773044496875 0.105484375 0.7504215453125 0.100953125 0.7266744734375 0.073796875 0.7481733015625001 0.02175 0.7617330203125
2 0.14420312500000002 0.6987587828125 0.13725 0.7016861828125001 0.1328125 0.693348946875 0.1266875 0.69416861875 0.12057812500000001 0.7 0.12084375 0.7137704921875 0.120015625 0.7283372359375 0.12196875 0.7396018734375 0.128359375 0.7475175640625 0.13809375 0.749180328125 0.149203125 0.74709601875 0.15671875 0.739180328125 0.15865625 0.7279391093750001 0.158375 0.7208430906250001 0.15726562500000002 0.71416861875 0.15337499999999998 0.7037704921875 0.14420312500000002 0.6987587828125
2 0.082609375 0.7724355968750001 0.075375 0.7849414515625 0.0723125 0.7957611234375 0.068984375 0.8082669796875 0.06203125 0.8291100703125001 0.06259375 0.8286885249999999 0.07009375 0.8191100703125 0.07759374999999999 0.808688525 0.084546875 0.7970257609375 0.09121875 0.7903512874999999 0.0965 0.7790866515625 0.099 0.7661826703125 0.09567187499999999 0.7661826703125 0.08928125 0.7649414515624999 0.082609375 0.7724355968750001