2 0.7361718749999999 0.8327500000000001 0.72121875 0.7920625 0.715234375 0.7577499999999999 0.7038593750000001 0.7585416671874999 0.700265625 0.7681250000000001 0.70265625 0.7784791671875 0.707453125 0.8104166671874999 0.720609375 0.8399374999999999 0.723015625 0.8423333328125 0.7361718749999999 0.8463125 0.7361718749999999 0.8327500000000001
2 0.631890625 0.7990416671875 0.6229375 0.7805625 0.611765625 0.7853333328125001 0.6113125 0.7942708328125 0.61534375 0.8079791671875001 0.6198125 0.8169375000000001 0.6229375 0.8211041671875 0.629203125 0.84975 0.6368125 0.8879166671875 0.643515625 0.8926875000000001 0.648 0.8879166671875 0.6444062500000001 0.8885 0.64978125 0.8843333328125 0.648 0.8640625 0.63815625 0.8211041671875 0.631890625 0.7990416671875
2 0.69459375 0.8369375 0.701703125 0.8332499999999999 0.7013125 0.7832291671875 0.691046875 0.7827083328125 0.69221875 0.8242916671874999 0.69459375 0.8369375
2 0.65675 0.8615833328125 0.684546875 0.8723750000000001 0.69971875 0.8898958328125 0.717921875 0.9060833328125 0.729046875 0.9067500000000001 0.7320781249999999 0.8905625 0.7083125 0.8649583328125001 0.6896093750000001 0.8521458328125 0.667875 0.8453958328125 0.6466406250000001 0.8427083328125 0.644609375 0.8427083328125 0.644609375 0.8507916671875 0.65675 0.8615833328125
2 0.7439843749999999 0.8923541671875 0.756828125 0.9024374999999999 0.7640156250000001 0.8898333328125 0.7640156250000001 0.8737083328124999 0.7632656250000001 0.8726875 0.755328125 0.8585833328125 0.736421875 0.8364166671875 0.736046875 0.8449791671875 0.7228125000000001 0.8449791671875 0.7262187499999999 0.8530416671875001 0.7383124999999999 0.8651249999999999 0.7439843749999999 0.8752083328125 0.7439843749999999 0.8923541671875
2 0.6698125 0.9302291671875 0.666484375 0.9138125 0.65615625 0.8871874999999999 0.651828125 0.8760833328125001 0.6491718750000001 0.8703125 0.6485000000000001 0.8898541671875 0.651171875 0.9186875000000001 0.6565000000000001 0.9324583328125 0.6678124999999999 0.9364583328125 0.6698125 0.9302291671875
2 0.639546875 0.923625 0.64959375 0.9169166671875001 0.64959375 0.9109583328124999 0.6428906249999999 0.8953541671874999 0.6144375 0.8670833328124999 0.6071875 0.861125 0.592671875 0.87525 0.639546875 0.923625
2 0.921125 0.7981041671875 0.9116093749999999 0.7854375 0.90321875 0.7861875 0.90209375 0.8011041671875001 0.9088125 0.8137708328125 0.9155312500000001 0.8167500000000001 0.9199999999999999 0.8152708328125 0.921125 0.7981041671875
2 0.61484375 0.8406874999999999 0.609890625 0.8360625 0.6118750000000001 0.8281458328125 0.6257343750000001 0.8268333328124999 0.626234375 0.8248541671874999 0.620296875 0.8175833328125 0.60790625 0.8149374999999999 0.599 0.8162708328124999 0.600984375 0.8274791671875 0.595046875 0.813625 0.587609375 0.8103333328125 0.586625 0.8169166671875001 0.587609375 0.8294583328125 0.58265625 0.8354166671875 0.585640625 0.8453125 0.593546875 0.8532291671875001 0.6183125 0.8664375 0.6232656249999999 0.8671041671875 0.62721875 0.8624791671875001 0.631671875 0.8644583328125 0.631671875 0.8492708328124999 0.625234375 0.8459791671874999 0.61484375 0.8406874999999999
2 0.299515625 0.7490625 0.263671875 0.783375 0.27745312499999997 0.7968541671875 0.29307812499999997 0.8360833328125 0.32340625 0.8115625 0.328921875 0.7735833328124999 0.32156250000000003 0.7564166671875 0.299515625 0.7490625
2 0.680625 0.7807083328125 0.6755312499999999 0.7956458328125 0.6663593750000001 0.7956458328125 0.65753125 0.8047083328125 0.65753125 0.8219166671875 0.659578125 0.8250833328124999 0.6680625 0.8219166671875 0.663984375 0.8137708328125 0.667046875 0.8047083328125 0.6741718750000001 0.8019791671875 0.680625 0.8006249999999999 0.684703125 0.8006249999999999 0.68878125 0.8028958328125 0.692515625 0.817375 0.692171875 0.8123958328124999 0.690484375 0.7856875 0.687765625 0.78025 0.682328125 0.7784375 0.680625 0.7807083328125
2 0.6782812500000001 0.9425833328125 0.6896093750000001 0.9466458328125 0.71009375 0.9524583328125 0.7105312500000001 0.94375 0.707921875 0.9385208328125 0.7052968749999999 0.9350208328124999 0.699640625 0.9321249999999999 0.690046875 0.9303750000000001 0.683515625 0.9327083328124999 0.67959375 0.9373541671875 0.6782812500000001 0.9425833328125