3 0.420484375 0.823122065625 0.4334375 0.8210563375 0.44775 0.8200469484375 0.46343750000000006 0.8210563375 0.46615624999999994 0.8210563375 0.4695625 0.8087793421875 0.4695625 0.7975117375 0.47024999999999995 0.7831690140625 0.46479687500000005 0.7831690140625 0.46479687500000005 0.772934271875 0.46548437500000006 0.7575586859375 0.471609375 0.7524413140624999 0.47639062499999996 0.734014084375 0.47503124999999996 0.7237793421875 0.46889062499999995 0.7155868546875 0.47298437499999996 0.706361503125 0.47503124999999996 0.6889436625 0.46548437500000006 0.679741784375 0.453890625 0.6787089203125001 0.4484375 0.690985915625 0.446390625 0.6858685453125 0.439578125 0.66948356875 0.42526562500000004 0.6776760562499999 0.41776562500000003 0.6971361500000001 0.411625 0.6920187796875 0.40276562499999996 0.6858685453125 0.391859375 0.6848591546875 0.38571875 0.6961267609374999 0.38503125 0.7155868546875 0.39321875 0.7196713609375001 0.391859375 0.7360563375 0.391859375 0.7575586859375 0.390484375 0.780093896875 0.390484375 0.8046713609375 0.394578125 0.8220892015624999 0.399359375 0.8210563375 0.411625 0.8210563375 0.420484375 0.823122065625
0 0.387890625 0.7854225359375 0.3884375 0.759741784375 0.39064062499999996 0.7357277 0.38678124999999997 0.7216431921875001 0.383484375 0.705070421875 0.380171875 0.6901643187500001 0.36859375 0.6876760562500001 0.35921875000000003 0.6893427234375 0.34875 0.6918309859375 0.338265625 0.686854459375 0.33220312500000004 0.681877934375 0.320078125 0.6885211265625 0.31842187499999997 0.7017605640625 0.31842187499999997 0.7067370890625 0.320078125 0.7133568078125 0.323390625 0.72910798125 0.31953125 0.7456572765625 0.31070312499999997 0.7398591546875 0.3024375 0.7464788734375001 0.299125 0.7589201875 0.29140625 0.77051643125 0.29196875 0.787065728125 0.28700000000000003 0.807769953125 0.28425 0.8185446015625001 0.288109375 0.8210328640625001 0.31070312499999997 0.8243427234375 0.35921875000000003 0.819366196875 0.395609375 0.8260093890625001 0.392296875 0.8202112671874999 0.39340625 0.807769953125 0.387890625 0.7854225359375
0 0.551046875 0.745985915625 0.549625 0.76269953125 0.55571875 0.77051643125 0.561640625 0.7745539906250001 0.566125 0.7734741781250001 0.5718593750000001 0.7696948359375 0.57346875 0.7637793421875 0.5713125 0.7546009390624999 0.5671875 0.748145540625 0.563421875 0.7432863843749999 0.5610937500000001 0.743826290625 0.55625 0.742746478125 0.551046875 0.745985915625
0 0.5943125 0.799201878125 0.599375 0.8009389671875 0.60375 0.79194835625 0.60375 0.79159624375 0.6088125 0.7870892015625001 0.60490625 0.7791549296875 0.602140625 0.7732629109375 0.593390625 0.7715492953124999 0.58603125 0.7850234734375 0.58440625 0.7864084499999999 0.5885625 0.793661971875 0.5943125 0.799201878125
0 0.635609375 0.8176525828125 0.6384375 0.81659624375 0.64409375 0.8229812203125 0.65046875 0.8219248828125 0.6525937500000001 0.8155399062500001 0.65046875 0.805962440625 0.64621875 0.7996009390625 0.639140625 0.7910798125 0.6320781249999999 0.7985211265625 0.629953125 0.8134037562499999 0.635609375 0.8176525828125
0 0.48125 0.7385211265625 0.470796875 0.75769953125 0.46731249999999996 0.7681690140625 0.46848437499999995 0.8117370890625001 0.6355625 0.8256807515625001 0.6564375 0.7960563375 0.670359375 0.7821126765625 0.6808125 0.7646713609375 0.678484375 0.7524882625 0.6645625 0.740281690625 0.625109375 0.7367840375 0.6193125 0.733309859375 0.613515625 0.726338028125 0.608875 0.703661971875 0.608875 0.682746478125 0.598421875 0.6688028171875 0.5821875000000001 0.6688028171875 0.549703125 0.6792722999999999 0.5276562499999999 0.6810093890625 0.5056093749999999 0.6810093890625 0.502125 0.6810093890625 0.47660937499999995 0.6845070421874999 0.46848437499999995 0.6723004687499999 0.473125 0.717605634375 0.48125 0.7385211265625
0 0.658125 0.7940845078125001 0.662921875 0.7762910796875 0.662640625 0.7627230046875 0.6541718750000001 0.7593427234375 0.6471250000000001 0.76018779375 0.640921875 0.7639906109375 0.63753125 0.772042253125 0.63725 0.783497653125 0.639796875 0.794929578125 0.6454375 0.79875586875 0.64853125 0.79875586875 0.658125 0.7940845078125001
0 1 0.6907277 0.994453125 0.6920187796875 0.9901562500000001 0.7017370890625 0.9880000000000001 0.7043192484375 0.9836874999999999 0.7049530515625 0.9759375 0.712065728125 0.973796875 0.715962440625 0.968625 0.714014084375 0.96303125 0.7127230046874999 0.961734375 0.71338028125 0.9574374999999999 0.719178403125 0.9604531250000001 0.732769953125 0.9625937499999999 0.7392488265625 0.97421875 0.7366431921875 0.97809375 0.7437793421875 0.98628125 0.745070421875 0.991875 0.7418309859375001 1 0.7366431921875 1 0.7360093890625 1 0.6907277
0 0.6911562499999999 0.805633803125 0.679296875 0.807605634375 0.672703125 0.8234272296875 0.680609375 0.8293661968749999 0.7016875 0.8254225359375 0.700375 0.8115492953125001 0.6911562499999999 0.805633803125
2 0.5655 0.559201878125 0.56621875 0.571173709375 0.56803125 0.580962440625 0.570921875 0.592934271875 0.573828125 0.6038028171875001 0.578890625 0.6217605640625 0.57925 0.6266666671875 0.5915625 0.6364553984375 0.607859375 0.6364553984375 0.623796875 0.6310093890624999 0.6386406250000001 0.6375352109375 0.6495 0.6326291078125 0.6545625 0.6195774640625 0.660359375 0.59946009375 0.663625 0.583145540625 0.6705 0.5727934265625 0.674125 0.5695305171875 0.68209375 0.5673708921875 0.6864375 0.558122065625 0.68825 0.547769953125 0.68028125 0.5265727703125 0.677015625 0.5271126765624999 0.6737656249999999 0.52983568125 0.666875 0.5271126765624999 0.653484375 0.522746478125 0.6476875 0.5243896718750001 0.641890625 0.540704225 0.63971875 0.540704225 0.63103125 0.5271126765624999 0.625609375 0.52873239375 0.61365625 0.52983568125 0.604234375 0.5319953046875 0.579984375 0.5260093890624999 0.576359375 0.523286384375 0.570921875 0.534718309375 0.5655 0.559201878125
0 0.627765625 0.739014084375 0.63815625 0.735281690625 0.652515625 0.73305164375 0.6658906250000001 0.7434741781249999 0.67678125 0.7509154921875 0.68421875 0.7672769953125 0.672828125 0.779178403125 0.675796875 0.784389671875 0.656484375 0.797769953125 0.6614375 0.8081924875000001 0.672328125 0.8171126765625001 0.672328125 0.8208450703124999 0.6857031250000001 0.8253051640625 0.7258125 0.8230751171874999 0.743640625 0.82159624375 0.747109375 0.8104225359375 0.74909375 0.8 0.754046875 0.784389671875 0.762953125 0.7709859156250001 0.7634531250000001 0.7568544593750001 0.74809375 0.7486854453125 0.74809375 0.7345305171875001 0.74809375 0.7174413140625 0.734734375 0.7174413140625 0.727796875 0.7263615031249999 0.72334375 0.7226291078125 0.719875 0.71446009375 0.707984375 0.70551643125 0.69659375 0.6958450703125 0.682234375 0.69213615 0.6644062500000001 0.685446009375 0.65153125 0.685446009375 0.647078125 0.686173709375 0.636671875 0.694366196875 0.6351875 0.6891549296874999 0.6233125 0.698826290625 0.62628125 0.70551643125 0.6292500000000001 0.712957746875 0.6287499999999999 0.7196713609375001 0.624296875 0.7196713609375001 0.6134062499999999 0.7219014078125 0.614390625 0.7248591546875 0.61984375 0.735281690625 0.627765625 0.739014084375