1 0.42134375 0.8423125 0.44157812500000004 0.89625 0.49214062500000005 0.8692916671875001 0.52078125 0.8153541671875001 0.5578593749999999 0.7793958328125 0.57471875 0.7164791671875 0.5174218749999999 0.5344583328125 0.483703125 0.48727083281250005 0.45 0.47602083281249996 0.42471875 0.5164791671875 0.382578125 0.5546875 0.384265625 0.6580625 0.3994375 0.7164791671875 0.42134375 0.8423125
1 0.635390625 0.7848333328125 0.665734375 0.7825833328125 0.682578125 0.7376458328125 0.67078125 0.555625 0.6286562499999999 0.4949375 0.6286562499999999 0.4365208328125 0.5983125 0.4297708328125 0.54775 0.4657291671875 0.51909375 0.5151666671874999 0.534265625 0.5398958328125001 0.56965625 0.7196666671874999 0.5949375 0.8140416671875 0.6151718749999999 0.8275208328125 0.635390625 0.7848333328125
1 0.733109375 0.8468541671875001 0.797296875 0.8108124999999999 0.8006718749999999 0.759 0.83953125 0.7094583328125 0.831078125 0.5878333328124999 0.793921875 0.48872916718750004 0.7702656250000001 0.4684583328125 0.77534375 0.42793749999999997 0.766890625 0.4166666671875 0.7415468749999999 0.40991666718750003 0.72465625 0.4166666671875 0.71790625 0.4256666671875 0.672296875 0.5315416671875 0.68075 0.6779375 0.699328125 0.7995416671875 0.733109375 0.8468541671875001
1 0.7631875 0.4571458328125 0.7698437499999999 0.4762291671875 0.790140625 0.48954166718750003 0.8247500000000001 0.5694166671875001 0.8200937500000001 0.5303541671875001 0.8141093749999999 0.4966458328125 0.8034531250000001 0.4181041671875 0.7878125 0.39147916718750003 0.78115625 0.3786041671875 0.7708437499999999 0.3755 0.7708437499999999 0.37906249999999997 0.761859375 0.41500000000000004 0.7631875 0.4571458328125
1 0.84796875 0.4031458328125 0.86825 0.4729791671875 0.88175 0.5855833328125 0.9155468750000001 0.6486458328125 0.9831093750000001 0.5855833328125 0.9983124999999999 0.50225 0.956078125 0.376125 0.93075 0.3603541671875 0.8766875000000001 0.380625 0.90034375 0.369375 0.8699375 0.369375 0.84796875 0.4031458328125
1 0.35729687499999996 0.6898958328125 0.3471875 0.6202291671875 0.32021875 0.5707916671875 0.33034375 0.5370833328125 0.3016875 0.5146041671875 0.27640625 0.5303333328125001 0.2561875 0.5595416671875 0.22415625 0.5797708328125 0.198875 0.6045 0.17190624999999998 0.6449374999999999 0.161796875 0.6988749999999999 0.160109375 0.7595416671875 0.161796875 0.8292083328125001 0.17696875 0.8719166671874999 0.20056250000000003 0.8898958328125 0.21573437499999998 0.8584166671875 0.2545 0.8898958328125 0.27134375 0.907875 0.306734375 0.907875 0.342140625 0.8067500000000001 0.35729687499999996 0.6898958328125
1 0.60090625 0.42993750000000003 0.626484375 0.43129166718749995 0.6295468750000001 0.4981458328125 0.632625 0.5049583328125 0.66434375 0.548625 0.6684375 0.5390625 0.697078125 0.46950000000000003 0.701171875 0.45175 0.68378125 0.4094583328125 0.67559375 0.3671666671875 0.657171875 0.3507916671875 0.63875 0.32487499999999997 0.6295468750000001 0.32487499999999997 0.61625 0.32760416718749996 0.601921875 0.3467083328125 0.5916875 0.3630833328125 0.561 0.3767291671875 0.5395 0.42856249999999996 0.5395 0.47085416718750006 0.55178125 0.4613125 0.578390625 0.43539583281249994 0.60090625 0.42993750000000003
1 0.25865625 0.4787916671875 0.257140625 0.5534583328125 0.273796875 0.5191458328125 0.30256249999999996 0.5110833328125 0.3298125 0.5332916671875 0.32829687500000004 0.5756666671875 0.3434375 0.6483333328125 0.34646875 0.787625 0.36765625 0.7896458328125 0.3843125 0.7674375 0.3843125 0.7190000000000001 0.3843125 0.6887083328125 0.3843125 0.6584375 0.38128125 0.5595208328125 0.3974375 0.5352916671875 0.40803124999999996 0.517125 0.3974375 0.45860416718749997 0.3838125 0.4222708328125 0.35353124999999996 0.4141875 0.34596875 0.40610416718750003 0.32628124999999997 0.3980416671875 0.311640625 0.3980416671875 0.279859375 0.4101458328125 0.25865625 0.4787916671875
1 0.076171875 0.45964583281250004 0.025390625 0.4257916671875 0.0078125 0.44662499999999994 0.041015625 0.49089583281250004 0.064453125 0.5846458328125 0.11328125 0.6184999999999999 0.109375 0.5820416671875 0.12109375 0.5247499999999999 0.1640625 0.5247499999999999 0.181640625 0.4179791671875 0.146484375 0.3398541671875 0.11328125 0.3320416671875 0.095703125 0.39714583281250004 0.087890625 0.41277083281250004 0.076171875 0.45964583281250004
1 0.159 0.679125 0.181984375 0.6264375 0.208640625 0.5957916671875 0.24171874999999998 0.5712916671875 0.258265625 0.5516875 0.2591875 0.5308541671875 0.25182812499999996 0.5075624999999999 0.23160937499999998 0.45487500000000003 0.21598437499999998 0.4303541671875 0.195765625 0.4352708328125 0.1810625 0.4683541671875 0.16084375 0.5124583328125001 0.144296875 0.5578125 0.11671875000000001 0.6411458328124999 0.1314375 0.6987291671875 0.13970312499999998 0.6987291671875 0.147046875 0.6901666671875 0.159 0.679125
1 0.25159375 0.3113333328125 0.249265625 0.3227083328125 0.24693749999999998 0.3227083328125 0.22596875 0.3247916671875 0.222875 0.3444375 0.21589062499999997 0.3547916671875 0.20812499999999998 0.3672083328125 0.20035937499999998 0.394125 0.194921875 0.4293125 0.21356250000000002 0.42725 0.22985937500000003 0.44897916718750003 0.248484375 0.5017708328125 0.263234375 0.4779583328125 0.27565625 0.4262083328125 0.286515625 0.4044791671875 0.31057812500000004 0.3961875 0.302046875 0.3848125 0.28575 0.3641041671875 0.272546875 0.3320208328125 0.271 0.3258125 0.25625 0.30924999999999997 0.25159375 0.3113333328125
1 0.032218750000000004 0.5507708328125 0.021390625 0.5738749999999999 0.0008281250000000001 0.5782083328125001 0 0.6056250000000001 0.00190625 0.7571875 0 0.8337083328125001 0.032218750000000004 0.8466875 0.059281249999999994 0.8279375 0.0939375 0.8013541671875 0.127484375 0.7234166671875 0.121 0.6598958328125 0.09717187499999999 0.6108125 0.07228124999999999 0.6064791671875 0.052796875 0.5458541671875 0.050624999999999996 0.5334583328125 0.039796874999999995 0.5406666671875 0.032218750000000004 0.5507708328125
1 0.037078125 0.5427291671875001 0.050984375000000005 0.5322916671875 0.037515625000000004 0.4847708328125 0.011421875 0.45056250000000003 0 0.4525 0.0005625 0.5804166671875 0.022296875 0.5717083328125 0.037078125 0.5427291671875001