1 0.73509375 0.2149180328125 0.735375 0.205971896875 0.733953125 0.2025761125 0.73309375 0.1974707265625 0.729125 0.1914988296875 0.72571875 0.1910772828125 0.7245781250000001 0.1914988296875 0.724015625 0.197892271875 0.7242968750000001 0.20384075 0.7248593750000001 0.2106557375 0.727140625 0.21578454374999997 0.72684375 0.21407494218749998 0.72996875 0.21833723593749998 0.73509375 0.2149180328125
1 0.139484375 0.560515221875 0.128609375 0.5545901640625 0.12464062499999999 0.5456908671875 0.12068749999999999 0.53384075 0.11376562500000001 0.5308665109375 0.1088125 0.517540984375 0.10189062499999998 0.5190163937500001 0.098921875 0.513091334375 0.08903124999999999 0.5190163937500001 0.09496875 0.5456908671875 0.08409375 0.55163934375 0.093984375 0.5620140515625 0.091015625 0.5694145203125001 0.095953125 0.5783138171875 0.104859375 0.5783138171875 0.1088125 0.5857377046875001 0.11474999999999999 0.5857377046875001 0.11574999999999999 0.5931381734375 0.12464062499999999 0.597587821875 0.127609375 0.5901873531249999 0.139484375 0.5931381734375 0.1375 0.588688525 0.14046875 0.5709133484375 0.139484375 0.560515221875
1 0.788609375 0.1762060890625 0.787 0.1826932078125 0.78753125 0.1867213109375 0.790234375 0.1861826703125 0.794359375 0.1829508203125 0.795984375 0.1894145203125 0.79940625 0.188875878125 0.8002968750000001 0.188079625 0.80084375 0.177564403125 0.801734375 0.1697423890625 0.7974218750000001 0.170819671875 0.788609375 0.1762060890625
1 0.664234375 0.3547306796875 0.65734375 0.3622716625 0.654828125 0.3660187359375 0.6523125000000001 0.37259953125 0.6516875 0.3867213109375 0.65796875 0.38388758749999996 0.662984375 0.38011709531250004 0.672390625 0.3697892265625 0.67365625 0.356627634375 0.67428125 0.3490866515625 0.664234375 0.3547306796875
1 0.752625 0.278196721875 0.7670625 0.271615925 0.780234375 0.287611240625 0.7984218750000001 0.2904215453125 0.8153750000000001 0.299836065625 0.839203125 0.24997658125000002 0.839203125 0.21426229531250002 0.8323124999999999 0.20014051562500002 0.8185 0.19449648749999998 0.8009375000000001 0.18416861874999998 0.8021874999999999 0.165339578125 0.795296875 0.167236534375 0.7789843750000001 0.1691100703125 0.76265625 0.16817330156250002 0.75075 0.15030444999999998 0.722515625 0.1606557375 0.719375 0.16159250625 0.688625 0.16159250625 0.6854843749999999 0.1822716625 0.6716875 0.21142857187500003 0.6716875 0.2274238875 0.6697968750000001 0.2405854796875 0.684859375 0.2528103046875 0.71371875 0.2528103046875 0.731296875 0.2734894609375 0.752625 0.278196721875
1 0.145296875 0.5983138171875 0.152078125 0.6051053859375 0.1505625 0.6017096015625001 0.160375 0.6130210765624999 0.162640625 0.6085011703125 0.17320312499999999 0.6186651046875 0.17696875 0.6096252921875001 0.179984375 0.6232084312499999 0.19734374999999998 0.6186651046875 0.203375 0.6232084312499999 0.20564062500000002 0.6051053859375 0.22071875 0.5892740046875 0.21996875 0.5779859484375 0.22146875000000002 0.5598829046875 0.21770312500000003 0.5519672124999999 0.20412499999999997 0.5825058546874999 0.1943125 0.5836299765625 0.180734375 0.5858782203125 0.179984375 0.5825058546874999 0.179984375 0.5779859484375 0.183765625 0.5689227171875 0.179984375 0.5598829046875 0.17470312500000001 0.5632786890625 0.17093750000000002 0.5621545671875 0.1701875 0.5655269328125 0.16414062499999998 0.548571428125 0.157359375 0.5519672124999999 0.14906250000000001 0.5542388765624999 0.142265625 0.5666744734375 0.140015625 0.55648711875 0.140015625 0.5836299765625 0.14303125 0.5949414515625 0.14754687500000002 0.5983138171875 0.146796875 0.5983138171875 0.145296875 0.5983138171875
1 0.11973437499999999 0.672412178125 0.116203125 0.67416861875 0.117390625 0.6865105390624999 0.126203125 0.7059016390624999 0.150296875 0.7129274 0.159109375 0.7041217796875 0.16440625 0.7129274 0.16675 0.7014812640625 0.174390625 0.69884075 0.174984375 0.705011709375 0.182328125 0.6992857140625001 0.18203125 0.696200234375 0.189671875 0.69355971875 0.18496875 0.685620609375 0.188203125 0.6794613578125 0.1973125 0.6847540984375 0.209078125 0.6680093671875 0.183796875 0.6468618265625 0.150890625 0.6415925062500001 0.12678125 0.6398126468750001 0.13090625 0.6521545671875 0.126203125 0.6609601875 0.12090624999999999 0.6609601875 0.11973437499999999 0.672412178125
1 0.65084375 0.324847775 0.649828125 0.3359016390625 0.65390625 0.3427868859375 0.65771875 0.344683840625 0.6620468749999999 0.342388759375 0.6633125 0.3305620609375 0.6617968750000001 0.3130210765625 0.66153125 0.311124121875 0.658484375 0.3164637 0.65084375 0.324847775
1 0.23978125 0.5800936765625 0.23199999999999998 0.575995315625 0.22559374999999998 0.575995315625 0.21964062499999998 0.5835363 0.21779687499999997 0.5876580796875001 0.21276562499999999 0.6013817328125 0.21779687499999997 0.6212880562499999 0.224671875 0.624028103125 0.23199999999999998 0.6315690859374999 0.24025 0.6336299765625 0.245734375 0.64255269375 0.2516875 0.6473770484375 0.267265625 0.6356908671875 0.281 0.6247072593749999 0.29015625 0.6144262296874999 0.29565625 0.5993208437499999 0.287875 0.602060890625 0.28512499999999996 0.586276346875 0.281921875 0.586955503125 0.274125 0.5897189703125 0.2654375 0.596580796875 0.2571875 0.6055035125 0.24803125 0.59384075 0.2503125 0.5910772828125 0.24803125 0.586955503125 0.23978125 0.5800936765625
1 0.71784375 0.4871194375 0.7152499999999999 0.4923185015625 0.7128593750000001 0.511803278125 0.714375 0.5179625296875 0.7165468749999999 0.5192740046875 0.7213125 0.506276346875 0.7204375 0.5007494140625 0.720875 0.4949180328125 0.724125 0.4913348953125 0.7278125 0.48906323125 0.7269375 0.48451990624999997 0.724984375 0.47868852500000003 0.720875 0.47543325468750003 0.72021875 0.4825761125 0.71784375 0.4871194375
1 0.736 0.2738173296875 0.7321718749999999 0.2671428578125 0.7226250000000001 0.2623653390625 0.716890625 0.255667446875 0.700328125 0.25950819687500004 0.6996875 0.2547306796875 0.68821875 0.248992975 0.676109375 0.2499531609375 0.663375 0.2480327875 0.656359375 0.24613583125 0.6544531250000001 0.26332552656249997 0.648078125 0.2642622953125 0.648078125 0.28526932031249996 0.65 0.3263466046875 0.65190625 0.3444730671875 0.658921875 0.3463934421875 0.671015625 0.3406557375 0.682484375 0.3244262296875 0.688859375 0.31583138125 0.7226250000000001 0.3129742390625 0.73790625 0.31775175624999996 0.75065625 0.318688525 0.763390625 0.327283371875 0.7755 0.3406557375 0.772953125 0.3511709609375 0.776765625 0.3559250578125 0.789515625 0.3444730671875 0.800984375 0.3263466046875 0.8047968750000001 0.30149882968749997 0.8047968750000001 0.29386416875 0.7946093750000001 0.2900468390625 0.786328125 0.284332553125 0.776765625 0.279555034375 0.7659374999999999 0.27 0.7621249999999999 0.2709601875 0.753203125 0.2738173296875 0.7461875 0.2785948484375 0.736 0.2738173296875
1 0.7077656250000001 0.4099297421875 0.7077656250000001 0.40686182656250003 0.7029062500000001 0.40072599531249997 0.7008593750000001 0.3976580796875 0.69471875 0.3938173296875 0.688828125 0.39229508125 0.6821875000000001 0.3915222484375 0.6796249999999999 0.3926697890625 0.67859375 0.399203746875 0.68140625 0.4018735359375 0.6880625 0.409555034375 0.6949687499999999 0.41030445000000004 0.7031562499999999 0.4099297421875 0.7077656250000001 0.4099297421875