0 0.44439062500000004 0.7974468078125 0.44503125 0.7982398453124999 0.44439062500000004 0.7998452609375 0.440515625 0.8126112187500001 0.440515625 0.82139265 0.43859375 0.8405415859375 0.44503125 0.8564990328125001 0.44760937500000003 0.8612959375000001 0.464375 0.8628820109375 0.481140625 0.85251450625 0.488875 0.8413346234375 0.49209375 0.8277756281249999 0.49145312499999994 0.8062282406250001 0.48048437499999996 0.7918568671874999 0.46823437500000004 0.787079303125 0.45276562499999995 0.79027079375 0.45728125000000003 0.7886653765625 0.4501875 0.79027079375 0.44439062500000004 0.7974468078125
0 0.262796875 0.8946421656249999 0.25782812499999996 0.89704061875 0.248546875 0.9005609281250001 0.24143750000000003 0.9081624765624999 0.23621875 0.9122630562499999 0.23289062500000002 0.9175628625 0.231 0.9252030953125001 0.230515625 0.9205029015624999 0.22957812500000002 0.9140232109375 0.22625 0.9105029015625 0.223875 0.9052224375 0.22149999999999997 0.8981624765625 0.21770312500000003 0.892301740625 0.21201562499999999 0.8934816250000001 0.214390625 0.8958220499999999 0.215328125 0.9017021281250001 0.215328125 0.9069825921874999 0.21201562499999999 0.913442940625 0.205375 0.91696325 0.20015624999999998 0.9122630562499999 0.19778125 0.9140232109375 0.19398437500000001 0.9140232109375 0.184015625 0.909342359375 0.17546875 0.9069825921874999 0.16978125 0.9046421656250001 0.16407812500000002 0.9034622828125001 0.16407812500000002 0.9052224375 0.16407812500000002 0.9163829781249999 0.16503125000000002 0.9163829781249999 0.16978125 0.9187234046875 0.176890625 0.9199032875 0.18448437499999998 0.92696325 0.18828125 0.9316634421875 0.19303125000000002 0.9363636359375 0.19778125 0.947524178125 0.20299999999999999 0.9563249515625 0.21581250000000002 0.954564796875 0.22909375 0.9481044484375 0.2319375 0.952224371875 0.23810937499999998 0.9645454546875 0.240015625 0.96808510625 0.24474999999999997 0.973945840625 0.25187499999999996 0.9798259187499999 0.258046875 0.9851063828125 0.26515625 0.9880464218749999 0.27323437500000003 0.98922630625 0.28225 0.9804061890625 0.298375 0.9721856859375 0.306921875 0.9645454546875 0.31071875000000004 0.9539845265625001 0.30929687499999997 0.9445841390625 0.307875 0.9316634421875 0.301703125 0.9193230171875 0.2974375 0.9111025140625 0.294109375 0.9017021281250001 0.270078125 0.8966731140625 0.2718125 0.8934816250000001 0.268484375 0.8934816250000001 0.262796875 0.8946421656249999
0 0.952328125 1 0.952328125 0.9907543515624999 0.9510156249999999 0.96330754375 0.9457968749999999 0.9390909093750001 0.91971875 0.9245647968749999 0.896234375 0.9326305609375 0.8818906249999999 0.9487814312499999 0.87928125 0.97783365625 0.8727656250000001 0.998820115625 0.8949374999999999 1 0.932765625 1 0.952328125 1
0 0.70996875 0.9226305609375001 0.71075 0.9155899421875 0.71075 0.9092069625000001 0.7086875 0.897698259375 0.70221875 0.8909864609374999 0.694734375 0.8861895546874999 0.687765625 0.8861895546874999 0.683890625 0.8881044484375 0.67925 0.8884332687500001 0.6712343749999999 0.8884332687500001 0.667109375 0.8938684718750001 0.666859375 0.901528046875 0.6676249999999999 0.910483559375 0.668140625 0.9181624765624999 0.670203125 0.9245454546874999 0.6733125 0.9287040624999999 0.679765625 0.9341392656249999 0.687765625 0.93669245625 0.698609375 0.9357253390625001 0.7009375 0.9318955515624999 0.7050625 0.9287040624999999 0.70996875 0.9226305609375001
0 0.6201875 0.4669825921875 0.63203125 0.4634235984375 0.639203125 0.45232108281250005 0.63990625 0.4376789171875 0.6395625 0.429690521875 0.635609375 0.4208123796875 0.628796875 0.41460348125 0.624859375 0.4141586078125 0.615890625 0.41504835625 0.613734375 0.417698259375 0.611234375 0.41504835625 0.60334375 0.417698259375 0.600109375 0.424816246875 0.596890625 0.43280464218750003 0.593296875 0.4425531921875 0.594734375 0.446557059375 0.609078125 0.4372340421875 0.61553125 0.446557059375 0.618046875 0.45543520312499997 0.6201875 0.4669825921875
0 0.206984375 0.9149129593750001 0.20993750000000003 0.9133849125 0.210671875 0.9124564796874999 0.21389062499999997 0.9106382984374999 0.21412499999999998 0.9091102515625 0.21412499999999998 0.9072727265625 0.20993750000000003 0.8944487421874999 0.20796874999999998 0.89139265 0.20056250000000003 0.890483559375 0.19859374999999999 0.8923210828125001 0.197109375 0.9133849125 0.202296875 0.9149129593750001 0.20426562499999998 0.9152030953124999 0.206984375 0.9149129593750001
0 0.10228124999999999 0.7314893609374999 0.078984375 0.7266731140625 0.0760625 0.7350870406250001 0.077046875 0.75191489375 0.0721875 0.7639264984375 0.099359375 0.7711412 0.117015625 0.7838491296875 0.11768749999999999 0.7541005796875 0.12168749999999999 0.7359187625 0.11975 0.7411025140625 0.10228124999999999 0.7314893609374999
0 0.999015625 0.9991489359375001 1 0.9637524171875 0.9931093750000001 0.96191489375 0.9723906250000001 0.959787234375 0.95734375 0.9683172140625 0.9526562500000001 0.9838878140625 0.9531562499999999 0.9997678921875 0.953890625 1 0.999015625 0.9991489359375001
0 0.655078125 0.631431334375 0.643078125 0.6328433265625 0.6319375 0.6388588000000001 0.6299375 0.6484139265625 0.633375 0.6607930375 0.63565625 0.6643326890625 0.641375 0.6643326890625 0.651375 0.6625531921875 0.6559375000000001 0.668568665625 0.66109375 0.66644100625 0.6679375000000001 0.6607930375 0.67109375 0.6413346234375 0.667375 0.6360154734375 0.655078125 0.631431334375
0 0.8145 0.7241586078125 0.82284375 0.726131528125 0.8300000000000001 0.72121856875 0.83278125 0.714816246875 0.834765625 0.708916828125 0.834765625 0.6990715671875 0.8335781250000001 0.6911992265625 0.832390625 0.6892263062499999 0.829203125 0.6877562859374999 0.8208593750000001 0.690212765625 0.8192656250000001 0.6887234046875 0.8180781250000001 0.678394584375 0.8065468750000001 0.6833268859375 0.801375 0.6975822046875 0.8025781249999999 0.710386846875 0.8081406250000001 0.7207156671875 0.8145 0.7241586078125
0 0.9496249999999999 0.122920696875 0.9609687499999999 0.11748549374999999 0.9650000000000001 0.1093230171875 0.970109375 0.09982591874999999 0.965359375 0.0803481625 0.960609375 0.074468084375 0.9474375 0.074468084375 0.94340625 0.0776402328125 0.94121875 0.084874275 0.9349999999999999 0.08216634375000001 0.9349999999999999 0.0830754359375 0.926953125 0.0970986453125 0.93390625 0.111605415625 0.9408593749999999 0.11748549374999999 0.9496249999999999 0.122920696875
0 0.21976562500000002 0.75 0.219203125 0.73696325 0.20810937499999999 0.7232301734375 0.193703125 0.7184139265625 0.1820625 0.72460348125 0.16653125 0.7383365578125 0.163203125 0.752746615625 0.16653125 0.7671566734375 0.195921875 0.7767698265625 0.20810937499999999 0.7712765953125 0.21421874999999999 0.7616634421875 0.21976562500000002 0.75
0 0.649953125 0.96974855 0.6634218749999999 0.972475821875 0.6771874999999999 0.968046421875 0.6923125 0.952050290625 0.694515625 0.9401160546874999 0.676078125 0.9302514499999999 0.6615 0.9138878140625 0.654625 0.9128820109375001 0.6452656250000001 0.9230947781250001 0.6405937500000001 0.9343326890625001 0.6392187500000001 0.9523791109375 0.649953125 0.96974855
0 0.71875 1 0.725 0.9903288203124999 0.7234375 0.9787234046875 0.7078125 0.9690522250000001 0.7015625 0.9709864609375 0.6984375 0.9632495171875 0.6890625 0.955512571875 0.6821811875 0.9176093609375 0.5734375 0.106382978125 0.5765625 0.10058027031250001 0.5765625 0.0928433265625 0.571875 0.0851063828125 0.5640625 0.0812379109375 0.5546875 0.058027079687500004 0.5609375 0.044487428125 0.559375 0.030947775 0.553125 0.0251450671875 0.5484375 0.027079303125 0.534375 0.00773694375 0.5296875 0.00773694375 0.5203125 0.0135396515625 0.51875 0.0174081234375 0.3221354171875 0.056092843749999996 0.315625 0.056092843749999996 0.3142708328125 0.057640232812500004 0.3078125 0.0554480984375 0.30640625 0.0591876203125 0.3 0.054803351562500005 0.29854166718749997 0.060735009375 0.2921875 0.0541586078125 0.2906770828125 0.0622823984375 0.2859375 0.058027079687500004 0.2828125 0.0638297875 0.279876078125 0.0728339890625 0.28203125 0.0773694390625 0.2769396546875 0.0818381921875 0.28125 0.090909090625 0.2740032328125 0.0908423921875 0.115436421875 0.5770693 0.11875 0.5822050296875 0.1125 0.5860735015625 0.1109375 0.5899419734375 0.1109375 0.6015473890624999 0.1155208328125 0.6085106390624999 0.1140625 0.6170212765625 0.1203125 0.622823984375 0.1394886359375 0.709864603125 0.14656249999999998 0.7079303671875 0.14671875 0.717601546875 0.14161931875 0.7195357828125 0.146875 0.7272727265625 0.14375 0.7292069624999999 0.134375 0.742746615625 0.1296875 0.7388781437499999 0.1203125 0.742746615625 0.115625 0.7872340421875 0.1234375 0.796905221875 0.1421875 0.7988394578125 0.15 0.789168278125 0.15 0.7678916828125 0.146875 0.75435203125 0.1546875 0.7524177953125 0.1578125 0.7466150875 0.15625 0.7330754359375 0.14640625000000002 0.6982591874999999 0.145625 0.6499032875 0.165625 0.6499032875 0.16875 0.6441005796875 0.175 0.64216634375 0.1796875 0.6363636359375 0.18125 0.622823984375 0.1765625 0.615087040625 0.16875 0.6131528046875 0.1609375 0.6208897484375 0.146875 0.62669245625 0.13968750000000002 0.6216634421875 0.140625 0.6015473890624999 0.134375 0.5880077375 0.1265625 0.5822050296875 0.2875 0.10058027031250001 0.3078125 0.10251450625 0.3140625 0.0967117984375 0.3171875 0.0773694390625 0.3203125 0.07156673125 0.3203125 0.0638297875 0.5171875 0.044487428125 0.5239109843749999 0.04583553125 0.521875 0.0502901359375 0.5256313125000001 0.055311334375 0.5234375 0.058027079687500004 0.5273516421875 0.06478713593749999 0.5234375 0.07156673125 0.5290719703125 0.0742629375 0.5234375 0.0851063828125 0.5307922984375 0.083738740625 0.5325126265625 0.09321454375 0.5265625 0.098646034375 0.5342329546875 0.102690346875 0.5375 0.10831721406249999 0.5359532828125 0.11216614843749999 0.6804608578125 0.9081335609375 0.68125 0.9632495171875 0.6734375 0.9709864609375 0.6546875 0.9709864609375 0.65625 0.9903288203124999 0.6609375 0.996131528125 0.6703125 1 0.71875 1