2 0.4028125 0.7948251749999999 0.4028125 0.7666666671875 0.3760625 0.5976456875 0.366625 0.5835664328125 0.355609375 0.5929603734375 0.36190625 0.6751282046875 0.3839375 0.7643123546874999 0.3839375 0.82065268125 0.4028125 0.7948251749999999
2 0.41996874999999995 1 0.419640625 0.9991841484374999 0.418 0.9836363640625001 0.418 0.981678321875 0.4166875 0.96452214375 0.41262499999999996 0.9502797203125001 0.40878125 0.9416083921875 0.404734375 0.931794871875 0.4024375 0.9182284375 0.396953125 0.9072727265625 0.392890625 0.9035198140625 0.39070312500000004 0.9072727265625 0.391140625 0.91806526875 0.3916875 0.9205128203124999 0.392671875 0.924941725 0.39553125 0.9331235437500001 0.397609375 0.95076923125 0.398703125 0.9551981359375 0.403640625 0.9771095578125 0.40626562499999996 0.9841258734375 0.40735937499999997 0.9890442890625 0.41295312500000003 0.9996736593750001 0.41996874999999995 1
2 0.60071875 0.7829370625000001 0.5803906249999999 0.772564103125 0.557921875 0.7773426578125 0.590015625 0.8020979015625 0.6226406250000001 0.81405594375 0.62425 0.8084848484375 0.6231718749999999 0.8012820515625 0.60071875 0.7829370625000001
2 0.5507187499999999 0.4277156171875 0.58125 0.44904428906250005 0.60721875 0.46405594375000003 0.645875 0.49652680625 0.6510625 0.495058275 0.6189218750000001 0.4524242421875 0.60690625 0.4316083921875 0.573125 0.40592074531250005 0.5487656249999999 0.3976923078125 0.541953125 0.3981585078125 0.541625 0.413682984375 0.5507187499999999 0.4277156171875
2 0.485421875 0.38251748281250003 0.4931875 0.376200465625 0.492484375 0.3703962703125 0.48578124999999994 0.36829836875 0.479421875 0.374615384375 0.47201562499999994 0.37934731875 0.460375 0.384615384375 0.44871875 0.3872494171875 0.44343750000000004 0.384615384375 0.43778125 0.383030303125 0.42967187500000004 0.38251748281250003 0.41696875 0.3877622375 0.41414062500000004 0.39356643281250003 0.41414062500000004 0.4035664328125 0.416609375 0.41673659687500003 0.42471875 0.41620046562499996 0.43778125 0.41356643281250005 0.44554687499999995 0.4125174828125 0.4571875 0.41356643281250005 0.469890625 0.39883449843749996 0.47625 0.3877622375 0.485421875 0.38251748281250003
2 0.46085937499999996 0.5244755249999999 0.47639062499999996 0.5280419578125 0.49223437499999995 0.5235664328125 0.497609375 0.5258041953125 0.502984375 0.5253613046875001 0.499703125 0.521794871875 0.49610937499999996 0.5159906765625 0.4889375 0.5133100234375 0.48028125 0.5115384609375 0.470421875 0.504848484375 0.46204687499999997 0.5012820515625 0.45487500000000003 0.49638694687499996 0.45218749999999996 0.48745920781249996 0.44890625 0.4843356640625 0.443515625 0.48344988281249995 0.43754687499999995 0.4838927734375 0.430375 0.4861305359375 0.424390625 0.48745920781249996 0.42260937500000006 0.4888111890625 0.4223125 0.49146853124999995 0.42170312499999996 0.49237762187499995 0.420515625 0.49547785624999996 0.419921875 0.4981585078125 0.419921875 0.5012820515625 0.419921875 0.502610721875 0.42021875 0.504848484375 0.42170312499999996 0.505734265625 0.42260937500000006 0.5070862468749999 0.42290625000000004 0.5075291375 0.42409375000000005 0.50841491875 0.42589062499999997 0.5093007 0.42709374999999994 0.5097435890625001 0.42739062499999997 0.5097435890625001 0.42140625 0.5106526812500001 0.43335937500000005 0.5115384609375 0.44053125 0.510209790625 0.450390625 0.521794871875 0.46085937499999996 0.5244755249999999
2 0.55278125 0.8543356640624999 0.539078125 0.8502331 0.506890625 0.836969696875 0.481546875 0.8277622375 0.45962500000000006 0.8267365968749999 0.455515625 0.8338927734375 0.458265625 0.8482051281249999 0.471265625 0.85841491875 0.49524999999999997 0.85841491875 0.523328125 0.8665967359375 0.546609375 0.8665967359375 0.5486718749999999 0.8665967359375 0.5541406249999999 0.8635198140625 0.55278125 0.8543356640624999
2 0.08590624999999999 0.953613053125 0.096046875 0.9435198140625 0.101953125 0.9283916078125 0.100265625 0.9195571093750001 0.083359375 0.9346853140625001 0.057171875000000004 0.948554778125 0.043640625 0.971258740625 0.043640625 0.9725174828125001 0.065609375 0.971258740625 0.08590624999999999 0.953613053125
2 0.505015625 0.561142190625 0.514265625 0.5700699296875 0.514265625 0.56158508125 0.5097968749999999 0.5397435890625 0.514875 0.5023076921875 0.508296875 0.47286713281250004 0.49784375000000003 0.4621678328125 0.490671875 0.4639627046875 0.499328125 0.49382284375 0.499625 0.50675990625 0.497546875 0.535734265625 0.505015625 0.561142190625
2 0.6294375 0.3969463875 0.64796875 0.40675990625 0.6781406249999999 0.41566433593749996 0.72775 0.4179020984375 0.727453125 0.40228438281249995 0.70803125 0.397389278125 0.666484375 0.3880186484375 0.649453125 0.38135198125 0.6135937499999999 0.36797202812499996 0.60284375 0.3822377625 0.607921875 0.395617715625 0.6294375 0.3969463875
2 0.136859375 0.6391841484375 0.14671875 0.6796270390625 0.127 0.686969696875 0.14178125 0.7071794875 0.109765625 0.7255710953125 0.12946875 0.732913753125 0.178734375 0.7365967359375001 0.157796875 0.778857809375 0.09867187499999999 0.7990675984375 0.0974375 0.8064102562500001 0.151640625 0.7972261078125 0.127 0.8725874125 0.14056249999999998 0.832144521875 0.18490625 0.8137762234375 0.1996875 0.78988345 0.24279687499999997 0.78988345 0.207078125 0.92034965 0.25265624999999997 0.832144521875 0.257578125 0.9221911421875 0.2674375 0.8027505828124999 0.290828125 0.78988345 0.290828125 0.878088578125 0.313015625 0.861561771875 0.319171875 0.7659906765625 0.295765625 0.6575757578125 0.251421875 0.6465501171875 0.236640625 0.6226573421875 0.24403125 0.5822377624999999 0.23170312499999998 0.563846153125 0.245265625 0.5509790203125 0.2501875 0.532610721875 0.154109375 0.5546620046874999 0.127 0.5840559437499999 0.152875 0.635524475 0.136859375 0.6391841484375
2 0.64128125 0.3279487171875 0.6092500000000001 0.3426573421875 0.6141875 0.35734265781249996 0.64128125 0.35734265781249996 0.72628125 0.3426573421875 0.72996875 0.315081584375 0.64128125 0.3279487171875
2 0.4921875 0.8814918421875 0.5041875 0.8830769234375 0.5123125 0.879906759375 0.5161875 0.8651748250000001 0.50878125 0.858857809375 0.47595312500000003 0.859906759375 0.47384375 0.8672727265625 0.483375 0.8778088578125001 0.4921875 0.8814918421875
2 0.393890625 0.5527272734374999 0.39859374999999997 0.5625641031249999 0.40657812499999996 0.577972028125 0.41410937499999995 0.5927039625 0.423515625 0.6172494171875 0.43196874999999996 0.6375990671875 0.446078125 0.6628438234375 0.44982812499999997 0.6670396265625 0.450296875 0.6677622375000001 0.45125000000000004 0.6628438234375 0.44982812499999997 0.6579254078125001 0.44090625 0.6375990671875 0.433375 0.6130536125 0.42867187500000004 0.5892074593750001 0.423515625 0.5709790203125 0.41457812499999996 0.5422144515625 0.409875 0.5331002328125 0.403765625 0.5274825171875 0.393890625 0.5351981359375 0.391078125 0.54011655 0.391078125 0.5443123546875 0.393890625 0.5527272734374999
2 0.6078125 1 0.609375 0.9766899765625 0.6328125 0.9603729609375 0.6390625 0.9510489515625 0.65 0.9463869468749999 0.6609375 0.9230769234375 0.675 0.9044289046875 0.684375 0.8857808859375 0.7 0.8834498828124999 0.7171875 0.8671328671874999 0.7390625 0.8671328671874999 0.7515625 0.8578088578124999 0.759375 0.8578088578124999 0.7671875 0.8508158515625001 0.7703125 0.8391608390625 0.7796875 0.8438228437499999 0.8234375 0.8414918421875001 0.85625 0.81818181875 0.871875 0.7925407921875001 0.878125 0.7645687640625 0.89375 0.724941725 0.8953125 0.6853146859375 0.8921875 0.6550116546875 0.8875 0.652680653125 0.8734375 0.63170163125 0.8484375 0.6107226109375 0.8265625 0.5547785546874999 0.8265625 0.5454545453125 0.8546875 0.45687645625 0.8578125 0.41958042031250004 0.8578125 0.39393939375000003 0.8515625 0.365967365625 0.8546875 0.3613053609375 0.8546875 0.3519813515625 0.84375 0.3519813515625 0.8359375 0.340326340625 0.81875 0.328671328125 0.7953125 0.328671328125 0.784375 0.3146853140625 0.771875 0.2797202796875 0.759375 0.26107226093749997 0.7390625 0.2447552453125 0.721875 0.21911421875 0.6890625 0.2004662 0.6765625 0.2004662 0.6625 0.19347319375 0.5890625 0.19580419531249998 0.5703125 0.2074592078125 0.540625 0.2074592078125 0.53125 0.2121212125 0.5 0.24242424218749997 0.4875 0.247086246875 0.471875 0.26340326406250003 0.4640625 0.265734265625 0.4515625 0.2797202796875 0.440625 0.2867132859375 0.409375 0.3263403265625 0.378125 0.377622378125 0.375 0.377622378125 0.3609375 0.3543123546875 0.34375 0.3426573421875 0.3 0.3426573421875 0.290625 0.347319346875 0.275 0.3636363640625 0.2515625 0.414918415625 0.2203125 0.44755244687499995 0.2140625 0.45920745937499996 0.1979166671875 0.5104895109375 0.1921875 0.5198135203125 0.184375 0.5221445218749999 0.1859375 0.533799534375 0.19375 0.53146853125 0.20625 0.5361305359374999 0.2078125 0.5431235437499999 0.2125 0.5431235437499999 0.21174568906250002 0.5813841328125 0.139493534375 0.574873403125 0.134375 0.56876456875 0.128125 0.56876456875 0.1234375 0.5734265734374999 0.1234375 0.585081584375 0.1265625 0.5874125875 0.1546875 0.7365967359375001 0.13125 0.734265734375 0.1359375 0.75058275 0.134375 0.7575757578125 0.121875 0.7668997671875 0.10625 0.771561771875 0.090625 0.7878787875000001 0.078125 0.81818181875 0.075 0.853146853125 0.05625 0.9090909093749999 0.0546875 0.9417249421875 0.0578125 0.9487179484375 0.0546875 0.953379953125 0.0625 0.9813519812499999 0.0703125 0.9953379953124999 0.0765625 1 0.4125 1 0.41875 0.9930069937500001 0.421875 1 0.6078125 1