0 0.0409375 0.8564655171875 0.131359375 0.9623491375000001 0.26953125 0.9788146546875 0.32240625 0.9411853453125 0.36335937500000004 0.76 0.38040625 0.6988146546875 0.387234375 0.6658836203125 0.382125 0.6141163796875 0.3599375 0.5694181031250001 0.317296875 0.527068965625 0.22859375 0.4964655171875 0.11940625 0.5176508625 0.03753125 0.5976508625 0.0409375 0.8564655171875
0 0.39121875 0.3091594828125 0.383359375 0.21605603437499998 0.3566875 0.155431034375 0.3174375 0.10995689687500002 0.2640625 0.08398706875 0.17615625 0.10346982812500001 0.10553125000000001 0.16625 0.07570312500000001 0.226875 0.06471875 0.30698275937499997 0.06471875 0.35245689687500004 0.056859375000000004 0.35678879375 0.058437499999999996 0.3697844828125 0.069421875 0.3697844828125 0.0866875 0.4260775859375 0.13378125000000002 0.488857759375 0.151046875 0.49967672343749997 0.18715625 0.4975215515625 0.22639062499999998 0.4910344828125 0.260921875 0.4975215515625 0.30017187500000003 0.5170043109375 0.320578125 0.5234913796875 0.35354687500000004 0.5126724140625 0.362953125 0.47803879374999997 0.375515625 0.3914224140625 0.39121875 0.3091594828125
3 0.43499999999999994 0.3835344828125 0.44353125000000004 0.4753017234375 0.462296875 0.5599999999999999 0.49640625 0.6423491375 0.5509999999999999 0.6964655171875 0.6328750000000001 0.72 0.718171875 0.7176508625 0.772765625 0.6964655171875 0.81540625 0.6564655171875 0.86146875 0.5835344828125 0.8699999999999999 0.5246982765625 0.8699999999999999 0.44000000000000006 0.864875 0.407068965625 0.846125 0.33176724062499996 0.8119999999999999 0.2588146546875 0.7574062500000001 0.19530172343750002 0.696 0.167068965625 0.6311718749999999 0.1646982765625 0.5407656249999999 0.2046982765625 0.491296875 0.251767240625 0.43499999999999994 0.3835344828125
0 0.604328125 0 0.55725 0.0012284484375 0.513375 0.005668103125 0.49412500000000004 0.0115517234375 0.4684375 0.01303879375 0.43846875 0.005668103125 0.432046875 0.029267240625000003 0.435265625 0.08536637968750001 0.44703125000000005 0.14293103437500002 0.45773437499999997 0.1886853453125 0.47485937500000003 0.23295258593749998 0.4855625 0.22999999999999998 0.486625 0.22999999999999998 0.486625 0.2285344828125 0.49626562500000004 0.224094828125 0.51765625 0.23295258593749998 0.5305 0.2063793109375 0.563671875 0.181293103125 0.6032656249999999 0.168017240625 0.635375 0.160625 0.65784375 0.1650646546875 0.679234375 0.1739224140625 0.692078125 0.17982758593749998 0.718828125 0.170969828125 0.718828125 0.16211206875 0.72096875 0.13702586249999998 0.72096875 0.10601293125 0.7241875 0.0750215515625 0.726328125 0.038125 0.72096875 0.01008620625 0.717765625 0 0.6974375 0 0.6738906250000001 0 0.604328125 0
0 1 0.8386206890624999 0.985578125 0.78071120625 1 0.7385991375 0.9957499999999999 0.6280387937499999 0.960125 0.5981896546875001 0.941046875 0.58241379375 0.88125 0.5490517234375 0.855796875 0.557844828125 0.83671875 0.596443965625 0.80109375 0.664892240625 0.7362031250000001 0.698232759375 0.70440625 0.7210344828124999 0.701859375 0.740344828125 0.703125 0.7315732765625 0.700578125 0.7912284484375001 0.68659375 0.8157974140625001 0.687859375 0.900043103125 0.69803125 0.949181034375 0.7425625 1 0.98684375 1 1 0.9632112062499999 1 0.8386206890624999
0 0.9455781249999999 0.5170043109375 0.9536875 0.4901508625 0.966671875 0.443168103125 0.97153125 0.3961853453125 0.965046875 0.338017240625 0.947203125 0.3 0.9358437500000001 0.25301724062500003 0.922875 0.2149784484375 0.9017968749999999 0.1769396546875 0.8498906249999999 0.1769396546875 0.832046875 0.1724784484375 0.78825 0.17023706875 0.7541875 0.179181034375 0.74284375 0.185905171875 0.734734375 0.1903663796875 0.7590625 0.210517240625 0.77690625 0.22840517187499998 0.83853125 0.3223706890625 0.851515625 0.36711206875 0.864484375 0.4409267234375 0.864484375 0.4700215515625 0.862859375 0.5170043109375 0.858 0.5550215515625 0.8888125 0.5550215515625 0.90340625 0.5550215515625 0.9196249999999999 0.548318965625 0.9455781249999999 0.5170043109375
0 0.6761250000000001 0.9752801718749999 0.6745 0.9707758625 0.694046875 0.728081896875 0.682640625 0.7258405171875 0.59140625 0.70336206875 0.5083125 0.6337068968749999 0.480625 0.6202155171875 0.42196875 0.6471982765625001 0.377984375 0.7954956890625 0.37471875 0.8988793109375001 0.37960937499999997 0.9348275859375 0.38937499999999997 0.9820258624999999 0.648421875 0.9887715515625001 0.6761250000000001 0.9752801718749999
0 0 0.588081896875 0.0394375 0.56476293125 0.080765625 0.5051724140625 0.09767187499999999 0.44040948281250003 0.082640625 0.40933189687500005 0.067609375 0.3678663796875 0.067609375 0.30310344843750003 0.07325000000000001 0.24351293125 0.06949999999999999 0.24351293125 0.045078125000000004 0.19948275937499999 0 0.1709913796875 0 0.588081896875
0 0.447421875 0.47892241406249997 0.44384375 0.39883620625 0.46349999999999997 0.31508620625 0.5135156249999999 0.2263793109375 0.46439062499999995 0.24116379375000002 0.43759375 0.25594827656249997 0.414375 0.285517240625 0.381328125 0.3483405171875 0.3741875 0.40131465468750005 0.36971875 0.446875 0.36971875 0.497392240625 0.392046875 0.571293103125 0.450109375 0.6452155171875 0.49743750000000003 0.6254956890625001 0.46349999999999997 0.539267240625 0.447421875 0.47892241406249997
0 0.001890625 0.1766163796875 0.06967187500000001 0.18961206875 0.126171875 0.1376724140625 0.175125 0.09351293125 0.23915625000000001 0.0753232765625 0.29753124999999997 0.090905171875 0.348375 0.12987068906250002 0.37096874999999996 0.12987068906250002 0.404875 0.0753232765625 0.423703125 0 0.41240625 0.0078017234375 0.00565625 0.0078017234375 0.001890625 0.1766163796875
0 0.72209375 0 0.7291875 0.05366379375 0.737859375 0.111293103125 0.765453125 0.1613146546875 0.8167031250000001 0.182844828125 0.892375 0.1991594828125 0.9136562500000001 0.22633620625 0.9278437500000001 0.23394396562500003 0.9641093749999999 0.191767240625 0.97278125 0.18523706874999998 0.980671875 0.1710991375 0.987765625 0.12325431093749999 0.9995937500000001 0.0917241375 1 0.021056034374999998 1 0 0.98696875 0.00038793125 0.94834375 0.0047413796875 0.820640625 0 0.72209375 0