1 0.551578125 0.6315416671875 0.5601875 0.641375 0.57125 0.6397291671875001 0.586828125 0.6381041671875 0.586828125 0.637 0.58640625 0.6364583328125 0.5745312499999999 0.62225 0.551578125 0.6200625 0.536 0.617875 0.551578125 0.6315416671875
1 0.57715625 0.56175 0.571015625 0.5597083328125 0.560265625 0.5586666671875 0.554109375 0.556625 0.5518125 0.5545833328125 0.5495 0.5576458328125 0.550265625 0.5719791671875 0.5564218750000001 0.5771041671875 0.560265625 0.5812083328125001 0.559484375 0.5945208328125 0.559484375 0.6006666671875001 0.567171875 0.6057916671875 0.5679375 0.6057916671875 0.574078125 0.6016874999999999 0.58253125 0.6006666671875001 0.586375 0.6037291671875 0.589453125 0.6047708328125 0.592515625 0.6047708328125 0.594828125 0.6047708328125 0.597890625 0.6037291671875 0.597125 0.6016874999999999 0.58790625 0.5976041671875 0.5886875 0.5904166671875 0.58790625 0.5801875 0.584078125 0.5699375 0.57715625 0.56175
1 0.625484375 0.5984166671875 0.64353125 0.59975 0.65790625 0.59975 0.660578125 0.5966458328125 0.66025 0.5917291671875 0.65790625 0.5877291671875 0.6411875 0.57925 0.6291562500000001 0.5756875 0.617453125 0.5756875 0.6104375 0.5774583328125 0.592375 0.5877291671875 0.59571875 0.5899583328125 0.610765625 0.59575 0.625484375 0.5984166671875
1 0.42843749999999997 0.5460208328125 0.42415624999999996 0.5492916671875 0.42109375 0.5541875 0.42078125 0.5615416671875 0.42201562499999995 0.5697083328125 0.42262500000000003 0.570125 0.428125 0.590125 0.43640625 0.6060416671875 0.44190625 0.6060416671875 0.45109374999999996 0.6056458328125001 0.450484375 0.5909375 0.4465 0.5778749999999999 0.43884375000000003 0.5619583328125 0.43425 0.5497083328125 0.434875 0.5505208328125 0.432421875 0.545625 0.42843749999999997 0.5460208328125
1 0.443296875 0.6119166671875 0.454953125 0.6194583328125 0.459203125 0.6266041671875 0.46234374999999994 0.6324791671875001 0.46848437499999995 0.6314166671875 0.47115625000000005 0.6268125 0.47146875 0.6182083328125 0.46879687499999995 0.6131666671875 0.46125 0.6091875 0.45684375 0.6051875 0.4543125 0.6051875 0.451171875 0.6053958328125 0.4373125 0.60625 0.437 0.6060208328125001 0.4366875 0.6102291671875 0.443296875 0.6119166671875
1 0.520890625 0.6674375 0.528515625 0.6742291671875 0.5346875 0.6790833328125 0.543046875 0.6843958328124999 0.5463125 0.6843958328124999 0.5466875 0.6752083328125 0.544140625 0.6626041671875 0.5412343749999999 0.6563125000000001 0.53578125 0.6514583328125 0.528515625 0.6471041671875 0.51253125 0.6490416671875 0.5114375 0.654375 0.512890625 0.6596875 0.520890625 0.6674375
1 0.463265625 0.6588958328125 0.473609375 0.6623541671875001 0.478796875 0.6681041671875 0.48425 0.6773125 0.488578125 0.6792291671874999 0.49145312499999994 0.6845833328125 0.50065625 0.6964791671875 0.5227968749999999 0.6937916671875 0.5328593749999999 0.6999166671875 0.5371718750000001 0.7010833328125 0.53659375 0.6937916671875 0.5225 0.6853541671875 0.5216406250000001 0.6799791671875 0.51646875 0.6727083328125001 0.508703125 0.6646458328125 0.49604687500000005 0.6569791671874999 0.48425 0.6531458328124999 0.473609375 0.6512291671875 0.463265625 0.6588958328125
1 0.541484375 0.6553125 0.54534375 0.6555208328125001 0.548375 0.6435625 0.52946875 0.6316041671875 0.50928125 0.6228333328125 0.507203125 0.622625 0.5065625 0.6273333328125 0.5165 0.6395 0.51809375 0.6463333328124999 0.530921875 0.6478333328125 0.541484375 0.6553125
1 0.6364062500000001 0.6051875 0.6285937500000001 0.6047291671874999 0.629953125 0.610625 0.64728125 0.6165 0.6649375 0.6169583328125 0.697546875 0.6174166671875 0.715546875 0.62375 0.719625 0.6192291671875 0.719625 0.6151458328125 0.7107812499999999 0.6042708328125 0.699921875 0.596125 0.663234375 0.5974791671874999 0.6625625 0.5979375 0.651015625 0.6002083328125 0.6364062500000001 0.6051875
1 0.566578125 0.6133958328125 0.566046875 0.6179791671875 0.569484375 0.62575 0.5803281250000001 0.6282083328125 0.590125 0.6352708328125 0.603625 0.6398541671875 0.610234375 0.6352708328125 0.608390625 0.6285624999999999 0.6001875 0.6183333328125 0.576625 0.6126875 0.5755625 0.6126875 0.5686875 0.611625 0.566578125 0.6133958328125
1 0.51690625 0.6464791671875 0.517875 0.6432708328125 0.5149843749999999 0.6378125 0.50846875 0.6300833328125 0.50196875 0.6249583328125 0.4925625 0.6182083328125 0.482453125 0.6182083328125 0.482203125 0.6211041671875 0.482203125 0.6297708328125 0.48365625 0.6387708328125 0.48678125000000005 0.6445624999999999 0.494015625 0.6464791671875 0.509203125 0.6522708328125 0.511125 0.6519375000000001 0.5140156250000001 0.6474375 0.51690625 0.6464791671875