1 0.35055555625 0.001568628125 0.2741503265625 0.04650326875 0.2629248359375 0.10493464062499999 0.39550653593749996 0.27571895468749996 0.5415686281250001 0.2150490203125 0.4202287578125 0.10493464062499999 0.3977450984375 0.07571895468749999 0.4112418296875 0.019542484375 0.35055555625 0.001568628125
1 0.705620915625 0.240457515625 0.6898856203125 0.20674836562499999 0.6134803921875001 0.1955065359375 0.559542484375 0.20449346406250002 0.4651633984375 0.24495097968750001 0.3775326796875 0.28089869218749997 0.20449346406250002 0.31460784375 0.0898856203125 0.3325817 0.0044934640625 0.339330065625 0.0022549015625 0.339330065625 0.0022549015625 0.426960784375 0.051683006249999996 0.48089869218750003 0.1370751640625 0.4988725484375 0.6314542484375 0.35055555625 0.705620915625 0.240457515625
1 0.663120915625 0.19978758125 0.7128431375 0.2382679734375 0.7272875812499999 0.2382679734375 0.744934640625 0.2222385625 0.7705882359375 0.1821405234375 0.7417156859375 0.142042484375 0.578120915625 0.031356209375 0.47385620937499995 0 0.4096895421875 0.0105065359375 0.3968627453125 0.0778758171875 0.53 0.2094117640625 0.565277778125 0.1949673203125 0.663120915625 0.19978758125
1 1 0.1665849671875 0.8481372546875001 0.16892156875 0.7032679734375 0.246013071875 0.6892483656249999 0.33480392187499997 0.7242973859374999 0.35583333281249996 0.7850490203125 0.35583333281249996 1 0.35583333281249996 1 0.1665849671875
1 1 0.037369281250000004 0.9199999999999999 0.030310457812500004 0.8164705874999999 0.0703104578125 0.642352940625 0.027957515625000002 0.5858823531249999 0.035016340624999996 0.602352940625 0.039722221875000005 0.6494117640625 0.075016340625 0.76 0.17383986875 0.8 0.1926633984375 0.877647059375 0.15972222187500001 1 0.171486928125 1 0.037369281250000004
1 1 0.48900326875 0.9953267968749999 0.36050653593750004 0.710277778125 0.36284313749999997 0.73831699375 0.5147058828125 0.8411274515624999 0.5030228765625 1 0.48900326875
1 0.82452614375 0.5333333328125 0.7589705875 0.5333333328125 0.7589705875 0.540457515625 0.8017320265625001 0.701486928125 0.8273856203125 0.701486928125 0.9342647062499999 0.6801143796875 1 0.63879085 0.9998202609375 0.49057189531249995 0.947091503125 0.5019771234375 0.885800653125 0.519068628125 0.82452614375 0.5333333328125
1 0.1105882359375 0.17341503281249998 0.15058823593749998 0.2275326796875 0.23764705937500002 0.314591503125 0.397647059375 0.2792973859375 0.26588235312499997 0.1051797390625 0.16 0.06517973906249999 0.10823529375 0.1122385625 0.1105882359375 0.17341503281249998
1 0.1270588234375 0.8204738562499999 0.162352940625 0.818120915625 0.17882352968749998 0.80400326875 0.174117646875 0.7687091500000001 0.1152941171875 0.686356209375 0.002352940625 0.63694444375 0.0047058828125 0.8204738562499999 0.08 0.8275326796875 0.1270588234375 0.8204738562499999
1 0.9033660125 0.7775326796875001 0.9550490203124999 0.7910130718749999 1 0.793251634375 0.9955065359375 0.642696078125 0.9258496734375001 0.6808986921875 0.8808986921875 0.71460784375 0.8719117640625 0.7617973859375 0.9033660125 0.7775326796875001
1 0.1830228765625 0.2550980390625 0.150277778125 0.22236928125 0.1325490203125 0.22236928125 0.09297385625 0.2537418296875 0.07797385625 0.27011437968749996 0.072516340625 0.286486928125 0.0807026140625 0.31650326875 0.0970751640625 0.321960784375 0.228039215625 0.313774509375 0.1830228765625 0.2550980390625
1 0.1819771234375 0.678104575 0.1819771234375 0.655408496875 0.1633986921875 0.579068628125 0.12833333281249998 0.5027287578124999 0.045800653125 0.48209150312500004 0.004542484375 0.43258169999999996 0.00040849687500000003 0.6388888890625 0.1159477125 0.6801633984375 0.1819771234375 0.678104575