2 0.24534375000000003 0.8206666671875 0.25146875 0.9011875 0.28815625 0.9011875 0.304984375 0.8981458328124999 0.3585 0.8176041671875 0.3944375 0.7462500000000001 0.41048437499999996 0.7044583328125 0.42271875000000003 0.6809999999999999 0.391375 0.6830416671874999 0.35390625 0.7166875 0.303453125 0.7717291671875001 0.24534375000000003 0.8206666671875
2 0.350016446875 0.9315635953125 0.34686513125 0.9411118421875001 0.340875 0.9444861109374999 0.34371381562500003 0.9506600875 0.3405625 0.9602083328125 0.34782812500000004 0.9626250000000001 0.355984375 0.9529583328125 0.39046875000000003 0.8912708328125 0.40134375 0.8670833328124999 0.40679687500000006 0.8537708328125 0.40679687500000006 0.8477291671874999 0.41359375 0.8241458328125001 0.41360156249999996 0.80871875 0.4213125 0.8114375 0.42493749999999997 0.8247500000000001 0.43128124999999995 0.8186875 0.44760937500000003 0.78 0.47573437500000004 0.7291875 0.46939062500000006 0.7110416671875 0.443984375 0.715875 0.42856249999999996 0.7364375 0.40043749999999995 0.7787916671875 0.39413486875000003 0.7978881578125 0.39046875000000003 0.8005625000000001 0.390983553125 0.8074364046875001 0.3841171875 0.8090260421875 0.3878322375 0.81698465 0.3846809203125 0.8265328937499999 0.377765625 0.8174895828125001 0.36506249999999996 0.8344166671875 0.352359375 0.8828125 0.33784375 0.9227083328125 0.339359375 0.9335972234375 0.350016446875 0.9315635953125
2 0 0.7060416671875 0.028234375 0.7413333328125 0.102359375 0.776625 0.181765625 0.7742708328125001 0.16940625 0.7695624999999999 0.23293750000000002 0.7460416671875 0.28940625 0.6872083328125 0.301765625 0.6331041671875 0.285875 0.6025 0.254125 0.5789791671875 0.24176562499999998 0.5554583328125 0.25059375 0.5154583328125 0.25059375 0.4989791671875 0.248828125 0.496625 0.211765625 0.5201666671875 0.197640625 0.5342708328125 0.14646874999999998 0.5413333328125 0.0970625 0.5225 0.07059375 0.5154583328125 0.04940625 0.4895625 0.035296875 0.4872083328125 0 0.5154583328125 0 0.6754583328125 0 0.7060416671875
2 0.935296875 0.37647916718749996 0.8699999999999999 0.4 0.75353125 0.4235208328125 0.647640625 0.40470833281249996 0.63353125 0.4164791671875 0.6441250000000001 0.48941666718750004 0.6617656249999999 0.4964791671875 0.647640625 0.48941666718750004 0.808234375 0.5317708328124999 0.9723593749999999 0.505875 1 0.44000000000000006 0.935296875 0.37647916718749996
2 0.67059375 0.5082291671875 0.721765625 0.5576458328125 0.707640625 0.5717708328125 0.64940625 0.5552916671875 0.6370625000000001 0.5929375 0.6423593750000001 0.6588333328125 0.7694062500000001 0.7294166671875 0.804703125 0.7105833328125 0.8823593750000001 0.6494166671875 0.917640625 0.6023541671875 0.961765625 0.5670625 0.9070625 0.52 0.8629374999999999 0.5364791671875 0.75353125 0.5294166671875 0.6423593750000001 0.4917708328125 0.6423593750000001 0.48941666718750004 0.63 0.4917708328125 0.67059375 0.5082291671875
2 0.10287500000000001 0.3863958328125 0.163015625 0.42318749999999994 0.23990625 0.4310833328125 0.2379375 0.4179375 0.283296875 0.3824375 0.294140625 0.3863958328125 0.304984375 0.40610416718750003 0.315828125 0.3798125 0.3256875 0.3824375 0.323703125 0.36666666718749996 0.312859375 0.3548333328125 0.29314062500000004 0.3443333328125 0.25075 0.3285625 0.22414062499999998 0.3075208328125 0.213296875 0.2851666671875 0.213296875 0.26545833281250003 0.156109375 0.26677083281249997 0.09992187500000001 0.29700000000000004 0.08415625 0.3259166671875 0.10287500000000001 0.3863958328125
2 0.6467031249999999 0.2745 0.6688125 0.26675 0.688609375 0.2636458328125 0.70840625 0.28381249999999997 0.7130625 0.29158333281250004 0.6944375 0.3086666671875 0.6944375 0.352125 0.6711406249999999 0.3878333328125 0.6723125 0.39714583281250004 0.6781406249999999 0.4095625 0.752640625 0.42043749999999996 0.8213437499999999 0.40800000000000003 0.89003125 0.3940416671875 0.920296875 0.3754166671875 0.9284531250000001 0.3505625 0.919140625 0.3055625 0.8772187499999999 0.2776041671875 0.8481249999999999 0.2636458328125 0.8364687500000001 0.25587499999999996 0.82715625 0.2093125 0.806203125 0.19379166718750002 0.7724375 0.1751458328125 0.742171875 0.1720416671875 0.674640625 0.2 0.62225 0.23879166718749997 0.600125 0.2434583328125 0.588484375 0.25433333281250003 0.587328125 0.2900208328125 0.587328125 0.2977916671875 0.597796875 0.3086666671875 0.591984375 0.3117708328125 0.651359375 0.3350416671875 0.6676562500000001 0.2977916671875 0.6467031249999999 0.29158333281250004 0.6467031249999999 0.2745
2 0.194703125 0.7980416671875 0.22898437500000002 0.8363125 0.34776562499999997 0.7193958328125001 0.202671875 0.7852916671875 0.201078125 0.7863541671875 0.194703125 0.7980416671875
2 0.56053125 0.7363333328125 0.557203125 0.7037291671875 0.5371875 0.690375 0.506046875 0.711125 0.49270312499999996 0.7808125 0.500484375 0.7808125 0.56053125 0.7837916671875 0.56053125 0.7363333328125
2 0.066234375 0.5038958328125 0.13246875 0.5350625 0.17921875 0.5324583328125 0.227921875 0.5012916671875 0.245453125 0.48312499999999997 0.25325000000000003 0.48312499999999997 0.2435 0.4337708328125 0.09740625 0.3870208328125 0.062343749999999996 0.3973958328125 0.05065625 0.4129791671875 0.037015625 0.4571458328125 0.066234375 0.5038958328125
2 0.297875 0.31443750000000004 0.307734375 0.2985833328125 0.3196875 0.27897916718750004 0.33184375 0.2564791671875 0.342375 0.24695833281250001 0.35696875 0.21979166718749998 0.381765625 0.1980625 0.38278124999999996 0.1885416671875 0.3596875 0.1795 0.334890625 0.1727083328125 0.309421875 0.1717916671875 0.292671875 0.1751875 0.26153125 0.18356250000000002 0.24896875000000002 0.19127083281249999 0.234703125 0.2098333328125 0.2265625 0.2288541671875 0.22146875000000002 0.2501458328125 0.21365625000000002 0.26779166718749997 0.21296875 0.2818333328125 0.21759374999999997 0.2946458328125 0.225875 0.3081041671875 0.23742187499999998 0.3203333328125 0.24965625 0.3289375 0.2649375 0.3348125 0.275796875 0.3388958328125 0.28803125 0.3425208328125 0.29889062499999997 0.3443333328125 0.307375 0.348125 0.2985625 0.3339166671875 0.297875 0.31443750000000004