3 0.693953125 0.5551666671875 0.6979375 0.5317708328124999 0.693953125 0.487125 0.6811875 0.4520625 0.653296875 0.4339791671875 0.6150156250000001 0.43185416718749997 0.59509375 0.4435416671875 0.5799375 0.46587500000000004 0.572765625 0.4967083328125 0.572765625 0.5296458328125 0.5847187500000001 0.5551666671875 0.602265625 0.5753541671875 0.6604687499999999 0.5913125 0.6819843750000001 0.5774791671874999 0.693953125 0.5551666671875
3 0.19718750000000002 0.3784166671875 0.22653125 0.36375 0.26175000000000004 0.3696041671875 0.264671875 0.3490625 0.270546875 0.3246041671875 0.25587499999999996 0.2952708328125 0.222125 0.2835416671875 0.186921875 0.2913541671875 0.1693125 0.3216875 0.166375 0.35885416718749996 0.171515625 0.3960208328125 0.17590625 0.402875 0.18251562500000001 0.397 0.19718750000000002 0.3784166671875
3 0.32528125 0.2112291671875 0.3050625 0.2516875 0.32190625 0.294375 0.35729687499999996 0.3168541671875 0.365734375 0.3280833328125 0.37078125 0.33258333281249997 0.391015625 0.3213541671875 0.42471875 0.2808958328125 0.3994375 0.2179791671875 0.362359375 0.19775 0.32528125 0.2112291671875
3 0.43034375 0.39108333281249996 0.432546875 0.4077083328125 0.43034375 0.42433333281249996 0.447953125 0.4370416671875 0.44942187499999997 0.4302083328125 0.46262499999999995 0.4145625 0.47435937499999997 0.4028125 0.491234375 0.3940208328125 0.5044375 0.395 0.505171875 0.3763958328125 0.500765625 0.3568333328125 0.483890625 0.3353333328125 0.463359375 0.3255416671875 0.44575 0.3255416671875 0.423734375 0.33141666718749996 0.41053125 0.3431458328125 0.404671875 0.3568333328125 0.417875 0.3695625 0.425203125 0.37933333281250003 0.43034375 0.39108333281249996
3 0.531953125 0.39616666718750004 0.5031875 0.3914583328125 0.45729687500000005 0.41497916718749994 0.447203125 0.4345 0.478984375 0.5044375 0.481 0.5400833328125 0.500671875 0.5542083328125 0.52790625 0.5663125 0.540015625 0.5535416671875 0.5642343750000001 0.5165416671874999 0.5758281249999999 0.47485416718750006 0.568265625 0.4365 0.5627187499999999 0.4237291671875 0.531953125 0.39616666718750004
3 0.431203125 0.4207916671875 0.42114062499999994 0.3984166671875 0.41442187500000005 0.3760625 0.399328125 0.34249999999999997 0.384234375 0.34027083281250003 0.35234375 0.35143749999999996 0.335578125 0.3603958328125 0.31710937499999997 0.3693333328125 0.312078125 0.4028958328125 0.302015625 0.45658333281249996 0.30871875000000004 0.46331249999999996 0.33221875 0.5214791671875 0.34395312499999997 0.5326458328125 0.37584375 0.494625 0.431203125 0.4207916671875
3 0.29096875 0.5310833328125 0.32078125 0.5262708328125 0.32439062500000004 0.5045833328125 0.30270312499999996 0.4455833328125 0.30903125 0.38175 0.28284375 0.3745208328125 0.24671875000000001 0.38656250000000003 0.22593749999999999 0.41185416718749995 0.21781250000000002 0.457625 0.22142187500000002 0.5178333328125 0.257546875 0.5178333328125 0.29096875 0.5310833328125
3 0.1650625 0.8073333328125001 0.2048125 0.828875 0.25451562499999997 0.8578541671875 0.34334375 0.8918125 0.34768750000000004 0.8230625 0.35950000000000004 0.8172708328124999 0.37875000000000003 0.815625 0.3681875 0.7518333328125 0.38496874999999997 0.7344583328125001 0.426578125 0.6905625 0.426578125 0.6839166671875 0.42471875 0.6358958328125001 0.41353125 0.6052500000000001 0.381859375 0.5712916671875 0.338375 0.5687916671875 0.3073125 0.5870208328125 0.299859375 0.5547291671875 0.27190625 0.5149583328125 0.23339062500000002 0.5207708328125 0.19675 0.5398125 0.17685937499999999 0.5679791671875 0.173140625 0.6077291671875 0.17685937499999999 0.6483125000000001 0.152640625 0.6541041671875 0.127796875 0.6706666671875 0.114125 0.68475 0.097359375 0.7104375 0.090515625 0.7220208328125 0.117234375 0.7651041671875001 0.1650625 0.8073333328125001
3 0.126953125 0.5027291671875 0.123953125 0.5182708328125 0.127609375 0.5723958328125 0.132609375 0.5897083328125 0.14990625 0.6083333328125 0.17220312499999998 0.6189791671875 0.17154687500000002 0.602125 0.17653125 0.5750625 0.1945 0.5342291671875 0.21546875000000001 0.5218125 0.23809375 0.507625 0.22745312499999998 0.4823333328125 0.21346875 0.46458333281249997 0.18651562500000002 0.4526041671875 0.16121875000000002 0.45925000000000005 0.15390625 0.45925000000000005 0.136265625 0.4801041671875 0.126953125 0.5027291671875
3 0.39825 0.5911041671875 0.425125 0.6030625 0.43946874999999996 0.5767708328125 0.46995312499999997 0.5480833328125 0.47353125 0.5194166671875 0.45918749999999997 0.4692083328125 0.43589062500000003 0.43574999999999997 0.40003124999999995 0.42858333281250005 0.3641875 0.45964583281250004 0.36059375 0.5074583328125 0.357015625 0.5385208328125 0.365984375 0.5743750000000001 0.39825 0.5911041671875
3 0.8549218749999999 0.5906666671874999 0.7208593750000001 0.5492291671875 0.732515625 0.3886041671875 0.728046875 0.3799583328125 0.6950937500000001 0.3887291671875 0.666765625 0.42212500000000003 0.6628125 0.43618750000000006 0.64303125 0.40806250000000005 0.6245937500000001 0.394 0.600859375 0.40016666718750005 0.5949375 0.393125 0.592296875 0.3351458328125 0.56725 0.2956041671875 0.5415625000000001 0.2912083328125 0.522453125 0.2956041671875 0.50596875 0.3158125 0.50465625 0.2912083328125 0.4908125 0.26045833281249997 0.45720312500000004 0.23937499999999998 0.424265625 0.2463958328125 0.40646875 0.21125 0.37089062500000003 0.1989583328125 0.33728125000000003 0.2068541671875 0.31025 0.24904166718749998 0.311578125 0.2753958328125 0.31553125 0.2894583328125 0.3016875 0.2929583328125 0.27928125000000004 0.2912083328125 0.2628125 0.3035 0.23446875 0.2850625 0.186375 0.2903333328125 0.167265625 0.331625 0.154734375 0.34391666718749997 0.129703125 0.35270833281249997 0.13025 0.3521666671875 0.11884375 0.3305625 0.10595312500000001 0.3187916671875 0.089015625 0.3109375 0.065453125 0.3109375 0.049625 0.3222291671875 0.040421875 0.34039583281249997 0.033796875 0.3659166671875 0.033796875 0.3767083328125 0.030859375 0.381625 0.00140625 0.38456250000000003 0 0.65025 0.10492187500000001 0.7124375 0.25453125 0.8367916671875 0.33614062499999997 0.8808333328125 0.34196875000000004 0.8160624999999999 0.39831249999999996 0.8160624999999999 0.534328125 0.782375 0.676171875 0.7383333328125 0.8393750000000001 0.7020625 0.8549218749999999 0.5906666671874999