2 0.882046875 0.4532916671875 0.873234375 0.4298125 0.8573906250000001 0.43216666718749996 0.8309843750000001 0.4814583328125 0.8221875000000001 0.5612708328125 0.8221875000000001 0.5753541671875 0.836265625 0.594125 0.882046875 0.4532916671875
2 0.5249843750000001 0.2701666671875 0.514515625 0.26549999999999996 0.48190625000000004 0.2701666671875 0.45746875 0.2856875 0.45746875 0.2918958328125 0.45629687499999994 0.3353541671875 0.50753125 0.3120625 0.52265625 0.2918958328125 0.5249843750000001 0.2701666671875
2 0.6282656249999999 0.6395625 0.638390625 0.6530625 0.656109375 0.6361875 0.6839375000000001 0.637875 0.72315625 0.631125 0.75859375 0.5771458328125 0.7358125 0.5383333328125001 0.6915312499999999 0.5636458328125 0.6307968749999999 0.6193125 0.6421875 0.6091875 0.635859375 0.6260625 0.6282656249999999 0.6395625
2 0.08990625 0.4799583328125 0.085109375 0.49352083281250003 0.08870312500000001 0.5110625 0.09768750000000001 0.5230416671875 0.10606249999999999 0.532625 0.11204687499999999 0.5342083328125 0.12640625 0.5342083328125 0.131203125 0.528625 0.1371875 0.5246458328125 0.14975 0.5254375 0.163515625 0.5046875 0.16890624999999998 0.48235416718749996 0.17009375 0.4799583328125 0.14915625 0.4687708328125 0.11682812499999999 0.4647916671875 0.097078125 0.4711666671875 0.08990625 0.4799583328125
2 0.08275 0.6640833328125 0.0839375 0.684625 0.20792187499999998 0.6914583328125 0.20792187499999998 0.6809375 0.20832812500000003 0.6809375 0.199640625 0.6625 0.177921875 0.6519791671874999 0.10723437499999999 0.6514375 0.110390625 0.6488125 0.08275 0.6614583328125 0.08275 0.6640833328125
2 0.2064375 0.4177708328125 0.218390625 0.4411041671875 0.2320625 0.4553541671875 0.22949999999999998 0.44225000000000003 0.22821875 0.4035208328125 0.22821875 0.3824583328125 0.22907812500000002 0.3636666671875 0.232921875 0.334625 0.24615625 0.3027291671875 0.23548437500000002 0.303875 0.224375 0.3078541671875 0.21540625000000002 0.31525 0.194484375 0.3272083328125 0.1859375 0.33975 0.17825 0.3631041671875 0.189359375 0.3631041671875 0.20685937499999998 0.3631041671875 0.20814062500000002 0.3642291671875 0.2013125 0.3739166671875 0.196609375 0.3801875 0.20045312499999998 0.3995416671875 0.2064375 0.4177708328125
2 0.757046875 0.578875 0.799296875 0.6 0.8098593749999999 0.5694791671874999 0.79578125 0.5225416671875001 0.751765625 0.48733333281249996 0.75 0.48733333281249996 0.730640625 0.5272291671875 0.757046875 0.578875
2 0.7316874999999999 0.2962916671875 0.73778125 0.3233333328125 0.7443593749999999 0.3408958328125 0.7560156250000001 0.3408958328125 0.772234375 0.3605 0.774765625 0.3598125 0.7793281249999999 0.3605 0.788453125 0.3665833328125 0.75653125 0.2760208328125 0.742328125 0.26725 0.736765625 0.2679166671875 0.73321875 0.2760208328125 0.7316874999999999 0.2962916671875
2 0.630671875 0.6979583328125 0.684390625 0.695125 0.7063125 0.6970208328124999 0.707015625 0.6970208328124999 0.7041875 0.68475 0.678734375 0.6696875 0.653296875 0.6677916671874999 0.625015625 0.6649583328124999 0.58896875 0.6640208328125 0.566359375 0.6593125 0.5607031250000001 0.6612083328125 0.5543437499999999 0.6630833328125 0.540203125 0.6781666671875 0.537375 0.6922916671875 0.536671875 0.6970208328124999 0.630671875 0.6979583328125
2 0.8598437499999999 0.6854375 0.860953125 0.6964375 0.8851718749999999 0.6920416671875 0.88903125 0.6788125 0.8939843749999999 0.6641458328125001 0.892890625 0.6487083328125001 0.87746875 0.6332916671875 0.8659062499999999 0.6186041671875 0.851578125 0.6068541671875 0.8383593749999999 0.5965833328125 0.83065625 0.5914375 0.8196406250000001 0.5862916671875 0.8108281249999999 0.5811666671875 0.803671875 0.5833541671875 0.8020156249999999 0.5914375 0.8014687500000001 0.5987916671875 0.8119375 0.6259583328125 0.82515625 0.6553333328125001 0.842765625 0.6663333328125 0.8598437499999999 0.6854375
2 0.49217187500000004 0.6855625 0.34587500000000004 0.6705833328125 0.330875 0.6947708328125 0.49909375 0.6927291671875 0.49217187500000004 0.6855625
2 0.8556250000000001 0.6767708328125 0.8303437499999999 0.6550833328125 0.776140625 0.6514791671875 0.750859375 0.6526875000000001 0.7210468750000001 0.6683333328125001 0.711125 0.6888124999999999 0.712015625 0.6972291671875 0.860140625 0.6924166671875 0.8556250000000001 0.6767708328125
2 0.6249374999999999 0.7641041671875 0.65290625 0.759625 0.682 0.7521666671875 0.7127656250000001 0.7350208328125001 0.61990625 0.7335208328125 0.5466249999999999 0.7394999999999999 0.548296875 0.7409791671875 0.558921875 0.759625 0.5812968749999999 0.7685833328125 0.604796875 0.7723125 0.6249374999999999 0.7641041671875