3 0.6738000000000001 0.5461624656249999 0.69792 0.64526610625 0.73168 0.6857983187500001 0.7831400000000001 0.69932773125 0.8458600000000001 0.7218487390625 0.88286 0.70607843125 0.96004 0.5934733890625 0.94878 0.45834733906249997 0.9134 0.3997759109375 0.8523 0.35246498593750003 0.7799400000000001 0.34798319375000003 0.714 0.38176470625 0.67862 0.46282913125 0.6738000000000001 0.5461624656249999
3 0.0032 0.247759103125 0.07702 0.4028011203125 0.10268 0.40507002812500004 0.14922 0.39607843125 0.21982 0.407310925 0.26474000000000003 0.43876750624999994 0.3578 0.40507002812500004 0.39792 0.3219047625 0.43964 0.2365266109375 0.46210000000000007 0.126414565625 0.44123999999999997 0.0095518203125 0.00482 0.0028011203124999997 0 0.034257703125 0.0032 0.247759103125
3 0 0.9848179265624999 0.32892 0.9870868343750001 0.38828 0.8297759109375 0.39632 0.7354061625 0.37224 0.6005602234375 0.30004 0.47697479062500003 0.22944 0.4095518203125 0.10268 0.407310925 0.02888 0.4365266109375 0 0.47697479062500003 0 0.9848179265624999
3 0.9608399999999999 0.3078151265625 0.98492 0.2516526609375 1 0.1640056015625 0.9913399999999999 0.1055742296875 0.9640599999999999 0.056134453125 0.9079 0.017927170312499997 0.85656 0.013445378124999999 0.8052199999999999 0.026918767187499998 0.76992 0.06512605 0.74104 0.1055742296875 0.7217800000000001 0.18422969218750002 0.73302 0.26512605 0.7522599999999999 0.31232492968750003 0.77152 0.3482633046875 0.85174 0.352773109375 0.8998799999999999 0.38647058749999996 0.9608399999999999 0.3078151265625
3 1 0.6921288515625 0.9915800000000001 0.6404481796875 0.9611000000000001 0.6247058828125 0.956464615625 0.625061409375 0.9564030765625 0.6107132078124999 0.96912 0.6089915968749999 0.9627000000000001 0.5955042015625 0.9768399999999999 0.596631653125 1 0.5595518203125 0.998 0.33708683437500003 0.97714 0.3213445375 0.9659000000000001 0.3168627453125 0.90974 0.357310925 0.9081400000000001 0.38425770312499996 0.93542 0.41123249375000004 0.94826 0.462913165625 0.95788 0.4943697484375 0.9611000000000001 0.5550700281250001 0.9562799999999999 0.58201680625 0.9563415375 0.5963650078125 0.9434400000000001 0.6359663859375 0.8920999999999999 0.7056302515625 0.8744400000000001 0.7191036421875 0.9081400000000001 0.7595518203125 0.9289999999999999 0.8044817921874999 0.94024 0.9258543421875001 0.93862 0.9370868343750001 0.95788 0.955070028125 0.9578184625 0.9407218265624999 0.966304 0.9460784312499999 1 0.9101120453125 1 0.6921288515625
3 0.2867 0.4691596640625 0.3607 0.5701960781250001 0.39954 0.7412044812499999 0.38104 0.8525770312500001 0.5123800000000001 0.9018207281249999 0.6011599999999999 0.8474229687499999 0.6511 0.7696918765625 0.67516 0.6686554625000001 0.66406 0.5028571421875 0.62892 0.42773109218750005 0.58452 0.34224089687500003 0.54012 0.3085434171875 0.47908 0.280056021875 0.42729999999999996 0.2852380953125 0.357 0.404397759375 0.2904 0.43291316562500004 0.2867 0.4691596640625
3 0.96926 0.8655742296875 0.9193199999999999 0.7749019609375 0.8675200000000001 0.7179271703125 0.78798 0.6971988796875 0.71216 0.6997759109375 0.6769999999999999 0.7515966390625 0.6492600000000001 0.7515966390625 0.61042 0.7956302515625 0.5327200000000001 0.90445378125 0.44394 0.8811204484375 0.37364 0.868179271875 0.3274 0.9873389359375 0.93042 0.9899439781250001 0.96926 0.8655742296875
3 0.61348 0.20092437031250002 0.6071799999999999 0.2035574234375 0.59524 0.2238095234375 0.58014 0.2511204484375 0.5751000000000001 0.27490196093749997 0.57322 0.30487395 0.5751000000000001 0.3348179265625 0.58768 0.34361344531250004 0.6009 0.33218487343750003 0.6147400000000001 0.307507003125 0.63234 0.278431371875 0.6581400000000001 0.2643417359375 0.70844 0.254649859375 0.7336 0.24759103593749998 0.71034 0.2255742296875 0.6977599999999999 0.21148459375 0.6726 0.20268907500000002 0.638 0.19476190468750001 0.62102 0.1982633046875 0.61348 0.20092437031250002
3 0.42066 0.2763865546875 0.3821 0.36039215625 0.42556000000000005 0.2832493 0.48186 0.27983193281249996 0.54062 0.31067226875 0.5602 0.3235294125 0.56816 0.32868347343750004 0.56816 0.2986834734375 0.5663199999999999 0.27896358593750004 0.55592 0.25666666718750003 0.54002 0.2266666671875 0.52348 0.2043697484375 0.499 0.192380953125 0.47695999999999994 0.18809523749999998 0.44698000000000004 0.1966666671875 0.44882 0.1966666671875 0.43964 0.24123249375000003 0.42066 0.2763865546875
3 0.70844 0.38960784375 0.76778 0.3532493 0.72884 0.25196078437499997 0.63796 0.275322128125 0.58232 0.3506442578125 0.66764 0.5142857140625 0.66764 0.56364145625 0.65466 0.7402521015625 0.6732 0.748039215625 0.71956 0.701288515625 0.74368 0.6961064421875001 0.67876 0.5714285718750001 0.6732 0.5064986 0.70844 0.38960784375
3 0.6422 0.19123249375 0.66338 0.19507002812500002 0.68526 0.20274509843750002 0.7050799999999999 0.21229691874999998 0.7180799999999999 0.2094397765625 0.7228600000000001 0.193165265625 0.7331000000000001 0.14624649843749998 0.7372 0.1060504203125 0.7317400000000001 0.07445378124999999 0.70782 0.035210084375 0.68252 0.018935575 0.64766 0.01798319375 0.61964 0.0390196078125 0.59776 0.07635854375 0.5923 0.126162465625 0.59436 0.16635854375 0.6087 0.206554621875 0.60666 0.200812325 0.6216999999999999 0.19123249375 0.6422 0.19123249375
3 0.54646 0.23585434218749998 0.5697 0.278935575 0.56628 0.3249019609375 0.5738000000000001 0.3325490203125 0.5738000000000001 0.3306442578125 0.57448 0.26075630312500003 0.59568 0.21767507031250002 0.6025 0.19851540625 0.6025 0.191820728125 0.59704 0.182240896875 0.57858 0.17554621875 0.57038 0.17364145625 0.55192 0.179383753125 0.5403 0.18607843125 0.5334800000000001 0.2061904765625 0.53484 0.20140056093749997 0.528 0.2119327734375 0.54646 0.23585434218749998