1 0.5372705875 0.70925 0.6039058828125 0.7114375 0.6327058828125 0.707625 0.6236705875 0.692859375 0.6187294125 0.68303125 0.59896470625 0.68303125 0.5964941171875 0.67865625 0.5907529406250001 0.673734375 0.574282353125 0.666640625 0.568517646875 0.670453125 0.5298588234375 0.67865625 0.5232705875 0.6906718749999999 0.5084705875 0.713078125 0.5372705875 0.70925
1 0.6221882359375 0.645203125 0.6324 0.65409375 0.6407058828125 0.6485937500000001 0.647082353125 0.623578125 0.646447059375 0.6104375 0.6336705874999999 0.60365625 0.6253882359375 0.60365625 0.616447059375 0.601546875 0.6049411765625 0.599421875 0.60303529375 0.597734375 0.6036705875 0.59984375 0.6043058828125 0.6201875 0.60303529375 0.6346093749999999 0.613882353125 0.649859375 0.6221882359375 0.645203125
1 0.6695058828125 0.5374218749999999 0.6695058828125 0.547828125 0.676047059375 0.547828125 0.69823529375 0.5426249999999999 0.7321882359375 0.53828125 0.7413411765625 0.5218125 0.7374117640625 0.509671875 0.7112941171875 0.5001249999999999 0.700847059375 0.501 0.6877882359374999 0.508796875 0.6551529406250001 0.527875 0.6629882359375 0.523546875 0.6695058828125 0.5287499999999999 0.6695058828125 0.5374218749999999
1 0.4078588234375 0.3620625 0.4054588234375 0.36717187500000004 0.4097882359375 0.3706875 0.42324705937499996 0.374515625 0.45647058749999997 0.3764375 0.477647059375 0.381234375 0.4810117640625 0.37771875 0.49256470625000004 0.36940625 0.5012235296875 0.36589062499999997 0.5031529406249999 0.362703125 0.5012235296875 0.354703125 0.48437647031250003 0.348 0.4684941171875 0.342234375 0.4372235296875 0.342875 0.42614117656249995 0.34575 0.41555294062500003 0.354703125 0.42421176406249994 0.358859375 0.4603294125 0.360453125 0.49256470625000004 0.368453125 0.4608 0.361734375 0.4218117640625 0.3598125 0.4078588234375 0.3620625
1 0.50383529375 0.137421875 0.48378823593750003 0.14560937499999999 0.4621882359375 0.13946875 0.4498588234375 0.1405 0.4328941171875 0.14151562499999998 0.4097411765625 0.14254687500000002 0.4097411765625 0.146640625 0.4097411765625 0.155859375 0.39277647031249996 0.15687500000000001 0.369647059375 0.15790625 0.351152940625 0.15790625 0.34804705937499997 0.16404687499999998 0.35576470625 0.170203125 0.34496470625 0.17634375 0.324917646875 0.18556250000000002 0.3095058828125 0.196828125 0.3048705875 0.2070625 0.324917646875 0.205015625 0.3619294125 0.200921875 0.3974117640625 0.200921875 0.42978823593750004 0.200921875 0.46063529374999995 0.200921875 0.4868705875 0.200921875 0.5115294125000001 0.200921875 0.5470117640625001 0.200921875 0.5763058828125 0.198875 0.61023529375 0.19784375 0.639552940625 0.19784375 0.678117646875 0.201953125 0.7043294125 0.20296875 0.7182117640625 0.205015625 0.7274588234375 0.205015625 0.7336235296875 0.205015625 0.7367058828124999 0.19375 0.7243764703125 0.19273437499999999 0.7212941171875 0.187609375 0.7212941171875 0.174296875 0.712047059375 0.17121875 0.6935294125 0.16609374999999998 0.6935294125 0.16303125000000002 0.6904470593750001 0.15278125 0.6812 0.147671875 0.6704 0.147671875 0.6596 0.147671875 0.634917646875 0.13946875 0.6333882359375 0.13946875 0.624117646875 0.14459375000000002 0.6117882359375 0.1538125 0.5932705875 0.15687500000000001 0.5778588234375001 0.155859375 0.5763058828125 0.155859375 0.5716941171875 0.15687500000000001 0.5686117640624999 0.154828125 0.5531764703125 0.14356249999999998 0.530047059375 0.132296875 0.50383529375 0.137421875
1 0.63376470625 0.604984375 0.6473411765625 0.6160625 0.654752940625 0.61853125 0.6708235296875 0.6242656249999999 0.67823529375 0.628375 0.6912 0.63534375 0.6961411765625 0.6345156249999999 0.6943058828125 0.627953125 0.6893411765625 0.621390625 0.67823529375 0.61278125 0.6596941171874999 0.604578125 0.652917646875 0.6021093750000001 0.636847059375 0.60253125 0.63376470625 0.604984375
1 0.5998588234375 0.550421875 0.6122117640625 0.547140625 0.621482353125 0.5389375000000001 0.6258117640624999 0.527453125 0.6245647062499999 0.5139218750000001 0.6115999999999999 0.5196562499999999 0.5936941171875 0.52828125 0.5708235296875 0.53525 0.5424235296875 0.5389375000000001 0.5004 0.5442812499999999 0.47447058750000004 0.55821875 0.5732941171875 0.554125 0.5998588234375 0.550421875
1 0.45383529375 0.688375 0.46051764687499996 0.69378125 0.48611764687500003 0.690296875 0.5233411765625 0.68103125 0.547482353125 0.6682812499999999 0.553882353125 0.6568906250000001 0.5536 0.6541875 0.5306117640625 0.654953125 0.519552940625 0.65959375 0.5079294125 0.663640625 0.4910588234375 0.669640625 0.457317646875 0.679296875 0.45383529375 0.682 0.45383529375 0.688375
1 0.4546117640625 0.6897968750000001 0.4546117640625 0.6738906250000001 0.4115058828125 0.66965625 0.3619764703125 0.66434375 0.3699764703125 0.68025 0.4402588234375 0.6897968750000001 0.4546117640625 0.6897968750000001
1 0.48040000000000005 0.344734375 0.48289411718749997 0.3505 0.49903529375 0.351328125 0.51143529375 0.3331875 0.5164 0.31834375000000004 0.50896470625 0.2944375 0.4977882359375 0.28453125 0.4878588234375 0.28371875 0.4779294125 0.28535937499999997 0.481647059375 0.29114062500000004 0.48536470625000006 0.300203125 0.4878588234375 0.31175 0.4878588234375 0.3290625 0.48040000000000005 0.344734375
1 0.6733882359375001 0.5391250000000001 0.6656235296874999 0.523625 0.6529882359375 0.52428125 0.634517646875 0.51071875 0.6248 0.53525 0.59176470625 0.5526718749999999 0.6034117640625001 0.55396875 0.67143529375 0.5475156250000001 0.6733882359375001 0.5391250000000001
1 0.5284 0.5139843749999999 0.5205411765625 0.508015625 0.511552940625 0.497578125 0.5059294125 0.49310937499999996 0.4980705875 0.49384375 0.48232941250000005 0.514734375 0.4699764703125 0.51696875 0.45312941249999994 0.515484375 0.436282353125 0.5139843749999999 0.4261882359375 0.50728125 0.4127058828125 0.502046875 0.40821176406250004 0.50503125 0.40931764687500005 0.511 0.4216941171875 0.52815625 0.4272941171875 0.530390625 0.4250588234375 0.534125 0.4250588234375 0.54084375 0.435152940625 0.5453125 0.45089411718749994 0.549796875 0.47336470625000004 0.5505312499999999 0.49131764687499996 0.5460625 0.5070588234375 0.543078125 0.511552940625 0.54084375 0.48795294062499994 0.537859375 0.47223529375 0.534875 0.46548235312499997 0.530390625 0.46548235312499997 0.526671875 0.4711058828125 0.525921875 0.47783529375 0.5236875000000001 0.4980705875 0.5214531250000001 0.5171529406250001 0.5229375 0.534 0.5236875000000001 0.5284 0.5139843749999999
1 0.5524941171875 0.525109375 0.57376470625 0.522609375 0.572517646875 0.515953125 0.558117646875 0.50265625 0.558752940625 0.49434374999999997 0.55936470625 0.482703125 0.536847059375 0.498921875 0.5312 0.5093125 0.5324705875 0.5234375 0.5524941171875 0.525109375
1 0.3629946515625 0.39114583281250004 0.2821390375 0.5223958328125 0.282352940625 0.5265625 0.277647059375 0.5296875 0.277647059375 0.5359375 0.2870588234375 0.5390625 0.2864171125 0.5419034093749999 0.3653475921875 0.595596590625 0.3764705875 0.6 0.3647058828125 0.6078125 0.35529411718750004 0.6203125 0.3247058828125 0.6265625 0.29176470625 0.6453125 0.28470588281250003 0.65625 0.28470588281250003 0.671875 0.29176470625 0.6828125 0.3035294125 0.690625 0.3411764703125 0.7046875 0.40470588281250003 0.70625 0.4164705875 0.7109375 0.45176470625 0.709375 0.4705882359375 0.7171875 0.4988235296875 0.7171875 0.50823529375 0.7140625 0.5270588234375 0.684375 0.522352940625 0.6828125 0.5270588234375 0.6796875 0.5670588234375 0.671875 0.57176470625 0.66875 0.5858823531249999 0.671875 0.6 0.684375 0.6188235296875 0.684375 0.6329411765625 0.7078125 0.677647059375 0.7078125 0.6894117640624999 0.703125 0.7176470593750001 0.703125 0.73176470625 0.6984375 0.7458823531250001 0.6875 0.7505882359375 0.678125 0.7505882359375 0.665625 0.7388235296875 0.65 0.7388235296875 0.640625 0.72 0.6328125 0.7129411765625 0.6328125 0.7082352937499999 0.625 0.697647059375 0.6203125 0.7011764703125001 0.6125 0.6988235296875 0.5796875 0.694117646875 0.5765625 0.6799999999999999 0.5765625 0.6729411765625 0.58125 0.5378151265625 0.5477678578125 0.5388235296875 0.540625 0.57176470625 0.5359375 0.5929411765625 0.5296875 0.6211764703125 0.515625 0.62823529375 0.5171875 0.6352941171875 0.5109375 0.6352941171875 0.5046875 0.62823529375 0.4984375 0.6047058828125 0.4984375 0.6 0.5015625 0.58823529375 0.5015625 0.574117646875 0.5109375 0.5694117640624999 0.5109375 0.57176470625 0.5234375 0.5647058828125 0.525 0.5294117640625 0.525 0.4964705875 0.521875 0.46823529375 0.5265625 0.46588235312500004 0.5171875 0.48470588281250004 0.5046875 0.4894117640625 0.4984375 0.4894117640625 0.4890625 0.477647059375 0.478125 0.45647058749999997 0.4703125 0.45647058749999997 0.39375 0.4894117640625 0.3921875 0.4988235296875 0.3859375 0.505882353125 0.3859375 0.5105882359375 0.3828125 0.5529411765625001 0.384375 0.5599999999999999 0.3796875 0.5976470593750001 0.3796875 0.6305882359375 0.3765625 0.637647059375 0.3796875 0.665882353125 0.378125 0.7105882359375 0.38125 0.72 0.3765625 0.7341176468749999 0.3765625 0.7411764703125 0.371875 0.7411764703125 0.359375 0.7341176468749999 0.3546875 0.7247058828124999 0.3546875 0.7152941171875 0.3484375 0.6988235296875 0.346875 0.682352940625 0.3390625 0.6494117640625 0.340625 0.64 0.3375 0.637647059375 0.3328125 0.6470588234375 0.325 0.6470588234375 0.31875 0.637647059375 0.3109375 0.6235294125 0.3109375 0.6070588234375001 0.3171875 0.5764705875 0.315625 0.5694117640624999 0.3109375 0.5623529406250001 0.2796875 0.557647059375 0.2734375 0.54823529375 0.26875 0.5247058828125 0.2703125 0.5152941171875 0.278125 0.5152941171875 0.2921875 0.48470588281250004 0.3 0.48 0.290625 0.47294117656249995 0.2890625 0.46823529375 0.278125 0.46352941249999996 0.275 0.442352940625 0.2734375 0.43294117656250003 0.28125 0.42352941250000004 0.278125 0.414117646875 0.25625 0.414117646875 0.2171875 0.4094117640625 0.2125 0.3952941171875 0.2125 0.39058823593750003 0.215625 0.38823529375 0.225 0.3835294125 0.265625 0.3929411765625 0.271875 0.4 0.284375 0.3929411765625 0.3109375 0.3694117640625 0.3125 0.35529411718750004 0.321875 0.35529411718750004 0.33125 0.36 0.3359375 0.3505882359375 0.34375 0.34823529375 0.353125 0.3364705875 0.353125 0.322352940625 0.3609375 0.3152941171875 0.3609375 0.31058823593749996 0.3640625 0.30823529375000003 0.371875 0.2964705875 0.3765625 0.2964705875 0.384375 0.3011764703125 0.3875 0.362352940625 0.3890625 0.3629946515625 0.39114583281250004