3 0.74662 0.5754400000000001 0.67398 0.69032 0.73986 0.70608 0.80406 0.6948266671875001 0.83278 0.6677866671875 0.82602 0.6385066671875 0.8243199999999999 0.5484266671875 0.8378399999999999 0.46058666718749997 0.89696 0.3997866671875 0.89528 0.3862666671875 0.85472 0.3277066671875 0.78886 0.2984266671875 0.71452 0.29392 0.7212799999999999 0.30744 0.75 0.4155466671875 0.74662 0.5754400000000001
3 0.65056 0.9074933328125001 0.64888 0.8468266671875 0.62528 0.79064 0.59158 0.7344533328125 0.53932 0.6648 0.46853999999999996 0.6580533328125 0.40449999999999997 0.6850133328125 0.35562 0.7254666671875001 0.32528 0.7973866671875001 0.31012 0.8378399999999999 0.30674 0.9209866671875 0.31179999999999997 0.9816533328125001 0.6235999999999999 0.9838933328125 0.6336999999999999 0.9614133328125 0.65056 0.9074933328125001
3 0 0.6399733328125 0.04382 0.7713066671875 0.12378 0.8269333328125 0.25588 0.82384 0.32888 0.74968 0.38102 0.6137066671875 0.35785999999999996 0.46848 0.29296 0.3834933328125 0.24196 0.3494933328125 0.17476 0.3417866671875 0.12956 0.3572266671875 0.05656 0.3989333328125 0.0218 0.43757333281250005 0 0.5441866671875 0 0.6399733328125
3 0.01792 0.0242666671875 0.01886 0.0430933328125 0.02732 0.0857866671875 0.043340000000000004 0.1485333328125 0.0744 0.1987466671875 0.10076 0.23767999999999997 0.14501999999999998 0.2590133328125 0.17892 0.27157333281249996 0.23445999999999997 0.27157333281249996 0.26742 0.25776 0.31262 0.2326666671875 0.35122 0.1937333328125 0.387 0.12970666718749999 0.39924 0.06568 0.403 0.0041866671875 0.40112 0.0016533328125 0.0198 0.0004 0.01792 0.0242666671875
3 0.5966199999999999 0.2045066671875 0.59832 0.1797866671875 0.5646 0.0831466671875 0.5545 0.0179733328125 0.54606 0.00224 0.4382 0.0045066671875 0.40449999999999997 0.0112266671875 0.39944 0.07192 0.36741999999999997 0.1595466671875 0.32696000000000003 0.2112266671875 0.31012 0.2426933328125 0.36574 0.31909333281249996 0.37751999999999997 0.32136 0.37584 0.31909333281249996 0.42977999999999994 0.2606666671875 0.48708 0.2134933328125 0.5595600000000001 0.2045066671875 0.5966199999999999 0.2045066671875
3 0.65394 0.00224 0.5494399999999999 0.0067466671874999995 0.5528 0.0472 0.5646 0.0898933328125 0.5882 0.1415733328125 0.60506 0.19325333281249998 0.67752 0.25392000000000003 0.7382 0.27416 0.8157400000000001 0.26965333281250004 0.8730399999999999 0.2292266671875 0.8949400000000001 0.1640533328125 0.90168 0.06293333281249999 0.9236000000000001 0.00224 0.9202199999999999 0.00224 0.8460599999999999 0.00224 0.65394 0.00224
3 0.98878 1 0.99048 0.9865600000000001 0.99552 0.9461866671875001 0.9770200000000001 0.8766933328125001 0.95852 0.82064 0.88116 0.7309333328125 0.85258 0.7174933328125 0.77522 0.7040266671875 0.68442 0.7444 0.63902 0.8116533328125 0.64574 0.8089600000000001 0.63228 0.8224266671875 0.64574 0.87848 0.62388 1 0.98878 1
3 0.9 0.08232 0.8844200000000001 0.2173866671875 0.9233800000000001 0.3394666671875 0.9974000000000001 0.41218666718749997 1 0.004399999999999999 0.9233800000000001 0.004399999999999999 0.9 0.08232
3 0.4728 0.6630666671875 0.52198 0.6743466671875 0.55334 0.6913066671875 0.58048 0.72976 0.64408 0.7173333328125 0.6915600000000001 0.6721066671875 0.7203999999999999 0.6336533328125 0.7483799999999999 0.5680799999999999 0.756 0.5466133328125 0.7577 0.4719733328125 0.75432 0.41432 0.73226 0.3521333328125 0.7076800000000001 0.2967466671875 0.67206 0.24359999999999998 0.62712 0.20968 0.57964 0.20064 0.54572 0.20064 0.47788 0.2153333328125 0.43377999999999994 0.24359999999999998 0.40326000000000006 0.28656000000000004 0.37612 0.35101333281249997 0.36002 0.42224000000000006 0.35748 0.5138133328125 0.37357999999999997 0.56696 0.38546 0.6133066671875 0.42022000000000004 0.67096 0.42446 0.6653066671875 0.43294 0.6607999999999999 0.4728 0.6630666671875
3 0.17170000000000002 0.34632 0.20806 0.3456533328125 0.2434 0.35792 0.27362000000000003 0.3695466671875 0.30452 0.3969066671875 0.3184 0.42408 0.34052 0.44722666718750004 0.35396 0.4940533328125 0.3583 0.49463999999999997 0.35852 0.4618666671875 0.36286 0.42432 0.36502 0.39256 0.38342 0.3362666671875 0.3791 0.3290666671875 0.35962 0.3059733328125 0.33687999999999996 0.2799733328125 0.31522 0.26554666718750003 0.28382 0.2626666671875 0.26 0.2727733328125 0.23186 0.27853333281250003 0.18422 0.2684266671875 0.15608 0.2814133328125 0.11926 0.31605333281250003 0.08896 0.3752533328125 0.08362 0.3838666671875 0.14712 0.35178666718749996 0.17170000000000002 0.34632
3 1 0.40519999999999995 0.9467599999999999 0.36103999999999997 0.9058400000000001 0.39221333281250004 0.83766 0.46234666718749995 0.8123400000000001 0.5896 0.82598 0.6857066671875 0.8552 0.7246666671875001 0.91364 0.7740266671875 0.9779199999999999 0.8285600000000001 1 0.8311733328124999 1 0.4104 1 0.40519999999999995
3 0.30366 0.8569333328125 0.3209 0.7717333328125 0.30582 0.7726933328125 0.2577 0.8262933328125 0.12416 0.8291733328124999 0.0897 0.8042933328125 0.04734 0.9191733328125 0.038 0.9976533328125001 0.32018 1 0.30510000000000004 0.9507466671874999 0.30366 0.8569333328125