2 0.21702614374999998 0.7697222218750001 0.2340522875 0.7782189546875 0.24756535937500002 0.7767320265625 0.2841013078125 0.7747222218750001 0.31864379062500003 0.7507026140625 0.3241503265625 0.725669934375 0.317647059375 0.6991339875 0.295620915625 0.6801143796875 0.27558823593750004 0.6700980390625 0.24805555625000003 0.6600980390625 0.2340522875 0.6616013078125 0.21001634062500002 0.6711111109375001 0.2005065359375 0.6811111109375 0.1904901953125 0.7241666671875 0.188986928125 0.7376797390625 0.1955065359375 0.7557026140625 0.21702614374999998 0.7697222218750001
2 0.826960784375 0.482777778125 0.8539379078125 0.42658496718750005 0.83370915 0.38388888906249996 0.7662908500000001 0.379395425 0.7348366015625001 0.401879084375 0.7370751640625001 0.46928104531250003 0.7865196078125 0.49176470625 0.826960784375 0.482777778125
2 0.522777778125 0.4424509796875 0.5014379078125 0.44998365937499996 0.4675326796875 0.4826143796875 0.4675326796875 0.511486928125 0.481356209375 0.5378594765625 0.5001797390625 0.5516666671875 0.5190032687499999 0.5491503265625 0.5491339875000001 0.5315849671875 0.585539215625 0.490147059375 0.5930718953125 0.47885620937500006 0.544117646875 0.44370915 0.522777778125 0.4424509796875
2 0.45684640468750004 0.51142156875 0.46245097968750004 0.5037091499999999 0.46245097968750004 0.49529411718749994 0.495408496875 0.45741829999999994 0.5010294125 0.4511111109375 0.49892156875 0.4454901953125 0.49120915 0.4384803921875 0.48629084999999994 0.42375817031249996 0.47787581718750005 0.41183006562499996 0.46666666718750005 0.41183006562499996 0.43650326875 0.41183006562499996 0.4407189546875 0.42586601249999995 0.432303921875 0.45531045781249996 0.4126633984375 0.47705882343750006 0.41547385625000005 0.5023039218750001 0.432303921875 0.510016340625 0.45684640468750004 0.51142156875
2 0.37553921562500003 0.490604575 0.39810457499999996 0.48704248437500003 0.411748365625 0.4787418296875 0.41531045781250003 0.4751797390625 0.43313725468750003 0.454983659375 0.4414542484375 0.42173202656250003 0.42066993437500005 0.4003431375 0.3874019609375 0.4282679734375 0.3446568625 0.46923202656249996 0.349395425 0.476356209375 0.367222221875 0.490604575 0.37553921562500003 0.490604575
2 0.217696078125 0.32331699375 0.20866013125 0.30331699375 0.194460784375 0.2710457515625 0.1789705875 0.2736274515625 0.1602614375 0.283300653125 0.1609150328125 0.2968627453125 0.1692973859375 0.3310620921875 0.18155228750000002 0.362042484375 0.194460784375 0.3510620921875 0.20607843125 0.3381535953125 0.217696078125 0.32331699375
2 0.297352940625 0.185065359375 0.297352940625 0.18436274531250002 0.294542484375 0.1822549015625 0.266486928125 0.18155228750000002 0.2468464046875 0.1969934640625 0.24405228750000002 0.21942810468750001 0.25807189531249997 0.23065359531250001 0.266486928125 0.2397712421875 0.28331699375 0.2215359484375 0.292434640625 0.2067973859375 0.294542484375 0.190669934375 0.297352940625 0.185065359375
2 0.8696568625 0.2898856203125 0.8494444437500001 0.2741503265625 0.8134803921874999 0.2674183 0.78426470625 0.278643790625 0.7662908500000001 0.3078594765625 0.7640522875 0.34382352968749996 0.860669934375 0.3685457515625 0.8786437906250001 0.34831699375 0.8808986921875 0.321356209375 0.8696568625 0.2898856203125
2 0.6044934640624999 0.58426470625 0.6134803921875001 0.6202287578125001 0.6471895421875 0.626960784375 0.6876470593749999 0.6359477124999999 0.723594771875 0.61797385625 0.741568628125 0.5955065359375 0.7348366015625001 0.5460620921875 0.723594771875 0.5258496734375 0.7011274515625 0.5101143796875001 0.6741503265625 0.5101143796875001 0.6966339875 0.5977450984375 0.660669934375 0.6022549015625 0.6044934640624999 0.58426470625
2 0.47841503281250003 0.2479411765625 0.4882843140625 0.21107843124999998 0.508039215625 0.19264705937499998 0.486960784375 0.1610294125 0.4415359484375 0.14129085 0.40663398749999996 0.1452287578125 0.38557189531249997 0.15444444375 0.3796405234375 0.171568628125 0.4705065359375 0.24400326875 0.4705065359375 0.2453104578125 0.47841503281250003 0.2479411765625
2 0.10521241875000001 0.5938562093749999 0.123039215625 0.6270915031250001 0.14816993437499998 0.66763071875 0.166013071875 0.6870751640625 0.177352940625 0.652222221875 0.186274509375 0.63357843125 0.156274509375 0.58736928125 0.136013071875 0.5719771234375 0.13439542499999999 0.57116013125 0.12547385625000002 0.576830065625 0.10521241875000001 0.5938562093749999
2 0.608104575 0.22336601250000002 0.626013071875 0.24500000000000002 0.6386928109375 0.231568628125 0.6401797390625 0.20246732031249998 0.6394281046875 0.17934640468750002 0.626013071875 0.1614542484375 0.6088562093750001 0.151013071875 0.5909477125 0.1465359484375 0.567826796875 0.1495098046875 0.5499183000000001 0.1651797390625 0.5417156859375 0.1763725484375 0.5357516343750001 0.1838235296875 0.5782679734375 0.1890522875 0.6021405234375 0.20397058750000002 0.611830065625 0.2144117640625 0.608104575 0.22336601250000002
2 0.5401797390625 0.28052287656249997 0.5369281046875 0.2750980390625 0.545604575 0.2700381265625 0.5803104578125 0.29895424843749996 0.5803104578125 0.2750980390625 0.562957515625 0.2599183 0.5542810453125 0.2649782140625 0.5292013890625 0.2723876640625 0.527173203125 0.2740196078125 0.5214746734375 0.26967728750000003 0.4828410953125 0.25612540781250004 0.479814815625 0.26010076249999997 0.47294117656249995 0.249068628125 0.4501797390625 0.2957026140625 0.48486928125000006 0.349934640625 0.5119934640625 0.3369117640625 0.5401797390625 0.28052287656249997