1 0.733515625 0.6584777515625 0.7351093750000001 0.6669086656250001 0.747171875 0.66932084375 0.752796875 0.6765573765624999 0.76484375 0.6837704921875 0.76484375 0.6885948484375 0.77046875 0.6994379390625001 0.776890625 0.6982201406249999 0.784125 0.6897892265625 0.788953125 0.6885948484375 0.802609375 0.6837704921875 0.81465625 0.6897892265625 0.825109375 0.6897892265625 0.843578125 0.6994379390625001 0.851609375 0.670515221875 0.854828125 0.6584777515625 0.854828125 0.6452459015625001 0.8500156249999999 0.6271662765625 0.843578125 0.6223653390624999 0.8259062500000001 0.61512880625 0.816265625 0.607915690625 0.8114375 0.60067915625 0.8042187500000001 0.60067915625 0.796984375 0.6066978921875 0.790546875 0.5970726 0.785734375 0.6018735359375 0.77528125 0.5970726 0.7535937500000001 0.599484778125 0.733515625 0.6404215453125001 0.733515625 0.6584777515625
0 0.471984375 0.8287822015625 0.4731875 0.8116861828124999 0.46898437499999995 0.7990866515625 0.463578125 0.7837704921875 0.459375 0.7810772828125 0.45276562499999995 0.7774707265624999 0.44135937500000005 0.7774707265624999 0.43715624999999997 0.7792740046875 0.42934374999999997 0.78648711875 0.42334375 0.797283371875 0.42034374999999996 0.8080796250000001 0.419140625 0.8287822015625 0.42514062499999994 0.8341920375 0.438359375 0.8368852453125 0.4485625 0.8548946140625 0.45396875000000003 0.8476814984375001 0.46057812499999995 0.8305854796875 0.471984375 0.8287822015625
0 0.68296875 0.8300702578125 0.696375 0.8115222484375 0.70359375 0.7775175640625 0.69121875 0.7728805624999999 0.68915625 0.7728805624999999 0.688125 0.7728805624999999 0.6736875 0.7636065578125 0.6695625 0.74351288125 0.651 0.7512412171875 0.64790625 0.7141451984375 0.6283125 0.7033255265625 0.61490625 0.701779859375 0.5994375 0.6708665109374999 0.58396875 0.6847775171875 0.56540625 0.6847775171875 0.56540625 0.6816861828125 0.556125 0.6677751749999999 0.55303125 0.6662295078125 0.543765625 0.6600468390625001 0.535515625 0.6662295078125 0.527265625 0.6708665109374999 0.503546875 0.63840749375 0.502515625 0.63840749375 0.47982812499999994 0.63840749375 0.474671875 0.680140515625 0.446828125 0.6755035125 0.436515625 0.6925058546875 0.41176562499999997 0.7141451984375 0.41176562499999997 0.731147540625 0.403515625 0.7265105390625 0.388046875 0.74351288125 0.374640625 0.7898829046875 0.348859375 0.7666978921875 0.32206250000000003 0.78679156875 0.32103125 0.8254332546875001 0.3096875 0.8702341921875 0.704625 0.871779859375 0.70153125 0.8625058546875 0.68296875 0.8300702578125
3 0.18912500000000002 0.809859484375 0.190875 0.8217330203125 0.19484375 0.830772834375 0.2029375 0.83648711875 0.21325 0.8457611234375 0.22403125 0.84648711875 0.23371875000000003 0.835292740625 0.236734375 0.822459015625 0.234515625 0.7970023421875 0.227046875 0.7874941453125001 0.22181250000000002 0.7774941453124999 0.217375 0.7789227171875 0.20610937499999998 0.7810772828125 0.20165625 0.785339578125 0.19165625 0.8000936765625 0.18912500000000002 0.809859484375
3 0.22718750000000001 0.7790866515625 0.23148437500000002 0.7590866515625 0.228484375 0.7461826703125001 0.214265625 0.7287587828125 0.20178124999999997 0.7268149890625 0.189296875 0.7319906328125 0.181546875 0.74810304375 0.18240625 0.7661826703125 0.18757812499999998 0.7803747078125001 0.193171875 0.7829508203125 0.19618750000000001 0.7868384078124999 0.21168749999999997 0.7803747078125001 0.224609375 0.7790866515625 0.22718750000000001 0.7790866515625
3 0.287984375 0.6389227171875 0.27923437500000003 0.6389227171875 0.27149999999999996 0.6434894609375 0.263140625 0.6557142859375 0.263140625 0.6560187359375 0.26110937500000003 0.6792037468750001 0.26090625 0.679812646875 0.26742187500000003 0.7036299765625 0.267625 0.7036299765625 0.286765625 0.69906323125 0.297359375 0.7060655734375 0.30529687499999997 0.68836065625 0.30653125000000003 0.6685245906249999 0.3030625 0.65386416875 0.303671875 0.65325526875 0.295328125 0.644707259375 0.287984375 0.6389227171875
3 0.30293749999999997 0.7326463703125 0.30840625 0.735292740625 0.31778125 0.7103981265625 0.3355625 0.7042622953125 0.33614062499999997 0.6995784546875 0.33204687499999996 0.687868853125 0.3154375 0.6785011703125 0.30840625 0.6787822015625 0.305484375 0.681124121875 0.303328125 0.6866978921875 0.2980625 0.7007494140625 0.29746875 0.704543325 0.30040625 0.7215222484375 0.30293749999999997 0.7326463703125
3 0.26715625 0.7562060890625 0.271890625 0.7607259953125001 0.27490625 0.7626463703125 0.279640625 0.7420140515625 0.29298437499999996 0.7348946140625 0.30503125 0.7323185015625 0.29771875 0.7077985953125 0.290828125 0.7000468390625 0.269296875 0.7026463703125 0.2645625 0.7123185015625 0.25940625 0.7310304453125 0.260265625 0.7420140515625 0.2606875 0.7465105390625 0.26715625 0.7562060890625
3 0.164359375 0.7780327875 0.16315625 0.7621779859375 0.157375 0.7545901640625 0.15184375 0.745948478125 0.144390625 0.7394613578125 0.134296875 0.740187353125 0.12659375 0.74487119375 0.122015625 0.7528103046875 0.119140625 0.761451990625 0.11865624999999999 0.773700234375 0.12009375 0.7834426234375 0.122265625 0.785971896875 0.142234375 0.8054332546875 0.14776562499999998 0.7899297421875 0.153765625 0.7834426234375 0.16243749999999998 0.779836065625 0.164359375 0.7780327875
3 0.131578125 0.8441451984375 0.134859375 0.8413583140625001 0.138140625 0.83644028125 0.14140625 0.832224825 0.141875 0.8210070249999999 0.14140625 0.8027868859374999 0.12925 0.7908430906249999 0.116140625 0.7852459015625 0.101171875 0.7950585484375 0.09601562500000001 0.8062763468749999 0.09601562500000001 0.81679156875 0.094625 0.8329274 0.097890625 0.838548009375 0.10678125000000001 0.8413583140625001 0.118015625 0.8511709609375 0.12221875 0.8511709609375 0.1283125 0.84906323125 0.131578125 0.8441451984375
3 0.18228125 0.7550819671875 0.18115625 0.7491334890625 0.18257812499999998 0.7427400468750001 0.1783125 0.7359250578125 0.174046875 0.732107728125 0.16325 0.7312412171875 0.153875 0.733372365625 0.149625 0.741475409375 0.148203125 0.7435831375 0.15132812499999998 0.74615925 0.15671875 0.7529508203125 0.16325 0.761475409375 0.164109375 0.7682903984375 0.164671875 0.7751053859375 0.164109375 0.7802107734375 0.17234375 0.7836065578125 0.180296875 0.7785011703125 0.18257812499999998 0.77 0.18228125 0.7550819671875
3 0.15371875 0.8386182671875 0.16421875 0.8485480093750001 0.168078125 0.8560187359375 0.170296875 0.8535363 0.173609375 0.8444028109374999 0.180796875 0.8344730671875 0.18796875 0.8344730671875 0.1901875 0.8137704921875001 0.18687499999999999 0.7938875875 0.17803125 0.78810304375 0.169734375 0.781475409375 0.166421875 0.781475409375 0.15923437499999998 0.78063231875 0.15426562500000002 0.7839578453125 0.1481875 0.7889227171875001 0.144328125 0.8013348953125 0.14156249999999998 0.8195784546875 0.141 0.8286885249999999 0.1481875 0.836955503125 0.15371875 0.8386182671875
3 0.23581249999999998 0.837611240625 0.23921874999999998 0.8394613578125 0.24971875 0.8380562062499999 0.252796875 0.841311475 0.258359375 0.8459250578124999 0.263296875 0.852412178125 0.26573437499999997 0.8636533953125 0.266296875 0.855971896875 0.26828124999999997 0.8474707265625 0.26828124999999997 0.8449180328124999 0.259765625 0.8291569093750001 0.24896875000000002 0.8274473062500001 0.24157812500000003 0.8261826703124999 0.23532812500000003 0.8291569093750001 0.23489062500000002 0.8306557375000001 0.22995312499999998 0.8380562062499999 0.23581249999999998 0.837611240625
3 0.228859375 0.7479859484375 0.23123437500000002 0.759859484375 0.228859375 0.7681733015625001 0.230453125 0.7705386421875 0.23678125 0.7717330203125 0.238375 0.7705386421875 0.241546875 0.7651990625 0.24787499999999998 0.760444965625 0.25421875 0.7580796249999999 0.2605625 0.7497658078125 0.259375 0.7444028109375 0.25896875 0.727775175 0.259375 0.7212412171875 0.2581875 0.7141217796875 0.2558125 0.707587821875 0.24709374999999997 0.696908665625 0.241546875 0.696323184375 0.23678125 0.6939344265625 0.228078125 0.69512880625 0.22490625 0.69810304375 0.222125 0.7010538640624999 0.21776562500000002 0.7064168625 0.21221874999999998 0.7182903984375 0.2114375 0.7271896953125 0.21340625000000002 0.728384075 0.22253124999999999 0.737283371875 0.228859375 0.7479859484375
3 0.12281249999999999 0.7228103046875 0.139390625 0.734355971875 0.140875 0.7192740046874999 0.139390625 0.696651053125 0.138203125 0.696651053125 0.13673437500000002 0.696651053125 0.126375 0.696651053125 0.12162500000000001 0.7019672124999999 0.12162500000000001 0.71128805625 0.12281249999999999 0.7228103046875
3 0.178046875 0.7068149890625001 0.176328125 0.7242622953125 0.18146875 0.74836065625 0.183859375 0.74836065625 0.199609375 0.734004684375 0.2091875 0.735035128125 0.21432812499999998 0.7329742390625 0.21364062499999997 0.7222014046874999 0.21603124999999998 0.71451990625 0.21775000000000003 0.711428571875 0.22014062499999998 0.70323185 0.21432812499999998 0.6898829046875 0.19720312499999998 0.6842388765625 0.18557812499999998 0.6868149890625 0.178046875 0.7068149890625001
3 0.0796875 0.742388759375 0.084375 0.7494145203125 0.0953125 0.751756440625 0.09375 0.7728337234375 0.0984375 0.779859484375 0.08975694375 0.8017174078125 0.090625 0.8079625296874999 0.08125 0.8079625296874999 0.0765625 0.8149882906249999 0.0810763890625 0.8235753328125 0.0765625 0.8290398124999999 0.078125 0.843091334375 0.071875 0.8454332546875 0.059375 0.86416861875 0.063715278125 0.8672911781250001 0.059375 0.878220140625 0.0640625 0.8852459015624999 0.0734375 0.8852459015624999 0.0796875 0.8735362999999999 0.09375 0.8735362999999999 0.096875 0.868852459375 0.109375 0.8665105390625 0.115625 0.8735362999999999 0.1625 0.8735362999999999 0.16875 0.8665105390625 0.175 0.8758782203125 0.1890625 0.878220140625 0.1984375 0.878220140625 0.2015625 0.8735362999999999 0.2125 0.8758782203125 0.234375 0.8711943796874999 0.2390625 0.878220140625 0.253125 0.8758782203125 0.25625 0.8805620609375 0.265625 0.8805620609375 0.271875 0.868852459375 0.2796875 0.868852459375 0.2859375 0.878220140625 0.2953125 0.878220140625 0.3 0.8711943796874999 0.30625 0.8711943796874999 0.309375 0.8665105390625 0.309375 0.847775175 0.3140625 0.8454332546875 0.31875 0.833723653125 0.3234375 0.8313817328124999 0.3328125 0.8149882906249999 0.3390625 0.8149882906249999 0.4046875 0.7658079625 0.409375 0.7728337234375 0.41875 0.7728337234375 0.4234375 0.761124121875 0.4234375 0.7540983609375 0.41875 0.7447306796875 0.4109375 0.7447306796875 0.415625 0.721311475 0.40625 0.707259953125 0.3859375 0.707259953125 0.38125 0.7142857140625 0.3765625 0.7142857140625 0.371875 0.7049180328125 0.365625 0.7049180328125 0.3625 0.7002341921874999 0.340625 0.7049180328125 0.3359375 0.697892271875 0.3328125 0.707259953125 0.3203125 0.7096018734375 0.3078125 0.7353629984375 0.2921875 0.7353629984375 0.2796875 0.742388759375 0.2734375 0.7634660421875 0.265625 0.7540983609375 0.265625 0.74648711875 0.2640625 0.751756440625 0.2609375 0.7470726 0.2640625 0.733899296875 0.2609375 0.7236533953125 0.2671875 0.7049180328125 0.2609375 0.6768149890624999 0.2578125 0.6768149890624999 0.2578125 0.6651053859375 0.253125 0.6557377046874999 0.2390625 0.658079625 0.2203125 0.653395784375 0.2140625 0.662763465625 0.1953125 0.6651053859375 0.190625 0.672131146875 0.1896484375 0.6841334890625 0.1828125 0.6885245906249999 0.178125 0.679156909375 0.16875 0.679156909375 0.1625 0.6908665109375 0.159375 0.6861826703125 0.15 0.6861826703125 0.140625 0.7002341921874999 0.1390625 0.7353629984375 0.1234375 0.7236533953125 0.11875 0.69320843125 0.115625 0.6885245906249999 0.109375 0.6885245906249999 0.103125 0.6744730671875 0.09375 0.6744730671875 0.0890625 0.6814988296875 0.0875 0.6955503515625 0.084375 0.6955503515625 0.0796875 0.7025761125 0.0796875 0.716627634375 0.0828125 0.721311475 0.0796875 0.7283372359375 0.0796875 0.742388759375