2 0.854890625 0.1823958328125 0.8609375 0.2021041671875 0.8716875 0.22362500000000002 0.885125 0.25587499999999996 0.89453125 0.27110416718749997 0.8972187500000001 0.2764791671875 0.90059375 0.28991666718750003 0.910671875 0.303375 0.922765625 0.314125 0.9261250000000001 0.3024791671875 0.92075 0.3006875 0.9086562499999999 0.28454166718749996 0.90059375 0.2684166671875 0.8831093750000001 0.2209375 0.876390625 0.197625 0.8676562499999999 0.1698541671875 0.86228125 0.1608958328125 0.85825 0.15372916718750002 0.860265625 0.1591041671875 0.850859375 0.1411875 0.8495156250000001 0.1474583328125 0.85421875 0.1617916671875 0.854890625 0.1823958328125
2 1 0.167625 0.9570000000000001 0.1168333328125 0.945171875 0.11158333281249999 0.9320468749999999 0.1168333328125 0.926796875 0.1185833328125 0.92284375 0.14310416718750002 0.9254843749999999 0.1466041671875 0.933359375 0.169375 0.9386093750000001 0.193875 0.9438593750000001 0.2236458328125 0.9609375 0.24641666718750002 0.975375 0.2674166671875 0.993765625 0.2849375 1 0.2726666671875 1 0.2131458328125 1 0.18687499999999999 1 0.18162499999999998 1 0.167625
2 0.9155156249999999 0.1760208328125 0.907875 0.1695416671875 0.9016249999999999 0.152875 0.8953906249999999 0.14410416718750002 0.886703125 0.1320625 0.88359375 0.1269791671875 0.8808125 0.1302083328125 0.88809375 0.1403958328125 0.8967812500000001 0.156125 0.909953125 0.1751041671875 0.9151718750000001 0.1848125 0.945703125 0.22599999999999998 0.9377187499999999 0.2111875 0.9335625000000001 0.20656249999999998 0.9155156249999999 0.1760208328125
2 0.908265625 0.2215208328125 0.91225 0.2248333328125 0.922453125 0.2308125 0.93315625 0.2440833328125 0.93315625 0.2517083328125 0.937125 0.2653125 0.9450937500000001 0.28654166718749996 0.9493281250000001 0.284875 0.947328125 0.27527083281250003 0.942359375 0.2646458328125 0.936875 0.24441666718750002 0.938125 0.2483958328125 0.948578125 0.2570208328125 0.954296875 0.26795833281250003 0.9575312500000001 0.26729166718749997 0.95678125 0.252375 0.949828125 0.24706250000000002 0.939125 0.234125 0.93065625 0.2258333328125 0.91896875 0.21025 0.8968281250000001 0.1939791671875 0.8965781249999999 0.1943125 0.903296875 0.2108958328125 0.908265625 0.2215208328125
2 0.86503125 0.2239166671875 0.8609843749999999 0.1834166671875 0.852203125 0.1546041671875 0.84140625 0.1420208328125 0.8366718750000001 0.15370833281250001 0.8373593749999999 0.16810416718750001 0.843421875 0.1933125 0.8630000000000001 0.2572291671875 0.866375 0.2752291671875 0.874484375 0.2725208328125 0.869078125 0.2518125 0.86503125 0.2239166671875
2 0.9233593750000001 0.291375 0.9164999999999999 0.2811041671875 0.899375 0.24285416718750003 0.8809687500000001 0.2160208328125 0.8980937499999999 0.26568749999999997 0.9164999999999999 0.2976666671875 0.924640625 0.3010833328125 0.9233593750000001 0.291375
2 0.9057968750000001 0.23158333281250001 0.9174218749999999 0.2825625 0.925640625 0.2877291671875 0.9396875 0.30514583281249996 0.9469375 0.308375 0.9503281250000001 0.3019375 0.9474218750000001 0.2909583328125 0.94065625 0.2767708328125 0.936296875 0.260625 0.9319375000000001 0.2464375 0.930484375 0.2412708328125 0.925640625 0.232875 0.9217656249999999 0.22770833281249997 0.9154843749999999 0.2225625 0.90434375 0.21545833281250001 0.8956406250000001 0.1954583328125 0.9203281249999999 0.2070625 0.891765625 0.1780208328125 0.8791874999999999 0.16318749999999999 0.885953125 0.19866666718749998 0.9057968750000001 0.23158333281250001
2 0.851421875 0.21545833281250001 0.83215625 0.1526041671875 0.82478125 0.14550000000000002 0.81740625 0.14825 0.830515625 0.1990625 0.8432187499999999 0.2132708328125 0.8456875 0.220375 0.854703125 0.2258333328125 0.851421875 0.21545833281250001
2 0.8993437500000001 0.2789375 0.891609375 0.2628125 0.88046875 0.24602083281249998 0.86353125 0.21116666718750002 0.8640156250000001 0.21697916718750002 0.8644999999999999 0.23312499999999997 0.875140625 0.2711875 0.877078125 0.27958333281250003 0.881921875 0.2892708328125 0.8911250000000001 0.29054166718749996 0.8920937500000001 0.29054166718749996 0.8978906249999999 0.2873333328125 0.8993437500000001 0.2789375
2 0.924578125 0.1809583328125 0.903296875 0.1486666671875 0.9011093750000001 0.1604166671875 0.9421875 0.2171458328125 0.942921875 0.2132291671875 0.9436562500000001 0.2024791671875 0.924578125 0.1809583328125
2 0.881625 0.2255416671875 0.89440625 0.2432708328125 0.9102343749999999 0.2698333328125 0.916375 0.2762916671875 0.9196875 0.2708541671875 0.90896875 0.23543750000000002 0.902578125 0.2207916671875 0.8872500000000001 0.1867291671875 0.87115625 0.14925 0.86246875 0.1329166671875 0.852765625 0.1291666671875 0.850203125 0.1339375 0.8530156249999999 0.1424375 0.8588906250000001 0.16118749999999998 0.8670781249999999 0.17616666718750001 0.8698750000000001 0.18604166718749998 0.8747343750000001 0.1983125 0.881625 0.2255416671875
2 0.902140625 0.1876875 0.926734375 0.21658333281250003 0.96325 0.2620416671875 0.977375 0.2785833328125 0.98128125 0.2785833328125 0.95765625 0.24775 0.9330624999999999 0.214625 0.920890625 0.199375 0.88728125 0.1467708328125 0.865359375 0.1266458328125 0.8631718749999999 0.1337916671875 0.8712031250000001 0.1490416671875 0.8816875 0.16299999999999998 0.902140625 0.1876875