0 0.6368125 0.79725 0.6560625 0.81925 0.7083125 0.8797499999999999 0.7729375 0.8925833328125 0.8114375 0.8632500000000001 0.8306875 0.8229166671874999 0.8251875 0.8155833328125001 0.8306875 0.79725 0.8348125 0.7715833328125 0.7853125000000001 0.7459166671874999 0.7165625 0.7220833328125 0.6381875 0.6890833328125 0.6024375 0.6725833328124999 0.6010625 0.6780833328125 0.6010625 0.72025 0.6368125 0.79725
0 0.60671875 0.6521250000000001 0.6385625 0.6757083328125 0.68278125 0.706375 0.8101406250000001 0.7535416671874999 0.8066093750000001 0.74175 0.8083750000000001 0.7087291671875 0.84021875 0.6568333328125 0.8295937500000001 0.6308958328125 0.84021875 0.6049583328125 0.8242968749999999 0.5672083328124999 0.7676875 0.5507083328125 0.65271875 0.5507083328125 0.6191093750000001 0.5742916671875 0.617328125 0.5719375 0.6031875 0.63325 0.60671875 0.6521250000000001
0 0.6050625000000001 0.9168541671874999 0.611796875 0.9370833328125 0.633703125 0.9460625 0.6809062499999999 0.9528125 0.763484375 0.9640416671875001 0.8190937500000001 0.9370833328125 0.8207812499999999 0.9101041671875001 0.8157343750000001 0.8876458328125001 0.77528125 0.8853958328125 0.738203125 0.8763958328125 0.6893281250000001 0.8651666671875 0.660671875 0.8404583328124999 0.635390625 0.8067500000000001 0.618546875 0.8179791671875 0.603375 0.8426875 0.6 0.8831458328125 0.6050625000000001 0.9168541671874999
2 0.492578125 0.9222916671875 0.50878125 0.9294791671875 0.526328125 0.9231875 0.526328125 0.9033749999999999 0.5297031249999999 0.8817916671875 0.52903125 0.858375 0.523625 0.6936666671875 0.5175625 0.6711666671875001 0.5060781249999999 0.6639583328125 0.496625 0.6558541671875 0.483796875 0.6558541671875 0.47232812500000004 0.6774583328125 0.47435937499999997 0.7584791671875 0.48110937500000006 0.8772916671875001 0.48178124999999994 0.8754791671875 0.483796875 0.9015833328125 0.492578125 0.9222916671875
2 0.22078125 0.8876458328125001 0.21909375 0.8584166671875 0.21404687500000003 0.8067500000000001 0.207296875 0.6898958328125 0.17190624999999998 0.6314583328125 0.160109375 0.6426875 0.143265625 0.6606666671875 0.136515625 0.7146041671875001 0.1516875 0.8808958328125 0.156734375 0.9191041671875 0.1955 0.9258333328124999 0.22078125 0.8876458328125001
2 0.096265625 0.8215208328125 0.094046875 0.8333333328125001 0.094046875 0.8495625 0.096265625 0.8658125 0.10179687500000001 0.885 0.1084375 0.8953125 0.12171875000000001 0.8967916671875 0.130578125 0.8967916671875 0.14165624999999998 0.892375 0.14496875 0.8790833328125001 0.146078125 0.8628541671875001 0.13721875 0.8230000000000001 0.1471875 0.792 0.14165624999999998 0.7742916671875 0.14165624999999998 0.7654375 0.14165624999999998 0.7329583328125 0.1394375 0.7137708328125 0.14054687500000002 0.6945833328125001 0.14275 0.6783541671875 0.1505 0.65475 0.14496875 0.6444166671875 0.127265625 0.6326041671875 0.11287499999999999 0.6296458328125001 0.107328125 0.6326041671875 0.10290625 0.6488333328125 0.1006875 0.6739375 0.09957812499999999 0.6517916671874999 0.096265625 0.7624791671875 0.096265625 0.792 0.096265625 0.8082499999999999 0.096265625 0.8215208328125
2 0.52078125 0.7010416671875 0.52853125 0.8781666671874999 0.5340625 0.87225 0.5418125 0.8633958328125001 0.5462343749999999 0.8309374999999999 0.548453125 0.81175 0.53959375 0.7748541671875 0.53959375 0.7600833328125 0.53959375 0.7261458328125 0.542921875 0.7069583328125 0.53959375 0.6789166671875 0.5329531249999999 0.6552916671875 0.5218906249999999 0.6405416671874999 0.5108125 0.6257708328125 0.49753125000000004 0.642 0.504171875 0.6493958328125 0.5108125 0.6641458328125001 0.52078125 0.7010416671875
2 0.35059375 0.9012708328124999 0.36335937500000004 0.8768333328125 0.35059375 0.8183541671875 0.33465625 0.691875 0.325890625 0.6674166671874999 0.307546875 0.6610416671875 0.29240625 0.6621041671875 0.27804687499999997 0.6695416671875 0.27565625 0.6876249999999999 0.274859375 0.7099375 0.282828125 0.7705208328125 0.290015625 0.8321875000000001 0.30276562500000004 0.8672708328125 0.31710937499999997 0.8842708328125 0.332265625 0.9097708328125 0.35059375 0.9012708328124999
2 0.38542187499999997 0.6890208328125 0.404484375 0.7583125 0.409671875 0.7352083328125001 0.40534375 0.6855416671875 0.40621875 0.6347083328124999 0.3958125 0.6289374999999999 0.3836875 0.6324166671875 0.37675000000000003 0.6543541671875001 0.378484375 0.6532083328125 0.379359375 0.6624375 0.38542187499999997 0.6890208328125
2 0.42078125 0.8745208328125 0.40909375 0.7810208328125 0.37403125 0.6693333328125 0.3565 0.6537499999999999 0.325328125 0.6797291671875 0.3818125 0.8797291671874999 0.3818125 0.8979166671875 0.4051875 0.8927083328125001 0.42078125 0.8745208328125
2 0.21926562500000002 0.71925 0.2263125 0.680125 0.22748437500000002 0.6472708328125 0.22278125000000001 0.6394375 0.21046874999999998 0.6363125000000001 0.20459375 0.6394375 0.1916875 0.655875 0.193453125 0.67075 0.20753125 0.7036041671875 0.21398437499999998 0.7278749999999999 0.21926562500000002 0.7349166671875 0.21926562500000002 0.71925