1 0.499328125 0.2344166671875 0.50184375 0.2789375 0.5101875 0.3290208328125 0.53021875 0.3835625 0.546921875 0.3969166671875 0.54190625 0.3612916671875 0.5394062500000001 0.3101041671875 0.543578125 0.23108333281250001 0.523546875 0.1843333328125 0.502671875 0.1954583328125 0.499328125 0.2344166671875
1 0.298203125 0.540625 0.327265625 0.5341041671875 0.346875 0.5238333328125 0.35878125 0.5144791671875 0.3741875 0.5084166671875 0.40081249999999996 0.5079374999999999 0.40326562499999996 0.5065416671875 0.40395312499999997 0.5042083328125 0.396953125 0.4981458328125 0.37243750000000003 0.4986041671875 0.35878125 0.5079374999999999 0.328671875 0.5149583328125 0.30415625 0.5149583328125 0.29225 0.5084166671875 0.2789375 0.5065416671875 0.271234375 0.5135416671875 0.251625 0.5261666671875 0.252671875 0.5387708328125 0.253375 0.5411041671875 0.26773437499999997 0.5411041671875 0.298203125 0.540625
1 0.420421875 0.8281666671875 0.48168749999999994 0.7774583328125 0.50915625 0.7042291671875 0.513375 0.5859166671875 0.504921875 0.5155000000000001 0.45421875 0.5408541671875 0.45 0.6140833328124999 0.38028125 0.7887291671875001 0.382390625 0.8394375000000001 0.420421875 0.8281666671875
1 0.428515625 0.4823333328125 0.42496875 0.47760416718750004 0.41584374999999996 0.472875 0.398109375 0.47016666718750005 0.394046875 0.46206250000000004 0.384421875 0.45531249999999995 0.370734375 0.44720833281249994 0.35959375 0.4417916671875 0.35148437499999996 0.4404375 0.337296875 0.4424791671875 0.32360937500000003 0.44314583281250003 0.31346875 0.4445 0.3018125 0.45125000000000004 0.2916875 0.45125000000000004 0.29015625 0.4566666671875 0.288640625 0.4667916671875 0.287625 0.47422916718749997 0.2916875 0.4769375 0.29625 0.4769375 0.30890625 0.48166666718749995 0.3200625 0.48910416718749994 0.342359375 0.4972083328125 0.362125 0.4972083328125 0.3758125 0.4931458328125 0.388484375 0.4850416671875 0.39759375 0.4884166671875 0.40671875 0.4917916671875 0.417875 0.4951666671875 0.41584374999999996 0.4924791671875 0.4229375 0.4884166671875 0.428515625 0.4823333328125
1 0.571234375 0.33006250000000004 0.574296875 0.31266666718749997 0.57890625 0.29933333281249996 0.58275 0.2737291671875 0.58428125 0.2553125 0.58121875 0.2399375 0.580453125 0.22356250000000003 0.578140625 0.20818750000000003 0.572765625 0.19283333281249998 0.565078125 0.1918125 0.559703125 0.19385416718749998 0.545875 0.2491666671875 0.5428124999999999 0.3628333328125 0.54434375 0.3689791671875 0.558171875 0.3986875 0.5589375000000001 0.38537499999999997 0.5589375000000001 0.3720625 0.563546875 0.3515833328125 0.571234375 0.33006250000000004
1 0.788953125 0.5059375 0.872625 0.51325 0.88634375 0.4803333328125 0.825984375 0.46752083281249995 0.75190625 0.45472916718749995 0.736828125 0.46752083281249995 0.7381875 0.4766666671875 0.788953125 0.5059375
1 0.8004374999999999 0.4723333328125 0.85415625 0.48175 0.888796875 0.4911666671875 0.907875 0.4883541671875 0.918484375 0.48081250000000003 0.9213125 0.4619583328125 0.907875 0.446875 0.892328125 0.4365208328125 0.8810156250000001 0.4336875 0.8520312499999999 0.4383958328125 0.801140625 0.4525416671875 0.784890625 0.4553541671875 0.7820625 0.46666666718750005 0.8004374999999999 0.4723333328125
1 0.5793437499999999 0.41585416718749996 0.600109375 0.4038125 0.61546875 0.39056250000000003 0.632625 0.3580416671875 0.64346875 0.3134791671875 0.6506875 0.2857916671875 0.64165625 0.27375 0.610046875 0.309875 0.5838593750000001 0.35562499999999997 0.5666875 0.4098333328125 0.56578125 0.4339166671875 0.5703125 0.43150000000000005 0.5793437499999999 0.41585416718749996
1 0.716109375 0.5716666671875 0.717125 0.6030416671875 0.7253125 0.639875 0.740671875 0.65625 0.7529375 0.6671666671875001 0.764203125 0.6739791671875001 0.7713593750000001 0.6739791671875001 0.778515625 0.6657916671875 0.7775000000000001 0.65625 0.772390625 0.6439791671874999 0.746796875 0.5675833328125 0.7365781250000001 0.5389166671875001 0.7304375000000001 0.5198333328125 0.715078125 0.5252916671875 0.716109375 0.5484791671875 0.716109375 0.5716666671875
1 0.54465625 0.5612291671875 0.538859375 0.5736041671875001 0.564359375 0.6029583328125 0.586390625 0.6045 0.5921875 0.5612291671875 0.6043515625 0.5195000000000001 0.626953125 0.5380416671875 0.68028125 0.5303125 0.69303125 0.5086875 0.6941875 0.4885833328125 0.675640625 0.4762291671875 0.651296875 0.4762291671875 0.614203125 0.47004166718749996 0.5875468749999999 0.47004166718749996 0.579430803125 0.4954315484375 0.5751822921875 0.4911666671875 0.562046875 0.4715833328125 0.581359375 0.5169166671875 0.573640625 0.5395833328124999 0.5608906250000001 0.5705 0.54465625 0.5612291671875
1 0.810671875 0.3830833328125 0.835953125 0.37185416718750003 0.86965625 0.3606041671875 0.9016875000000001 0.342625 0.9168593749999999 0.3381458328125 0.896625 0.3224166671875 0.867984375 0.3111666671875 0.82584375 0.3224166671875 0.7786562499999999 0.347125 0.753375 0.4010625 0.761796875 0.4010625 0.783703125 0.3920625 0.810671875 0.3830833328125
1 0.872734375 0.6077916671875 0.8337656250000001 0.5896041671875001 0.80259375 0.55325 0.7850625 0.5506458328125 0.769484375 0.5454583328125 0.7597343750000001 0.5506458328125 0.783109375 0.6 0.8435 0.6259791671875 0.8668906249999999 0.6259791671875 0.872734375 0.6077916671875
1 0.7610781249999999 0.6805833328124999 0.7557968749999999 0.6708958328125 0.737296875 0.6559375000000001 0.722765625 0.630375 0.7161562499999999 0.6013124999999999 0.7168125 0.5634375 0.7168125 0.5466875 0.7168125 0.5343541671875001 0.7121875 0.5290833328125 0.697 0.5202708328125001 0.68378125 0.5202708328125001 0.687078125 0.5237916671875 0.690390625 0.5273125000000001 0.6989687499999999 0.5273125000000001 0.7075625 0.536125 0.7075625 0.5528541671875 0.704265625 0.5687083328125 0.700296875 0.5828125 0.7029375 0.6048333328125 0.7075625 0.6312708328125 0.724078125 0.6691458328125 0.73596875 0.6920416671875 0.746546875 0.6964583328125 0.757109375 0.7105416671875 0.7676875 0.72375 0.774953125 0.72375 0.77628125 0.7167083328125 0.7775937500000001 0.704375 0.7610781249999999 0.6805833328124999
1 0.2890625 0.5833333328125 0.2960648140625 0.5729166671875 0.3015625 0.5708333328124999 0.3037615734375 0.575 0.43460648125 0.6104166671875 0.440625 0.6145833328125 0.442303240625 0.6125 0.446875 0.6208333328125 0.45 0.6145833328125 0.440625 0.5958333328125 0.4515625 0.5875 0.4421875 0.56875 0.453125 0.5604166671875 0.4546875 0.5416666671875 0.459375 0.5395833328124999 0.459375 0.5354166671875 0.45625 0.5333333328125 0.459872159375 0.502367425 0.462651209375 0.49825268749999996 0.6489415328125 0.45389785 0.725 0.45208333281249996 0.7296875 0.4583333328125 0.72875 0.46125 0.74 0.48875 0.7444196421875 0.48988095156250006 0.7453125 0.49791666718750005 0.7375 0.5020833328125 0.7359375 0.50625 0.7359375 0.525 0.7546875 0.5645833328125 0.76015625 0.5729166671875 0.7677083328125 0.5694444437499999 0.765625 0.58125 0.7729166671875001 0.58055555625 0.778125 0.5916666671875 0.7625 0.55 0.7765625 0.5479166671875 0.784375 0.5520833328125 0.803125 0.5541666671875001 0.834375 0.5916666671875 0.8703125 0.6083333328125 0.8703125 0.5729166671875 0.8890625 0.5729166671875 0.896875 0.56875 0.9 0.5625 0.9 0.5541666671875001 0.8953125 0.5458333328125 0.884375 0.54375 0.87109375 0.534375 0.8720982140625001 0.4392857140625 0.8703125 0.43125 0.8722098218750001 0.4287202375 0.8725446421875 0.3970238109375 0.878125 0.39791666718749996 0.8921875 0.3916666671875 0.8984375 0.3854166671875 0.921875 0.3854166671875 0.9265625 0.38125 0.928125 0.36875 0.925 0.3583333328125 0.91875 0.35208333281250004 0.90625 0.35208333281250004 0.8953125 0.3583333328125 0.8828125 0.3583333328125 0.872991071875 0.3547619046875 0.8734375 0.3125 0.8671875 0.30625 0.8609375 0.30625 0.85625 0.3020833328125 0.83125 0.3020833328125 0.8265625 0.30625 0.8203125 0.30625 0.7921875 0.3291666671875 0.7796875 0.33541666718749996 0.778125 0.35 0.7734375 0.3458333328125 0.7734375 0.3583333328125 0.7645089281249999 0.3988095234375 0.76875 0.40625 0.734375 0.4270833328125 0.7265625 0.43541666718750005 0.6567036296875 0.45204973125 0.565625 0.45416666718750004 0.56328125 0.42291666718750004 0.565625 0.40833333281249995 0.559375 0.41041666718750003 0.55625 0.3958333328125 0.5515625 0.3916666671875 0.5390625 0.39791666718749996 0.5296875 0.38333333281250004 0.515625 0.35 0.503125 0.2875 0.5 0.2833333328125 0.4890625 0.2833333328125 0.478125 0.3 0.4625 0.2770833328125 0.45625 0.275 0.4375 0.275 0.4359375 0.2625 0.425 0.2541666671875 0.415625 0.2541666671875 0.409375 0.2604166671875 0.4109375 0.275 0.41875 0.28125 0.4328125 0.28125 0.4328125 0.2916666671875 0.4375 0.3 0.4328125 0.3020833328125 0.425 0.31875 0.4328125 0.3229166671875 0.4328125 0.3333333328125 0.425 0.3375 0.428125 0.3479166671875 0.434375 0.35625 0.3789772734375 0.43768939375000004 0.3796875 0.4458333328125 0.3515625 0.44166666718750003 0.3515625 0.4375 0.3421875 0.4270833328125 0.325 0.4291666671875 0.321875 0.43541666718750005 0.321875 0.44375 0.3015625 0.4791666671875 0.2875 0.4770833328125 0.2796875 0.5 0.27705078125 0.51640625 0.26708984375 0.5325520828125 0.2671875 0.5416666671875 0.26083669375 0.5463037625 0.253125 0.5416666671875 0.253074596875 0.54815188125 0.2453125 0.55 0.2421875 0.5583333328125 0.2421875 0.5729166671875 0.2484375 0.58125 0.2890625 0.5833333328125