1 0.172328125 0.301328 0.114890625 0.34368 0.08271875 0.36486399999999997 0.10110937499999999 0.393104 0.1355625 0.397808 0.193015625 0.378976 0.193015625 0.41192 0.232078125 0.414272 0.2918125 0.37192 0.301015625 0.334272 0.296421875 0.254272 0.236671875 0.186032 0.21600000000000003 0.19328 0.219578125 0.23728 0.172328125 0.301328
1 0.3455625 0.30992000000000003 0.362703125 0.33545600000000003 0.38375 0.368176 0.404 0.390512 0.433625 0.400096 0.439859375 0.392112 0.43751562499999996 0.37536 0.42660937499999996 0.35620799999999997 0.4086875 0.337856 0.38296874999999997 0.31232000000000004 0.347109375 0.273216 0.344 0.268416 0.336203125 0.281984 0.3455625 0.30992000000000003
1 0.332328125 0.23008 0.33140625 0.249872 0.33509375 0.264 0.36453125000000003 0.29416000000000003 0.3930625 0.323376 0.41146874999999994 0.33844799999999997 0.43724999999999997 0.355424 0.45473437499999997 0.362016 0.46485937499999996 0.35353599999999996 0.45565625 0.334688 0.440921875 0.321488 0.412390625 0.292272 0.387546875 0.266832 0.375578125 0.2508 0.365453125 0.221584 0.37098437500000003 0.218768 0.345203125 0.21688000000000002 0.332328125 0.23008
1 0.485921875 0.34112 0.4848125 0.323376 0.4844375 0.310176 0.485546875 0.295456 0.49365625 0.27696 0.478546875 0.298464 0.46821875 0.320368 0.485921875 0.34112
1 0.4848125 0.31513599999999997 0.491296875 0.348368 0.5129374999999999 0.38603200000000004 0.545390625 0.415952 0.561625 0.422592 0.5789375 0.41926399999999997 0.59840625 0.417056 0.5951562499999999 0.427024 0.62978125 0.44142400000000004 0.64384375 0.42369599999999996 0.6384375 0.405968 0.64925 0.38936000000000004 0.6384375 0.37496 0.6211249999999999 0.348368 0.605984375 0.302944 0.59840625 0.28411200000000003 0.596234375 0.257536 0.602734375 0.23980800000000002 0.6038125 0.23427199999999998 0.57784375 0.21987199999999998 0.571359375 0.224288 0.5443125 0.23427199999999998 0.5194375 0.255312 0.494546875 0.27968000000000004 0.4848125 0.31513599999999997
1 0.8446718750000001 0.296688 0.8615625 0.329088 0.8868750000000001 0.34420799999999996 0.914296875 0.346368 0.9227343749999999 0.33340800000000004 0.9459375 0.339888 0.948046875 0.326928 0.920625 0.272928 0.9037499999999999 0.244848 0.8953125 0.186528 0.901640625 0.12820800000000002 0.901640625 0.11956800000000001 0.897421875 0.123888 0.8615625 0.151968 0.8510156249999999 0.175728 0.834125 0.249168 0.8446718750000001 0.296688
1 0.297328125 0.23075199999999998 0.290546875 0.253312 0.29225 0.291456 0.29309375000000004 0.307936 0.3015625 0.33222399999999996 0.3354375 0.35476800000000003 0.367609375 0.361712 0.376078125 0.355632 0.37946875 0.339168 0.364234375 0.323552 0.350671875 0.30968 0.33628125 0.278448 0.333734375 0.256768 0.342203125 0.22035200000000002 0.313421875 0.218624 0.30240625 0.22555200000000003 0.297328125 0.23075199999999998
1 0.7275 0.164944 0.7286875 0.174624 0.7275 0.191552 0.721609375 0.20606399999999997 0.713328125 0.21454399999999998 0.6944375 0.23510399999999998 0.679078125 0.26534399999999997 0.660171875 0.312512 0.6471875 0.335488 0.6389218750000001 0.3488 0.637734375 0.36331199999999997 0.6389218750000001 0.372992 0.6507343750000001 0.381456 0.6637187499999999 0.38024 0.660171875 0.395968 0.6708125 0.404432 0.702703125 0.394752 0.732234375 0.382656 0.744046875 0.39113600000000004 0.767671875 0.381456 0.791296875 0.35604800000000003 0.807828125 0.32824 0.812546875 0.283488 0.803109375 0.22664 0.791296875 0.21454399999999998 0.7771250000000001 0.203648 0.764125 0.172208 0.761765625 0.144384 0.736953125 0.14316800000000002 0.7393125 0.144384 0.732234375 0.149216 0.7275 0.164944
0 0.9375 0.512944 0.8731562500000001 0.5247040000000001 0.8042343750000001 0.510592 0.76746875 0.527056 0.68934375 0.505888 0.6640625 0.52 0.654875 0.555296 0.5859375 0.614112 0.5882343750000001 0.642352 0.579046875 0.696464 0.5445781249999999 0.743536 0.523890625 0.894112 0.50321875 0.924704 0.9466875 0.924704 0.9375 0.512944
1 0.449875 0.361104 0.47621874999999997 0.38358400000000004 0.489375 0.38358400000000004 0.493765625 0.36560000000000004 0.4871875 0.334144 0.47621874999999997 0.32740800000000003 0.463046875 0.31616 0.44548437500000004 0.29593600000000003 0.42793749999999997 0.273472 0.41695312500000004 0.248752 0.410375 0.23976000000000003 0.403796875 0.221792 0.395015625 0.273472 0.41695312500000004 0.2892 0.430125 0.325152 0.449875 0.361104
1 0.085546875 0.363008 0.105765625 0.34975999999999996 0.11790624999999999 0.332368 0.106578125 0.264448 0.0839375 0.22137600000000002 0.066140625 0.17913600000000002 0.061281249999999995 0.37129599999999996 0.06371875 0.37129599999999996 0.085546875 0.363008
3 0.05990625000000001 0.755984 0.055671875 0.9290559999999999 0.148640625 0.931232 0.384203125 0.935552 0.41378125 0.922576 0.46237500000000004 0.9117599999999999 0.47821875 0.8955360000000001 0.48034375 0.878224 0.4835 0.8392799999999999 0.50146875 0.81656 0.508859375 0.781952 0.5056875 0.748416 0.531046875 0.713808 0.540546875 0.66728 0.531046875 0.620768 0.514140625 0.579664 0.495125 0.556944 0.49090625 0.524496 0.46871875 0.5082720000000001 0.42012499999999997 0.51368 0.401109375 0.551536 0.385265625 0.5580320000000001 0.374703125 0.5547839999999999 0.369421875 0.527744 0.35990625 0.502864 0.31659375 0.487728 0.28490625 0.49204800000000004 0.2585 0.512608 0.22517187500000002 0.510672 0.17709375 0.479584 0.1214375 0.479584 0.0683125 0.5054879999999999 0.062015625 0.524496 0.05990625000000001 0.7451679999999999 0.05990625000000001 0.755984