0 0.333890625 0.43060416718749994 0.3355625 0.45064583281250004 0.34475 0.4840416671875 0.371453125 0.5140833328125 0.399 0.5185416671875 0.422375 0.5029583328125 0.43823437500000006 0.4806875 0.44157812500000004 0.4495208328125 0.43740625 0.4038958328125 0.41987500000000005 0.3905416671875 0.3873125 0.37272916718750004 0.351421875 0.3883125 0.33723437500000003 0.41391666718750003 0.333890625 0.43060416718749994
0 0.4881875 0.3207083328125 0.45896875000000004 0.3098958328125 0.43298437500000003 0.33587500000000003 0.42648437499999997 0.3531875 0.42095312500000004 0.37829166718749996 0.41965624999999995 0.38610416718749996 0.42160937499999995 0.40083333281250005 0.432015625 0.4216458328125 0.439828125 0.4346666671875 0.45571875000000006 0.444125 0.48981250000000004 0.41597916718750005 0.5011875 0.3986666671875 0.5028125 0.3575208328125 0.4881875 0.3207083328125
0 0.321171875 0.3388333328125 0.3370625 0.3435208328125 0.342359375 0.334125 0.368828125 0.294125 0.368828125 0.26116666718750003 0.344125 0.3035208328125 0.32823437499999997 0.2964791671875 0.331765625 0.2588333328125 0.338828125 0.24 0.31059375 0.2376458328125 0.29117187499999997 0.2494166671875 0.3 0.254125 0.301765625 0.265875 0.287640625 0.265875 0.285875 0.2823541671875 0.285875 0.2847083328125 0.294703125 0.30822916718750004 0.321171875 0.3388333328125
0 0.305484375 0.8489375000000001 0.30920312499999997 0.8454166671875001 0.321375 0.8312916671874999 0.329828125 0.8235416671875001 0.333015625 0.8136458328125 0.3361875 0.8009583328125001 0.338296875 0.7818958328125001 0.332484375 0.7720208328125 0.323484375 0.758625 0.315015625 0.7529791671875 0.303375 0.7494375 0.285375 0.7452083328125 0.276921875 0.746625 0.26475 0.7543958328125 0.259984375 0.7635625 0.253109375 0.7755625 0.250984375 0.7868333328125 0.251515625 0.8002499999999999 0.253625 0.8108333328124999 0.257859375 0.8178958328125001 0.26209375 0.8235416671875001 0.27532812500000003 0.8348125 0.2885625 0.8418749999999999 0.299140625 0.8475208328124999 0.305484375 0.8489375000000001
0 0.541109375 0.6863125 0.5381875 0.7057916671875 0.537703125 0.7200833328125 0.54403125 0.7389166671875 0.551828125 0.75125 0.563015625 0.7596875 0.573734375 0.7596875 0.5849375 0.7596875 0.592734375 0.7577499999999999 0.601 0.7538541671875 0.60684375 0.7486458328125 0.61075 0.7421666671875 0.615609375 0.7356666671875 0.61853125 0.7285208328125 0.621453125 0.718125 0.6219375 0.7051458328125 0.621453125 0.690875 0.61853125 0.681125 0.61025 0.6694375 0.601 0.6590416671875 0.588828125 0.6538541671875 0.578125 0.6532083328125 0.565453125 0.6583958328125 0.55425 0.6648958328125001 0.546953125 0.6733333328125 0.541109375 0.6863125
0 0.113140625 0.9481249999999999 0.125546875 0.9576874999999999 0.131421875 0.9594374999999999 0.13534375 0.9516041671875 0.133375 0.9446458328125 0.14251562499999998 0.9446458328125 0.141875 0.9368124999999999 0.149703125 0.9385416671875 0.149046875 0.9307083328125 0.15557812499999998 0.9368124999999999 0.162765625 0.9359375 0.162109375 0.9307083328125 0.15329296875 0.9196171874999999 0.156890625 0.9167916671875 0.15557812499999998 0.9115624999999999 0.16014843750000002 0.9128697921875 0.161453125 0.9054791671875 0.16798437500000002 0.9089583328125 0.16700390625 0.9061223953124999 0.177125 0.9019791671874999 0.17581249999999998 0.897625 0.17385937499999998 0.899375 0.16798437500000002 0.90025 0.16864062500000002 0.8915416671875 0.16014062499999998 0.8811041671875 0.149703125 0.8715208328124999 0.13664062500000002 0.8628125000000001 0.1229375 0.8636874999999999 0.113140625 0.8732708328125 0.10334375 0.8863125000000001 0.0994375 0.8985 0.09812499999999999 0.9263541671875 0.100734375 0.9376666671875 0.1053125 0.9455208328125 0.113140625 0.9481249999999999
0 0.65378125 0.5236875000000001 0.6582656250000001 0.5362291671875 0.665421875 0.5439791671875 0.67884375 0.558875 0.68778125 0.5684375 0.698515625 0.5690208328125 0.7146250000000001 0.56425 0.728046875 0.5558958328125 0.741015625 0.541 0.749515625 0.5165416671874999 0.7490625 0.4932708328125 0.744140625 0.4735833328125 0.737890625 0.4604791671875 0.7168593750000001 0.44614583281250003 0.70075 0.4419791671875 0.68509375 0.4419791671875 0.6694375 0.44675000000000004 0.656015625 0.4604791671875 0.65109375 0.475375 0.648859375 0.5004375 0.650203125 0.5028125 0.650203125 0.5087916671875 0.65378125 0.5236875000000001
0 0.887046875 0.45022916718749995 0.8974375 0.43764583281249997 0.901203125 0.41627083281250005 0.898375 0.393625 0.889875 0.3835625 0.8747812500000001 0.37475 0.8559218749999999 0.36091666718750004 0.8445937499999999 0.3646875 0.821953125 0.3823125 0.82478125 0.4250833328125 0.836109375 0.454 0.86440625 0.454 0.887046875 0.45022916718749995
0 0.9214218750000001 0.3454583328125 0.909734375 0.29870833281250003 0.898046875 0.28312499999999996 0.876625 0.3038958328125 0.876625 0.2805208328125 0.868828125 0.2883125 0.872734375 0.2805208328125 0.845453125 0.316875 0.8512968750000001 0.36104166718749997 0.898046875 0.3844166671875 0.9214218750000001 0.3454583328125
0 0.539875 0.7216458328125 0.539875 0.7060208328125 0.54228125 0.6907916671875001 0.5495 0.6743750000000001 0.559421875 0.6611458328125 0.55971875 0.6583333328125 0.5588124999999999 0.6563333328125001 0.54859375 0.6555208328125001 0.5332656250000001 0.6563333328125001 0.5224375 0.657125 0.511625 0.6587291671875 0.50621875 0.6627500000000001 0.5017031249999999 0.6739583328125 0.49840625000000005 0.6867916671875001 0.499 0.703625 0.5023125 0.7176458328125 0.508015625 0.7316666671875 0.5137343750000001 0.7368750000000001 0.52665625 0.7388958328124999 0.53596875 0.7388958328124999 0.542890625 0.7384791671875 0.544390625 0.7368750000000001 0.5431874999999999 0.7344791671875 0.539875 0.7216458328125
0 0.740765625 0.3416666671875 0.7681250000000001 0.3416666671875 0.782109375 0.3319375 0.791828125 0.3213958328125 0.80034375 0.2873541671875 0.795484375 0.2622291671875 0.776625 0.2354791671875 0.7650781249999999 0.2379166671875 0.763859375 0.2354791671875 0.741984375 0.23872916718749998 0.7298281249999999 0.25006249999999997 0.7219218749999999 0.2606041671875 0.720703125 0.28438888906250004 0.7194843750000001 0.310875 0.7354453125 0.33396875000000004 0.7414953125 0.3312104171875 0.740765625 0.3416666671875
0 0.2084375 0.9168749999999999 0.20259375 0.929875 0.181171875 0.9116875 0.1616875 0.9246666671874999 0.163640625 0.9662291671875 0.198703125 0.9844166671875 0.23571875000000003 0.9714375000000001 0.2435 0.9714375000000001 0.24740625 0.95325 0.2084375 0.9168749999999999