3 0.7095466671875 0.7706999999999999 0.7032266671875 0.79228 0.7088533328125 0.81598 0.7249866671875 0.8265 0.7495733328124999 0.8265 0.7593866671875 0.82388 0.7664 0.81124 0.7678133328125 0.7933399999999999 0.7593866671875 0.76912 0.74464 0.7586 0.7348266671875 0.7586 0.7264 0.76018 0.7095466671875 0.7706999999999999
3 0.17528 0.7689199999999999 0.18434666718749998 0.7727999999999999 0.19984 0.77812 0.20952 0.7834399999999999 0.21856 0.8101 0.2295466671875 0.8076800000000001 0.2418133328125 0.8038000000000001 0.25088 0.7994399999999999 0.24829333281250002 0.7858799999999999 0.2444 0.77134 0.24376000000000003 0.75584 0.2321333328125 0.7476 0.2017866671875 0.73936 0.1972533328125 0.7384000000000001 0.18176 0.751 0.17528 0.7689199999999999
3 0.6886933328125 0.7066600000000001 0.6841333328125 0.71806 0.6826133328124999 0.73058 0.6484533328125 0.70268 0.6385866671875 0.70724 0.6279466671875 0.72034 0.6264266671875001 0.73628 0.6355466671875 0.7550600000000001 0.61808 0.7550600000000001 0.6218666671874999 0.78298 0.66136 0.79664 0.6302133328124999 0.80916 0.6431199999999999 0.82454 0.6567999999999999 0.83308 0.6993066671875 0.83934 0.7023466671875 0.8433400000000001 0.7160266671875 0.857 0.74032 0.86384 0.7554933328125 0.8644000000000001 0.7737333328125 0.8627 0.78512 0.8564399999999999 0.79272 0.83934 0.7912 0.82796 0.8131999999999999 0.82226 0.8246133328124999 0.81088 0.8420533328124999 0.81088 0.8595200000000001 0.80518 0.8602933328125 0.7955 0.8557333328125001 0.7801199999999999 0.8435733328125 0.7624799999999999 0.8230933328125 0.75166 0.82384 0.7397 0.8208 0.7294400000000001 0.81168 0.72432 0.7934666671875 0.7231799999999999 0.7464000000000001 0.7357 0.7145066671875 0.70268 0.7069066671875001 0.7003999999999999 0.6886933328125 0.7066600000000001
3 0.2390133328125 0.7681600000000001 0.24461333281250003 0.7828999999999999 0.24672 0.7908000000000001 0.2551466671875 0.8008 0.26077333281250004 0.8018599999999999 0.2951733328125 0.79238 0.30850666718749997 0.7844800000000001 0.3014933328125 0.7628999999999999 0.29376 0.75184 0.28184 0.74184 0.25656 0.7397400000000001 0.24672 0.7471 0.23970666718750003 0.75658 0.2390133328125 0.7681600000000001
3 0.25872 0.84202 0.2917066671875 0.8436 0.3141866671875 0.8320000000000001 0.32752 0.8156800000000001 0.32752 0.79884 0.324 0.79304 0.31768 0.78884 0.28752 0.79304 0.2643466671875 0.8019999999999999 0.2566133328125 0.80148 0.2334666671875 0.81042 0.22853333281250002 0.81464 0.2383733328125 0.8325400000000001 0.25872 0.84202
3 0.3609066671875 0.77012 0.37296 0.76874 0.38637333281249997 0.76352 0.3933333328125 0.75936 0.39655999999999997 0.75346 0.3937866671875 0.75206 0.3849866671875 0.74824 0.37664 0.7464999999999999 0.36645333281250003 0.7430399999999999 0.3599733328125 0.73956 0.35072000000000003 0.72914 0.34424 0.7222000000000001 0.3363733328125 0.7197600000000001 0.33125333281249997 0.72358 0.3275733328125 0.72914 0.3257066671875 0.7350399999999999 0.32664 0.742 0.3280266671875 0.74824 0.3294133328125 0.75346 0.33311999999999997 0.7597 0.3368266671875 0.7611 0.34330666718749997 0.76458 0.3609066671875 0.77012
3 0.3484 0.72692 0.3588 0.7278 0.3622933328125 0.72606 0.37151999999999996 0.71826 0.3830933328125 0.71392 0.38656 0.7061200000000001 0.3854133328125 0.6974400000000001 0.37848000000000004 0.6879 0.3692266671875 0.6827 0.3553333328125 0.6775 0.3449333328125 0.67402 0.3298933328125 0.6705599999999999 0.31834666718750004 0.6705599999999999 0.31488 0.68096 0.3137066671875 0.6905 0.31488 0.7017800000000001 0.31834666718750004 0.7069799999999999 0.33336 0.71392 0.3426133328125 0.7165199999999999 0.3322133328125 0.71566 0.3414666671875 0.72086 0.3484 0.72692
3 0.28696 0.7428 0.29808 0.7595 0.3108 0.78694 0.3092266671875 0.7947 0.3108 0.79052 0.3282933328125 0.79826 0.3617066671875 0.78634 0.36488 0.78098 0.3545333328125 0.7726200000000001 0.3346666671875 0.76128 0.32752 0.75414 0.3187466671875 0.74458 0.31717333281250004 0.7434000000000001 0.3322666671875 0.72908 0.3322666671875 0.71596 0.32352 0.71 0.3092266671875 0.7081999999999999 0.3044533328125 0.71238 0.29490666718749997 0.7207399999999999 0.28616 0.73028 0.2774133328125 0.7422 0.28696 0.7428
3 0.1569866671875 0.8185399999999999 0.1881866671875 0.83212 0.2108266671875 0.82118 0.21688000000000002 0.8038000000000001 0.2088266671875 0.78078 0.1881866671875 0.77324 0.1695733328125 0.76908 0.1454133328125 0.77134 0.1328266671875 0.77966 0.13181333281250002 0.78268 0.1388533328125 0.7955 0.1569866671875 0.8185399999999999
3 0.2649333328125 0.69576 0.26768000000000003 0.7093200000000001 0.2838133328125 0.72376 0.2920533328125 0.72524 0.3077866671875 0.70784 0.31288 0.70636 0.3148533328125 0.6984 0.3121066671875 0.6872 0.3125066671875 0.68574 0.31288 0.68574 0.2967733328125 0.6757 0.28144 0.67424 0.27082666718750004 0.6813 0.2649333328125 0.69576
3 0.7504266671875001 0.73182 0.7860266671875 0.72504 0.79392 0.72334 0.80184 0.7157199999999999 0.8057866671875 0.70682 0.80296 0.69706 0.8007199999999999 0.68902 0.7809333328125 0.68944 0.7611466671875 0.68816 0.7453333328125 0.6915600000000001 0.7312000000000001 0.69706 0.72272 0.7013 0.72104 0.70214 0.7283733328124999 0.71528 0.7379733328125 0.72546 0.74136 0.72886 0.7504266671875001 0.73182
3 0.2572533328125 0.73868 0.27565333281250004 0.7402 0.27565333281250004 0.72384 0.2661066671875 0.71002 0.2545066671875 0.70438 0.23471999999999998 0.69824 0.2197066671875 0.70848 0.2149333328125 0.71974 0.2122133328125 0.72844 0.21152 0.7376400000000001 0.2122133328125 0.73918 0.21768 0.74226 0.23541333281250001 0.74634 0.24496 0.7468600000000001 0.2504266671875 0.7397 0.2572533328125 0.73868