2 0.8400624999999999 0.7348364484375 0.8430781250000001 0.759556075 0.865625 0.7685280375 0.945265625 0.714602803125 0.825046875 0.68315420625 0.831046875 0.7033644859375 0.8385624999999999 0.7235981312499999 0.8400624999999999 0.7348364484375
2 0.404203125 0.6039719625 0.404203125 0.5994392515625 0.42984375 0.528785046875 0.45239062499999994 0.550443925 0.48139062499999996 0.573341121875 0.503125 0.5444392515625001 0.50715625 0.517943925 0.517625 0.498668225 0.52809375 0.4926401875 0.532125 0.46735981249999997 0.52809375 0.4312383171875 0.5184375 0.4240186921875 0.504734375 0.426425234375 0.49265625 0.43726635468749997 0.448359375 0.4926401875 0.42250520781249995 0.540334890625 0.393859375 0.5800934578125 0.398171875 0.5839719624999999 0.39903125 0.5917056078125 0.38479687500000004 0.594299065625 0.37875000000000003 0.605257009375 0.38479687500000004 0.6084813078125 0.38996875000000003 0.605257009375 0.404203125 0.6039719625
2 0.6750625 0.4562616828125 0.668484375 0.49121495312499996 0.663734375 0.5065186921875 0.6560625 0.5087149531249999 0.640703125 0.522383178125 0.6385156249999999 0.53492990625 0.63559375 0.5458644859375 0.61659375 0.645327103125 0.615125 0.655700934375 0.59721875 0.751869159375 0.599421875 0.7792056078125 0.6345 0.787383178125 0.64253125 0.761168225 0.6524062500000001 0.7218224296875 0.665921875 0.6551635515625 0.67834375 0.6125233640625 0.69040625 0.5595327109375 0.7152499999999999 0.4824766359375 0.712703125 0.45843457968749995 0.7090468750000001 0.449158878125 0.69296875 0.44369158906250006 0.6750625 0.4562616828125
2 0.78296875 0.59551401875 0.695796875 0.5685280374999999 0.674765625 0.6179672890625 0.6777656249999999 0.6247196265625 0.760421875 0.69212616875 0.791984375 0.67640186875 0.793484375 0.640443925 0.78296875 0.59551401875
2 0.291875 0.6174065421875 0.28893749999999996 0.646658878125 0.30067187500000003 0.621074765625 0.313375 0.6028037390625001 0.3305 0.5954906546875 0.34368750000000003 0.5932943921875 0.357875 0.5954906546875 0.372046875 0.601331775 0.37596875 0.5969392515624999 0.373515625 0.5750233640625 0.362265625 0.5662383171875 0.35053125 0.55088785 0.3608125 0.5172663546875 0.36471875 0.49752336406250003 0.36178125 0.47411215 0.37107812500000004 0.4638785046875 0.384765625 0.4587616828125 0.391125 0.46315420625000003 0.390625 0.45292056093750005 0.400890625 0.43537383125 0.41067187499999996 0.419299065625 0.412140625 0.4017523359375 0.40431249999999996 0.38640186875000004 0.409203125 0.35787383125 0.416046875 0.33668224375 0.42876562500000004 0.3235280375 0.44098437500000004 0.33156542031249997 0.446359375 0.327897196875 0.448328125 0.31693925156249997 0.431703125 0.2942757015625 0.416546875 0.2847663546875 0.41165624999999995 0.2847663546875 0.39454687499999996 0.2979205609375 0.355421875 0.36007009375 0.31190625 0.42733644843749996 0.286484375 0.4785046734375 0.272796875 0.5092056078125 0.268890625 0.5545327109375 0.279640625 0.5625934578125 0.29089062499999996 0.5940186921875 0.291875 0.6174065421875
2 0.7875 0.1909345796875 0.771859375 0.19904205625 0.765234375 0.2080373828125 0.7519843749999999 0.28095794375 0.748375 0.308855140625 0.774265625 0.327757009375 0.779671875 0.3385514015625 0.7875 0.3385514015625 0.791109375 0.3403504671875 0.79834375 0.3430607484375 0.802546875 0.26565420624999997 0.80134375 0.2224532703125 0.79834375 0.200841121875 0.7875 0.1909345796875
2 0.40275 0.7752803734375 0.40275 0.757313084375 0.35165625 0.7191121500000001 0.332125 0.721355140625 0.311078125 0.7438317750000001 0.32610937500000003 0.8089953265625001 0.396734375 0.8134813078124999 0.39975 0.80448598125 0.40275 0.7752803734375
2 0.11490625000000002 0.7033644859375 0.134234375 0.7250467296875 0.16403125000000002 0.73588785 0.19142187500000002 0.75757009375 0.232484375 0.7744158875 0.25665625 0.7816355140625 0.2663125 0.7659813078125 0.261484375 0.7418925234375 0.22282812500000002 0.711799065625 0.160015625 0.6780841125 0.13665624999999998 0.6660280375000001 0.1189375 0.6792757015625 0.10765625000000001 0.691331775 0.1125 0.70095794375 0.11490625000000002 0.7033644859375
2 0.428296875 0.5280841125 0.39825 0.543831775 0.40125 0.5887616828125 0.41928124999999994 0.6157242984375 0.471875 0.6876401875 0.49292187500000006 0.67640186875 0.510953125 0.67640186875 0.5289843750000001 0.674158878125 0.547015625 0.68315420625 0.55153125 0.7011214953125 0.563546875 0.7415654203125001 0.562046875 0.7685280375 0.593609375 0.7820327109375 0.598125 0.7505607484375 0.596609375 0.7707943921875 0.599625 0.7393224296875001 0.541015625 0.6606775703125 0.44934375 0.5348364484375 0.428296875 0.5280841125
2 0.44523437499999996 0.46072429843749996 0.433203125 0.4744626171875 0.42971875 0.48331775625000006 0.426453125 0.49918224375 0.4293125 0.5175 0.43340625 0.52390186875 0.447484375 0.4939953265625 0.471984375 0.4625467296875 0.4699375 0.457056075 0.455046875 0.45401869218749996 0.44523437499999996 0.46072429843749996
2 0.377828125 0.282757009375 0.35867187500000003 0.28546728906249996 0.33678125 0.2950233640625 0.24371874999999998 0.359158878125 0.260140625 0.37278037343750003 0.2856875 0.3878037390625 0.31579687500000003 0.41780373906249996 0.3833125 0.32095794375 0.385125 0.307313084375 0.385125 0.28137850468750003 0.377828125 0.282757009375
2 0.31620312500000003 0.7601401875 0.293828125 0.7506775703125 0.272703125 0.7519392515625001 0.26975 0.760771028125 0.2625625 0.7746728968750001 0.260453125 0.7854205609375 0.320859375 0.8100467296874999 0.32423437499999996 0.7923598125 0.320015625 0.78287383125 0.31620312500000003 0.7601401875
2 0.48462500000000003 0.31948598125 0.498515625 0.29350467343750003 0.5349999999999999 0.259742990625 0.5492574015625 0.223111165625 0.6244531249999999 0.2168925234375 0.6322656249999999 0.22338785 0.6617968750000001 0.2259813078125 0.67396875 0.244158878125 0.708703125 0.254556075 0.729546875 0.1974065421875 0.71390625 0.179228971875 0.6193052890625 0.20560567968750001 0.6166406249999999 0.21039719687499997 0.611421875 0.2078037390625 0.5647985203125 0.21928430781250002 0.554109375 0.2078037390625 0.5570279609375001 0.2211977390625 0.5502875 0.2181915890625 0.5460026046875 0.21083333437500001 0.5414868421875 0.22502459375 0.5378958328125 0.21386292812500002 0.5337162828124999 0.22693802343749997 0.5297890625 0.2168925234375 0.5216822921875 0.21992211875 0.5259457234375 0.22885145156250003 0.5181751640625001 0.23076487812500002 0.5135755203125 0.2229517125 0.5104046046875 0.2326783078125 0.50546875 0.2259813078125 0.5026340453125 0.2345917359375 0.4973619796875 0.22901090468750002 0.4948634875 0.23650516562499999 0.4892552078125 0.23204049843750002 0.48709292812499994 0.23841859375 0.4811484375 0.23507009375000001 0.47932236875 0.24033202031249998 0.4730416671875 0.2380996890625 0.471551809375 0.24224545156250002 0.4649348953125 0.2411292828125 0.46378125 0.244158878125 0.45682812500000003 0.244158878125 0.45682812500000003 0.254556075 0.44467187499999994 0.290911215625 0.46204687499999997 0.3064953265625 0.48462500000000003 0.31948598125
2 0.0015625 0.49766355156250003 0.003125 0.5700934578125 0.01875 0.5654205609375 0.0375 0.5794392515625 0.0484375 0.5794392515625 0.0609375 0.55140186875 0.071875 0.5537383171875 0.078125 0.542056075 0.08125 0.504672896875 0.0796875 0.49065420625 0.0890625 0.47196261718750004 0.0875 0.43925233593749996 0.1203125 0.4299065421875 0.1240625 0.433644859375 0.1203125 0.443925234375 0.125 0.45093457968750006 0.13125 0.45093457968750006 0.140625 0.4649532703125 0.15 0.46962616874999996 0.178125 0.47196261718750004 0.1890625 0.4462616828125 0.203125 0.432242990625 0.209375 0.4205607484375 0.2078125 0.3948598125 0.203125 0.3878504671875 0.1984375 0.3878504671875 0.19375 0.37383177500000003 0.1875919125 0.36448598125 0.1890625 0.359813084375 0.1952205875 0.36098130781250004 0.3859375 0.2990654203125 0.3921875 0.3037383171875 0.39560546875 0.3111857484375 0.44746884375 0.44890757031249995 0.45807291718750004 0.45288161875000005 0.45145833281250003 0.4595015578125 0.4517578125 0.46524532656249995 0.44484375 0.46612149531249997 0.425 0.4859813078125 0.421875 0.4813084109375 0.3984375 0.483644859375 0.396875 0.49766355156250003 0.4125 0.5210280375 0.4234375 0.53037383125 0.4409482765625 0.53013213125 0.5320581890625 0.706171446875 0.5378580734375 0.701470015625 0.5368534484375 0.7154366750000001 0.5416015625 0.7117406546875 0.54164870625 0.7247019015625 0.5453450515625 0.7220112921874999 0.546443965625 0.733967128125 0.5490885421875 0.7322819328125 0.5512392234375 0.7432323546874999 0.55439453125 0.7413843453125 0.5560344828125 0.752497584375 0.5586588546875 0.7512655765625 0.560829740625 0.7617628109375 0.5629231765625 0.76114680625 0.565625 0.7710280375 0.5609375 0.7780373828125 0.559375 0.80140186875 0.5515625 0.8107476640625 0.5515625 0.8247663546874999 0.5578125 0.8341121499999999 0.5765625 0.8341121499999999 0.5796875 0.8387850468750001 0.6140625 0.8387850468750001 0.6328125 0.8317757015625 0.6453125 0.8341121499999999 0.65 0.8247663546874999 0.65 0.8154205609374999 0.64375 0.796728971875 0.6375 0.787383178125 0.6921875 0.6588785046875001 0.6959375 0.6411214953125 0.7096875 0.6523364484374999 0.7046875 0.6635514015624999 0.7125 0.6705607484375 0.71875 0.682242990625 0.721875 0.6962616828125 0.7328125 0.7102803734375 0.7375 0.7102803734375 0.740625 0.7149532703125 0.765625 0.7149532703125 0.7734375 0.7056074765625 0.7796875 0.7056074765625 0.7875 0.6962616828125 0.78125 0.6838006234375 0.7890625 0.6799065421875 0.7953125 0.6869158875 0.803125 0.6869158875 0.80625 0.682242990625 0.80625 0.6705607484375 0.7984375 0.6682242984375 0.7734375 0.687694703125 0.765625 0.691588784375 0.7578125 0.691588784375 0.7165625 0.657943925 0.688671875 0.623831775 0.68125 0.623725571875 0.68828125 0.6121495328125001 0.68125 0.6119902296874999 0.687890625 0.6004672890625 0.68125 0.588501840625 0.684375 0.5864485984375001 0.6875 0.588785046875 0.696875 0.583333334375 0.69375 0.5747663546874999 0.696875 0.5700934578125 0.7 0.5700934578125 0.7125 0.5771028031250001 0.7625 0.5911214953124999 0.7609375 0.5817757015625 0.7546875 0.5883956375 0.75234375 0.5794392515625 0.746875 0.5856697828125 0.7390625 0.582943925 0.74375 0.5771028031250001 0.734375 0.5654205609375 0.7916666671875 0.2850467296875 0.7935416671875 0.283333334375 0.80625 0.3037383171875 0.815625 0.3037383171875 0.8203125 0.2943925234375 0.821875 0.2827102796875 0.825 0.2827102796875 0.8328125 0.2710280375 0.8453125 0.26168224375000004 0.846875 0.2476635515625 0.8421875 0.23831775624999998 0.834375 0.233644859375 0.8203125 0.233644859375 0.8140625 0.2266355140625 0.803125 0.22897196250000001 0.771875 0.2009345796875 0.771875 0.193925234375 0.765625 0.1799065421875 0.731215278125 0.1842679140625 0.7296875 0.193925234375 0.72336805625 0.186292834375 0.6292013890625 0.2105919 0.6239583328125 0.218847353125 0.6213541671875 0.21261682187500003 0.61350694375 0.21464174531250002 0.609375 0.207943925 0.6046875 0.21261682187500003 0.6056597218750001 0.21666666562499998 0.6046875 0.224299065625 0.5978125000000001 0.2186915890625 0.5967013890625 0.2253374859375 0.589965278125 0.2207165109375 0.588715278125 0.22637590937500002 0.58211805625 0.2227414328125 0.5807291671875 0.22741432968750003 0.5742708328125 0.2247663546875 0.57274305625 0.22845275156249997 0.5664236109375 0.22679127812500002 0.5671875 0.207943925 0.5625 0.19859813125 0.5296875 0.2009345796875 0.521875 0.207943925 0.503125 0.2102803734375 0.5 0.21495327031250003 0.490625 0.21495327031250003 0.48125 0.2219626171875 0.459375 0.224299065625 0.4447916671875 0.24454828750000002 0.448715278125 0.257165109375 0.44086805625 0.2591900296875 0.4375 0.254672896875 0.4359375 0.26168224375000004 0.42750000000000005 0.261214953125 0.4251736109375 0.26323987656250003 0.4190625 0.2607476640625 0.41732638906249997 0.26526479687500004 0.410625 0.2602803734375 0.4094791671875 0.2672897203125 0.4021875 0.259813084375 0.40163194375 0.2693146421875 0.39375 0.25934579375 0.393784721875 0.2713395625 0.3859375 0.2733644859375 0.384375 0.2827102796875 0.3783088234375 0.276869159375 0.210477940625 0.3539719625 0.2078125 0.338785046875 0.2125 0.33177570156249997 0.2125 0.32242990625 0.15 0.317757009375 0.1484375 0.3294392515625 0.1578125 0.3411214953125 0.14826388906250001 0.35903426875 0.15 0.3668224296875 0.1442708328125 0.36915887812500003 0.14375 0.37383177500000003 0.140625 0.37383177500000003 0.141819853125 0.38551401875 0.13359375 0.3831775703125 0.1341911765625 0.38901869218749996 0.1265625 0.3925233640625 0.06859375 0.387616821875 0.0609375 0.3714953265625 0.0515625 0.3714953265625 0.052031249999999994 0.386214953125 0.04375 0.38551401875 0.04375 0.40887850468750003 0.053125 0.45560747656249995 0.05625 0.495327103125 0.0015625 0.49766355156250003