2 0.283535565625 0.8957499999999999 0.28983263593749997 0.9051562499999999 0.3213389125 0.91928125 0.3276359828125 0.921640625 0.359142259375 0.9451562499999999 0.3874895390625 0.98515625 0.44420502031250003 0.98515625 0.44420502031250003 0.97340625 0.41899581562500005 0.93340625 0.3685983265625 0.8769218750000001 0.3402510453125 0.843984375 0.2866945609375 0.829875 0.27094142187500003 0.843984375 0.2677824265625 0.860453125 0.283535565625 0.8957499999999999
2 0.95372385 0.57571875 0.9379288703125 0.5588437500000001 0.906297071875 0.55040625 0.8746861921875 0.536921875 0.8294979078125 0.5217343750000001 0.7752928875 0.5031718749999999 0.7526987453125 0.49979687500000003 0.6849372390624999 0.48293749999999996 0.6465481171875 0.48125 0.662343096875 0.498109375 0.712050209375 0.518359375 0.8837029281250001 0.55715625 0.91985355625 0.57740625 0.93566945625 0.58415625 0.95372385 0.57571875
2 0.6526359828125 0.85728125 0.538326359375 0.76725 0.484288703125 0.73309375 0.4759832640625 0.7470625 0.5071548109374999 0.775 0.5071548109374999 0.7765625 0.47805439375000003 0.754828125 0.584058578125 0.86659375 0.6547280328125 0.90075 0.6879707109375001 0.917828125 0.6526359828125 0.85728125
2 0.6805230124999999 0.638296875 0.6953974890625 0.6528906250000001 0.7251673640625 0.658796875 0.7595815906250001 0.6820625 0.78096234375 0.695609375 0.8144560671875001 0.701859375 0.8586401671875 0.70984375 0.89491631875 0.7150624999999999 0.91537656875 0.7150624999999999 0.9167782421874999 0.7102031249999999 0.9121129703124999 0.7008125 0.89723849375 0.695265625 0.8725941421875 0.6876249999999999 0.8437447703125001 0.677203125 0.7828242671875 0.656015625 0.721903765625 0.6334375 0.7014435140625 0.629265625 0.6805230124999999 0.638296875
2 0.708702928125 0.69640625 0.757343096875 0.723265625 0.811610878125 0.754328125 0.887050209375 0.785390625 0.8933891218750001 0.780640625 0.88985355625 0.77696875 0.858138075 0.756953125 0.8179497906250001 0.7243125 0.77566945625 0.692203125 0.7192677828125 0.65534375 0.6917782421875 0.65796875 0.6847280328124999 0.6721874999999999 0.708702928125 0.69640625
2 0.657196653125 0.8141093749999999 0.7279707109375 0.844578125 0.791234309375 0.854515625 0.77290795 0.84084375 0.7387866109375001 0.81721875 0.6913389125 0.7973125 0.625564853125 0.765609375 0.5439748953125 0.7282968750000001 0.54648535625 0.7649843749999999 0.5989330546875 0.7855000000000001 0.657196653125 0.8141093749999999
2 0.6498744765625 0.9610625 0.621150628125 0.9293906249999999 0.5773640171875 0.895671875 0.5568410046875 0.868078125 0.5322175734375 0.8415156250000001 0.4993933046875 0.834359375 0.4815899578125 0.8415156250000001 0.43508368124999997 0.807796875 0.469288703125 0.8415156250000001 0.47748953906249997 0.8547968750000001 0.48571129687500003 0.871140625 0.51305439375 0.8895312499999999 0.5335774062499999 0.904859375 0.5677824265625 0.940625 0.5965062765625 0.9590156249999999 0.6389330546875 0.9733281249999999 0.6936401671875 0.9957968749999999 0.700481171875 0.9998906249999999 0.692280334375 0.985578125 0.6498744765625 0.9610625
2 0.36619246875 0.8731875 0.4186820078125 0.935359375 0.42138075312499995 0.913734375 0.38790795 0.883328125 0.397866109375 0.860359375 0.376150628125 0.860359375 0.38700836875 0.8522500000000001 0.3779707109375 0.848859375 0.38520920468750003 0.844140625 0.38066945625000004 0.837375 0.38520920468750003 0.835359375 0.35805439375 0.8049531249999999 0.318179915625 0.795296875 0.30286610937499997 0.80021875 0.3236820078125 0.8258906250000001 0.36619246875 0.8731875
2 0.222280334375 0.821265625 0.193179915625 0.829015625 0.1911087859375 0.8662812499999999 0.197343096875 0.925265625 0.21604602499999997 0.996671875 0.25138075312499997 0.995125 0.24799163124999998 0.9748125 0.2452510453125 0.9307812500000001 0.2425104609375 0.886734375 0.24389121406249997 0.86215625 0.22880753125000003 0.8334843749999999 0.24514644375 0.8600625000000001 0.25138075312499997 0.8321249999999999 0.222280334375 0.821265625
2 0.9871757328124999 0.481140625 0.9797071125000001 0.475578125 0.94991631875 0.4655625 0.89776150625 0.43996874999999996 0.869435146875 0.435515625 0.8008786609375 0.42104687500000004 0.78746861875 0.42995312500000005 0.8202510453125 0.44775 0.864958159375 0.45109374999999996 0.9260669453125001 0.470015625 0.9305439328125 0.47446875000000005 0.9797071125000001 0.486703125 0.9871757328124999 0.481140625
2 0.5145397484374999 0.6038593750000001 0.5159205015625 0.608984375 0.5200209203124999 0.613078125 0.524142259375 0.615125 0.5323640171874999 0.61921875 0.5406066953125 0.625375 0.5529497906249999 0.631515625 0.5597907953125 0.63765625 0.57351464375 0.64175 0.5885983265625 0.648921875 0.5995606687499999 0.6540468749999999 0.6215062765625 0.663265625 0.6365899578125 0.67453125 0.666757321875 0.6796562500000001 0.6749790796874999 0.6796562500000001 0.6983054390625 0.6868125 0.6941841 0.6817031250000001 0.688702928125 0.675546875 0.6653974890625001 0.6642812499999999 0.6379707109375 0.6550625 0.6242468624999999 0.646875 0.600941421875 0.639703125 0.5858577406250001 0.621265625 0.5776150624999999 0.607953125 0.5268828453125 0.5966875 0.5200209203124999 0.5966875 0.5145397484374999 0.5997656250000001 0.5145397484374999 0.6038593750000001
2 0.7277824265625 0.7208281249999999 0.6617782421875 0.6903125 0.6334937234375 0.697359375 0.6617782421875 0.71378125 0.6994979078125 0.7536875000000001 0.734058578125 0.7795156249999999 0.8252092046874999 0.8264531249999999 0.8189330546875 0.8217656249999999 0.790627615625 0.7865624999999999 0.7277824265625 0.7208281249999999
2 0.0769246859375 0.82 0.0787447703125 0.829453125 0.1040794984375 0.84634375 0.12487447656249999 0.8598593749999999 0.1321129703125 0.883515625 0.1420711296875 0.9051406249999999 0.1465899578125 0.92540625 0.1637866109375 0.96459375 0.1683054390625 0.986890625 0.1791631796875 0.99703125 0.18458159062499999 0.9983906250000001 0.17372384999999999 0.9835156250000001 0.17372384999999999 0.9706875 0.1755439328125 0.955140625 0.1782635984375 0.94296875 0.18096234375 0.9321718750000001 0.17192468593750002 0.922703125 0.1791631796875 0.9172968750000001 0.1746443515625 0.9098593749999999 0.1710251046875 0.8828437499999999 0.1655857734375 0.8625624999999999 0.1474895390625 0.8335156250000001 0.1275941421875 0.8213437499999999 0.0986401671875 0.8085156250000001 0.0823640171875 0.8132343750000001 0.0769246859375 0.82
2 0.44943514687499997 0.8977031249999999 0.45123430937500003 0.90040625 0.44581590000000004 0.9010781250000001 0.443096234375 0.906484375 0.434058578125 0.899046875 0.43675732187499994 0.91053125 0.43223849375 0.907828125 0.43223849375 0.9159375000000001 0.420481171875 0.903109375 0.420481171875 0.9098593749999999 0.42589958125000005 0.9233750000000001 0.427719665625 0.9416249999999999 0.443995815625 0.97134375 0.443995815625 0.9862187499999999 0.44581590000000004 0.9990625 0.48832635937499996 0.9990625 0.48832635937499996 0.9963593749999999 0.48470711250000004 0.9922968750000001 0.478389121875 0.9821562500000001 0.47928870312500005 0.97675 0.48018828437499994 0.97 0.48018828437499994 0.9591875 0.478389121875 0.95175 0.472949790625 0.9436406249999999 0.46753138125 0.93553125 0.4684309625 0.91796875 0.46481171562499995 0.9091875 0.4630125515625 0.898375 0.45305439375 0.888921875 0.442196653125 0.888234375 0.43133891249999995 0.893640625 0.44943514687499997 0.8977031249999999
2 0.6544979078125001 0.8591093750000001 0.67956066875 0.897828125 0.7884309625 0.953328125 0.7780753140625001 0.9307343749999999 0.8270920500000001 0.9488749999999999 0.8257531374999999 0.9483750000000001 0.8149790796874999 0.944359375 0.777280334375 0.905640625 0.69648535625 0.833234375 0.5982008375000001 0.788484375 0.5537656906249999 0.768875 0.5510669453125 0.768359375 0.5508159 0.771984375 0.5810669453124999 0.799734375 0.6544979078125001 0.8591093750000001
3 0.34778242656249997 0.2075625 0.325334728125 0.21059375 0.3120711296875 0.22021875 0.3058159 0.23093750000000002 0.3047071125 0.23890625000000001 0.3080334734375 0.24962499999999999 0.3120711296875 0.25925 0.31723849375 0.267765625 0.3234937234375 0.272453125 0.3286401671875 0.276296875 0.336380753125 0.275203125 0.3378451890625 0.27354687499999997 0.34631799218750003 0.274375 0.3544142265625 0.27271875 0.351087865625 0.26721875 0.3481589953125 0.26171875 0.33930962343750004 0.24990625 0.33194560625 0.24275000000000002 0.3407949796875 0.23753125000000003 0.3474058578125 0.238625 0.3518410046875 0.232859375 0.36286610937499997 0.230109375 0.3691213390625 0.23340624999999998 0.3757531375 0.24 0.379435146875 0.2455 0.383849371875 0.253484375 0.39746861875 0.24742187499999999 0.40372385 0.246046875 0.4144142265625 0.2455 0.42066945625 0.24137499999999998 0.42508368125 0.2405625 0.433912134375 0.23314062500000002 0.4434937234375 0.226265625 0.44054393281250004 0.21965625000000003 0.44569037656250005 0.216640625 0.4578451890625 0.21884375 0.46594142187500004 0.21526562500000002 0.472573221875 0.20921875 0.4788284515625 0.21417187499999998 0.4802928875 0.225984375 0.4835983265625 0.229828125 0.48508368125 0.220765625 0.49428870312499995 0.220765625 0.5005439328125 0.2240625 0.5067991625 0.230109375 0.5108368203125 0.2350625 0.5108368203125 0.23781249999999998 0.5156276156249999 0.2405625 0.5215271968749999 0.2446875 0.5336610875 0.239734375 0.5443514640625 0.2405625 0.5535355656250001 0.242203125 0.5634937234375 0.24495312500000002 0.5660669453125 0.247703125 0.5737866109375 0.246046875 0.5807740578125 0.24137499999999998 0.586297071875 0.238359375 0.5933054390625 0.2364375 0.596234309375 0.2364375 0.6058159 0.238078125 0.6124476984375 0.238359375 0.6113389125 0.24165625 0.60066945625 0.24578125 0.5896234312499999 0.250453125 0.5852092046874999 0.255671875 0.59514644375 0.25210937499999997 0.5984518828125001 0.24715625000000002 0.6069246859375 0.251 0.613535565625 0.25017187500000004 0.618702928125 0.250453125 0.624958159375 0.25210937499999997 0.6282635984375 0.254859375 0.6360041843750001 0.2565 0.6308368203125 0.25979687500000004 0.618702928125 0.265578125 0.624581590625 0.26584375 0.6363598328125 0.26171875 0.6404184093749999 0.266125 0.630481171875 0.272453125 0.6205439328125 0.277671875 0.6146443515625 0.28317187499999996 0.616861925 0.288109375 0.6256903765625 0.285375 0.632677825 0.27409374999999997 0.6382008375 0.2765625 0.635627615625 0.28096875 0.6448326359375 0.277390625 0.6536610875 0.27931249999999996 0.65956066875 0.2806875 0.6555020921875 0.285375 0.650711296875 0.29196875 0.657343096875 0.294171875 0.67537656875 0.284265625 0.6867991625000001 0.28317187499999996 0.68089958125 0.288671875 0.673535565625 0.29334375 0.6823849375 0.293890625 0.684581590625 0.297734375 0.683849371875 0.303515625 0.6816317984375 0.30709375 0.678326359375 0.3095625 0.67648535625 0.31615625 0.68127615 0.32220312500000003 0.6797907953125 0.3233125 0.678326359375 0.326609375 0.6775941421875 0.331 0.67537656875 0.33540625 0.67537656875 0.33815625 0.684581590625 0.341453125 0.6963598328125 0.34584375 0.7088702921875 0.34996875 0.7151464437499999 0.35217187499999997 0.71991631875 0.356015625 0.7269246859375 0.359875 0.7342677828124999 0.36262500000000003 0.74089958125 0.36646875 0.7442259421874999 0.368125 0.7552510453125 0.372796875 0.7578451890625 0.3703125 0.7604184093749999 0.36646875 0.766673640625 0.3620625 0.770711296875 0.36124999999999996 0.771464434375 0.36262500000000003 0.768138075 0.36701562499999996 0.76410041875 0.3703125 0.765941421875 0.37334375 0.7755020921875 0.378015625 0.78433054375 0.37609375 0.7773430968749999 0.38240625 0.781757321875 0.38268749999999996 0.7880125515625 0.383234375 0.80127615 0.3771875 0.8248326359375 0.3785625 0.8369665265625 0.379390625 0.8513389124999999 0.380484375 0.879665271875 0.38159375 0.9058159 0.39203125 0.8984518828124999 0.37910937499999997 0.9282635984375001 0.3661875 0.9312133890625001 0.3585 0.9348953968749999 0.34309375000000003 0.92200836875 0.32606250000000003 0.8951255234375 0.3109375 0.8984518828124999 0.3026875 0.901380753125 0.29828125 0.9026150625 0.28715625 0.8820292890625 0.27203125 0.8471338906250001 0.269234375 0.84805439375 0.2613125 0.8368410046875001 0.242921875 0.8396443515625001 0.2224375 0.8206276156250001 0.20825 0.808472803125 0.20778124999999997 0.8000627609375 0.20684375 0.7847907953125 0.20545312500000001 0.7766945609375 0.20801562499999998 0.7645397484374999 0.20521875 0.7476987453125 0.195203125 0.741861925 0.183171875 0.7175104609375 0.17359375 0.6957322171875 0.186046875 0.6893096234375 0.170734375 0.664958159375 0.167859375 0.6547071125 0.15923437499999998 0.6265062765625 0.142 0.5983054390625 0.14584375 0.573953975 0.1630625 0.5714016734375 0.15923437499999998 0.540627615625 0.15732812499999999 0.518849371875 0.160203125 0.512426778125 0.1535 0.4855230125 0.136265625 0.4624476984375 0.1324375 0.4406485359375 0.141046875 0.43169456093749997 0.15540625 0.43169456093749997 0.18509375 0.423995815625 0.1716875 0.40349372343749995 0.16115625 0.372719665625 0.146796875 0.33811715468750003 0.154453125 0.3227405859375 0.175515625 0.3227405859375 0.19178125 0.35221757343750004 0.201359375 0.3492468625 0.20096875 0.352196653125 0.20784375000000002 0.34778242656249997 0.2075625
2 0.9979079499999999 1 0.9769874484375001 0.975 0.9811715484375 0.9734375 0.9278242671875001 0.96875 0.9121338906249999 0.9203125 0.9079497906249999 0.9140625 0.9016736406250001 0.9125 0.905857740625 0.909375 0.9016736406250001 0.9046875 0.8974895390625001 0.9046875 0.8974895390625001 0.9173611109375001 0.8242677828125 0.9404513890624999 0.8208682015625 0.9345703125 0.8138075312499999 0.8609375 0.80962343125 0.8609375 0.8033472796875 0.855859375 0.7991631796875 0.85625 0.7928870296875 0.85078125 0.7866108781250001 0.8515625 0.7803347281249999 0.846875 0.7824267781249999 0.845703125 0.7698744765625001 0.8390625 0.81171548125 0.8078125 0.8138075312499999 0.82109375 0.8242677828125 0.8203125 0.8263598328124999 0.8265625 0.8619246859375 0.8125 0.851464434375 0.815625 0.8472803343749999 0.8109375 0.8566945609375001 0.79375 0.8765690375 0.79375 0.8702928875 0.7875 0.8849372390625 0.7859375 0.8786610874999999 0.7828125 0.8891213390624999 0.7765625 0.8807531375 0.771875 0.8786610874999999 0.759375 0.8747758515624999 0.7589285718750001 0.8942020312500001 0.7220982140625 0.8933054390624999 0.715625 0.9142259421875 0.715625 0.9163179921875001 0.7125 0.9121338906249999 0.6984375 0.9979079499999999 0.68125 0.9979079499999999 0.653125 0.9916317984375 0.6359375 0.9916317984375 0.6265625 0.9979079499999999 0.61875 0.9979079499999999 0.5984375 0.9916317984375 0.5953125 0.9916317984375 0.5609375 0.9874476984375 0.54375 0.9790794984375 0.5359375 0.972803346875 0.534375 0.970711296875 0.5171875 0.9539748953125 0.4921875 0.93723849375 0.4765625 0.93305439375 0.4765625 0.9205020921875 0.46875 0.9309623437500001 0.4578125 0.93933054375 0.4609375 0.9518828453125 0.4609375 0.9581589953125 0.4546875 0.9581589953125 0.434375 0.9476987453125 0.4203125 0.9476987453125 0.4125 0.9581589953125 0.4046875 0.9560669453124999 0.3953125 0.94351464375 0.3890625 0.9267782421874999 0.3890625 0.9184100421875 0.3921875 0.905857740625 0.390625 0.8933054390624999 0.3875 0.8765690375 0.378125 0.836820084375 0.3765625 0.8242677828125 0.36875 0.81171548125 0.371875 0.80962343125 0.375 0.7907949796875 0.36875 0.7803347281249999 0.375 0.7824267781249999 0.4234375 0.788702928125 0.428125 0.7866108781250001 0.440625 0.774058578125 0.44375 0.7719665265625 0.446875 0.7615062765625 0.440625 0.7489539749999999 0.44375 0.7468619249999999 0.465625 0.7531380750000001 0.4734375 0.7510460250000001 0.478125 0.7364016734375001 0.478125 0.723849371875 0.4703125 0.7050209203125 0.465625 0.69456066875 0.4578125 0.6652719671875 0.45625 0.654811715625 0.4625 0.654811715625 0.471875 0.6464435140625 0.4765625 0.6380753140625 0.478125 0.6297071125 0.471875 0.6150627609375 0.4703125 0.600418409375 0.4734375 0.596234309375 0.4796875 0.589958159375 0.478125 0.5815899578125 0.48125 0.5794979078125 0.503125 0.55857740625 0.5015625 0.5502092046875 0.5046875 0.5481171546875 0.5171875 0.56694560625 0.5265625 0.5753138078125 0.5265625 0.5815899578125 0.5296875 0.5857740578125 0.528125 0.589958159375 0.53125 0.592050209375 0.540625 0.5753138078125 0.5453125 0.5732217578125 0.5578125 0.5794979078125 0.5625 0.587866109375 0.5625 0.594142259375 0.5671875 0.6087866109375 0.571875 0.6192468625 0.5796875 0.6188284515625 0.5821875000000001 0.60962343125 0.5866666671874999 0.6108786609375 0.5921875 0.5857740578125 0.5921875 0.5732217578125 0.5859375 0.5543933046875 0.58125 0.5418410046875 0.58125 0.529288703125 0.5765625 0.5209205015625 0.5765625 0.5104602515625001 0.5828125 0.5104602515625001 0.5921875 0.5167364015625 0.596875 0.5083682015625001 0.609375 0.462343096875 0.5921875 0.45397489531249996 0.5953125 0.4497907953125 0.6046875 0.43723849374999996 0.6078125 0.43096234375 0.6203125 0.4225941421875 0.61875 0.4142259421875 0.621875 0.405857740625 0.6375 0.3974895390625 0.6453125 0.3974895390625 0.71875 0.40376569062499995 0.7234375 0.41004184062500004 0.7234375 0.412133890625 0.7375 0.4184100421875 0.7421875 0.4288702921875 0.7421875 0.4288702921875 0.75078125 0.43514644375 0.7546875 0.4288702921875 0.759375 0.4288702921875 0.784375 0.4214530234375 0.7840909093749999 0.3849372390625 0.8 0.3723849375 0.79375 0.35983263593750003 0.796875 0.3577405859375 0.80625 0.27953009375 0.8462740390624999 0.2594142265625 0.834375 0.251046025 0.8359375 0.24476987499999997 0.8640625 0.19421199375 0.8516927078125001 0.1891811109375 0.8517857140625 0.18410041875 0.84921875 0.19246861875000001 0.840625 0.19456066875 0.8296875 0.2092050203125 0.825 0.21129707187500002 0.8140625 0.20502092031250002 0.8015625 0.18828451875000002 0.790625 0.18410041875 0.7828125 0.1757322171875 0.778125 0.163179915625 0.78125 0.1443514640625 0.796875 0.1359832640625 0.8078125 0.11715481093749999 0.8015625 0.11924686250000001 0.7921875 0.1087866109375 0.784375 0.0836820078125 0.7890625 0.0732217578125 0.7875 0.048117154687500004 0.790625 0.037656903125 0.796875 0.042538353125 0.8145833328125001 0.022315203125 0.8096354171875 0.0230125515625 0.80625 0.012552301562500002 0.8015625 0.012203625 0.8071614578125 0.0020920500000000002 0.8046875 0 0.815625 0.006508600000000001 0.821990740625 0 0.828125 0 0.8828125 0.0083682015625 0.909375 0.0146443515625 0.9140625 0.031380753125 0.9140625 0.033472803125 0.9640625 0.0439330546875 0.9953125 0.0523012546875 1 0.2110509484375 1 0.215481171875 0.9953125 0.22163425937499998 1 0.2322175734375 1 0.2322175734375 0.996875 0.246861925 0.996875 0.248953975 1 0.3870292890625 1 0.3891213390625 0.996875 0.3859832640625 0.98828125 0.3891213390625 0.9875 0.39493259062499997 0.9829861109375001 0.47140864687499995 0.9872395828125 0.47907949843750003 0.984375 0.48744769843749997 0.996875 0.49372385 1 0.742677825 1 0.742677825 0.99375 0.7698744765625001 0.9921875 0.776150628125 0.9859375 0.8033472796875 1 0.9979079499999999 1