3 0.31236 0.42352 0.31057999999999997 0.3741066671875 0.29824 0.2588266671875 0.25412 0.2823466671875 0.21352000000000002 0.3176533328125 0.19588 0.3576533328125 0.19942 0.42352 0.22764 0.47293333281249994 0.25942 0.5058933328124999 0.30882 0.5129333328125 0.32294 0.5105866671875 0.32648 0.4894133328125 0.31236 0.42352
2 0.37462 0.7400533328125001 0.36694 0.7165066671875 0.36385999999999996 0.7052533328124999 0.36002 0.6939733328125001 0.35388000000000003 0.6898666671875 0.33314 0.6909066671875 0.3316 0.6960266671875 0.33544 0.7062666671875 0.34312 0.7165066671875 0.3485 0.7267466671875 0.35618 0.7462133328125 0.36156 0.7564533328125 0.36694 0.76976 0.3846 0.76976 0.3846 0.7666933328125001 0.37462 0.7400533328125001
2 0.23476 0.62896 0.2572 0.63816 0.27332 0.6427733328125 0.30266000000000004 0.6542933328125 0.30958 0.6519733328124999 0.30842 0.64584 0.2716 0.63816 0.24628 0.6205333328125 0.22844000000000003 0.6097866671875 0.20714000000000002 0.60824 0.19563999999999998 0.5998133328125 0.1916 0.5967466671875 0.19448000000000001 0.59136 0.20542 0.5929066671875 0.21173999999999998 0.59136 0.20886 0.58752 0.19563999999999998 0.58216 0.18584 0.5829333328125 0.17951999999999999 0.5898399999999999 0.17836000000000002 0.5921333328125 0.17894000000000002 0.6036533328125 0.19390000000000002 0.6205333328125 0.2129 0.6266666671875 0.22555999999999998 0.6274133328125 0.23476 0.62896
2 0.25658 0.7587733328125 0.27036 0.7683466671875 0.32839999999999997 0.64864 0.31106 0.6318933328125 0.26258 0.71888 0.25658 0.7587733328125
2 0.38980000000000004 0.64352 0.39452 0.6196266671874999 0.40393999999999997 0.5139733328125 0.39922 0.5152266671875 0.38130000000000003 0.5290666671875 0.37376 0.6095733328125 0.37848000000000004 0.62968 0.38980000000000004 0.64352
2 0.36332 0.1678133328125 0.42081999999999997 0.16989333281250002 0.44880000000000003 0.1844 0.43170000000000003 0.21754666718750001 0.47366 0.2403466671875 0.5125 0.24864000000000003 0.52028 0.2341333328125 0.53582 0.2341333328125 0.5467 0.2154666671875 0.5109600000000001 0.20095999999999997 0.5109600000000001 0.1553866671875 0.47988 0.1118666671875 0.42704000000000003 0.12637333281250002 0.39596 0.14088 0.3198 0.1450133328125 0.32446 0.1470933328125 0.32446 0.16368 0.36332 0.1678133328125
2 0.56596 0.2755466671875 0.56202 0.2689866671875 0.46046 0.24138666718750001 0.41906 0.2269333328125 0.40724 0.2321866671875 0.4023 0.21509333281249998 0.38948 0.20589333281250002 0.39638 0.23479999999999998 0.39738 0.2821333328125 0.40724 0.2821333328125 0.4102 0.244 0.47328000000000003 0.2663466671875 0.54328 0.2873866671875 0.54328 0.2781866671875 0.55708 0.2939466671875 0.56596 0.2755466671875
2 0.56462 0.3579733328125 0.5734 0.34202666718749997 0.5741799999999999 0.3282133328125 0.56382 0.31120000000000003 0.54628 0.3005866671875 0.49606000000000006 0.28887999999999997 0.4849 0.2942133328125 0.4833 0.2973866671875 0.4833 0.3090933328125 0.4833 0.31120000000000003 0.54948 0.3345866671875 0.5678 0.3345866671875 0.5574399999999999 0.3462933328125 0.56462 0.3579733328125
2 0.64274 0.5780266671875001 0.6267 0.5799733328125 0.62598 0.5663466671874999 0.61066 0.5682933328125 0.60554 0.56344 0.5822 0.5663466671874999 0.5887800000000001 0.6062133328125 0.64274 0.60136 0.6930799999999999 0.6548533328125 0.70256 0.6363733328125 0.669 0.60136 0.66682 0.5916266671875 0.64274 0.5780266671875001
2 0.30662 0.8298400000000001 0.32656 0.82704 0.32130000000000003 0.8088533328124999 0.28562 0.74728 0.27514 0.7626666671875 0.29506 0.8060533328125 0.30662 0.8298400000000001
2 0.22080000000000002 0.6590933328124999 0.23016 0.6289333328125 0.20908000000000002 0.6258133328125 0.20362 0.66952 0.17865999999999999 0.72672 0.20206 0.72984 0.22080000000000002 0.6590933328124999