1 0.10089062499999998 0.675644028125 0.10293749999999999 0.6623419203124999 0.10634375 0.6623419203124999 0.114546875 0.6541451984375 0.11796875 0.6377517562499999 0.125484375 0.6131615921875 0.12957812500000002 0.605995315625 0.1323125 0.6039578453125001 0.13915625 0.60805620625 0.14325000000000002 0.617259953125 0.1535 0.6182903984375 0.161015625 0.628524590625 0.17195312499999998 0.6326229515625 0.17809375 0.6305854796875 0.17974375 0.5298079625 0.19158984375000002 0.51767564375 0.193125 0.5537704921875 0.20065624999999998 0.623419203125 0.215 0.629555034375 0.242328125 0.6008899296875 0.25189062500000003 0.5363466046875 0.2348125 0.4544262296875 0.22046875 0.4462295078125 0.21226562499999999 0.44929742343749995 0.201328125 0.4670491796875 0.19723437500000002 0.470819671875 0.1938125 0.48002341875 0.19085416718749998 0.4824277921875 0.19244531250000002 0.49283372343750004 0.1844739578125 0.49403590937499997 0.18015625 0.5046135828125 0.17809375 0.505644028125 0.17995 0.5172107734375 0.1738802078125 0.5162256046875 0.1528125 0.5691334890624999 0.14803125 0.565035128125 0.141203125 0.565035128125 0.12957812500000002 0.56093676875 0.11114062499999999 0.5742622953125001 0.105671875 0.581428571875 0.098828125 0.5855269328125 0.08790624999999999 0.6121545671875 0.08584375 0.629555034375 0.09131249999999999 0.664379390625 0.09746875 0.67871194375 0.10089062499999998 0.675644028125
3 0.09903125 0.72421545625 0.106375 0.726299765625 0.11546875000000001 0.72840749375 0.129109375 0.747259953125 0.14134375 0.7420374703125 0.148328125 0.74098360625 0.15078125 0.7352224828125 0.15078125 0.72997658125 0.150078125 0.71583138125 0.147640625 0.702716628125 0.14378125 0.6917096015624999 0.1375 0.68648711875 0.12665625 0.68229508125 0.112671875 0.68229508125 0.0986875 0.69644028125 0.09659375 0.7058782203125 0.09659375 0.717915690625 0.09903125 0.72421545625
1 0.42809375000000005 0.8763466046874999 0.429203125 0.8978220140625 0.419828125 0.912716628125 0.420921875 0.9333723656249999 0.42257812499999997 0.9581498828124999 0.43581250000000005 0.9606323187499999 0.44684375000000004 0.946580796875 0.45565625 0.927587821875 0.46503125 0.90775175625 0.4694375 0.8813114750000001 0.46228125000000003 0.8589929749999999 0.447390625 0.8432786890624999 0.444078125 0.8408196718750001 0.420921875 0.8515456671875 0.42809375000000005 0.8763466046874999
1 0.45042187499999997 0.8520140515625 0.461375 0.8715222484374999 0.46167187500000006 0.89194379375 0.46078125 0.915456675 0.467890625 0.9265573765624999 0.487421875 0.9225526937499999 0.5001562500000001 0.8985948484374999 0.5016406250000001 0.873747071875 0.49926562499999994 0.859555034375 0.48328125 0.84578454375 0.46256250000000004 0.840468384375 0.45279687500000004 0.8373536296875 0.44539062500000004 0.8391334890625 0.45042187499999997 0.8520140515625
0 0.272671875 0.640187353125 0.28125 0.6681498828125 0.286875 0.6690398125 0.299015625 0.6477283375 0.299609375 0.6326463703125 0.29279687499999996 0.60644028125 0.28125 0.5953629984375 0.26556250000000003 0.5958079625 0.25371875 0.598899296875 0.251046875 0.603348946875 0.24571874999999999 0.6233255265625 0.24867187500000001 0.62997658125 0.262890625 0.631756440625 0.272671875 0.640187353125
0 0.11281250000000001 0.6494613578124999 0.11842187500000001 0.679484778125 0.142484375 0.6891100703124999 0.1505 0.6999297421875 0.1633125 0.68189695625 0.168125 0.6722950812499999 0.160109375 0.6290398125000001 0.144875 0.613419203125 0.136859375 0.613419203125 0.12403125 0.6218266984375 0.11281250000000001 0.6494613578124999
0 0.714796875 0.647587821875 0.700296875 0.6082201406250001 0.6984843749999999 0.5511709609375 0.6975781249999999 0.5430210765625 0.694859375 0.5430210765625 0.674015625 0.5430210765625 0.668578125 0.5430210765625 0.665875 0.5362295078125 0.66134375 0.54030445 0.66496875 0.549812646875 0.6432187500000001 0.5430210765625 0.63053125 0.544379390625 0.6278125 0.5457377046875 0.62509375 0.549812646875 0.6205625 0.56067915625 0.61965625 0.5796955500000001 0.622375 0.5973536296875 0.6278125 0.6163700234375 0.63596875 0.6326463703125 0.64503125 0.647587821875 0.6531875 0.6584543328125 0.66315625 0.6625292734375 0.693953125 0.6638875875 0.7048281249999999 0.65709601875 0.714796875 0.647587821875
0 0.262078125 0.6840983609375 0.26821875 0.6823419203125 0.281203125 0.672060890625 0.2814375 0.661451990625 0.278125 0.646604215625 0.271765625 0.6349180328124999 0.24909374999999997 0.628196721875 0.238484375 0.6324590156250001 0.23021875 0.642716628125 0.226921875 0.6529742390625 0.227390625 0.6717096015624999 0.23140624999999998 0.6844496484375 0.23825 0.6876346609375 0.2465 0.6851522250000001 0.262078125 0.6840983609375
0 0.19228125000000001 0.6926932078125 0.20084375 0.6926932078125 0.20084375 0.6856908671874999 0.20045312499999998 0.668220140625 0.196953125 0.6594847781250001 0.187234375 0.6594847781250001 0.183734375 0.6664637 0.18490625 0.6903512875 0.19228125000000001 0.6926932078125
0 0.22940624999999998 0.61840749375 0.22185937500000003 0.626299765625 0.21201562499999999 0.63416861875 0.213328125 0.6395784546875001 0.21825 0.6435128812500001 0.22809374999999998 0.6518735359375001 0.22875 0.6503981265625 0.229734375 0.645971896875 0.2336875 0.6395784546875001 0.246484375 0.627283371875 0.24714062499999997 0.62384075 0.247796875 0.614964871875 0.25009375 0.6056206093750001 0.25765625000000003 0.597259953125 0.26225 0.5952927406249999 0.257 0.5819906328125 0.252390625 0.58002341875 0.246484375 0.581007025 0.2441875 0.5898829046875 0.23696875 0.6026697890625 0.22940624999999998 0.61840749375
0 0.732234375 0.5406089 0.72378125 0.5383372359374999 0.715625 0.537892271875 0.705953125 0.5428805624999999 0.70021875 0.54967213125 0.69659375 0.5582669796874999 0.69478125 0.572763465625 0.6956875 0.598571428125 0.702328125 0.6225761125 0.718046875 0.6488290390625 0.7207656250000001 0.6488290390625 0.728609375 0.6565339578125 0.72559375 0.662435596875 0.72921875 0.664683840625 0.730421875 0.6628805625 0.7361718749999999 0.666955503125 0.74009375 0.662435596875 0.7428125 0.6687587828125 0.750671875 0.6637939109375 0.758828125 0.664683840625 0.7678906249999999 0.666955503125 0.77665625 0.6628805625 0.782390625 0.65517564375 0.789640625 0.636604215625 0.794484375 0.6162295078125 0.792359375 0.6139812640625 0.790546875 0.610796253125 0.790546875 0.6035597187499999 0.791765625 0.6022014046875 0.795984375 0.600843090625 0.796296875 0.5791100703125001 0.788140625 0.5537470718749999 0.77846875 0.5428805624999999 0.76365625 0.5406089 0.749765625 0.5442388765625 0.74553125 0.5451288062499999 0.741 0.5451288062499999 0.732234375 0.5406089