2 0.558251634375 0.767222221875 0.537222221875 0.7461928109375 0.4951633984375 0.738300653125 0.467565359375 0.7488235296875 0.4741339875 0.7869281046875 0.46230392187499997 0.8105882359375001 0.4346895421875 0.8250490203125 0.43207516406249996 0.8250490203125 0.43075163437499997 0.8408333328125 0.566143790625 0.8474019609375001 0.5700817 0.8013888890624999 0.558251634375 0.767222221875
2 0.7276960781249999 0.811274509375 0.70892156875 0.7854411765625 0.6971895421875 0.745539215625 0.6619771234375 0.7291013078125 0.636143790625 0.7126797390624999 0.6032843140625 0.719722221875 0.5680718953125 0.7408496734375001 0.5704248359374999 0.8300490203124999 0.5915522875 0.8417810453125 0.7276960781249999 0.811274509375
2 0.7788235296875 0.785882353125 0.78823529375 0.785882353125 0.8235294124999999 0.7670588234375 0.854117646875 0.7505882359375 0.8588235296875 0.7247058828124999 0.8470588234375 0.694117646875 0.8164705874999999 0.665882353125 0.8047058828125 0.6752941171875 0.7905882359375 0.6847058828125 0.722352940625 0.6964705875 0.7435294125 0.7435294125 0.7670588234375 0.77176470625 0.722352940625 0.72 0.7458823531250001 0.7694117640625 0.7788235296875 0.785882353125
2 0.524591503125 0.7519771234375 0.559722221875 0.7566666671875 0.5854738562499999 0.712173203125 0.566748365625 0.6747058828125 0.5128758171875 0.658300653125 0.482434640625 0.684068628125 0.46604575156249994 0.7028104578125001 0.4847712421875 0.733251634375 0.524591503125 0.7519771234375
2 0.850620915625 0.5861274515625 0.8530392156250001 0.6030718953124999 0.838513071875 0.6115359484375 0.814330065625 0.6236274515625 0.8010294124999999 0.6236274515625 0.8034477125 0.6369281046874999 0.8445751640625 0.6550817 0.8832679734375001 0.65870915 0.9147222218750001 0.6490196078125 0.9207679734375 0.6272549015625 0.9304411765625 0.5970098046875 0.9207679734375 0.5800817 0.8977941171875001 0.5655718953125 0.8832679734375001 0.55952614375 0.8784313718750001 0.55710784375 0.8227941171875001 0.5462091499999999 0.82763071875 0.55710784375 0.8469934640625001 0.5740359484375 0.850620915625 0.5861274515625
2 0.083774509375 0.6630065359375 0.09120915 0.688382353125 0.1066666671875 0.7094117640625 0.12833333281249998 0.72426470625 0.151225490625 0.7316993468749999 0.1722712421875 0.73107843125 0.2001143796875 0.713120915625 0.2069281046875 0.6877614375000001 0.2025980390625 0.66857843125 0.196405228125 0.6512418296875 0.1871241828125 0.6153431375 0.1883660125 0.5887418296875 0.18155228750000002 0.57883986875 0.1759803921875 0.5775980390625 0.1592810453125 0.57883986875 0.1376143796875 0.5806862749999999 0.119673203125 0.58379085 0.0986274515625 0.6048202609375 0.09120915 0.6122549015625001 0.0819117640625 0.635147059375 0.083774509375 0.6630065359375
2 0.305882353125 0.705882353125 0.2564705875 0.694117646875 0.23294117656250002 0.7011764703125001 0.22352941249999997 0.722352940625 0.23764705937500002 0.7341176468749999 0.282352940625 0.76 0.3388235296875 0.7905882359375 0.35529411718750004 0.7694117640625 0.3529411765625 0.76 0.305882353125 0.705882353125
2 0.8047058828125 0.642352940625 0.7835294125 0.6188235296875 0.7529411765625 0.6070588234375001 0.7129411765625 0.6094117640625 0.682352940625 0.6447058828125 0.694117646875 0.6588235296875 0.694117646875 0.6470588234375 0.722352940625 0.7035294125 0.7552941171875001 0.694117646875 0.8094117640625 0.665882353125 0.8047058828125 0.642352940625
2 0.1853758171875 0.3461764703125 0.14547385625 0.3126633984375 0.07047385625 0.3286274515625 0.14228758125000002 0.43316993437500007 0.1829901953125 0.394852940625 0.1853758171875 0.3461764703125
2 0.303856209375 0.24789215625 0.30633986874999997 0.2561764703125 0.3080065359375 0.2603104578125 0.3146241828125 0.25534313750000004 0.31877450937499996 0.25452614375 0.32870915 0.25452614375 0.3411274515625 0.2603104578125 0.3469281046875 0.26694444375000004 0.3535457515625 0.2636274515625 0.3585294125 0.25369281093749996 0.3601797390625 0.252042484375 0.3667973859375 0.25866013125 0.36431372500000003 0.248725490625 0.36183006562500003 0.24375817031250002 0.3717810453125 0.23879085 0.3701143796875 0.229673203125 0.3659803921875 0.218905228125 0.3659803921875 0.2081372546875 0.36763071875 0.2048202609375 0.3858496734375 0.207303921875 0.39 0.2056535953125 0.36349673125000004 0.18163398749999998 0.33699346406249997 0.17418300625 0.316274509375 0.1766666671875 0.300539215625 0.1857679734375 0.2930882359375 0.1940522875 0.27651960781249996 0.21642156875000002 0.2889542484375 0.2371241828125 0.296405228125 0.24457516406250002 0.303856209375 0.24789215625
2 0.2073366015625 0.3178594765625 0.2218627453125 0.2978431375 0.23486928125 0.286830065625 0.24539215625000002 0.2838235296875 0.280931371875 0.2798202609375 0.27892156875 0.2617973859375 0.27392156875 0.24678104531249997 0.262908496875 0.2332679734375 0.24789215625 0.2212581703125 0.22035947656250002 0.21475490156250002 0.19081699375 0.214248365625 0.1642973859375 0.2172549015625 0.15228758125 0.22676470625 0.1432679734375 0.25478758125 0.1492810453125 0.286830065625 0.17080065312499998 0.3018464046875 0.1763071890625 0.31486928125 0.1853104578125 0.3163725484375 0.2073366015625 0.3178594765625
2 0.5327450984375 0.167483659375 0.52236928125 0.1497058828125 0.49866013125 0.1511764703125 0.4378594765625 0.16303921562499998 0.43194444374999996 0.1808333328125 0.43194444374999996 0.18676470625 0.46900326875 0.23419934687500002 0.501617646875 0.20900326875 0.5090359484375 0.17341503281249998 0.5327450984375 0.167483659375
2 0.09678104531250001 0.55573529375 0.1311764703125 0.5403104578125 0.1406535953125 0.513039215625 0.129983659375 0.4952450984375 0.0564542484375 0.4501797390625 0.051699346874999996 0.4501797390625 0.03629085 0.45848039218750003 0.03392156875 0.4822058828125 0.03392156875 0.5284640515625 0.0374673203125 0.5628431375 0.0457843140625 0.57116013125 0.09678104531250001 0.55573529375
2 0.19771241875 0.7189542484375 0.1911764703125 0.7271241828125 0.1911764703125 0.7434640515625001 0.19444444375 0.75 0.1993464046875 0.7549019609375 0.20751634062500002 0.7565359484374999 0.23366013125 0.7826797390625 0.2467320265625 0.7892156859375 0.2647058828125 0.8055555562500001 0.28431372499999996 0.8088235296875 0.30228758125 0.8186274515624999 0.321895425 0.8186274515624999 0.32516339843750003 0.8153594765625 0.32516339843750003 0.8088235296875 0.312091503125 0.794117646875 0.2973856203125 0.7875816999999999 0.27777777812500004 0.76960784375 0.2630718953125 0.7614379078125 0.23202614375000002 0.73202614375 0.20751634062500002 0.7189542484375 0.25140056093749996 0.6041083109375001 0.3653127921875 0.3678804859375 0.37005913437500004 0.3692032375 0.3724712109375 0.3772953625 0.3709150328125 0.3790849671875 0.37488328593750003 0.38538748906250003 0.3807189546875 0.3888888890625 0.3772953625 0.3934796140625 0.41830065312500003 0.5310457515625 0.41339869218749997 0.5359477125 0.41176470624999995 0.545751634375 0.40359477187500004 0.5588235296875 0.40032679687500006 0.581699346875 0.40359477187500004 0.5849673203125 0.41013071874999996 0.5849673203125 0.421568628125 0.578431371875 0.42973856250000003 0.5849673203125 0.42483660156249997 0.59150326875 0.42483660156249997 0.5996732031249999 0.43137254843750006 0.6111111109375 0.436274509375 0.616013071875 0.4509803921875 0.616013071875 0.46405228750000005 0.6078431375 0.46405228750000005 0.5849673203125 0.4591503265625 0.5686274515624999 0.455882353125 0.5653594765625 0.44934640468750003 0.5653594765625 0.44281045781249995 0.5588235296875 0.4423747265625 0.5515250546875 0.388997821875 0.396840959375 0.3888888890625 0.3905228765625 0.4150326796875 0.3888888890625 0.421568628125 0.383986928125 0.43137254843750006 0.383986928125 0.439542484375 0.37745097968749997 0.44771241875 0.3692810453125 0.4509803921875 0.3594771234375 0.4509803921875 0.3529411765625 0.44771241875 0.348039215625 0.4526143796875 0.3431372546875 0.454248365625 0.33169934687499997 0.6702458765625 0.279723 0.7352941171875 0.2728758171875 0.739532271875 0.2798713234375 0.73366013125 0.2826797390625 0.7369281046875 0.2859477125 0.828533496875 0.42677696093749995 0.8709150328125 0.49673202656250004 0.8676470593750001 0.5 0.8676470593750001 0.508169934375 0.8709150328125 0.5114379078125 0.8774509796875 0.5114379078125 0.8839869281249999 0.51797385625 0.8905228765625001 0.51797385625 0.9003267968750001 0.5114379078125 0.91013071875 0.4983660125 0.9150326796874999 0.4787581703125 0.919934640625 0.4705882359375 0.919934640625 0.46405228750000005 0.9166666671874999 0.4607843140625 0.91013071875 0.4607843140625 0.9003267968750001 0.4754901953125 0.8954248359375001 0.4754901953125 0.8888888890625 0.48202614375 0.82429534375 0.41978145468749994 0.743770425 0.2868668296875 0.7516339875 0.2859477125 0.76960784375 0.294117646875 0.777777778125 0.294117646875 0.7810457515625 0.2908496734375 0.7810457515625 0.2794117640625 0.7745098046875001 0.2712418296875 0.7385620921875 0.26960784375 0.662114846875 0.2805788984375 0.4181839390625 0.30625583437500004 0.4150326796875 0.30882352968750004 0.41176470624999995 0.30555555624999997 0.41005290937499994 0.307111734375 0.40192187968750004 0.30796763125000004 0.3986928109375 0.30555555624999997 0.39379084999999997 0.30882352968750004 0.39023109375 0.3162056484375 0.38725490156250003 0.31535947656249996 0.386671334375 0.32358776875 0.383986928125 0.3235294125 0.38311157812499996 0.3309698875 0.37581699375 0.329248365625 0.3795518203125 0.3383520078125 0.37298475 0.3504357296875 0.367647059375 0.3349673203125 0.37243230625 0.353116246875 0.367647059375 0.3611111109375 0.1980042015625 0.714840103125 0.19771241875 0.7189542484375