2 0.16077999999999998 0.41104 0.15309999999999999 0.4192266671875 0.16538 0.4192266671875 0.21454 0.4120533328125 0.21991999999999998 0.40488 0.17844 0.40488 0.16077999999999998 0.41104
2 0.26878 0.41719999999999996 0.26232 0.4200533328125 0.25432 0.4233333328125 0.24386000000000002 0.4286666671875 0.25186000000000003 0.43114666718750005 0.26386 0.43032000000000004 0.27462 0.42744 0.2737 0.41965333281249995 0.27494 0.4200533328125 0.27308 0.4176 0.26878 0.41719999999999996
2 0.22944 0.4112533328125 0.23252 0.40591999999999995 0.25282 0.3919733328125 0.2525 0.38088 0.23803999999999997 0.38621333281250003 0.21898 0.40221333281250005 0.21806 0.4042666671875 0.21806 0.41165333281249994 0.22944 0.4112533328125
2 0.20750000000000002 0.40248 0.21014 0.40445333281250007 0.21336 0.40445333281250007 0.21896 0.40288 0.2213 0.4017066671875 0.22393999999999997 0.39738666718750004 0.23834 0.38642666718749996 0.24598 0.38328 0.24658000000000002 0.3817333328125 0.2448 0.38133333281250004 0.23570000000000002 0.3805333328125 0.22952 0.3805333328125 0.2213 0.38408000000000003 0.2072 0.39309333281250003 0.20778 0.3934666671875 0.20572 0.4013066671875 0.20750000000000002 0.40248
2 0.2697 0.4045866671875 0.2556 0.39432 0.2475 0.39888 0.24491999999999997 0.4045866671875 0.24962 0.41997333281250004 0.25604 0.41712 0.25304000000000004 0.41997333281250004 0.26671999999999996 0.4154133328125 0.2697 0.4045866671875
2 0.17578 0.37632 0.17578 0.3814933328125 0.17598 0.3866666671875 0.1847 0.40501333281249996 0.19206 0.40397333281250003 0.18838 0.3988 0.18392 0.38872 0.17809999999999998 0.37554666718749996 0.1779 0.37504 0.17674 0.37477333281249997 0.17578 0.37632
2 0.19558 0.4380266671875 0.2071 0.44314666718750007 0.21631999999999998 0.4410933328125 0.23012000000000002 0.4390666671875 0.2451 0.4380266671875 0.24931999999999999 0.43600000000000005 0.25162 0.43290666718750004 0.24624000000000001 0.42832 0.25007999999999997 0.42626666718750006 0.252 0.4232 0.24624000000000001 0.42064 0.24624000000000001 0.40938666718750005 0.24164 0.4042666671875 0.2378 0.40632 0.22668 0.40938666718750005 0.219 0.40784000000000004 0.21324 0.40938666718750005 0.20404 0.41296 0.19366 0.4252533328125 0.19366 0.4313866671875 0.19558 0.4380266671875
2 0.18488 0.42946666718750004 0.1764 0.41864 0.16899999999999998 0.41912000000000005 0.17418 0.43144 0.18414 0.4501333328125 0.1871 0.4466933328125 0.18894 0.4427466671875 0.18488 0.42946666718750004
2 0.17996 0.4195466671875 0.18904 0.44192 0.20116 0.44160000000000005 0.19488 0.4378933328125 0.19394 0.42576 0.19022 0.4195466671875 0.18788 0.41552 0.1809 0.4161333328125 0.17996 0.4195466671875
2 0.22012 0.3756 0.18173999999999998 0.3756 0.18322 0.3869066671875 0.18653999999999998 0.38544 0.20278000000000002 0.38642666718749996 0.20722000000000002 0.3903466671875 0.22160000000000002 0.38493333281250003 0.22012 0.3756
2 0.24886 0.3712533328125 0.25542 0.3745866671875 0.26042 0.37584 0.26574 0.3750133328125 0.2673 0.37208 0.2673 0.36666666718749996 0.26668 0.3625066671875 0.26354 0.3604266671875 0.25918 0.35792 0.25324 0.3570933328125 0.24167999999999998 0.3566666671875 0.23918 0.3625066671875 0.24230000000000002 0.36749333281249996 0.24886 0.3712533328125