3 0.3218464046875 0.415147059375 0.3371568625 0.432647059375 0.35900326875 0.439199346875 0.3923366015625 0.432091503125 0.407647059375 0.406405228125 0.4065522875 0.37472222187500004 0.398905228125 0.35941176406249997 0.3852450984375 0.350669934375 0.36611111093750004 0.34521241874999997 0.34261437968749997 0.35122549062499997 0.3224019609375 0.3708986921875 0.31967320312499997 0.3708986921875 0.31366013125 0.3982189546875 0.3218464046875 0.415147059375
3 0.406813725 0.41916666718749995 0.4100980390625 0.43555555625000003 0.42702614375000003 0.45086601249999997 0.440147059375 0.45741829999999994 0.4598202609375 0.4552287578125 0.47730392187500004 0.447042484375 0.48823529375 0.4377450984375 0.49150326875 0.421356209375 0.49315359531249997 0.4098856203125 0.49042483593749997 0.39620915 0.4723856203125 0.377091503125 0.45271241875 0.369983659375 0.43959150312500006 0.369983659375 0.440686275 0.37107843125 0.428120915625 0.37655228749999997 0.41883986875 0.3869281046875 0.41173202656249996 0.40112745156249996 0.406813725 0.41916666718749995
3 0.3132026140625 0.306699346875 0.326617646875 0.30893790781249997 0.346748365625 0.304460784375 0.36241829999999997 0.2910457515625 0.3713725484375 0.2776143796875 0.3758333328125 0.2530065359375 0.36241829999999997 0.2328758171875 0.34452614375 0.2283986921875 0.3355718953125 0.22393790781249998 0.3154411765625 0.2283986921875 0.2975326796875 0.2351143796875 0.286356209375 0.257483659375 0.2908333328125 0.2888071890625 0.2975326796875 0.30222222187500003 0.3132026140625 0.306699346875
3 0.14650326875 0.3879411765625 0.15352941250000002 0.3937418296875 0.1614542484375 0.3980065359375 0.171830065625 0.4013725484375 0.1816013078125 0.400457515625 0.19625817031249998 0.3946568625 0.20480392187500002 0.3873202609375 0.209379084375 0.3760294125 0.210604575 0.36534313749999997 0.20694444375 0.3567973859375 0.20205882343749998 0.350686275 0.1968627453125 0.34519607812499997 0.1867973859375 0.3418464046875 0.1709150328125 0.3427614375 0.157483659375 0.34764705937499996 0.1480228765625 0.3555718953125 0.1431372546875 0.362908496875 0.1428431375 0.366568628125 0.1428431375 0.3772549015625 0.14650326875 0.3879411765625
3 0.22398692812499998 0.39866013125 0.229803921875 0.41156862812500006 0.23431372499999997 0.4199673203125 0.246568628125 0.42318627500000006 0.2665849671875 0.42447712343750005 0.2762581703125 0.41285947656250005 0.2820751640625 0.39866013125 0.27949346406250003 0.3812418296875 0.273039215625 0.37478758125 0.2620588234375 0.3651143796875 0.242696078125 0.36704248437500003 0.23107843125 0.3754411765625 0.229803921875 0.37349673125 0.22269607812499997 0.3812418296875 0.22398692812499998 0.39866013125
3 0.33035947656250003 0.423431371875 0.321879084375 0.41027777812500005 0.3155228765625 0.4022385625 0.30661764687500004 0.3984150328125 0.297303921875 0.3996895421875 0.286699346875 0.4030718953125 0.2803431375 0.4077450984375 0.27736928125000004 0.4166503265625 0.2752614375 0.42426470624999996 0.27694444375 0.42978758125 0.2782189546875 0.433594771875 0.28119281093750004 0.43952614375000004 0.2871241828125 0.44843137187500004 0.29305555625 0.45013071875 0.2994117640625 0.45351307187499995 0.31297385625 0.45013071875 0.33120915 0.43316993437500007 0.33035947656250003 0.423431371875
3 0.294117646875 0.46388888906250003 0.28960784375 0.479379084375 0.2921895421875 0.4929248359375 0.301225490625 0.501960784375 0.3108986921875 0.507777778125 0.322516340625 0.5084150328125 0.33929738593750003 0.504542484375 0.3496241828125 0.49357843125 0.347696078125 0.484542484375 0.347696078125 0.4767973859375 0.3483333328125 0.4651797390625 0.3405882359375 0.4535620921875 0.32058823593749997 0.44776143749999997 0.3108986921875 0.45227124218750003 0.297352940625 0.45485294062500004 0.294117646875 0.46388888906250003
3 0.2898856203125 0.31235294062499996 0.2831535953125 0.3258496734375 0.287647059375 0.34831699375 0.287647059375 0.36629085 0.3191013078125 0.3775326796875 0.3348366015625 0.3303431375 0.3168464046875 0.3101143796875 0.2898856203125 0.31235294062499996
3 0.25104575156250003 0.4447385625 0.23214052343749997 0.452042484375 0.223186275 0.4666339875 0.223186275 0.4835620921875 0.22849673125 0.49815359531250003 0.2374509796875 0.5051143796875001 0.2593464046875 0.51142156875 0.275604575 0.5061111109375 0.28620915 0.4921895421875 0.2882026140625 0.47294117656249995 0.28323529375 0.460669934375 0.28091503281249997 0.45336601249999997 0.26266339843750003 0.4434150328125 0.25104575156250003 0.4447385625
3 0.3365849671875 0.5214705875 0.3255718953125 0.5113071890625001 0.3162418296875 0.5070588234375 0.304803921875 0.5070588234375 0.29632352968750003 0.507483659375 0.2899673203125 0.507483659375 0.28021241875 0.5130065359375 0.2717320265625 0.5320751640625 0.273431371875 0.54986928125 0.2793627453125 0.5608986921875 0.286143790625 0.566405228125 0.29547385625 0.5689542484375 0.3069117640625 0.571486928125 0.314117646875 0.571486928125 0.332777778125 0.5634477125 0.3378594765625 0.55539215625 0.3365849671875 0.5214705875
3 0.48326797343749994 0.30704248437500004 0.47944444375 0.284068628125 0.45647058749999997 0.262042484375 0.43540849687499994 0.254379084375 0.4038235296875 0.26395424843750004 0.39328431406250003 0.28692810468749996 0.394248365625 0.316617646875 0.40477124218749994 0.33480392187499997 0.44210784375 0.34629085000000004 0.4593464046875 0.33959150312499997 0.4775326796875 0.33001634062499996 0.48326797343749994 0.30704248437500004
3 0.208643790625 0.33999999999999997 0.22504902031250001 0.3474673203125 0.2474183 0.3452287578125 0.2608496734375 0.3340359484375 0.266813725 0.321356209375 0.266813725 0.30047385625 0.2571241828125 0.284803921875 0.2436928109375 0.2766013078125 0.2228104578125 0.2766013078125 0.20490196093750002 0.28629085 0.194460784375 0.2989705875 0.1974509796875 0.3273202609375 0.208643790625 0.33999999999999997
3 0.2299019609375 0.5185620921874999 0.23039215624999998 0.509803921875 0.2299019609375 0.500065359375 0.2230882359375 0.48642156875 0.21529411718749997 0.4761928109375 0.20555555625 0.47375817031249995 0.190457515625 0.4761928109375 0.1777941171875 0.482516340625 0.17194444375 0.4878758171875 0.167565359375 0.4995751640625 0.1690196078125 0.5112581703125 0.17486928125 0.5200326796875 0.18217320312500002 0.526356209375 0.1924019609375 0.5317156859375001 0.21236928124999999 0.53366013125 0.219673203125 0.5292810453125 0.2255228765625 0.5249019609375 0.2299019609375 0.5185620921874999
3 0.1094771234375 0.48039215625000004 0.11339869218750001 0.4880718953125 0.1094771234375 0.491830065625 0.1094771234375 0.5 0.114379084375 0.5049019609375 0.12581699375 0.5065359484374999 0.1251633984375 0.5111111109375 0.1486928109375 0.5571895421875 0.14215686249999998 0.563725490625 0.133986928125 0.5931372546875 0.133986928125 0.60620915 0.1470588234375 0.616013071875 0.15849673125 0.616013071875 0.16176470625 0.6192810453125001 0.171568628125 0.6209150328125 0.20751634062500002 0.6209150328125 0.2140522875 0.616013071875 0.23366013125 0.6307189546874999 0.23529411718749998 0.6388888890625 0.24019607812500002 0.64379085 0.27777777812500004 0.64379085 0.2892156859375 0.635620915625 0.3006535953125 0.6176470593750001 0.3006535953125 0.5931372546875 0.310457515625 0.5866013078125001 0.31535947656249996 0.59150326875 0.3202614375 0.59150326875 0.328431371875 0.6078431375 0.3366013078125 0.616013071875 0.3594771234375 0.614379084375 0.367647059375 0.6029411765625 0.37418300625 0.581699346875 0.382352940625 0.5751633984375 0.38725490156250003 0.580065359375 0.3905228765625 0.580065359375 0.3905228765625 0.5947712421875 0.40196078437500005 0.6078431375 0.40849673124999997 0.6078431375 0.41339869218749997 0.6127450984375 0.42483660156249997 0.614379084375 0.437908496875 0.614379084375 0.4526143796875 0.6094771234375 0.46241830000000006 0.5849673203125 0.4689542484375 0.5767973859375 0.4673202609375 0.562091503125 0.4526143796875 0.542483659375 0.4526143796875 0.5326797390625 0.46405228750000005 0.5326797390625 0.47385620937499995 0.527777778125 0.4787581703125 0.5212418296875 0.49509803906250005 0.51960784375 0.5032679734375 0.5130718953125 0.5049019609375 0.46405228750000005 0.5016339875 0.45751634062499996 0.49673202656250004 0.4526143796875 0.47385620937499995 0.4526143796875 0.46568627500000004 0.4591503265625 0.44607843125 0.46568627500000004 0.44117647031249996 0.47385620937499995 0.436274509375 0.47385620937499995 0.43300653593750005 0.4607843140625 0.4264705875 0.454248365625 0.419934640625 0.4526143796875 0.4052287578125 0.43300653593750005 0.3986928109375 0.43300653593750005 0.3921568625 0.437908496875 0.37418300625 0.437908496875 0.367647059375 0.44281045781249995 0.36274509843749997 0.44281045781249995 0.34640522812499996 0.4591503265625 0.23039215624999998 0.45669934687499997 0.23202614375000002 0.4509803921875 0.23856209218750002 0.44771241875 0.2450980390625 0.43464052343750004 0.2450980390625 0.428104575 0.24019607812500002 0.421568628125 0.23366013125 0.419934640625 0.223856209375 0.40359477187500004 0.2189542484375 0.3986928109375 0.20751634062500002 0.3986928109375 0.2026143796875 0.3954248359375 0.19444444375 0.3954248359375 0.1813725484375 0.40196078437500005 0.15849673125 0.40196078437500005 0.151960784375 0.40849673124999997 0.151960784375 0.43300653593750005 0.15849673125 0.437908496875 0.1568627453125 0.44444444375 0.12418300625 0.44607843125 0.13095238125 0.45459850625 0.12266573437499999 0.4544234359375 0.117647059375 0.44934640468750003 0.114379084375 0.454248365625 0.1127450984375 0.46568627500000004 0.1094771234375 0.4705882359375 0.114534703125 0.477357609375 0.1094771234375 0.48039215625000004