1 0.453421875 0.6831924875000001 0.4459375 0.7347887328125 0.4409375 0.751690140625 0.45404687499999996 0.7845305171875 0.45404687499999996 0.768568075 0.46029687499999994 0.7582394359375 0.47778124999999994 0.75732394375 0.500890625 0.7938967140625001 0.524 0.81267605625 0.545859375 0.8614553984375 0.554609375 0.9036854453125001 0.58084375 0.8670892015625 0.56334375 0.825798121875 0.557109375 0.7864084499999999 0.525875 0.700070421875 0.48903125000000003 0.67661971875 0.48028125 0.6700469484375 0.463421875 0.659718309375 0.453421875 0.6831924875000001
1 0.34078125 0.62230046875 0.33532812500000003 0.6318544593750001 0.32806250000000003 0.6632394359375 0.332609375 0.7178169015625 0.35440625 0.7819248828124999 0.3761875 0.7519248828125 0.397078125 0.719178403125 0.40525 0.7069014078125 0.42523437499999994 0.7396244125 0.439765625 0.7519248828125 0.44520312500000003 0.73553990625 0.412515625 0.661877934375 0.38528125 0.6113849765625 0.38709375 0.6086619718749999 0.378015625 0.6018544593749999 0.364390625 0.6059389671875001 0.36075 0.6318544593750001 0.34078125 0.62230046875
1 0.24326562499999999 0.83089201875 0.245984375 0.83089201875 0.249609375 0.83089201875 0.25053125 0.83089201875 0.25596874999999997 0.8295305171875 0.25596874999999997 0.8281690140625001 0.260515625 0.81589201875 0.25960937500000003 0.8104225359375 0.258703125 0.77359155 0.263234375 0.76267605625 0.26959374999999997 0.7463145546875001 0.2859375 0.7217605640625 0.30228125 0.7203990609375001 0.29775 0.689014084375 0.305921875 0.6876525828125 0.31771875 0.695821596875 0.34496875 0.768145540625 0.325890625 0.67946009375 0.28775 0.5935211265625 0.27140624999999996 0.586690140625 0.2686875 0.5935211265625 0.228734375 0.646713615625 0.232359375 0.7258450703125 0.236 0.8199765265625001 0.24326562499999999 0.83089201875
1 0.149625 0.7678169015625 0.1378125 0.8060093890625 0.13690625 0.8537558687500001 0.142359375 0.8592253515625 0.1514375 0.8169248828125 0.175046875 0.77873239375 0.17959375 0.7746478875 0.19593750000000001 0.7678169015625 0.211375 0.760985915625 0.220453125 0.7773708921875 0.232265625 0.7923708921875 0.23498437499999997 0.799201878125 0.23135937499999998 0.760985915625 0.211375 0.74053990625 0.186859375 0.74053990625 0.156890625 0.74053990625 0.149625 0.7678169015625
1 0.013468749999999998 0.9910093890624999 0.052359375 0.98875586875 0.16603125000000002 0.9910093890624999 0.14359375000000002 0.8606807515625 0.1121875 0.7932629109375 0.083765625 0.7370892015625 0.073296875 0.7280985921875 0.052359375 0.77302816875 0.031406250000000004 0.80448356875 0.01046875 0.90786385 0.013468749999999998 0.9910093890624999
1 0.04121875 0.7773474171875 0.054578125 0.7660563375 0.06878125 0.7346713609375 0.083828125 0.72713615 0.088 0.7371830984375001 0.099703125 0.76730046875 0.10221875 0.7647887328125 0.10304687500000001 0.7434507046875 0.09553125 0.6944835687500001 0.086328125 0.6580985921875 0.064609375 0.6342253515625 0.036203125 0.6367370890624999 0.01865625 0.6719014078125001 0.0019375 0.68446009375 0 0.7811032859375 0.00278125 0.8501643187499999 0.016140625 0.8740140843749999 0.020328125 0.8539201875 0.027000000000000003 0.8087323937500001 0.04121875 0.7773474171875
1 0.5307031249999999 0.703826290625 0.5666875 0.7894131453125001 0.574171875 0.7330985921875001 0.6131562500000001 0.7060798125 0.595171875 0.645281690625 0.580171875 0.604718309375 0.5591875 0.5934741781249999 0.5397031250000001 0.564178403125 0.518703125 0.6002347421875001 0.49921875 0.645281690625 0.5052187499999999 0.674553990625 0.5307031249999999 0.703826290625
1 0.218390625 0.9168544593749999 0.258765625 0.9280985921875 0.269234375 0.9415727703125001 0.27821875 0.9618075125000001 0.306640625 0.9797652578125 0.306640625 0.9550469484375 0.29317187499999997 0.89213615 0.26625 0.8426995312500001 0.248296875 0.8157277000000001 0.222875 0.829201878125 0.21389062499999997 0.8606807515625 0.20940625000000002 0.8853990609375 0.194453125 0.8898826296875001 0.175 0.9842723 0.182484375 0.9685446015625001 0.218390625 0.9550469484375 0.218390625 0.9168544593749999
1 1 0.7169953046875001 0.9880000000000001 0.71910798125 0.95475 0.743568075 0.9370625 0.7595070421875 0.9215 0.7956572765625001 0.922203125 0.8062910796875 0.939890625 0.8254225359375 0.955453125 0.8466666671875 0.9703125 0.8849530515625 0.9865937499999999 0.9178873234375 0.99225 0.9423474171875 1 0.94659624375 1 0.7169953046875001
1 0.148921875 0.825610328125 0.1655625 0.784295775 0.17859375 0.7614553984375 0.18943749999999998 0.74732394375 0.2104375 0.7451408453125 0.22925 0.7495070421875 0.23142187500000003 0.7669014078124999 0.232875 0.702746478125 0.22996875 0.6527230046875 0.22418749999999998 0.6375117375 0.2205625 0.630985915625 0.19234374999999998 0.6211971828125 0.18728125 0.6211971828125 0.17496875 0.619014084375 0.153984375 0.63640845 0.13878125 0.6494600937499999 0.12357812500000001 0.6723004687499999 0.110546875 0.7060093890625 0.100421875 0.7679812203124999 0.10765625000000001 0.7799530515625 0.13878125 0.837582159375 0.148921875 0.825610328125
1 0.183375 0.8453051640625 0.2015625 0.8364788734375 0.215046875 0.833849765625 0.22970312499999998 0.8179812203125 0.23556249999999998 0.8188732390625001 0.229109375 0.7466901406249999 0.18865625 0.7466901406249999 0.160515625 0.797769953125 0.144671875 0.8568075125 0.1388125 0.8426525828125 0.1540625 0.92016431875 0.168140625 0.994178403125 0.174 0.886690140625 0.183375 0.8453051640625
1 0.31675 1 0.330171875 0.96786385 0.33975 0.95730046875 0.354453125 0.94769953125 0.360203125 0.9400234734374999 0.373609375 0.9188967140625 0.39725 0.9093192484375001 0.41067187499999996 0.9390610328125 0.42409375000000005 0.9429107984374999 0.44771875000000005 0.95730046875 0.446453125 0.9496244125000001 0.43814062500000006 0.8881924874999999 0.43046875 0.859389671875 0.4170625 0.8286854453125001 0.397890625 0.8075586859375001 0.388953125 0.7845305171875 0.38 0.7720657281250001 0.36084375 0.7682159625 0.34934375 0.7931690140625001 0.3250625 0.8114084500000001 0.29503124999999997 0.844037559375 0.28609375 0.8843427234375 0.307171875 0.9515492953125 0.316125 1 0.31675 1
1 0.946875 1 0.953125 0.9906103281249999 0.9859375 0.9882629109375 0.9984375 0.96948356875 0.9984375 0.9460093890625 0.9921875 0.943661971875 0.9859375 0.9178403749999999 0.95625 0.8497652578125001 0.9421875 0.8286384968749999 0.9234375 0.8098591546874999 0.921875 0.8028169015625 0.9265625 0.784037559375 0.9390625 0.7582159625 0.9859375 0.7206572765625 0.9984375 0.7183098593749999 0.9984375 0.6877934265625 0.9875 0.669014084375 0.9796875 0.6666666671875 0.940625 0.6314553984375 0.9109375 0.6314553984375 0.90625 0.636150234375 0.896875 0.636150234375 0.8921875 0.582159625 0.884375 0.556338028125 0.8859375 0.5305164312499999 0.8828125 0.5187793421875 0.871875 0.5046948359375001 0.8546875 0.5046948359375001 0.840625 0.5187793421875 0.8296875 0.5352112671875 0.8140625 0.5680751171875 0.809375 0.6009389671875 0.8015625 0.6244131453125 0.803125 0.6596244125 0.8078125 0.6737089203125 0.8171875 0.6877934265625 0.821875 0.6901408453125 0.825 0.701877934375 0.828125 0.7511737093749999 0.83125 0.7652582156250001 0.8265625 0.7723004687499999 0.815625 0.7582159625 0.8 0.7582159625 0.784375 0.7723004687499999 0.759375 0.784037559375 0.753125 0.7934272296875 0.7375 0.8051643187499999 0.7328125 0.8192488265625 0.7328125 0.83802816875 0.7296875 0.8427230046874999 0.721875 0.8356807515625 0.696875 0.8262910796874999 0.6671875 0.8309859156250001 0.6640625 0.82159624375 0.6640625 0.8075117374999999 0.6578125 0.7934272296875 0.6578125 0.7746478875 0.653125 0.7394366203125 0.646875 0.7206572765625 0.6453125 0.7065727703125 0.6390625 0.6924882625000001 0.6453125 0.669014084375 0.64375 0.6408450703125 0.6375 0.6267605640625 0.640625 0.572769953125 0.634375 0.5586854453125001 0.6265625 0.5539906109375 0.6171875 0.556338028125 0.6109375 0.5657277 0.60625 0.589201878125 0.60625 0.6079812203125 0.590625 0.6267605640625 0.590625 0.6338028171875 0.6125 0.7065727703125 0.575 0.7347417843749999 0.565625 0.7887323937499999 0.5328125 0.7089201875 0.5046875 0.6737089203125 0.5 0.6502347421875 0.5046875 0.6314553984375 0.490625 0.6267605640625 0.4765625 0.603286384375 0.4671875 0.59859155 0.4296875 0.59859155 0.4203125 0.6079812203125 0.409375 0.6408450703125 0.409375 0.6572769953125001 0.4453125 0.7370892015625 0.440625 0.7511737093749999 0.428125 0.7441314546875 0.4046875 0.7089201875 0.365625 0.767605634375 0.36316964218750003 0.77515090625 0.355803571875 0.7702045609375 0.3515625 0.7746478875 0.34375 0.7511737093749999 0.340625 0.7488262906250001 0.3421875 0.7464788734375001 0.3375 0.732394365625 0.3296875 0.732394365625 0.3296875 0.7276995312500001 0.3265625 0.7276995312500001 0.325 0.7230046953125 0.3265625 0.7206572765625 0.3234375 0.7112676062500001 0.33125 0.7065727703125 0.33125 0.701877934375 0.328125 0.6901408453125 0.3296875 0.6830985921875 0.3265625 0.6830985921875 0.325 0.67840375625 0.328125 0.669014084375 0.321875 0.669014084375 0.3234375 0.6760563375 0.3125 0.6924882625000001 0.2984375 0.6901408453125 0.3020833328125 0.7050078234375 0.2890625 0.7230046953125 0.2859375 0.7230046953125 0.259375 0.7723004687499999 0.2328125 0.7394366203125 0.234375 0.8192488265625 0.2296875 0.8192488265625 0.215625 0.8333333328125001 0.2152644234375 0.8241242328125 0.1578125 0.8075117374999999 0.1546875 0.8122065734374999 0.14987980781250002 0.8067894546875 0.1253605765625 0.8002889124999999 0.121875 0.8075117374999999 0.1015625 0.7723004687499999 0.10546875 0.7699530515624999 0.10625 0.7253521125 0.1015625 0.7300469484375001 0.1046875 0.7441314546875 0.103125 0.7535211265624999 0.096875 0.7605633796875 0.09375 0.7582159625 0.09375 0.7535211265624999 0.0921875 0.7558685453125 0.0921875 0.7488262906250001 0.0875 0.7394366203125 0.0875 0.7464788734375001 0.153125 0.9154929578125 0.15625 0.9342722999999999 0.15203125 0.9401408453125001 0.038359375 0.9841549296875 0.0390625 0.9906103281249999 0.0328125 0.9906103281249999 0.03078125 0.9870892015624999 0.03125 0.9906103281249999 0.015625 0.992957746875 0.0171875 1 0.946875 1