2 0.7693749999999999 0.4301185765625 0.77415625 0.43735177812500003 0.78559375 0.4578656125 0.8170781249999999 0.48440711406250003 0.84475 0.50250988125 0.8657343750000001 0.5121739125 0.88578125 0.526640315625 0.9019999999999999 0.532687746875 0.921078125 0.532687746875 0.9315625000000001 0.5242292484375 0.92775 0.50853755 0.9019999999999999 0.48440711406250003 0.852390625 0.4349407109375 0.81421875 0.4011462453125 0.8027656249999999 0.3709881421875 0.78559375 0.354090909375 0.760796875 0.33960474375 0.75315625 0.3468379453125 0.75984375 0.36735177812500003 0.7617499999999999 0.39391304374999997 0.7693749999999999 0.4301185765625
2 0.839015625 0.37798418906250003 0.87153125 0.389426878125 0.896046875 0.3988735171875 0.897109375 0.40156126406250003 0.909375 0.42247035625 0.914703125 0.4736956515625 0.9162968749999999 0.4736956515625 0.9162968749999999 0.4635968375 0.9104374999999999 0.418418971875 0.90190625 0.39820158125 0.8811249999999999 0.36584980312500004 0.8534062499999999 0.33887351718750003 0.8107656249999999 0.30517786562500004 0.796375 0.28966403125 0.784125 0.280217390625 0.76653125 0.27685770781249996 0.761203125 0.2856126484375 0.748953125 0.286976284375 0.74415625 0.2829249015625 0.731359375 0.28966403125 0.732421875 0.293043478125 0.743609375 0.3092094859375 0.7516093749999999 0.329446640625 0.7819843750000001 0.347648221875 0.839015625 0.37798418906250003
2 0.8377455359375 0.377413890625 0.83145703125 0.3843527671875 0.829321428125 0.3739469234375 0.795625 0.3600790515625 0.816203125 0.39389328125 0.8238300781250001 0.3891230234375 0.827171875 0.399960475 0.8491093749999999 0.40515810312499995 0.8990647328125 0.4252315078125 0.9046406250000001 0.41383399218749994 0.9080703124999999 0.412539525 0.908078125 0.423379446875 0.9108124999999999 0.42424901249999997 0.907390625 0.42857707500000003 0.916984375 0.4268379453125 0.965671875 0.4441897234375 0.9780156249999999 0.439861659375 0.9807499999999999 0.4268379453125 0.954703125 0.4129644265625 0.930703125 0.39215415 0.8848593749999999 0.3609345 0.8824739578124999 0.370184453125 0.87653125 0.36179841874999996 0.8772187499999999 0.355731225 0.8467109374999999 0.374812253125 0.8461696421875 0.3808808578125 0.839083984375 0.379582509375 0.8377455359375 0.377413890625
2 0.7014218750000001 0.56462450625 0.716328125 0.5205928859375 0.729265625 0.47027667968750003 0.73621875 0.44134387343750003 0.709375 0.3797035578125 0.6974375 0.373418971875 0.693453125 0.3897628453125 0.6795312499999999 0.48160079062500005 0.683515625 0.5495256921875 0.677546875 0.5721739125 0.7014218750000001 0.56462450625
2 0.6770625 0.3542292484375 0.6427343750000001 0.38205533593749996 0.61634375 0.47108695625 0.65065625 0.466640315625 0.679703125 0.39539525625 0.6770625 0.3542292484375
2 0.78690625 0.48 0.7664375 0.46353755 0.768296875 0.402351778125 0.744125 0.29646245000000004 0.732953125 0.2988142296875 0.729234375 0.305889328125 0.7069062500000001 0.32 0.7013281250000001 0.334110671875 0.7013281250000001 0.3505928859375 0.7031875000000001 0.37175889375 0.72365625 0.40705533593750004 0.74784375 0.465889328125 0.7831875 0.4894071140625 0.781328125 0.494110671875 0.796203125 0.48235177812499996 0.78690625 0.48
2 0.920484375 0.5825296437499999 0.9386093750000001 0.5697628453125 0.9386093750000001 0.5629841890625 0.93296875 0.5671343875 0.92671875 0.5648814234375 0.9145468749999999 0.556600790625 0.91128125 0.5686363640625001 0.909796875 0.58102766875 0.920484375 0.5825296437499999
2 0.7464062499999999 0.510138340625 0.7499687500000001 0.4961857703125 0.75840625 0.488399209375 0.765859375 0.485928853125 0.77559375 0.4879841890625 0.776234375 0.48306324062500006 0.75978125 0.46747035625000005 0.7484375 0.45762845781249994 0.738703125 0.4436956515625 0.736765625 0.44000000000000006 0.7373125 0.445731225 0.7269375 0.4793675890625 0.7285625 0.49537549375 0.7301875 0.5097233203125 0.7464062499999999 0.510138340625
2 0.97525 0.5050197625 0.9873593749999999 0.5119169953125 0.9964375000000001 0.518794465625 0.99825 0.518043478125 0.99825 0.5027272734375 0.9934062499999999 0.48818181875000005 0.9770625000000001 0.4629249015625 0.96678125 0.4445454546875 0.94015625 0.43535573125000004 0.91109375 0.42541502031249995 0.9117031250000001 0.4261857703125 0.918359375 0.459861659375 0.95225 0.4713438734375 0.9625468749999999 0.47822134375 0.97525 0.5050197625
2 0.87196875 0.451936759375 0.880796875 0.46177865625000003 0.883390625 0.44930830000000005 0.91921875 0.45982213437499997 0.91246875 0.431581028125 0.89221875 0.41976284531249997 0.81796875 0.3934980234375 0.81175 0.3994071140625 0.824203125 0.415158103125 0.87196875 0.451936759375
2 0.6740468749999999 0.47191699531250003 0.6793437499999999 0.4801185765625 0.683453125 0.45482213437499996 0.687578125 0.40646245 0.67521875 0.41911067187500006 0.652875 0.464486165625 0.66228125 0.4659683796875 0.664640625 0.4667193671875 0.6740468749999999 0.47191699531250003
3 0.6388906249999999 0.9176086953124999 0.657328125 0.915869565625 0.700171875 0.900138340625 0.725046875 0.8669169953125 0.732421875 0.8354545453125001 0.73334375 0.8016600796875 0.7278125 0.7684387359375 0.714453125 0.74397233125 0.702015625 0.7311462453125 0.678515625 0.7183399203125 0.644890625 0.7206719374999999 0.61125 0.7352371546875001 0.58684375 0.7905928859375 0.588671875 0.85818181875 0.60803125 0.891976284375 0.6135625 0.9007114625 0.6388906249999999 0.9176086953124999