1 0.701734375 0.6823958328125 0.7065 0.6357291671875 0.69059375 0.6007291671874999 0.67628125 0.5837708328125 0.6730937499999999 0.5837708328125 0.677078125 0.5996666671875001 0.6746875 0.6495208328125 0.663546875 0.695125 0.668328125 0.7057291671875 0.69059375 0.6993750000000001 0.701734375 0.6823958328125
1 0.34865625 0.5484791671875 0.3420625 0.5532083328125 0.34003125 0.5586249999999999 0.338515625 0.5714583328125 0.336484375 0.5761875 0.32634375000000004 0.59375 0.317734375 0.5951041671875 0.30860937499999996 0.6025416671875 0.301015625 0.6032291671875 0.2959375 0.6032291671875 0.292390625 0.6079583328125 0.29493749999999996 0.6214583328125001 0.29898437499999997 0.6275416671875 0.289859375 0.6322708328125 0.28125 0.6363333328125 0.28378125 0.6511875 0.28884375 0.6538958328125 0.30203125000000003 0.6485000000000001 0.309125 0.6498333328125 0.320265625 0.6505208328125 0.333453125 0.6572708328125 0.34965625 0.6538958328125 0.364359375 0.6349791671875 0.37196875 0.6207916671875 0.375515625 0.5991666671875 0.370953125 0.5782083328125001 0.35828125 0.5626875 0.35625 0.5511874999999999 0.353203125 0.5484791671875 0.34865625 0.5484791671875
1 0.27365625 0.5770208328125 0.27146875000000004 0.5838125 0.267828125 0.5925208328125 0.2609375 0.6036666671875001 0.25803125 0.6070625 0.252578125 0.6114166671875 0.248578125 0.6157916671875 0.23767187500000003 0.6225625 0.23659375 0.6303124999999999 0.23659375 0.6332291671875 0.2453125 0.6405000000000001 0.25003125000000004 0.6375833328125 0.25765625000000003 0.6259583328125 0.2685625 0.6191666671875 0.2765625 0.6128750000000001 0.27946875000000004 0.6065833328125 0.28309375000000003 0.5925208328125 0.2841875 0.562 0.28054687500000003 0.5605625 0.278375 0.5634583328125 0.27365625 0.5770208328125
1 0.454703125 0.5603125 0.44584375 0.570875 0.44771875000000005 0.5820624999999999 0.44071875 0.597 0.395015625 0.6454791671875 0.38289062500000004 0.6529583328124999 0.40434374999999995 0.66725 0.40946875 0.6622708328125 0.42718749999999994 0.6616458328125 0.428125 0.6728541671875 0.432328125 0.6815625 0.4341875 0.6815625 0.438390625 0.6765833328124999 0.44071875 0.6740833328125 0.44071875 0.6709791671875001 0.46496875 0.620625 0.467765625 0.6032083328125 0.459375 0.5752291671875 0.454703125 0.5603125
1 0.48276562500000003 0.6552083328125 0.47684375 0.6696666671875 0.48375 0.6828125 0.493609375 0.6736041671875 0.5044531250000001 0.6828125 0.5074062500000001 0.6604583328125 0.5143125000000001 0.6828125 0.52515625 0.6788541671874999 0.5488125 0.68675 0.562609375 0.6736041671875 0.57246875 0.6367916671875 0.565578125 0.6 0.544875 0.5723958328125 0.535015625 0.5723958328125 0.528109375 0.5776458328125 0.50346875 0.6039375 0.493609375 0.6 0.489671875 0.6091875 0.47585937500000003 0.6052500000000001 0.46995312499999997 0.6144583328125 0.47684375 0.6315416671875 0.463046875 0.6276041671875 0.459109375 0.6328541671875 0.466 0.6420625 0.48276562500000003 0.6552083328125
1 0.665015625 0.6056666671875 0.6608125 0.6224583328125 0.65428125 0.6392291671875 0.6482187500000001 0.6603749999999999 0.642625 0.6821458328125 0.644953125 0.6976875 0.658953125 0.6995416671875 0.665015625 0.6952083328125 0.6729375 0.6802708328125 0.675734375 0.662875 0.676203125 0.6392291671875 0.675734375 0.5969583328125 0.6696718749999999 0.5894999999999999 0.6682812499999999 0.590125 0.665015625 0.6056666671875
1 0.22757812500000002 0.6388958328125 0.23670312500000001 0.63625 0.23670312500000001 0.633625 0.23709375000000002 0.6219791671875 0.24621875000000001 0.615625 0.251375 0.6113958328125 0.262484375 0.6023958328125001 0.268046875 0.5918333328125 0.274390625 0.5759583328125 0.278359375 0.5648541671875 0.282328125 0.5547916671875 0.27875 0.5521458328125 0.272015625 0.5648541671875 0.268046875 0.57225 0.254953125 0.5907708328125 0.2375 0.6092916671874999 0.22678125 0.61775 0.22162500000000002 0.6262083328125 0.22162500000000002 0.6272708328125 0.22440625 0.63625 0.22757812500000002 0.6388958328125
1 0.199375 0.5503125 0.19632812500000002 0.5573541671875 0.191453125 0.5633125 0.184359375 0.5706041671875 0.172984375 0.583875 0.172171875 0.5917291671875 0.17806249999999998 0.58875 0.187203125 0.5846875 0.193078125 0.5781875000000001 0.197140625 0.5700624999999999 0.20059375 0.5554583328125 0.200390625 0.5562708328125 0.20079687499999999 0.5508541671875 0.199375 0.5503125
1 0.640625 0.681125 0.642484375 0.6769791671875 0.64496875 0.667875 0.6499375 0.6562708328125 0.6511875 0.6513125 0.6524375 0.6430208328125 0.653046875 0.6380625 0.653671875 0.63475 0.659265625 0.619 0.662984375 0.6090625000000001 0.662984375 0.6074166671875 0.664234375 0.6016041671875 0.6654687499999999 0.5949791671875 0.6704375 0.5734583328125 0.669828125 0.5709583328125001 0.663609375 0.5734583328125 0.6052187499999999 0.654625 0.603984375 0.6604166671875 0.6033593749999999 0.6687083328125001 0.602734375 0.6778125 0.607703125 0.7067916671875001 0.633171875 0.6852708328125 0.63690625 0.6844375 0.639390625 0.6827708328125001 0.639390625 0.6819583328125 0.640625 0.681125
1 0.183171875 0.5998958328125 0.173328125 0.6031875 0.16678125 0.6042708328125 0.161453125 0.605375 0.15734375 0.6064583328125 0.154484375 0.607 0.15201562500000002 0.6097291671875 0.161453125 0.6255833328125 0.1643125 0.6326875000000001 0.16759375 0.6343333328125 0.172109375 0.6337916671875 0.1745625 0.6332291671875 0.18234375 0.6337916671875 0.187671875 0.6370625000000001 0.19464062499999998 0.634875 0.2024375 0.634875 0.21226562499999999 0.6272291671875 0.22046875 0.6228541671875 0.2290625 0.6031875 0.23153125000000002 0.5736666671874999 0.22332812500000002 0.5638333328125 0.218421875 0.5605625 0.215140625 0.5545416671875001 0.21185937500000002 0.5468958328125 0.21145312500000002 0.5463541671875001 0.2069375 0.5468958328125 0.20406249999999998 0.5523541671875 0.20365625 0.5572708328125 0.204890625 0.5600208328125 0.205296875 0.5567291671875 0.204890625 0.5682083328124999 0.19259375 0.587875 0.18971875 0.5955208328125 0.183171875 0.5998958328125
1 0.2665625 0.6456875 0.274171875 0.6440833328125 0.28259375000000003 0.63875 0.290625 0.6301875 0.29303124999999997 0.6248333328125 0.2934375 0.6189583328125 0.292625 0.6130625000000001 0.29303124999999997 0.6077291671875 0.294640625 0.6045208328125 0.29825 0.6034375 0.301046875 0.6013124999999999 0.30265624999999996 0.5895416671875 0.29704687500000004 0.5724375 0.289828125 0.5643958328124999 0.287421875 0.5547708328125001 0.28340624999999997 0.5537083328125 0.28259375000000003 0.560125 0.28381249999999997 0.5724375 0.28381249999999997 0.5809791671875 0.281 0.6055833328125 0.26896875 0.6195 0.25853125 0.6285833328125 0.25453125 0.6398125 0.257328125 0.6424791671875 0.2665625 0.6456875