2 0.327826796875 0.666274509375 0.330196078125 0.685147059375 0.3349019609375 0.689852940625 0.372647059375 0.715800653125 0.3867973859375 0.6544771234375 0.38207516406250003 0.642696078125 0.3349019609375 0.6261764703125 0.330196078125 0.633251634375 0.327826796875 0.6403267968749999 0.32547385625 0.6474019609375 0.327826796875 0.666274509375
2 0.558039215625 0.5802614375 0.564117646875 0.5633660125 0.56883986875 0.5410620921875 0.56883986875 0.5322875812500001 0.5634477125 0.5295751640625 0.5539869281249999 0.52620915 0.520196078125 0.5221568624999999 0.516813725 0.526879084375 0.5141176468750001 0.54039215625 0.5154738562500001 0.55120915 0.518169934375 0.5633660125 0.522222221875 0.57418300625 0.54383986875 0.585669934375 0.5485784312499999 0.5870098046875001 0.556013071875 0.5870098046875001 0.558039215625 0.5802614375
2 0.28540849687500003 0.3390522875 0.34447712343750003 0.31418300625 0.3239542484375 0.2669281046875 0.269248365625 0.2880718953125 0.28540849687500003 0.3390522875
2 0.461356209375 0.330751634375 0.46743464062499995 0.380196078125 0.49864379062499997 0.3879901953125 0.5151307187499999 0.374983659375 0.4925817 0.3142810453125 0.461356209375 0.330751634375
2 0.2953594765625 0.502957515625 0.3165359484375 0.5184150328125 0.3251143796875 0.5195588234375 0.3394117640625 0.5086764703125 0.3491503265625 0.49495097968749996 0.36173202656250003 0.4794934640625 0.36573529374999997 0.469199346875 0.3680228765625 0.46176470625 0.3605882359375 0.453186275 0.35486928125 0.45147058749999996 0.3468627453125 0.448039215625 0.337696078125 0.4463235296875 0.32568627499999997 0.44975490156250003 0.319395425 0.4486111109375 0.29879085 0.445751634375 0.285065359375 0.44517973906249997 0.278774509375 0.4434477125 0.2759150328125 0.44517973906249997 0.2753431375 0.4526143796875 0.285065359375 0.48351307187500003 0.2896405234375 0.48751634062500004 0.2896405234375 0.4892320265625 0.2953594765625 0.502957515625
2 0.564673203125 0.6036111109375 0.54486928125 0.58650326875 0.5259640515624999 0.597303921875 0.48906862812499996 0.6270098046875 0.5070588234375 0.63960784375 0.525065359375 0.6441176468750001 0.56736928125 0.6477124187500001 0.5817810453125001 0.6405065359375001 0.5826797390625 0.630604575 0.564673203125 0.6036111109375
2 0.4469771234375 0.6040522875 0.472565359375 0.6296405234375 0.4835294125 0.6340196078125 0.49230392187499994 0.6303758171875 0.512042484375 0.6040522875 0.5237418296875 0.5828431375 0.5178921562500001 0.5726143796875001 0.5061928109375 0.574803921875 0.4623202609375 0.5704248359374999 0.44186274531249997 0.5813888890625 0.4374673203125 0.5901633984375 0.4411274515625 0.5967320265625 0.4469771234375 0.6040522875
2 0.26305555625 0.5119934640625 0.2553104578125 0.49650326875 0.24885620937500003 0.4958496734375 0.1869117640625 0.5365196078125 0.1862581703125 0.5410294125 0.1862581703125 0.551356209375 0.272091503125 0.5539379078125 0.272091503125 0.5423202609375 0.2701633984375 0.5313562093749999 0.26305555625 0.5119934640625
2 0.32728758125 0.3783496734375 0.31736928125 0.39586601250000003 0.3570098046875 0.42941176406250003 0.369199346875 0.3974019609375 0.34099673125 0.38444444375 0.32728758125 0.3783496734375
2 0.40073529375000005 0.6700980390625 0.39127450937499997 0.67702614375 0.3875 0.6902450984375 0.3919117640625 0.7173366015625 0.39883986875 0.7204901953125 0.44607843125 0.7204901953125 0.4624673203125 0.7091503265625 0.4643464046875 0.7028594765625 0.44607843125 0.6933986921875 0.41459150312500004 0.6700980390625 0.41459150312500004 0.66883986875 0.409542484375 0.6663071890625 0.40073529375000005 0.6700980390625
2 0.2042810453125 0.5645098046875 0.2059640515625 0.59331699375 0.2330882359375 0.6102614375 0.2508660125 0.6144934640625 0.2678104578125 0.6187418296875 0.2915359484375 0.6356862750000001 0.3161111109375 0.63736928125 0.326274509375 0.6356862750000001 0.32797385625 0.62297385625 0.304248365625 0.6161928109375 0.294934640625 0.6051797390625 0.30763071875 0.5924673203124999 0.30763071875 0.5797712421875 0.304248365625 0.5670588234375 0.2957679734375 0.5509640515625 0.257647059375 0.547565359375 0.247483659375 0.5509640515625 0.22037581718750002 0.5517973859375 0.2042810453125 0.5645098046875
2 0.373186275 0.380277778125 0.40831699375 0.368120915625 0.41192810468749996 0.3496568625 0.40426470625000005 0.342434640625 0.3930065359375 0.3352287578125 0.374542484375 0.333431371875 0.359673203125 0.335686275 0.34210784375 0.3365849671875 0.32857843125 0.3365849671875 0.3159803921875 0.3406372546875 0.32047385625 0.360016340625 0.348856209375 0.3906372546875 0.354722221875 0.3933496734375 0.36913398750000004 0.395604575 0.373186275 0.380277778125
2 0.5547385625000001 0.699460784375 0.5807189546875 0.6738888890625 0.590620915625 0.6623366015625 0.5914379078125 0.6536764703125 0.5683496734375 0.6499673203125 0.53866013125 0.6466666671875 0.5176143796875 0.64379085 0.515147059375 0.6528594765625 0.518856209375 0.67099673125 0.5221568624999999 0.6858496734374999 0.5357679734375 0.7060620921874999 0.5547385625000001 0.699460784375
2 0.2630718953125 0.437908496875 0.2527233125 0.4512527234375 0.253553921875 0.45633169999999995 0.2475490203125 0.4579248359375 0.24771241875 0.462091503125 0.24237472656249998 0.46459694999999995 0.22875817031249998 0.48366013125 0.2107843140625 0.48366013125 0.20424836562499998 0.491830065625 0.20424836562499998 0.5032679734375 0.20098039218750002 0.508169934375 0.206154684375 0.51130174375 0.20098039218750002 0.51797385625 0.20751634062500002 0.5245098046875001 0.2254901953125 0.6486928109375001 0.215686275 0.65849673125 0.20915032656250002 0.6748366015625 0.20915032656250002 0.689542484375 0.2173202609375 0.69771241875 0.259803921875 0.7026143796875 0.25326797343749996 0.722222221875 0.25326797343749996 0.7532679734375 0.2565359484375 0.758169934375 0.2614379078125 0.7614379078125 0.30882352968750004 0.7614379078125 0.31535947656249996 0.7565359484374999 0.3186274515625 0.759803921875 0.3186274515625 0.784313725 0.321895425 0.7892156859375 0.3267973859375 0.792483659375 0.33986928125000004 0.792483659375 0.3513071890625 0.7794117640625 0.3578431375 0.7614379078125 0.3611111109375 0.7614379078125 0.3709150328125 0.7516339875 0.37418300625 0.7434640515625001 0.3954248359375 0.7450980390625 0.40196078437500005 0.740196078125 0.4068627453125 0.7532679734375 0.40196078437500005 0.7565359484374999 0.3986928109375 0.7630718953125 0.3905228765625 0.76797385625 0.38725490156250003 0.7745098046875001 0.3888888890625 0.7908496734375 0.39379084999999997 0.7973856203125 0.4150326796875 0.810457515625 0.42483660156249997 0.813725490625 0.44607843125 0.813725490625 0.45751634062499996 0.812091503125 0.46241830000000006 0.8071895421875 0.46405228750000005 0.794117646875 0.4673202609375 0.7892156859375 0.47385620937499995 0.7892156859375 0.48039215625000004 0.795751634375 0.4852941171875 0.8071895421875 0.5 0.8088235296875 0.51797385625 0.792483659375 0.51960784375 0.7810457515625 0.5130718953125 0.7728758171875 0.4983660125 0.7728758171875 0.490196078125 0.7630718953125 0.49468954218750005 0.7573529406249999 0.562091503125 0.7205882359375 0.5702614374999999 0.7287581703125 0.578431371875 0.7287581703125 0.59150326875 0.7385620921875 0.6078431375 0.7369281046875 0.6192810453125001 0.722222221875 0.62581699375 0.7271241828125 0.6372549015625 0.7287581703125 0.66013071875 0.7271241828125 0.6666666671875 0.722222221875 0.668300653125 0.6993464046875 0.6650326796875 0.689542484375 0.6650326796875 0.6650326796875 0.6568627453125 0.653594771875 0.6405228765625 0.651960784375 0.6307189546874999 0.66013071875 0.62418300625 0.669934640625 0.6013071890624999 0.6748366015625 0.5996732031249999 0.6642637453125 0.64379085 0.6045751640625 0.653594771875 0.6045751640625 0.66013071875 0.5947712421875 0.6666666671875 0.5947712421875 0.671568628125 0.58823529375 0.671568628125 0.580065359375 0.66013071875 0.5686274515624999 0.69607843125 0.544117646875 0.705882353125 0.5473856203125 0.7107843140625 0.5571895421875 0.7369281046875 0.55392156875 0.75 0.545751634375 0.7549019609375 0.545751634375 0.7614379078125 0.5326797390625 0.7614379078125 0.5228758171875 0.758169934375 0.51633986875 0.75 0.509803921875 0.73366013125 0.509803921875 0.7205882359375 0.5130718953125 0.7205882359375 0.5032679734375 0.73039215625 0.49509803906250005 0.7483660125 0.48856209218749996 0.7565359484374999 0.4771241828125 0.7565359484374999 0.46568627500000004 0.7467320265625 0.44934640468750003 0.741830065625 0.44444444375 0.73039215625 0.44444444375 0.73039215625 0.439542484375 0.7352941171875 0.43464052343750004 0.741830065625 0.419934640625 0.741830065625 0.41176470624999995 0.7369281046875 0.4052287578125 0.73039215625 0.4052287578125 0.7254901953124999 0.40196078437500005 0.7009803921875 0.37418300625 0.686274509375 0.37418300625 0.6813725484375001 0.3790849671875 0.5984848484375 0.3773024359375 0.5947712421875 0.3692810453125 0.5866013078125001 0.36274509843749997 0.5735294125 0.36274509843749997 0.5686274515624999 0.366013071875 0.5653594765625 0.36274509843749997 0.5653594765625 0.3529411765625 0.5571895421875 0.34150326875000003 0.542483659375 0.33823529375 0.51797385625 0.313725490625 0.5147058828125 0.313725490625 0.509803921875 0.30882352968750004 0.49346405156250006 0.3071895421875 0.48366013125 0.31535947656249996 0.4787581703125 0.31535947656249996 0.43300653593750005 0.2810457515625 0.44444444375 0.258169934375 0.44281045781249995 0.24019607812500002 0.436274509375 0.23039215624999998 0.42483660156249997 0.223856209375 0.40196078437500005 0.223856209375 0.3888888890625 0.23366013125 0.37418300625 0.2565359484375 0.37254902031250003 0.27777777812500004 0.37745097968749997 0.2875817 0.38725490156250003 0.295751634375 0.41013071874999996 0.2973856203125 0.411274509375 0.30081699375 0.3411764703125 0.36993464062500003 0.34153297656250003 0.371776590625 0.3353349671875 0.37569444375 0.3332442078125 0.3715983359375 0.3166666671875 0.3712418296875 0.30882352968750004 0.37254902031250003 0.308377896875 0.3710635765625 0.3000891265625 0.37088532343749997 0.30392156875 0.3578431375 0.295751634375 0.348039215625 0.276143790625 0.3366013078125 0.2565359484375 0.3366013078125 0.2516339875 0.34150326875000003 0.2483660125 0.3513071890625 0.23366013125 0.3594771234375 0.233778965625 0.36945929843749997 0.2254901953125 0.3692810453125 0.2271241828125 0.3888888890625 0.23856209218750002 0.40196078437500005 0.2450980390625 0.419934640625 0.2630718953125 0.437908496875