1 0.91090625 0.4465 0.919328125 0.4202916671875 0.89546875 0.3922083328125 0.8645625000000001 0.3959375 0.848421875 0.41091666718750003 0.8413906250000001 0.43152083281250003 0.8406874999999999 0.46241666718749996 0.86315625 0.49143749999999997 0.893359375 0.4811458328125 0.910203125 0.4698958328125 0.91090625 0.4465
1 0.915140625 0.5150625 0.9253125000000001 0.537 0.941765625 0.5550625 0.9393437499999999 0.5828125 0.95628125 0.58475 0.96209375 0.5989583328125 0.9669375 0.6215416671875 0.964515625 0.6260625 0.9596718750000001 0.6292708328125001 0.969359375 0.6260625 0.9800000000000001 0.596375 0.979515625 0.5666875 0.9606406249999999 0.553125 0.9543437499999999 0.5318333328125 0.9630625 0.5298958328125 0.9630625 0.49633333281249997 0.944671875 0.485375 0.93159375 0.4685833328125 0.921921875 0.466 0.9175625000000001 0.4873125 0.9233750000000001 0.49633333281249997 0.9224062500000001 0.5137708328125 0.915140625 0.5150625
1 0.8297343749999999 0.5464583328125 0.8350625 0.5426458328125 0.8346562499999999 0.5196875000000001 0.8272812500000001 0.5038541671875 0.8195 0.4989375 0.81621875 0.5120416671875 0.8149843750000001 0.5442916671875 0.821953125 0.545375 0.828515625 0.5552083328124999 0.8297343749999999 0.5464583328125
1 0.8264687500000001 0.5584791671875 0.827171875 0.5509791671875 0.824359375 0.5472291671875 0.8004374999999999 0.5237708328124999 0.795515625 0.5096875 0.794109375 0.506875 0.790578125 0.5143958328125 0.777921875 0.5519166671875 0.791984375 0.6072708328124999 0.80325 0.6222916671875 0.8053593749999999 0.6176041671875 0.8250624999999999 0.5688125 0.8264687500000001 0.5584791671875
1 0.73240625 0.49133333281249997 0.73240625 0.4862291671875 0.7318125 0.47487500000000005 0.73240625 0.4646875 0.7282968750000001 0.4564583328125 0.7191875 0.44706250000000003 0.712421875 0.4447083328125 0.706546875 0.4482291671875 0.70684375 0.4580208328125 0.710375 0.46741666718749997 0.715953125 0.4760416671875 0.72153125 0.48191666718750004 0.7250625 0.48702083281249997 0.73240625 0.49133333281249997
1 0.7794218749999999 0.5696875 0.774015625 0.5504583328125 0.7695000000000001 0.5324375 0.755078125 0.5300416671875 0.7370625000000001 0.5300416671875 0.719046875 0.5264375 0.711828125 0.5348541671875 0.706421875 0.5685 0.69740625 0.5853125 0.694703125 0.6165625 0.704625 0.6345833328125 0.7244531249999999 0.6405833328125 0.743375 0.6477916671874999 0.774015625 0.6453958328125 0.794734375 0.6501875 0.80375 0.6381875 0.79834375 0.6165625 0.7965312499999999 0.6153541671875 0.791125 0.6033333328125 0.7794218749999999 0.5696875
1 0.61003125 0.4519166671875 0.61921875 0.44225000000000003 0.620671875 0.4235208328125 0.624546875 0.4086875 0.629390625 0.399 0.6216406250000001 0.3835208328125 0.6168125 0.3835208328125 0.6168125 0.38997916718750003 0.613421875 0.38933333281250004 0.611 0.38610416718749996 0.6037343749999999 0.3880416671875 0.60809375 0.4215833328125 0.590671875 0.3944791671875 0.58728125 0.39318749999999997 0.581953125 0.40610416718750003 0.584859375 0.41772916718750003 0.573734375 0.4054583328125 0.571796875 0.41643749999999996 0.577609375 0.4493333328125 0.58146875 0.45902083281249995 0.5940624999999999 0.4377291671875 0.6051875 0.44225000000000003 0.61003125 0.4519166671875
1 0.64140625 0.477 0.63334375 0.4728541671875 0.625265625 0.47120833281249996 0.6265 0.48197916718749995 0.630234375 0.49770833281250004 0.63334375 0.5018541671875 0.648859375 0.5084791671875 0.648859375 0.5001875 0.660046875 0.499375 0.64140625 0.477
1 0.6789531249999999 0.6449166671875 0.6779843750000001 0.6256041671875 0.692484375 0.62625 0.69440625 0.6249583328125 0.69634375 0.6114375 0.700203125 0.6043541671875 0.700203125 0.59275 0.6953750000000001 0.5811666671875 0.702140625 0.5579791671875001 0.694890625 0.5322291671875 0.6779843750000001 0.5302916671875 0.669296875 0.5399583328124999 0.6654375 0.5650625 0.638875 0.5290208328125 0.63115625 0.532875 0.628734375 0.5393125000000001 0.6325937500000001 0.5579791671875001 0.62053125 0.5489791671875001 0.61328125 0.5554166671874999 0.613765625 0.5618541671874999 0.610390625 0.5579791671875001 0.605546875 0.5618541671874999 0.609421875 0.5734375 0.595890625 0.5663541671875 0.5910624999999999 0.5734375 0.5997656250000001 0.59275 0.5900937500000001 0.5888958328125 0.587203125 0.592125 0.5876875 0.6017708328125 0.597828125 0.6191666671875 0.592515625 0.6198125 0.593484375 0.6288125 0.603140625 0.6449166671875 0.610390625 0.6455625 0.618109375 0.6507083328125 0.640328125 0.6500625 0.657703125 0.6339583328125 0.659640625 0.6410416671875 0.6678437500000001 0.6481250000000001 0.6789531249999999 0.6449166671875
1 0.614859375 0.505625 0.5827656250000001 0.4786041671875 0.5675625 0.4718541671875 0.5388437500000001 0.4718541671875 0.489859375 0.4831041671875 0.5084531250000001 0.5281458328124999 0.50675 0.5394166671875 0.53209375 0.5416666671875 0.559125 0.5484166671875 0.577703125 0.5551875 0.614859375 0.505625
1 0.466203125 0.6117083328125 0.474078125 0.618 0.481421875 0.618 0.49664062500000006 0.5984166671875 0.514484375 0.5767291671875 0.517109375 0.5557291671875 0.5134375 0.5361458328125 0.49821875000000004 0.5319375 0.49979687500000003 0.5207499999999999 0.48825 0.5123541671875 0.48825 0.50325 0.47984375 0.5018541671875 0.48246874999999995 0.4899583328125 0.483515625 0.4801666671875 0.46410937499999994 0.47456250000000005 0.44415625 0.4983541671875 0.43996874999999996 0.5144375 0.4368125 0.5375416671875 0.43996874999999996 0.5354375 0.44259375 0.553625 0.44153125 0.5725208328125 0.44310937499999997 0.5900208328125001 0.466203125 0.6117083328125
1 0.917546875 0.6285208328125 0.9265000000000001 0.6300208328125 0.9376875 0.6300208328125 0.947203125 0.6255416671875 0.95615625 0.6173333328124999 0.96175 0.610625 0.962296875 0.6061458328125 0.960625 0.5979375 0.958390625 0.5942083328125001 0.9505625 0.5815416671875 0.941046875 0.5815416671875 0.9404843749999999 0.5755625 0.9399218749999999 0.5569166671875 0.9365625 0.5502083328125 0.923703125 0.5591666671875 0.922578125 0.5494583328125 0.918109375 0.5375208328125 0.90803125 0.5390208328125 0.9029999999999999 0.5561666671875 0.901328125 0.5479583328125 0.895171875 0.5449791671875001 0.88734375 0.5442291671875 0.878953125 0.5569166671875 0.872796875 0.5531875 0.86384375 0.5606458328125 0.859375 0.5613958328125 0.849859375 0.5733333328125 0.8465 0.5770625 0.845375 0.5912291671875 0.84090625 0.6061458328125 0.8319531250000001 0.610625 0.8246874999999999 0.6151041671875 0.83028125 0.63225 0.84203125 0.6389583328125 0.8660781249999999 0.6359791671874999 0.88790625 0.63225 0.90859375 0.6285208328125 0.9119531249999999 0.6285208328125 0.917546875 0.6285208328125
1 0.576125 0.5803333328125 0.5640625 0.55275 0.520953125 0.5481458328125 0.49509375 0.5964166671875 0.498546875 0.6423958328125 0.5675 0.6446875000000001 0.589921875 0.6125 0.576125 0.5803333328125
1 0.3203125 0.6229166671875 0.315625 0.6291666671875 0.315625 0.6416666671875 0.3203125 0.6479166671875001 0.3546875 0.65 0.35625 0.6625 0.3671875 0.6729166671875 0.3765625 0.6729166671875 0.3859375 0.6520833328125 0.3921875 0.6583333328125 0.409375 0.65625 0.4109375 0.68125 0.415625 0.6875 0.425 0.6875 0.45625 0.6395833328125 0.4796875 0.6395833328125 0.4828125 0.64375 0.4921875 0.64375 0.496875 0.6354166671875 0.49830729218750003 0.608203125 0.5828125 0.5979166671875 0.5890625 0.6145833328125 0.5765625 0.6354166671875 0.584375 0.6458333328125 0.603125 0.6479166671875001 0.59375 0.63125 0.59375 0.6208333328125 0.596875 0.61875 0.5875 0.6 0.5936197921875 0.597265625 0.5921875 0.5916666671875 0.5953125 0.5895833328125 0.6015625 0.5963541671875 0.6984375 0.5854166671875001 0.7015625 0.5791666671875 0.7049479171875 0.5789351859375 0.703125 0.575 0.70625 0.5708333328124999 0.7114583328124999 0.5724537046875 0.7440104171875 0.5400462953125 0.74375 0.53125 0.7505208328124999 0.5335648140625 0.7609375 0.53125 0.7595703125 0.5346354171875001 0.765625 0.5333333328125 0.765234375 0.5432291671875 0.7708984375 0.5518229171875 0.7734375 0.55 0.775 0.5541666671875001 0.778125 0.5541666671875001 0.7765625 0.5604166671875 0.7796875 0.5604166671875 0.778125 0.5666666671875 0.7828125 0.5729166671875 0.78125 0.575 0.784375 0.5791666671875 0.784375 0.5854166671875001 0.809375 0.6083333328125 0.8046875 0.6208333328125 0.796875 0.6145833328125 0.803125 0.6229166671875 0.8 0.625 0.8046875 0.6395833328125 0.809375 0.6395833328125 0.8265625 0.6270833328125 0.8317708328125001 0.6275462953125001 0.8453125 0.6416666671875 0.8546875 0.6416666671875 0.85625 0.6375 0.8532552078125001 0.6328125 0.93125 0.55 0.93125 0.54375 0.925 0.5375 0.9171875 0.5208333328125 0.9171875 0.5166666671875 0.921875 0.5145833328125 0.91875 0.48333333281249996 0.921875 0.46666666718750005 0.93125 0.46875 0.934375 0.47291666718750003 0.9375 0.47083333281249995 0.94375 0.45 0.94375 0.43958333281249995 0.9390625 0.43125 0.9171875 0.4270833328125 0.9109375 0.4479166671875 0.9078125 0.47291666718750003 0.8921875 0.48333333281249996 0.8671875 0.4916666671875 0.8625 0.4916666671875 0.8421875 0.46458333281249997 0.8390625 0.45416666718750004 0.8296875 0.45416666718750004 0.8140625 0.46458333281249997 0.809375 0.45208333281249996 0.803125 0.4479166671875 0.79375 0.45 0.7828125 0.4479166671875 0.7796875 0.44375 0.7703125 0.44375 0.765625 0.45 0.765625 0.46458333281249997 0.759375 0.47083333281249995 0.753125 0.46458333281249997 0.73125 0.4604166671875 0.7171875 0.4791666671875 0.71328125 0.4763888890625 0.70625 0.45416666718750004 0.7015625 0.45625 0.6953125 0.43333333281249997 0.6921875 0.4291666671875 0.6828125 0.4291666671875 0.6734375 0.4125 0.6625 0.4125 0.6546875 0.42291666718750004 0.646875 0.40833333281249995 0.6390625 0.40833333281249995 0.6328125 0.3958333328125 0.628125 0.3958333328125 0.6203125 0.4291666671875 0.6095982140625 0.4324404765625 0.596875 0.40208333281249997 0.5828125 0.41041666718750003 0.5828125 0.4166666671875 0.5673713234375 0.42352941250000004 0.5625 0.4166666671875 0.55625 0.4166666671875 0.5515625 0.40208333281249997 0.540625 0.4 0.528125 0.41875 0.5046875 0.4166666671875 0.4984375 0.4270833328125 0.4875 0.4270833328125 0.471875 0.4583333328125 0.4609375 0.46458333281249997 0.4515625 0.475 0.4578125 0.48333333281249996 0.4392045453125 0.5015151515625 0.4359375 0.49791666718750005 0.4265625 0.49791666718750005 0.4203125 0.5104166671875 0.415625 0.5104166671875 0.40625 0.5208333328125 0.403125 0.5145833328125 0.4015625 0.49791666718750005 0.3984375 0.49375 0.3890625 0.49375 0.384375 0.5 0.3640625 0.5625 0.35 0.5645833328125 0.34375 0.5770833328125 0.340625 0.5770833328125 0.3359375 0.5833333328125 0.3328125 0.5958333328125 0.3328125 0.6083333328125 0.3359375 0.6166666671875001 0.3203125 0.6229166671875