1 0.68546875 0.5225058546875 0.660390625 0.5151053859375 0.65278125 0.518524590625 0.6489843750000001 0.5225058546875 0.637578125 0.541311475 0.64025 0.554964871875 0.653921875 0.562388759375 0.6698906250000001 0.5600936765625 0.679765625 0.5504215453125 0.68546875 0.5225058546875
1 0.16504687499999998 0.6417798593749999 0.16934375 0.6398360656250001 0.17234375 0.641124121875 0.17965625000000002 0.6424121781250001 0.187390625 0.645644028125 0.193828125 0.6398360656250001 0.20070312499999998 0.631475409375 0.207140625 0.6140983609374999 0.205421875 0.5909133484375 0.20198437500000002 0.5806089 0.19340625 0.5677283375 0.183953125 0.56128805625 0.174921875 0.5599999999999999 0.16246875 0.5599999999999999 0.14915625 0.5677283375 0.144 0.5851053859374999 0.14056249999999998 0.6037939109375 0.144 0.617939109375 0.14915625 0.629531615625 0.15559375 0.641124121875 0.15775 0.640491803125 0.16075 0.638548009375 0.16504687499999998 0.6417798593749999
1 0.585015625 0.557564403125 0.590921875 0.55391100625 0.5974375000000001 0.5511709609375 0.6006875 0.551475409375 0.601921875 0.5380327874999999 0.601921875 0.5313114750000001 0.60803125 0.522763465625 0.6125 0.5169789234375 0.61984375 0.5029274 0.62025 0.49529274062499995 0.609859375 0.4937704921875 0.5951875 0.49255269375 0.585015625 0.4968149890625 0.576453125 0.5078220140624999 0.573609375 0.5129976578125001 0.56709375 0.523676815625 0.568921875 0.5328337234375 0.570140625 0.5380327874999999 0.5683125 0.5471896953125001 0.567296875 0.55391100625 0.565453125 0.55512880625 0.56953125 0.5618501171875 0.57503125 0.5645901640625001 0.579515625 0.562459015625 0.585015625 0.557564403125
1 0.6114531249999999 0.6462295078125 0.601953125 0.6462295078125 0.601578125 0.6524824359375 0.611828125 0.6587587828125 0.616015625 0.6513583140625 0.6114531249999999 0.6462295078125
1 0.62315625 0.5555269328125 0.6378125 0.5460421546875 0.643359375 0.5347540984375 0.653671875 0.5181264640625 0.657234375 0.49318501093749995 0.654859375 0.49259953124999994 0.642578125 0.48843091406249994 0.6421718750000001 0.48070257656250004 0.6283125 0.4801170953125 0.620390625 0.494964871875 0.6207812500000001 0.50030445 0.615625 0.513372365625 0.609296875 0.5240749421875 0.604140625 0.5252459015625 0.6025625 0.53416861875 0.602953125 0.5507962531249999 0.602953125 0.5555269328125 0.6132500000000001 0.55969555 0.62315625 0.5555269328125
1 0.624953125 0.740468384375 0.62659375 0.74320843125 0.6608125 0.7468852453125 0.67628125 0.7490163937500001 0.6821875000000001 0.745971896875 0.692984375 0.7303981265624999 0.695421875 0.7270491796874999 0.69584375 0.717892271875 0.6805625 0.689180328125 0.664265625 0.6785011703125 0.6569375 0.6766744734375 0.6420625 0.6873536296875 0.6325000000000001 0.6980327875000001 0.631484375 0.7081264640625 0.631484375 0.7093442624999999 0.6290312499999999 0.7188056203125 0.62109375 0.731920375 0.6206875000000001 0.7368149890625 0.624953125 0.740468384375
1 0.635734375 0.6431615921875 0.62625 0.6425995312499999 0.616390625 0.6482903984374999 0.61184375 0.655667446875 0.618296875 0.660796253125 0.6270156250000001 0.6670257609375 0.644453125 0.667611240625 0.6448437499999999 0.6516861828125 0.635734375 0.6431615921875
1 0.63071875 0.600444965625 0.632015625 0.6101170953125 0.6363125000000001 0.6326932078125 0.6380312499999999 0.641100703125 0.643203125 0.6488290390625 0.64621875 0.6514051515625 0.65784375 0.6514051515625 0.659140625 0.643676815625 0.664734375 0.644964871875 0.669046875 0.6359250578125 0.6634375 0.630772834375 0.66603125 0.6326932078125 0.6716249999999999 0.6230210765625 0.6703281249999999 0.6185011703125001 0.67378125 0.619156909375 0.67378125 0.6139812640625 0.67334375 0.6068852453125 0.6750625 0.600444965625 0.678515625 0.5965573765625 0.67334375 0.5849414515625 0.663875 0.5759016390625 0.648796875 0.5726932078125 0.63415625 0.5733255265625 0.63415625 0.5823653390625 0.633296875 0.5907494140625 0.63071875 0.600444965625
1 0.683859375 0.52679156875 0.680984375 0.54517564375 0.667953125 0.56159250625 0.669 0.5670726 0.684640625 0.570187353125 0.692203125 0.56744730625 0.6935156250000001 0.557283371875 0.6976875 0.5549414515625 0.738359375 0.558079625 0.742796875 0.542435596875 0.736796875 0.5303278687499999 0.723765625 0.5225058546875 0.721671875 0.5377517562499999 0.7188125000000001 0.536955503125 0.702109375 0.5373536296875 0.69871875 0.5346135828125 0.68515625 0.5326697890625 0.69846875 0.525620609375 0.6976875 0.52290398125 0.69559375 0.5197658078125 0.696375 0.5139110062500001 0.6927187499999999 0.5068618265625 0.690640625 0.5060889937499999 0.68515625 0.5049180328125 0.690125 0.499836065625 0.687515625 0.4947540984375 0.6796875 0.490843090625 0.6556875 0.49241217812500004 0.654125 0.4959250578125 0.655171875 0.516627634375 0.675515625 0.5185948484375 0.684125 0.52290398125 0.683859375 0.52679156875
1 0.152140625 0.7507259953125 0.150828125 0.7653864171875 0.156703125 0.7771194375 0.160625 0.7810304453125 0.163234375 0.7810304453125 0.173015625 0.7692974234375 0.178890625 0.77517564375 0.185421875 0.7839812640625 0.19259375 0.793747071875 0.195859375 0.7869086656250001 0.19325 0.7732084312499999 0.1945625 0.7692974234375 0.197828125 0.7644028109375001 0.2004375 0.7507259953125 0.203046875 0.7350585484375001 0.201078125 0.71451990625 0.191953125 0.7047540984375 0.186078125 0.7076814984375 0.18215625 0.71451990625 0.174984375 0.7086651046875 0.1665 0.7115925062499999 0.1534375 0.7115925062499999 0.150828125 0.7106089 0.1443125 0.725292740625 0.143 0.7399531609375 0.147578125 0.744847775 0.152140625 0.7507259953125
1 0.563734375 0.564051521875 0.557734375 0.5730444968749999 0.5562343750000001 0.6157377046875 0.557734375 0.6561826703125 0.5847187500000001 0.6629274 0.629703125 0.635948478125 0.635703125 0.5730444968749999 0.61171875 0.566299765625 0.563734375 0.564051521875
1 0.141359375 0.6764637 0.15718749999999998 0.684355971875 0.166671875 0.666955503125 0.15718749999999998 0.6464168625 0.141359375 0.6764637
1 0.5824374999999999 0.6610304453125 0.5715 0.6646370015625 0.568828125 0.6710304453125 0.56696875 0.6766276343750001 0.5624374999999999 0.6814051515624999 0.55640625 0.6836768156249999 0.5529375 0.6908899296875 0.555875 0.702459015625 0.5569375 0.7188524593750001 0.554265625 0.725644028125 0.5849375 0.7376346609375 0.626 0.7444496484375 0.620671875 0.7376346609375 0.62334375 0.7284543328125 0.6268125 0.7128571421875 0.632140625 0.692084309375 0.626265625 0.6840749421875 0.615609375 0.6733021078125 0.61640625 0.670491803125 0.61053125 0.6633021078125 0.6104375 0.6638173296875001 0.609109375 0.6614285718749999 0.5824374999999999 0.6610304453125
1 0.140625 0.6814988296875 0.144140625 0.68676815 0.140625 0.697892271875 0.14375 0.707259953125 0.1484375 0.7142857140625 0.1734375 0.7096018734375 0.1796875 0.7142857140625 0.184375 0.7119437937499999 0.1901041671875 0.7002341921874999 0.225 0.720746184375 0.3375 0.8501170953124999 0.3328125 0.8618266984374999 0.3328125 0.8829039812499999 0.3375 0.8899297421875 0.3546875 0.8922716625 0.3671875 0.878220140625 0.36875 0.8571428578125 0.3640625 0.847775175 0.359375 0.847775175 0.35381944375 0.8423106953125 0.4109375 0.8149882906249999 0.4078125 0.8618266984374999 0.41875 0.8829039812499999 0.4296875 0.8829039812499999 0.4421875 0.86416861875 0.45 0.8384074937499999 0.45 0.8288269109374999 0.4515625 0.824355971875 0.4578125 0.8315946343749999 0.4890625 0.84266553125 0.4921875 0.8524590156249999 0.4921875 0.8665105390625 0.496875 0.8735362999999999 0.50625 0.8735362999999999 0.509375 0.868852459375 0.5109375 0.8548009375 0.5024697578125 0.8368210328125001 0.5807963703125 0.7162499062500001 0.66875 0.6814988296875 0.68125 0.6908665109375 0.6953125 0.7142857140625 0.70625 0.697892271875 0.709375 0.662763465625 0.6921875 0.6393442625 0.6953125 0.6346604218749999 0.70625 0.6346604218749999 0.709375 0.62997658125 0.7109375 0.6135831375 0.7046875 0.5948477750000001 0.6984375 0.590163934375 0.6859375 0.5714285718750001 0.675 0.5714285718750001 0.6703125 0.5784543328125 0.6703125 0.5831381734375001 0.6647177421875 0.5870665546875 0.5863911296875 0.70763768125 0.446875 0.8149882906249999 0.4375 0.81030445 0.4421875 0.8260591875 0.4265625 0.8205237375 0.4265625 0.8091334890624999 0.41875 0.8177560140625 0.415625 0.8079625296874999 0.353125 0.8407494140624999 0.345659721875 0.8462138953125 0.34375 0.8407494140624999 0.21875 0.7135589109375 0.19583333281249998 0.6885245906249999 0.19375 0.6848098203124999 0.2015625 0.6768149890624999 0.2015625 0.6510538640625 0.19375 0.6416861828125 0.1890625 0.6463700234374999 0.1703125 0.6416861828125 0.16875 0.656060728125 0.1625 0.64887345625 0.1609375 0.6393442625 0.15625 0.6416861828125 0.151171875 0.66451990625 0.1453125 0.672131146875 0.1453125 0.679156909375 0.140625 0.6814988296875