1 0.2747461375 0.7408125 0.26894039687500004 0.7682187500000001 0.30379690937500003 0.78740625 0.25732891874999997 0.8161875000000001 0.2999117 0.832625 0.36768211875 0.840859375 0.4451214125 0.835375 0.5032008828125 0.8148125 0.55741721875 0.78740625 0.5671081671875 0.7613749999999999 0.5554966890624999 0.71340625 0.5380573953125001 0.651734375 0.5283885203125 0.594171875 0.4896467984375 0.5626562500000001 0.45867549687500003 0.5544374999999999 0.4257615890625 0.533875 0.3947902875 0.533875 0.3618763796875 0.5325 0.3250772625 0.5544374999999999 0.26894039687500004 0.57225 0.2650551875 0.6270625 0.2747461375 0.684625 0.2747461375 0.7408125
0 0.216379690625 0.6947656249999999 0.24649006562500003 0.70115625 0.266048565625 0.699015625 0.273576159375 0.68196875 0.25551876406249996 0.663859375 0.22993377499999998 0.664921875 0.2194039734375 0.6691874999999999 0.216379690625 0.685171875 0.216379690625 0.6947656249999999
0 0.16198675468749998 0.41434375 0.16927152343750002 0.37498437500000004 0.1683664453125 0.367234375 0.153774834375 0.364 0.12004414999999999 0.364 0.10635761562499998 0.36335937500000004 0.09724061875 0.36078125 0.08721854375 0.36271875 0.083576159375 0.389171875 0.079006621875 0.398859375 0.0753642390625 0.40465625000000005 0.0744591609375 0.41370312499999995 0.08267108125 0.418859375 0.1483002203125 0.42015624999999995 0.1546799109375 0.41950000000000004 0.16198675468749998 0.41434375
3 0.216136865625 0.321921875 0.2345916109375 0.3254375 0.24454746093750002 0.3249375 0.24880794687500002 0.312875 0.243841059375 0.300296875 0.23388520937499999 0.29476562500000003 0.2296247234375 0.29175 0.2154304640625 0.289734375 0.20761589374999997 0.29075 0.20262693125000003 0.293765625 0.19198675468749998 0.310859375 0.19269315625 0.313375 0.2083222953125 0.317390625 0.216136865625 0.321921875
3 0.188807946875 0.278828125 0.20735099375 0.288125 0.213509934375 0.28703124999999996 0.21273730624999998 0.275 0.211192053125 0.265171875 0.1903532015625 0.2580625 0.16719646875 0.25478125 0.1579249453125 0.25696875 0.1540838859375 0.27337500000000003 0.15637969062499998 0.275 0.1780132453125 0.275 0.188807946875 0.278828125
3 0.2543929359375 0.373421875 0.2592052984375 0.380234375 0.266423840625 0.38490625 0.27724061875 0.38875000000000004 0.2928918328125 0.395125 0.30251655624999996 0.387046875 0.3019205296875 0.37512500000000004 0.2940838859375 0.367453125 0.276048565625 0.36234375 0.2579911703125 0.36021875 0.2555849890625 0.363625 0.2549889625 0.367453125 0.2543929359375 0.373421875
3 0.30569536406250003 0.39315625 0.29278145625 0.39315625 0.2701766 0.384 0.25726269375 0.3878125 0.26262693125 0.400765625 0.2701766 0.406875 0.2755629140625 0.412203125 0.280949228125 0.4190625 0.3218543046875 0.4106875 0.3207726265625 0.40610937500000005 0.316467990625 0.398484375 0.30569536406250003 0.39315625
0 0.0408609265625 0.46834375 0.0633995578125 0.47559375 0.11260485625000001 0.477046875 0.16181015468749999 0.466890625 0.159757175 0.423359375 0.0756953640625 0.420453125 0.085960265625 0.41900000000000004 0.0695584984375 0.41900000000000004 0.0408609265625 0.46834375
0 0.2093156734375 0.8049531249999999 0.2252538625 0.720375 0.22046357656249999 0.722640625 0.21090507656250002 0.718125 0.20454746093749998 0.715875 0.1933774828125 0.710234375 0.17905077187500001 0.713609375 0.17426048593750001 0.7057187500000001 0.153554084375 0.70459375 0.13443708593749998 0.7091093749999999 0.13443708593749998 0.698953125 0.10894039687499998 0.6910624999999999 0.08505518749999999 0.6933125 0.06752759375 0.7012031249999999 0.038852096875 0.696703125 0.018145695312499998 0.7034687500000001 0.00220750625 0.697828125 0.003796909375 0.81059375 0.008587196875 0.80946875 0.1933774828125 0.8151093749999999 0.2093156734375 0.8049531249999999
0 0.11807947031249999 0.6705 0.11165562968750001 0.67853125 0.1156953640625 0.691484375 0.1305960265625 0.698375 0.1518101546875 0.696015625 0.1644370859375 0.686625 0.1604856515625 0.669015625 0.151192053125 0.6661406249999999 0.1416335546875 0.662578125 0.1271523171875 0.66296875 0.123642384375 0.66459375 0.11807947031249999 0.6705
0 0 0.698296875 0.27002207500000003 0.705765625 0.27739514375 0.684125 0.26158940468749997 0.652796875 0.2679249453125 0.5811875 0.35748344374999996 0.53046875 0.338520971875 0.49018750000000005 0.318498896875 0.46334375000000005 0.216269315625 0.458109375 0.0044591609375 0.48496875 0.00236203125 0.49093749999999997 0.0055187640625 0.5595625 0 0.698296875
3 0.25048565156249997 0.35554687500000004 0.25554083906249997 0.35846875 0.26057395156249996 0.358796875 0.2642384109375 0.356203125 0.266070640625 0.35359375000000004 0.2683664453125 0.350671875 0.2683664453125 0.3441875 0.266534215625 0.341265625 0.26150110312499997 0.33834375 0.2546136859375 0.33509375 0.24728476875 0.3325 0.243598234375 0.331515625 0.239006621875 0.331203125 0.2358057390625 0.333140625 0.233973509375 0.337046875 0.23260485625 0.33996875000000004 0.23030905000000002 0.344828125 0.23214127968749998 0.34775 0.24222958125 0.352296875 0.25048565156249997 0.35554687500000004
3 0.44240618125 0.34957812499999996 0.45309050781250004 0.356828125 0.4641721859375 0.356390625 0.4692052984375 0.35446875 0.4754966890625 0.349875 0.47737306874999996 0.342609375 0.473598234375 0.336828125 0.471523178125 0.3359375 0.4643929359375 0.333703125 0.4620971296875 0.33385937499999996 0.45309050781250004 0.334890625 0.446158940625 0.338890625 0.443443709375 0.341265625 0.44198675468750004 0.345421875 0.44240618125 0.34957812499999996
3 0.483841059375 0.35690625 0.49225165625 0.357609375 0.501324503125 0.355703125 0.5043487859375 0.35167187499999997 0.4966225171875 0.348328125 0.4919205296875 0.345484375 0.47845474687499995 0.35095312500000003 0.47913907343749995 0.35309375 0.483841059375 0.35690625
3 0.5347461375 0.32321875 0.5410375281250001 0.327359375 0.5450110375 0.32765625 0.5506622515624999 0.324703125 0.5546578359375001 0.32010937500000003 0.5565342156249999 0.31403125 0.551302428125 0.30839062500000003 0.543752759375 0.305125 0.5358057390625001 0.303046875 0.5311920531250001 0.3035 0.528476821875 0.30409375 0.518830021875 0.31209375 0.5171523171875 0.314765625 0.521346578125 0.319515625 0.5347461375 0.32321875
3 0.566490065625 0.33421875 0.558587196875 0.327359375 0.5504194265625 0.32609374999999996 0.5458278140624999 0.326640625 0.5458278140624999 0.32915625 0.55245033125 0.3333125 0.5506843265625 0.339984375 0.5499117 0.3446875 0.543532009375 0.34865625 0.5407284765625 0.35009375 0.5420088296875 0.35153124999999996 0.5494039734375 0.352796875 0.5519426046875 0.35748437499999997 0.5641942609374999 0.34973437500000004 0.566490065625 0.33421875
3 0.5292935984375 0.346515625 0.5434216328125 0.34859375 0.5499117 0.342765625 0.551081678125 0.33275 0.5446136859374999 0.32984375 0.5446136859374999 0.32734375 0.536357615625 0.32734375 0.5351876375 0.32484375 0.5216335546875001 0.32109375 0.52222958125 0.32359375 0.51222958125 0.32609374999999996 0.5063355406250001 0.33275 0.5181015453125 0.34192187500000004 0.5292935984375 0.346515625
3 0.4979690953125 0.378234375 0.5097351 0.38093750000000004 0.5167108171875 0.378234375 0.52273730625 0.368796875 0.5211479031249999 0.3609375 0.5167108171875 0.3575625 0.5071743921875 0.3575625 0.501147903125 0.3609375 0.49258278125 0.366546875 0.49227373124999996 0.37126562500000004 0.49258278125 0.37239062500000003 0.4979690953125 0.378234375
3 0.4829580578125 0.38268749999999996 0.4943929359375 0.38021875 0.4981898453125 0.375046875 0.496291390625 0.366953125 0.4854966890625 0.366734375 0.475982340625 0.3694375 0.4743929359375 0.37370312499999997 0.476291390625 0.3804375 0.4829580578125 0.38268749999999996
3 0.1598234 0.289921875 0.168763796875 0.28965625 0.17591611406250002 0.29674999999999996 0.186269315625 0.301546875 0.1866225171875 0.309140625 0.1909271515625 0.311421875 0.199845475 0.298265625 0.20022075 0.287890625 0.1959161140625 0.282828125 0.1916335546875 0.279546875 0.1780573953125 0.27549999999999997 0.1544591609375 0.274234375 0.1490949234375 0.27726562499999996 0.1448123625 0.282328125 0.1448123625 0.282828125 0.1519646796875 0.286625 0.1598234 0.289921875
3 0.3752759375 0.346875 0.3752759375 0.359375 0.3818984546875 0.3640625 0.3951434875 0.3640625 0.3995584984375 0.3609375 0.4216335546875 0.3640625 0.42384105937500005 0.378125 0.41942604843750003 0.38125 0.42347314062499997 0.3848958328125 0.41942604843750003 0.390625 0.42604856562500004 0.3953125 0.41891662500000004 0.40144230781249995 0.42269315625 0.40599999999999997 0.411784684375 0.407572115625 0.4145695359375 0.41156249999999994 0.4046527421875 0.4137019234375 0.406445915625 0.41712499999999997 0.39752080156249997 0.41983173125000006 0.39832229531249996 0.4226875 0.3903888609375 0.4259615390625 0.361861096875 0.45048076875 0.35770419375 0.4505 0.35472915625 0.45661057656250004 0.34958057343750004 0.4560625 0.350993378125 0.4625 0.341456953125 0.461625 0.3333333328125 0.4671875 0.3333333328125 0.4828125 0.33995585 0.490625 0.33995585 0.5015625 0.3598234 0.515625 0.35761589374999997 0.5328125 0.3642384109375 0.5375 0.37748344375 0.5375 0.3818984546875 0.534375 0.3907284765625 0.534375 0.39735099375 0.528125 0.39735099375 0.521875 0.388520971875 0.5140625 0.386313465625 0.5 0.39735099375 0.4953125 0.3995584984375 0.4859375 0.3929359828125 0.4796875 0.37086092656249997 0.478125 0.3532008828125 0.4625 0.4308167765625 0.40043749999999995 0.4304635765625 0.3953125 0.4657836640625 0.39375 0.47461368593750003 0.384375 0.49006622499999997 0.3828125 0.47902869687500005 0.3828125 0.47461368593750003 0.3734375 0.47902869687500005 0.36875 0.49227373124999996 0.3671875 0.4966887421875 0.3640625 0.49227373124999996 0.3578125 0.501103753125 0.3515625 0.50772626875 0.353125 0.509933775 0.3578125 0.516556290625 0.3578125 0.52759381875 0.3703125 0.5408388515625 0.3703125 0.54746136875 0.3640625 0.54746136875 0.3578125 0.5408388515625 0.3515625 0.536423840625 0.3515625 0.529801325 0.346875 0.5231788078124999 0.346875 0.516556290625 0.3421875 0.536423840625 0.328125 0.536423840625 0.325 0.5231788078124999 0.3203125 0.5143487859375 0.321875 0.5055187640625001 0.3125 0.4856512140625 0.3109375 0.47240618124999995 0.31875 0.4657836640625 0.3125 0.4459161140625 0.3140625 0.43267108125 0.3 0.41942604843750003 0.3 0.41280353124999997 0.3046875 0.4017660046875 0.3046875 0.3951434875 0.2984375 0.3818984546875 0.2984375 0.366445915625 0.309375 0.366445915625 0.31875 0.3730684328125 0.3234375 0.368653421875 0.3421875 0.3752759375 0.346875