2 0.69625 0.65925 0.70546875 0.6727708328124999 0.708234375 0.6567916671875 0.69809375 0.6457291671875 0.697171875 0.6223958328125 0.6934843749999999 0.6113333328125 0.687953125 0.608875 0.6833437499999999 0.61625 0.6833437499999999 0.6334375 0.6897968750000001 0.6494166671875 0.69625 0.65925
2 0.6865625 0.5557083328125 0.674 0.5486666671875 0.6607968750000001 0.5557083328125 0.65946875 0.5689166671875 0.662765625 0.5777291671875 0.667390625 0.5830208328125 0.676640625 0.5891875 0.698453125 0.58125 0.7004374999999999 0.5689166671875 0.6865625 0.5557083328125
2 0.78240625 0.5060208328125 0.796765625 0.48687500000000006 0.783109375 0.4801666671875 0.76875 0.4945416671875 0.75225 0.5117708328125 0.7479375 0.52325 0.754390625 0.5309166671875001 0.757984375 0.52325 0.765890625 0.5184583328125 0.7730625 0.5136875 0.78240625 0.5060208328125
2 0.7143125 0.5848958328125 0.7086875 0.6061458328125 0.704625 0.6244791671875001 0.7199375 0.6348958328125 0.723375 0.6257291671874999 0.724625 0.6003125 0.724625 0.5940624999999999 0.7224375000000001 0.5903125 0.7143125 0.5848958328125
2 0.930765625 0.5856874999999999 0.931203125 0.5740833328125 0.9290312500000001 0.5671041671875 0.9229218749999999 0.560125 0.9237968750000001 0.5508333328125 0.92815625 0.5322291671875 0.922046875 0.5264166671875 0.9189999999999999 0.5293125 0.916390625 0.5345625 0.90853125 0.5612916671875 0.904171875 0.5700000000000001 0.9015625 0.5781458328125 0.9033125 0.5938333328125001 0.9120312500000001 0.5973124999999999 0.9185625 0.603125 0.9216093750000001 0.603125 0.9272812500000001 0.5978958328124999 0.92771875 0.5978958328124999 0.930328125 0.5897708328125 0.930765625 0.5856874999999999
2 0.718296875 0.5026458328125 0.72984375 0.4840833328125 0.724078125 0.48 0.70675 0.49495833281249996 0.70946875 0.49856249999999996 0.708109375 0.5103541671875 0.722375 0.51125 0.7227187500000001 0.5089791671875 0.718296875 0.5026458328125
2 0.7898125 0.6545416671875001 0.796546875 0.6497499999999999 0.8043906249999999 0.645875 0.812671875 0.6333125 0.8057343749999999 0.6201666671875 0.802359375 0.6219583328125 0.799 0.6249583328125 0.7931874999999999 0.6264583328125 0.787578125 0.6279375 0.778171875 0.6288333328125 0.77390625 0.6309375 0.76875 0.6318333328125 0.766515625 0.6330208328125 0.7645 0.6366041671875 0.75934375 0.6375 0.751046875 0.6324166671875 0.7445625 0.6231666671875 0.7342500000000001 0.6249583328125 0.7264062499999999 0.6357083328125 0.735140625 0.6405000000000001 0.738734375 0.6494583328125 0.742546875 0.6548333328125 0.749703125 0.6590208328125 0.757109375 0.6593125 0.7597968749999999 0.6533333328125 0.76315625 0.6503541671875 0.7671875 0.6500416671875 0.774578125 0.6518541671875 0.775484375 0.6602083328125 0.7833281249999999 0.6655833328125 0.782875 0.6661875 0.7873593750000001 0.6628958328125 0.7898125 0.6545416671875001
2 0.8113906249999999 0.6867708328125001 0.8121562499999999 0.6983541671875 0.8198124999999999 0.703125 0.839703125 0.6912291671874999 0.84628125 0.6865833328125001 0.842796875 0.6767708328125 0.814140625 0.6674791671875 0.8090937500000001 0.6724583328125 0.8090937500000001 0.67825 0.8113906249999999 0.6867708328125001
2 0.70865625 0.6583958328125 0.730015625 0.6810625 0.736984375 0.6694375 0.751305803125 0.6825565484375 0.7509375 0.688625 0.7478906249999999 0.6990833328125 0.7557343750000001 0.7023375 0.7584665171875 0.6891160703125 0.7622656250000001 0.6880416671875 0.7656272328125 0.6956755953125 0.763578125 0.7055916671875 0.7727879468750001 0.70223511875 0.7714218749999999 0.7088458328125 0.787109375 0.7153541671875 0.788859375 0.7054791671875 0.7799486609375 0.70879464375 0.780578125 0.6973333328125 0.7714218749999999 0.6926875 0.7298375 0.6628125 0.70125 0.6363125000000001 0.70865625 0.6583958328125
2 0.64590625 0.5020625 0.64903125 0.5099791671875 0.64559375 0.5153958328125 0.65121875 0.5449791671875001 0.6574687499999999 0.5433125000000001 0.66215625 0.5553958328124999 0.67246875 0.5499791671875001 0.6718437500000001 0.5458125 0.66590625 0.5466458328125 0.65840625 0.5012291671875 0.6574687499999999 0.4966458328125 0.64590625 0.4953958328125 0.64590625 0.5020625
2 0.730546875 0.5383958328125 0.7205 0.5518125 0.729109375 0.5652083328125 0.733421875 0.555625 0.739171875 0.5451041671875 0.7377343749999999 0.5345833328125 0.730546875 0.5383958328125
2 0.883578125 0.5731041671875 0.897484375 0.58875 0.9022656250000001 0.5812083328125001 0.893140625 0.5690416671875 0.874875 0.5533958328125 0.8644375 0.5638124999999999 0.87575 0.5794791671875 0.883578125 0.5731041671875
2 0.73484375 0.6983125 0.7429218750000001 0.7270416671875 0.7436875 0.7578125 0.750609375 0.7670416671875 0.7740781250000001 0.759875 0.78678125 0.7567916671875 0.7894687499999999 0.7372916671875 0.784859375 0.7147291671875 0.74753125 0.6993333328125 0.749078125 0.6931666671875 0.746 0.6936875 0.73484375 0.6983125
2 0.6883680562500001 0.4203703703125 0.6453125 0.48333333281249996 0.6453125 0.49583333281249997 0.65625 0.48333333281249996 0.65625 0.496875 0.6671875 0.49791666718750005 0.6765625 0.5125 0.678125 0.5333333328125 0.6875 0.5354166671875 0.6890625 0.525 0.6953125 0.5208333328125 0.6984375 0.5284722234375 0.734375 0.5541666671875001 0.734375 0.5625 0.740625 0.5625 0.7421875 0.5520833328125 0.7578125 0.5520833328125 0.7578125 0.5625 0.7640625 0.5645833328125 0.763671875 0.5697916671875001 0.78125 0.5916666671875 0.778125 0.5979166671875 0.7796875 0.6104166671875 0.790625 0.6104166671875 0.79375 0.6020833328124999 0.7984375 0.6020833328124999 0.8078125 0.59375 0.8140625 0.6020833328124999 0.8203125 0.6020833328124999 0.8203125 0.5520833328125 0.84921875 0.5427083328125 0.8625 0.61875 0.859375 0.625 0.85 0.6291666671875 0.846875 0.6625 0.8578125 0.6645833328124999 0.865625 0.6541666671875 0.871484375 0.6520833328125 0.878125 0.6729166671875 0.8859375 0.675 0.890625 0.6604166671875 0.8833333328125 0.63680555625 0.890625 0.6208333328125 0.8828125 0.61875 0.8802083328125001 0.6211309515625001 0.8515625 0.5130952375 0.8435267859375 0.5101190484375 0.8489583328125001 0.5032738109375 0.8416294640625 0.4992559515625 0.8463541671874999 0.49345238125 0.8397321421875 0.48839285625000006 0.84375 0.4836309515625 0.837834821875 0.4775297625 0.8411458328125001 0.4738095234375 0.8453125 0.475 0.85 0.47291666718750003 0.85 0.45416666718750004 0.8385416671874999 0.4639880953125 0.8375 0.45208333281249996 0.8359375 0.45416666718750004 0.8296875 0.45208333281249996 0.7828125 0.45208333281249996 0.778125 0.45 0.775 0.45208333281249996 0.7671875 0.45208333281249996 0.723125 0.42833333281249997 0.715625 0.4270833328125 0.71578125 0.42437500000000006 0.7084374999999999 0.4204166671875 0.7067708328125 0.41319444375 0.7140625 0.39375 0.709375 0.38125 0.7 0.38333333281250004 0.696875 0.40625 0.69375 0.4125 0.69375 0.42291666718750004 0.6883680562500001 0.4203703703125