2 0.5074166671875 0.6606875 0.4989166671875 0.6743125 0.47450000000000003 0.7070937500000001 0.5011875 0.72071875 0.5375208328125 0.748828125 0.5783750000000001 0.7560625 0.6113125 0.75009375 0.6255 0.744140625 0.6362916671875001 0.724125 0.6345833328125 0.704546875 0.6237916671875 0.6832499999999999 0.6027916671875 0.67303125 0.5607916671875001 0.651328125 0.5272916671875 0.6564375 0.5074166671875 0.6606875
2 0.8587916671875 0.692984375 0.8029375 0.725203125 0.8867291671875 0.7558125 0.9189375 0.7558125 0.9640625 0.7445468749999999 0.9855416671875 0.733265625 1 0.69459375 0.9855416671875 0.6688125 0.8695416671875 0.64303125 0.8673958328125 0.65753125 0.8652291671875 0.676875 0.8587916671875 0.692984375
2 0.8323333328125001 0.8469843750000001 0.8538125000000001 0.8598750000000001 0.8774583328125001 0.8663125 0.9032291671875001 0.86309375 0.9333125000000001 0.84859375 0.9397500000000001 0.8340937500000001 0.9483333328124999 0.813140625 0.9182708328125001 0.77446875 0.8645625000000001 0.7503124999999999 0.8044166671875 0.72775 0.7571458328125 0.72775 0.7335208328125 0.73096875 0.7335208328125 0.766421875 0.7700416671875 0.795421875 0.8044166671875 0.8195937499999999 0.8130000000000001 0.82603125 0.8323333328125001 0.8469843750000001
2 0.6943333328125 0.7005625 0.7175833328125 0.7085625 0.7263124999999999 0.7150937500000001 0.7263124999999999 0.729640625 0.7660625 0.726734375 0.7990208328125 0.72528125 0.8377916671875001 0.710734375 0.8658958328124999 0.69184375 0.8717083328124999 0.649671875 0.8503958328125 0.614765625 0.7883541671875001 0.59878125 0.7447291671875 0.600234375 0.7175833328125 0.6075 0.7069166671875 0.62059375 0.7020833328125 0.650390625 0.6778541671875 0.67365625 0.6497291671875 0.6758437500000001 0.6565208328125001 0.6925625 0.6943333328125 0.7005625
2 0.6773541671875 0.663703125 0.6982083328125 0.6363125000000001 0.7034374999999999 0.604046875 0.683875 0.59034375 0.6590833328125 0.579578125 0.6512708328125 0.57665625 0.6395208328125 0.57665625 0.6199583328125 0.57371875 0.6069166671875 0.577625 0.5899583328125 0.59034375 0.5821458328125 0.602078125 0.563875 0.614796875 0.563875 0.6324062500000001 0.563875 0.641203125 0.5665 0.6363125000000001 0.5795416671875 0.6646875 0.6225625 0.6725156250000001 0.653875 0.6744687500000001 0.6773541671875 0.663703125
2 0.40149999999999997 0.7595468750000001 0.3865208328125 0.6809062499999999 0.3535625 0.67640625 0.3086041671875 0.6494375 0.2816458328125 0.6516875 0.2816458328125 0.6719062499999999 0.2666666671875 0.7483125 0.2786458328125 0.8202187500000001 0.3116041671875 0.8427031250000001 0.3565625 0.840453125 0.37454166718750004 0.82696875 0.40149999999999997 0.7595468750000001
2 0.5437916671874999 0.87115625 0.5868541671874999 0.8951874999999999 0.63875 0.9018124999999999 0.6752083328125 0.900984375 0.7028125000000001 0.88109375 0.7160624999999999 0.8628750000000001 0.7403541671875 0.8752968750000001 0.772375 0.8728125 0.7999791671875001 0.8463125 0.7999791671875001 0.81153125 0.7657499999999999 0.7875156249999999 0.7381458328125 0.765140625 0.7370416671875 0.745265625 0.7348333328125001 0.71628125 0.6906666671874999 0.692265625 0.6475833328125 0.693921875 0.6431666671875 0.712140625 0.6277083328125 0.7402968750000001 0.5890625 0.758515625 0.5415833328125 0.758515625 0.5349583328125 0.782546875 0.5139583328125 0.7999375 0.48966666718749996 0.81153125 0.48745833281250006 0.8198124999999999 0.48745833281250006 0.82478125 0.5437916671874999 0.87115625
2 0.5229375 0.7867031250000001 0.5356875 0.7611875 0.5356875 0.7505625 0.4846666671875 0.7154843750000001 0.3982083328125 0.720796875 0.399625 0.723984375 0.4067083328125 0.7739375 0.399625 0.795203125 0.4733333328125 0.81753125 0.5229375 0.7867031250000001
2 0.355125 0.6754374999999999 0.38145833281249997 0.67909375 0.3824166671875 0.67909375 0.394125 0.6893281250000001 0.3951041671875 0.709078125 0.3970416671875 0.71271875 0.41752083281249996 0.7215 0.461375 0.716375 0.4730833328125 0.7046875 0.5140208328125 0.6600937499999999 0.490625 0.64546875 0.47502083281249996 0.64765625 0.4643125 0.6557031249999999 0.4370208328125 0.6542343749999999 0.43116666718749996 0.64546875 0.41752083281249996 0.6542343749999999 0.40679166718750004 0.648390625 0.40093750000000006 0.64546875 0.3951041671875 0.64546875 0.3902291671875 0.646921875 0.3853541671875 0.648390625 0.3833958328125 0.650578125 0.3756041671875 0.6608125 0.36389583281250004 0.665203125 0.3570833328125 0.66740625 0.355125 0.6754374999999999
2 0.1244166671875 0.76128125 0.1314166671875 0.7402656249999999 0.10106250000000001 0.74903125 0.0637083328125 0.7630312499999999 0.0170208328125 0.782296875 0.0006875 0.8138125 0.0076875 0.845328125 0.0333541671875 0.86984375 0.0590416671875 0.88734375 0.0917291671875 0.8750937499999999 0.1617708328125 0.799796875 0.1641041671875 0.796296875 0.1360833328125 0.789296875 0.1244166671875 0.76128125
2 0.0749166671875 0.67121875 0 0.6937031250000001 0.0103958328125 0.78115625 0.1507083328125 0.730140625 0.20074999999999998 0.7049375 0.1617916671875 0.6487499999999999 0.0749166671875 0.67121875