3 0.7685833328125 0.562203125 0.8727291671874999 0.5654375 0.9220625 0.534265625 0.942 0.46154687499999997 0.8796458328125001 0.399203125 0.8173125000000001 0.38621875 0.7742291671875 0.385078125 0.7761875 0.386859375 0.716875 0.41218750000000004 0.6926458328125 0.46154687499999997 0.7142708328125 0.524703125 0.7685833328125 0.562203125
3 0.7580833328125001 0.67490625 0.7923541671875001 0.6235 0.7786458328125 0.546390625 0.7078125 0.50696875 0.6278541671875 0.512109375 0.5775833328125 0.5498125 0.5547291671875 0.6149375 0.5912916671875 0.67490625 0.67125 0.690328125 0.7146666671874999 0.688625 0.7580833328125001 0.67490625
3 0.5237083328125001 0.587171875 0.5333958328125 0.550890625 0.5333958328125 0.520421875 0.5179166671875 0.5059218750000001 0.4772708328125 0.49140625 0.4405208328125 0.485609375 0.4056875 0.47834374999999996 0.37475 0.492859375 0.3399166671875 0.514625 0.3205625 0.549453125 0.3225 0.5857187500000001 0.3379791671875 0.610390625 0.3921458328125 0.64521875 0.4289166671875 0.6524687499999999 0.4134375 0.640859375 0.47920833281249997 0.6394062500000001 0.5024375 0.622 0.5140416671875 0.60603125 0.5237083328125001 0.587171875
3 0.389875 0.704484375 0.388 0.74915625 0.4084791671875 0.7603125000000001 0.4159166671875 0.782640625 0.5037083328125 0.8083750000000001 0.5488958328125 0.797359375 0.5816458328125 0.7795625 0.607625 0.73975 0.6065 0.705859375 0.5839166671875 0.676203125 0.5443749999999999 0.640625 0.5014375 0.6389218750000001 0.454 0.647390625 0.4215 0.665421875 0.3991666671875 0.6835625000000001 0.389875 0.704484375
3 0.5388541671875 0.5391250000000001 0.5906666671874999 0.53134375 0.6942916671875 0.5054375 0.6942916671875 0.46140625 0.6770208328125 0.386265625 0.5665 0.3551875 0.5043124999999999 0.38109375 0.4697708328125 0.43290625 0.4766875 0.47435937499999997 0.4939583328125 0.500265625 0.5388541671875 0.5391250000000001
3 0.6424791671875 0.8370468750000001 0.69775 0.87071875 0.7599375 0.8862656250000001 0.8082916671874999 0.8836718749999999 0.8359166671875 0.8551875000000001 0.8704583328125001 0.8215 0.8670208328125 0.785234375 0.8531875 0.7411875 0.801375 0.699734375 0.7495625 0.689375 0.6355833328125 0.707515625 0.6217708328125 0.74378125 0.6217708328125 0.787828125 0.6424791671875 0.8370468750000001
3 0.3692083328125 0.6852031249999999 0.3287291671875 0.656875 0.242375 0.6507968749999999 0.177625 0.679125 0.1452291671875 0.735796875 0.1614166671875 0.79853125 0.2046041671875 0.82484375 0.2801458328125 0.83496875 0.30714583281249996 0.8309218749999999 0.3449166671875 0.812703125 0.3772916671875 0.754015625 0.3692083328125 0.6852031249999999
3 1 0.55584375 0.9558541671875 0.51428125 0.8103958328124999 0.571421875 0.7480416671875 0.680515625 0.8450208328125 0.729875 0.8761875 0.8285781249999999 0.9939375 0.8675312500000001 1 0.683109375 1 0.55584375
3 0.3269375 0.516828125 0.3572916671875 0.510328125 0.4136875 0.47778124999999994 0.43104166718750003 0.4636875 0.43393750000000003 0.44090625 0.43393750000000003 0.439828125 0.42814583281249996 0.407296875 0.39056250000000003 0.37692187499999996 0.3544166671875 0.36390625 0.2994583328125 0.362828125 0.2531875 0.37692187499999996 0.23583333281250002 0.41271874999999997 0.2286041671875 0.421390625 0.234375 0.46476562499999996 0.2633125 0.49839062500000003 0.2893333328125 0.5114062500000001 0.3269375 0.516828125
3 0.6510833328125 0.8205625 0.505625 0.802375 0.47791666718750003 0.81796875 0.4536875 0.9010781250000001 0.4883125 0.9789999999999999 0.647625 0.9764062499999999 0.68225 0.8932968750000001 0.6510833328125 0.8205625
3 0.3705625 0.97871875 0.4190416671875 0.916375 0.41558333281250004 0.887515625 0.3393958328125 0.8381718749999999 0.24241666718750002 0.8615468749999999 0.20779166718750003 0.9550468750000001 0.3705625 0.97871875
3 0.24737499999999998 0.6525000000000001 0.2733541671875 0.64990625 0.2941458328125 0.64340625 0.3010833328125 0.63040625 0.3132083328125 0.6096250000000001 0.3166666671875 0.582328125 0.321875 0.548546875 0.3114791671875 0.5225625 0.2664375 0.504375 0.2300416671875 0.50178125 0.1884583328125 0.509578125 0.16075 0.51996875 0.148625 0.5368593749999999 0.1399583328125 0.56025 0.1399583328125 0.586234375 0.1572916671875 0.64990625 0.15902083281249998 0.651203125 0.20406249999999998 0.657703125 0.24737499999999998 0.6525000000000001
3 1 0.394078125 0.9913541671875 0.33709375 0.953375 0.316359375 0.8842916671875001 0.31378125 0.8393750000000001 0.32414062499999996 0.8082916671874999 0.350046875 0.81175 0.373359375 0.8911875 0.419984375 0.9395416671874999 0.42257812499999997 1 0.419984375 1 0.394078125
3 0.0020833328125000002 0.9609375 0.0208333328125 0.978125 0.05 0.9921875 0.0895833328125 0.9984375 0.1125 0.996875 0.1416666671875 0.9890625 0.175 0.9671875 0.1916666671875 0.94375 0.19583333281249998 0.928125 0.2104166671875 0.9046875 0.21458333281250003 0.8890625 0.2125 0.8578125 0.20208333281250002 0.8375 0.1729166671875 0.8125 0.1520833328125 0.8046875 0.15 0.8015625 0.13333333281249998 0.796875 0.1416666671875 0.7859375 0.15 0.7546875 0.1458333328125 0.7390625 0.14791666718750002 0.725 0.1416666671875 0.7015625 0.125 0.6828125 0.1270833328125 0.6234375 0.1395833328125 0.584375 0.1416666671875 0.55625 0.14791666718750002 0.5390625 0.1604166671875 0.51875 0.16458333281249998 0.4984375 0.1708333328125 0.49375 0.19583333281249998 0.484375 0.20537280624999998 0.47541118437499996 0.2146381578125 0.47175164531249997 0.2208333328125 0.4640625 0.2239035078125 0.46809210468750007 0.24255482499999997 0.4606578953125 0.24217105156250002 0.4534703953125 0.2518804828125 0.4569407890625 0.25260965 0.45300986875 0.2612061390625 0.453223684375 0.2705317984375 0.4495065796875 0.27348684218749997 0.452088815625 0.27985745624999997 0.44578947343750003 0.2839254390625 0.45162828906249997 0.4300657890625 0.4451809203125 0.4328125 0.44609375 0.4322916671875 0.4546875 0.42291666718750004 0.475 0.4375 0.484375 0.475 0.4921875 0.48333333281249996 0.4875 0.48333333281249996 0.484375 0.4770833328125 0.475 0.4720833328125 0.44125 0.4822587734375 0.44287828906250004 0.6910307015625 0.4336677625 0.6895833328125 0.4421875 0.7 0.4453125 0.7048611109375 0.4359375 0.90625 0.4265625 0.9275 0.448125 0.9409722234375 0.47239583281249997 0.9395833328125001 0.4921875 0.93125 0.5015625 0.9270833328125001 0.521875 0.93125 0.525 0.94375 0.5203125 0.9791666671874999 0.5375 0.9715277765625 0.5302083328125 0.9895833328125001 0.5265625 0.9979166671874999 0.5015625 0.9485576921875 0.458653846875 0.9416666671874999 0.4625 0.9345833328125 0.45531249999999995 0.9415064109375001 0.4525240390625 0.9425595234375 0.4484375 0.9979166671874999 0.4203125 0.9875 0.421875 0.9833114046875 0.4207730265625 0.9673611109375001 0.4223958328125 0.9624342109375 0.4216940796875 0.9541666671875 0.4234375 0.9519956140625 0.4221546046875 0.920679825 0.42353618437499996 0.9182291671874999 0.422265625 0.9102412265625001 0.42399671093749997 0.90625 0.421875 0.89980263125 0.4244572375 0.7119078937500001 0.4327467109375 0.7097222234375 0.4265625 0.7145833328125 0.4171875 0.7208333328125 0.4109375 0.7708333328125 0.390625 0.7770833328125 0.3859375 0.8166666671874999 0.3859375 0.81875 0.378125 0.8125 0.375 0.8104166671874999 0.35703125 0.8125 0.346875 0.8270833328125 0.334375 0.81875 0.3296875 0.7979166671875 0.3296875 0.7729166671875001 0.334375 0.6375 0.334375 0.63125 0.3375 0.5125 0.340625 0.5 0.34375 0.4875 0.353125 0.4791666671875 0.35 0.475 0.34375 0.46458333281249997 0.3375 0.39791666718749996 0.3375 0.3854166671875 0.3453125 0.3625 0.34375 0.3541666671875 0.340625 0.29375 0.340625 0.2520833328125 0.35 0.2416666671875 0.3578125 0.23541666718749998 0.359375 0.21875 0.3734375 0.19583333281249998 0.35625 0.17916666718750002 0.3484375 0.1458333328125 0.3421875 0.1458333328125 0.3328125 0.1395833328125 0.3265625 0.1270833328125 0.3265625 0.1208333328125 0.33125 0.11875 0.3390625 0.1145833328125 0.3421875 0.0666666671875 0.3546875 0.04375 0.3671875 0.03125 0.378125 0.0208333328125 0.390625 0.0125 0.4109375 0.0125 0.440625 0.0208333328125 0.4609375 0.0229605265625 0.46314144687500003 0.0020833328125000002 0.4640625 0.0004629625 0.5236111109375 0 0.540625 0.061887254687500004 0.5810661765625 0.0020833328125000002 0.628125 0.0020833328125000002 0.9609375