3 0.410734375 0.0886666671875 0.39334375 0.1135 0.37098437500000003 0.1234375 0.36353125 0.12593749999999998 0.339296875 0.12677083281249998 0.34178125000000004 0.1383541671875 0.348 0.1573958328125 0.366015625 0.18472916718750002 0.388375 0.1955 0.41881250000000003 0.1897083328125 0.441796875 0.1681666671875 0.448625 0.14664583281250002 0.451734375 0.10687500000000001 0.44551562499999997 0.0861666671875 0.4380625 0.0696041671875 0.428125 0.058854167187499994 0.42689062499999997 0.0547083328125 0.42253125 0.058854167187499994 0.410734375 0.0886666671875
3 0.487203125 0.1787291671875 0.493078125 0.1875208328125 0.509953125 0.1894791671875 0.518015625 0.1806875 0.53415625 0.1699166671875 0.5422343749999999 0.1601458328125 0.542953125 0.1464375 0.522421875 0.1435208328125 0.51215625 0.1376458328125 0.511421875 0.1200416671875 0.49967187500000004 0.104375 0.49967187500000004 0.0916666671875 0.50628125 0.0681875 0.49675 0.0681875 0.48646874999999995 0.062333332812499996 0.485 0.07112500000000001 0.48793749999999997 0.0848125 0.482796875 0.08775 0.48646874999999995 0.0985208328125 0.48646874999999995 0.1258958328125 0.47326562499999997 0.1679583328125 0.47253125 0.1650208328125 0.47253125 0.16893750000000002 0.487203125 0.1787291671875
3 0.5527031250000001 0.1822916671875 0.566640625 0.22337500000000002 0.598921875 0.22337500000000002 0.6224062499999999 0.212625 0.634140625 0.1911041671875 0.643671875 0.1637083328125 0.64146875 0.1255625 0.629734375 0.1011041671875 0.61065625 0.0913333328125 0.6077343749999999 0.1020833328125 0.592328125 0.09620833281249999 0.5871875 0.1099166671875 0.5761875 0.1333958328125 0.5527031250000001 0.1529583328125 0.554171875 0.1529583328125 0.549765625 0.1637083328125 0.5527031250000001 0.1822916671875
3 0.738 0.2024375 0.738 0.177125 0.7277812499999999 0.16154166718750002 0.717546875 0.1498541671875 0.70440625 0.1498541671875 0.697828125 0.15277083281249998 0.6846875 0.1741875 0.680296875 0.1975625 0.6846875 0.2345625 0.697828125 0.2452708328125 0.7263124999999999 0.22872916718749997 0.738 0.2024375
3 0.763015625 0.26345833281250003 0.7595468750000001 0.2808333328125 0.7504062499999999 0.2941666671875 0.737375 0.3005416671875 0.7565000000000001 0.3109791671875 0.7708437499999999 0.3127291671875 0.783890625 0.3127291671875 0.792578125 0.3069166671875 0.79953125 0.29939583281250004 0.8065 0.2854791671875 0.804328125 0.2703958328125 0.802140625 0.2582291671875 0.7951875 0.2472291671875 0.7812812499999999 0.2448958328125 0.7708437499999999 0.24375 0.765625 0.2408333328125 0.7634531250000001 0.2448958328125 0.763015625 0.26345833281250003
3 0.810671875 0.2694791671875 0.816609375 0.2724791671875 0.8214375 0.27891666718749997 0.8243281250000001 0.2793333328125 0.829140625 0.27912499999999996 0.834125 0.2684166671875 0.8342812500000001 0.2639166671875 0.8344531249999999 0.2532083328125 0.8334843749999999 0.2495625 0.830265625 0.2414166671875 0.8278593750000001 0.24035416718749997 0.827546875 0.24206249999999999 0.8198281250000001 0.2485 0.809546875 0.24912499999999999 0.809390625 0.2480625 0.809546875 0.2688333328125 0.810671875 0.2694791671875
3 0.501296875 0.10647916718749999 0.51878125 0.1375625 0.545984375 0.1505208328125 0.575125 0.1375625 0.592609375 0.0935208328125 0.588734375 0.0494791671875 0.567359375 0.0183958328125 0.532390625 0.0054375 0.5148906249999999 0.0417083328125 0.503234375 0.08056250000000001 0.501296875 0.10647916718749999
3 0.8355937499999999 0.13387500000000002 0.830515625 0.1390625 0.8343906249999999 0.1462291671875 0.83709375 0.1518125 0.8415781250000001 0.16458333281249998 0.8451562499999999 0.165375 0.84784375 0.163375 0.855328125 0.1689583328125 0.8616093749999999 0.17135416718750002 0.8654999999999999 0.1657708328125 0.8654999999999999 0.1558125 0.8640000000000001 0.1454375 0.8598125 0.1390625 0.85503125 0.1390625 0.854125 0.1354791671875 0.85353125 0.1282916671875 0.8424687499999999 0.1183333328125 0.8355937499999999 0.1243125 0.835 0.1235208328125 0.8343906249999999 0.1275 0.8355937499999999 0.13387500000000002
3 0.768390625 0.1040416671875 0.771046875 0.1048541671875 0.773921875 0.1070416671875 0.7704375 0.1097708328125 0.774125 0.11141666718750001 0.7708437499999999 0.1174375 0.772078125 0.1185208328125 0.774953125 0.1234583328125 0.77228125 0.1234583328125 0.776171875 0.1281041671875 0.7784375 0.1346666671875 0.782328125 0.1417708328125 0.78396875 0.15079166718749998 0.782734375 0.1606458328125 0.782734375 0.16583333281249998 0.7858125 0.1639375 0.78971875 0.16475 0.79115625 0.1628333328125 0.799765625 0.1521666671875 0.8075625000000001 0.14150000000000001 0.809203125 0.12481249999999999 0.8067343749999999 0.11114583281249998 0.8012499999999999 0.1013958328125 0.7880625 0.0919375 0.77421875 0.09329166718750001 0.76678125 0.1000416671875 0.766125 0.10347916718750001 0.7673593750000001 0.1015625 0.768390625 0.1040416671875
3 0.409578125 0.0053124999999999995 0.2885625 0.0035416671875 0.284578125 0.030145832812500002 0.289890625 0.0567291671875 0.29521875 0.0797916671875 0.30851562499999996 0.1170208328125 0.3178125 0.12410416718749999 0.332453125 0.1276666671875 0.340421875 0.1258958328125 0.33776562499999996 0.1294375 0.394953125 0.1134791671875 0.41489062499999996 0.08156250000000001 0.42154687500000004 0.039 0.409578125 0.0053124999999999995
3 0.64090625 0.23635416718750002 0.6525937500000001 0.2571458328125 0.660390625 0.24674999999999997 0.68571875 0.22337500000000002 0.679875 0.1844166671875 0.6642812499999999 0.1506458328125 0.64090625 0.1714375 0.633109375 0.2 0.633109375 0.2285625 0.64090625 0.23635416718750002
3 0.334359375 0.8935625 0.318984375 0.8683333328125 0.29178125 0.86675 0.2693125 0.8825208328124999 0.26340625 0.9077500000000001 0.265765625 0.9424374999999999 0.27878125 0.9597916671875 0.303609375 0.9534791671875 0.324890625 0.9534791671875 0.329625 0.92825 0.334359375 0.8935625
3 0.155671875 0 0.134390625 0.0035208328125000002 0.140578125 0.0473958328125 0.16496875 0.08197916718750001 0.197875 0.1005625 0.230015625 0.1031458328125 0.26603125 0.0763125 0.275703125 0.0551458328125 0.280734375 0.006625000000000001 0.27918750000000003 0 0.155671875 0
3 0.55625 0 0.5482536765625 0.0028186265625 0.55 0.0125 0.540257353125 0.0056372546875 0.5082720593750001 0.0169117640625 0.509375 0.025 0.5002757359375 0.0197303921875 0.4922794125 0.02254901875 0.490625 0.0166666671875 0.4828125 0.014583332812499999 0.4796875 0.00625 0.4734375 0.0020833328125000002 0.465625 0.0020833328125000002 0.4609375 0.010416667187500001 0.446875 0.0041666671875 0.4390625 0.0041666671875 0.4359375 0.0083333328125 0.4359375 0.0208333328125 0.4390625 0.025 0.4443014703125 0.0394607828125 0.434375 0.0416666671875 0.4283088234375 0.0450980390625 0.4234375 0.0395833328125 0.4203125 0.0479166671875 0.4203125 0.05625 0.418682065625 0.0581068828125 0.2866168484375 0.8835144937500001 0.028437499999999998 0.8070833328125 0.023108553125 0.80383771875 0.028125 0.7958333328125 0.0203125 0.7854166671875 0.0109375 0.7895833328124999 0.009375 0.79375 0.016241776562499997 0.7987938609375 0.0098958328125 0.8041666671875 0.0109375 0.825 0.0078125 0.88125 0.0125 0.8875 0.021875 0.8875 0.0265625 0.8791666671874999 0.0296875 0.8520833328125 0.028749999999999998 0.8183333328125 0.029975329687500003 0.8088815796875 0.2634457234375 0.9803728062499999 0.271942934375 0.9752264500000001 0.2703125 0.9854166671875 0.2671875 0.9895833328125001 0.26875 1 0.284375 1 0.28125 0.9875 0.3046875 0.9791666671874999 0.315625 0.9979166671874999 0.3296875 1 0.4890625 1 0.51875 0.99375 0.5203125 1 0.5359375 1 0.5328125 0.9916666671875 0.53478084375 0.9896645015625 0.4491883109375 0.2248376625 0.450229978125 0.2234487734375 0.44803165624999997 0.2145021640625 0.4501149890625 0.21172438750000003 0.446875 0.20416666718749998 0.45 0.2 0.4796875 0.1770833328125 0.5671875 0.2416666671875 0.565625 0.2666666671875 0.5703125 0.27291666718749996 0.5875 0.27291666718749996 0.590625 0.26875 0.6109375 0.2625 0.628125 0.29375 0.6390625 0.29375 0.646875 0.28125 0.6546875 0.28125 0.659375 0.2770833328125 0.665625 0.28958333281250004 0.6734375 0.29375 0.675 0.3020833328125 0.6796875 0.3083333328125 0.6921875 0.30625 0.69453125 0.3140625 0.6921875 0.31875 0.696875 0.325 0.703125 0.325 0.70546875 0.3296875 0.7109375 0.3291666671875 0.7109375 0.3375 0.7078125 0.3416666671875 0.7078125 0.3541666671875 0.7109375 0.3583333328125 0.721875 0.35625 0.7234375 0.34375 0.7265625 0.3395833328125 0.73125 0.3458333328125 0.7359375 0.3458333328125 0.759375 0.3625 0.784375 0.3708333328125 0.796875 0.3708333328125 0.803125 0.35625 0.809375 0.35208333281250004 0.821875 0.3541666671875 0.8234375 0.3625 0.828125 0.36875 0.8375 0.36875 0.840625 0.3645833328125 0.8421875 0.35 0.859375 0.3645833328125 0.8765625 0.3645833328125 0.88125 0.3583333328125 0.8890625 0.3395833328125 0.8890625 0.33125 0.884375 0.3229166671875 0.8796875 0.32083333281250004 0.8796875 0.3145833328125 0.8859375 0.30416666718749996 0.884375 0.2708333328125 0.8796875 0.25833333281250004 0.8859375 0.2520833328125 0.890625 0.2520833328125 0.896875 0.24375 0.8984375 0.23125 0.8921875 0.2208333328125 0.8921875 0.1833333328125 0.89375 0.1708333328125 0.890625 0.16458333281249998 0.8890625 0.15 0.8828125 0.14375 0.871875 0.14791666718750002 0.865625 0.1708333328125 0.861337209375 0.16894379843750001 0.8609375 0.1729166671875 0.85625 0.175 0.8539244187499999 0.16497093125 0.8421875 0.1666666671875 0.83125 0.1416666671875 0.8359375 0.125 0.8421875 0.11875 0.84375 0.0979166671875 0.8375 0.08541666718749999 0.8359375 0.0645833328125 0.828125 0.05208333281250001 0.83125 0.025 0.8265625 0.0166666671875 0.8203125 0.014583332812499999 0.809375 0 0.7890625 0 0.778125 0.010416667187500001 0.7703125 0.0083333328125 0.7671875 0.0020833328125000002 0.7234375 0.0020833328125000002 0.7203125 0.0166666671875 0.715625 0.01875 0.709375 0.0125 0.6859375 0.0125 0.6828125 0.0166666671875 0.6765625 0.0166666671875 0.671875 0.0229166671875 0.66875 0.0354166671875 0.65625 0.0333333328125 0.64921875 0.048263889062499996 0.634375 0.0354166671875 0.6390625 0.0229166671875 0.6390625 0.014583332812499999 0.63125 0.0041666671875 0.6234375 0.00625 0.6203125 0 0.55625 0