2 0.3053 0.45648 0.32648 0.4353066671875 0.30176 0.4 0.2947 0.40941333281250003 0.28058 0.4353066671875 0.28058 0.44941333281249995 0.28058 0.4776533328125 0.28412000000000004 0.4776533328125 0.29294 0.4588266671875 0.3053 0.45648
2 0.27268 0.4598133328125 0.27832 0.4419466671875 0.27974 0.42031999999999997 0.27762 0.40903999999999996 0.26562 0.3930666671875 0.24518 0.38365333281249997 0.2198 0.3911733328125 0.20992000000000002 0.40903999999999996 0.21061999999999997 0.4334933328125 0.21274 0.45039999999999997 0.22544 0.4664 0.25012 0.47016 0.25012 0.47392 0.26492 0.4664 0.27268 0.4598133328125
2 0.30102 0.20384000000000002 0.28028 0.18437333281249998 0.25264000000000003 0.1864266671875 0.26492 0.22944 0.27952 0.26528 0.29872 0.2427466671875 0.30179999999999996 0.24378666718750003 0.30794 0.24378666718750003 0.30102 0.20384000000000002
2 0.27364 0.2463466671875 0.24009999999999998 0.22656 0.2198 0.2411466671875 0.21511999999999998 0.2796266671875 0.24244 0.2910666671875 0.25179999999999997 0.2869066671875 0.26974 0.2671466671875 0.27364 0.2463466671875
2 0.3507 0.3162933328125 0.36042 0.2944 0.36468 0.2684533328125 0.36346 0.2636 0.36042 0.25792000000000004 0.35312 0.25144 0.34462000000000004 0.24821333281250002 0.33368000000000003 0.24821333281250002 0.31968 0.25306666718750004 0.313 0.25712 0.30754000000000004 0.26928 0.30388000000000004 0.28224 0.31178 0.3138666671875 0.3361 0.32114666718749996 0.34704 0.32114666718749996 0.3507 0.3162933328125
2 0.3528 0.20912000000000003 0.35412 0.1994666671875 0.35082 0.1827733328125 0.33368000000000003 0.1730933328125 0.3126 0.1730933328125 0.3014 0.18365333281250001 0.29876 0.1959466671875 0.3014 0.2003466671875 0.30338 0.2214133328125 0.3047 0.2222933328125 0.30863999999999997 0.2398666671875 0.31984 0.24690666718749998 0.33565999999999996 0.24338666718750002 0.3528 0.20912000000000003
2 0.17328 0.4410666671875 0.20468000000000003 0.44664000000000004 0.21095999999999998 0.44664000000000004 0.22142 0.42152 0.21724000000000002 0.38944 0.22876 0.3796533328125 0.2455 0.3601333328125 0.25701999999999997 0.3364 0.24445999999999998 0.30152 0.2277 0.2847733328125 0.17538 0.30152 0.15026 0.31128 0.13666 0.3657066671875 0.13666 0.40199999999999997 0.12304 0.42712000000000006 0.10944000000000001 0.4675733328125 0.13038 0.5010666671874999 0.14608000000000002 0.5164266671875 0.18166 0.5192266671875 0.1984 0.47874666718750003 0.1963 0.4648 0.17642 0.44245333281250004 0.17328 0.4410666671875
2 0.26876 0.33872 0.29914 0.32376 0.30510000000000004 0.3166933328125 0.30310000000000004 0.29645333281249997 0.2965 0.2814666671875 0.28262 0.27970666718750004 0.27074 0.2717866671875 0.2529 0.2761866671875 0.24562 0.29645333281249997 0.24562 0.3061333328125 0.25817999999999997 0.34312 0.26876 0.33872
2 0.30012 0.19744 0.30168 0.18231999999999998 0.30424 0.17751999999999998 0.31248 0.1734133328125 0.33204 0.17272 0.32998 0.1624266671875 0.32277999999999996 0.1486933328125 0.31454 0.1473333328125 0.30528 0.1459466671875 0.30116 0.1445866671875 0.2955 0.1432 0.28828 0.1404533328125 0.27644 0.1397866671875 0.27232 0.14184000000000002 0.26564 0.15624 0.27284 0.17957333281250001 0.27644 0.18096 0.30064 0.20293333281249998 0.30012 0.19744
2 0.23228 0.3777333328125 0.25506 0.39392 0.26871999999999996 0.4121333328125 0.3097 0.42024 0.32488 0.3858133328125 0.33854 0.32511999999999996 0.2854 0.3170133328125 0.24746 0.36560000000000004 0.26871999999999996 0.3352266671875 0.25656 0.3514133328125 0.23228 0.3777333328125
2 0.23952 0.50032 0.23952 0.47119999999999995 0.22282000000000002 0.4677866671875 0.21254 0.4574933328125 0.20095999999999997 0.4660533328125 0.19968 0.47464000000000006 0.1984 0.4814933328125 0.18553999999999998 0.51576 0.19068000000000002 0.5191733328125 0.22924000000000003 0.5072 0.23952 0.50032