1 0.264421875 0.3448333328125 0.258625 0.3680625 0.257171875 0.32095833281249997 0.24748437499999998 0.31966666718750003 0.242640625 0.330625 0.24071875 0.3616041671875 0.23151562499999997 0.3616041671875 0.226671875 0.3790208328125 0.20103125 0.3325625 0.193765625 0.3235416671875 0.186984375 0.3338541671875 0.19521875 0.3667708328125 0.214578125 0.3990416671875 0.213125 0.4274375 0.228609375 0.433875 0.28040625 0.43581250000000005 0.2983125 0.3835416671875 0.286203125 0.3390208328125 0.264421875 0.3448333328125
1 0.26221875 0.5321875 0.267890625 0.540625 0.27556250000000004 0.5268333328125 0.287578125 0.48591666718750004 0.287578125 0.4614583328125 0.2815625 0.4596666671875 0.280234375 0.4605625 0.274890625 0.449875 0.26721875 0.4463333328125 0.257546875 0.4463333328125 0.251546875 0.4463333328125 0.24320312500000002 0.4463333328125 0.22351562500000002 0.46322916718749996 0.209171875 0.48724999999999996 0.2045 0.5143958328125 0.20750000000000002 0.5321875 0.21017187499999998 0.5428541671875 0.21017187499999998 0.5473125 0.21184375000000003 0.5624374999999999 0.224859375 0.5575416671875 0.23453125 0.5593125 0.24320312500000002 0.55575 0.23518750000000002 0.536625 0.258875 0.5348541671875 0.260890625 0.54375 0.26221875 0.5321875
1 0.1776875 0.56375 0.17284375000000002 0.5579375 0.16993750000000002 0.5534166671875 0.16121875000000002 0.5456666671875 0.16218749999999998 0.5405208328125 0.160265625 0.5308333328125 0.15590625 0.5263125 0.15009375 0.5263125 0.14525 0.5392291671875 0.138484375 0.5418125 0.1360625 0.5288958328125 0.129765625 0.5147083328125001 0.121046875 0.5179375 0.119125 0.54825 0.11089062499999999 0.5656875 0.10846875 0.61925 0.160265625 0.6250625000000001 0.17478125 0.59925 0.1776875 0.56375
1 0.41704687500000004 0.8048125 0.452359375 0.7577291671874999 0.4658125 0.7241041671875 0.45740625 0.6994374999999999 0.452359375 0.715125 0.4103125 0.7599791671875 0.36659375 0.8137916671875001 0.354828125 0.8317291671874999 0.3766875 0.8362083328125 0.41704687500000004 0.8048125
1 0.255421875 0.5965208328125 0.24312499999999998 0.59925 0.22671875 0.6129166671874999 0.2185 0.641625 0.211328125 0.6976875 0.193890625 0.7305208328125 0.171328125 0.7578541671875 0.162109375 0.778375 0.160046875 0.7893125000000001 0.14878125 0.845375 0.16415625 0.8398958328124999 0.166203125 0.8316874999999999 0.1856875 0.7769999999999999 0.193890625 0.8084583328124999 0.21440625 0.7605833328125 0.2410625 0.7277708328125 0.25953125 0.8029791671875 0.283109375 0.8193958328125 0.28721874999999997 0.7346041671875 0.300546875 0.8070833328125 0.31490625 0.8043541671875 0.3159375 0.7291458328125 0.338484375 0.7687916671874999 0.346703125 0.7141041671874999 0.338484375 0.6553125 0.317984375 0.6306875 0.294390625 0.6224999999999999 0.29234375 0.5937708328125 0.28209375 0.5896666671874999 0.273890625 0.5978749999999999 0.26568749999999997 0.5978749999999999 0.255421875 0.5965208328125
1 0.39668749999999997 0.7248125 0.395453125 0.7132708328125 0.38679687500000004 0.7108125000000001 0.384328125 0.724 0.38 0.7248125 0.37071875 0.7371875 0.36145312500000004 0.7619166671875 0.357109375 0.7899583328124999 0.404734375 0.7437916671875 0.407828125 0.7297708328125 0.39668749999999997 0.7248125
1 0.35164062500000004 0.7963333328125 0.33475 0.8548958328125 0.35164062500000004 0.8571458328125001 0.361765625 0.8976875 0.420890625 0.8864166671874999 0.449609375 0.9134583328125 0.45975 0.9404791671874999 0.512109375 0.9021874999999999 0.535765625 0.8729166671874999 0.55265625 0.841375 0.55265625 0.7828125 0.532375 0.7287708328125 0.505359375 0.7039791671875 0.483390625 0.6814583328125 0.456375 0.6679583328125 0.444546875 0.6994791671875 0.42765624999999996 0.722 0.3955625 0.7602916671875 0.35164062500000004 0.7963333328125
1 0.64396875 0.7540833328125001 0.6514375 0.7698125 0.6644687499999999 0.7698125 0.6737968750000001 0.7722916671875 0.687453125 0.7722916671875 0.698015625 0.7814166671875 0.698015625 0.7880416671875 0.692421875 0.7929999999999999 0.6918124999999999 0.7938333328125 0.68496875 0.802125 0.6949062500000001 0.8162083328125 0.7129218749999999 0.8153750000000001 0.714171875 0.799625 0.714796875 0.7772708328125 0.7123125 0.7656666671875 0.704234375 0.7573958328125 0.698015625 0.7524166671875 0.68496875 0.746625 0.6756562500000001 0.7499374999999999 0.6495625 0.75325 0.648953125 0.7524166671875 0.647078125 0.7524166671875 0.64396875 0.7540833328125001
1 0.27325 0.5583333328125 0.278734375 0.5558958328125 0.28718750000000004 0.5562083328125 0.297921875 0.5534583328125 0.303859375 0.5534583328125 0.319390625 0.5248333328125 0.314359375 0.5266666671875 0.30796875 0.5287916671875 0.29609375 0.5291041671875 0.287875 0.5297083328125 0.27690625 0.5336666671875 0.2673125 0.5449375 0.265484375 0.5543750000000001 0.267765625 0.5562083328125 0.27325 0.5583333328125
1 0.439890625 0.3146041671875 0.42978125 0.298875 0.41798437499999996 0.3101041671875 0.40785937499999997 0.303375 0.39270312500000004 0.3146041671875 0.367421875 0.3505625 0.362359375 0.3752708328125 0.364046875 0.3910208328125 0.38932812499999997 0.3910208328125 0.42134375 0.3887708328125 0.443265625 0.36854166718750003 0.4483125 0.3348333328125 0.439890625 0.3146041671875
1 0.039718750000000004 1 0.0388125 0.9711666671874999 0.053265625000000004 0.9181666671875 0.073140625 0.8699999999999999 0.083078125 0.8591666671875 0.090296875 0.8507291671875 0.09210937500000001 0.8350833328125 0.090296875 0.8025625 0.083984375 0.7796875 0.07132812499999999 0.7676458328125 0.050562499999999996 0.7556041671875 0.034296875 0.7531875 0 0.7724583328125 0.0045 1 0.039718750000000004 1
1 0.77534375 0.7736458328125 0.7888437500000001 0.8164374999999999 0.7989843750000001 0.8254583328124999 0.8006718749999999 0.8997708328125 0.8091250000000001 0.9245416671875001 0.8361562499999999 0.9786041671874999 0.856421875 0.9763541671875 0.8581093750000001 0.8930208328125 0.8733124999999999 0.9020208328124999 0.8918906249999999 0.9200416671875 0.8986562499999999 0.8727499999999999 0.8952656250000001 0.8096875000000001 0.9375 0.8705 0.945953125 0.8524791671875 0.9375 0.8096875000000001 0.8800625 0.7578750000000001 0.86825 0.7578750000000001 0.8344531249999999 0.7263541671875 0.822640625 0.744375 0.8074375 0.7353541671875 0.78715625 0.7353541671875 0.77534375 0.7736458328125
1 0.34704687500000003 0.9621041671875 0.358609375 0.9852291671875 0.445375 0.9826666671875 0.46271874999999996 0.9543958328125 0.4569375 0.9363958328124999 0.42417187500000003 0.8978333328125 0.364390625 0.9055416671875 0.34704687500000003 0.9441041671875 0.34704687500000003 0.9621041671875
1 0.7984375 1 0.80625 0.9854166671875 0.8109375 0.9666666671874999 0.8109375 0.95 0.80625 0.93125 0.80625 0.9166666671874999 0.8107536765625 0.9136029421874999 0.8578125 0.9104166671874999 0.865625 0.9041666671874999 0.8661458328125 0.9111111109375001 0.8725852265625 0.9028409078124999 0.8799715906250001 0.89905303125 0.8796875 0.9083333328125001 0.8744791671875 0.91180555625 0.8828125 0.9125 0.890625 0.9208333328125 0.8921875 0.91875 0.89952445625 0.9320652171875 0.85625 0.9770833328125 0.859375 0.9895833328125001 0.86875 0.9979166671874999 0.89375 0.9958333328125001 0.915625 0.9604166671875 0.9203125 0.9604166671875 0.93125 0.96875 0.9359375 0.9770833328125 0.9421875 0.98125 0.9859375 0.9791666671874999 0.9984375 0.9708333328125001 0.94765625 0.8875 0.948980978125 0.8806159421875 0.9984375 0.8291666671875 0.9921875 0.8208333328125 0.9796875 0.8125 0.95 0.8125 0.940625 0.8208333328125 0.9453125 0.8541666671874999 0.9390625 0.86875 0.9359375 0.86875 0.9024553578125 0.8223214296875 0.8971875 0.8266666671875 0.896875 0.8145833328125001 0.7984375 0.85 0.79375 0.8270833328125 0.76875 0.7770833328125 0.7609375 0.7666666671875 0.7453125 0.75625 0.7265625 0.75625 0.7140625 0.7666666671875 0.71328125 0.7916666671875 0.6953125 0.7895833328124999 0.68125 0.7791666671875 0.653125 0.7791666671875 0.6359375 0.8 0.625 0.81875 0.5859375 0.8541666671874999 0.553125 0.8625 0.5375 0.8708333328125001 0.509375 0.90625 0.4859375 0.9229166671875 0.48918504843750005 0.9353758171875001 0.4813419125 0.9359068625000001 0.478125 0.9284722234375 0.47349877500000004 0.9364379078124999 0.4703125 0.9340277765625 0.4625 0.9395833328125001 0.336077425 0.8423507453125 0.3390625 0.8395833328125001 0.3515625 0.7979166671875 0.3578125 0.7916666671875 0.359375 0.7645833328125 0.35625 0.7604166671875 0.346875 0.7604166671875 0.3375 0.76875 0.3171875 0.7333333328125 0.22952302656249998 0.65635965 0.240625 0.6020833328124999 0.246875 0.6 0.25625 0.5875 0.2671875 0.5979166671875 0.275 0.5979166671875 0.28125 0.5895833328125 0.28125 0.5791666671875 0.275 0.56875 0.2734375 0.5583333328125 0.26875 0.5583333328125 0.265625 0.5541666671875001 0.26875 0.5395833328124999 0.258223684375 0.5407894734375 0.25625 0.5354166671875 0.2608004390625 0.5308479546875 0.296875 0.3916666671875 0.3015625 0.3916666671875 0.30625 0.3854166671875 0.321875 0.3854166671875 0.334375 0.3770833328125 0.346875 0.35625 0.35 0.34375 0.35 0.325 0.3453125 0.30625 0.334375 0.28958333281250004 0.321875 0.28125 0.3 0.28125 0.2875 0.28958333281250004 0.278125 0.3020833328125 0.271875 0.32083333281250004 0.2765625 0.3416666671875 0.275 0.34375 0.271875 0.34375 0.080678353125 0.5176321140625 0.08125 0.5270833328125 0.074085365625 0.5236280484375 0.075 0.5270833328125 0.059375 0.5354166671875 0.05 0.5479166671875 0.0477134140625 0.5476117890625 0.0411204265625 0.5536077234375 0.0453125 0.5604166671875 0.0421875 0.5625 0.0345274390625 0.5596036578125 0.0359375 0.5625 0.021875 0.5645833328125 0.01328125 0.5739583328125 0.011450559374999999 0.5886194015624999 0.0046875 0.5833333328125 0.0015625 0.5895833328125 0.0015625 0.6375 0.0140625 0.6583333328125 0.0140625 0.6645833328124999 0.003125 0.6729166671875 0.003125 0.7604166671875 0.0125 0.7666666671875 0.0328125 0.7541666671875 0.040625 0.7541666671875 0.0515625 0.75625 0.0671875 0.7666666671875 0.084375 0.7666666671875 0.090625 0.8104166671874999 0.090625 0.8479166671874999 0.0703125 0.8770833328125001 0.053125 0.91875 0.04375 0.9541666671875 0.04375 0.9625 0.05 0.98125 0.0609375 0.9958333328125001 0.0671875 1 0.1140625 1 0.1359375 0.98125 0.1484375 0.9604166671875 0.1546875 0.9729166671874999 0.1671875 0.9875 0.19375 0.9895833328125001 0.2046875 0.98125 0.21875 1 0.35 1 0.3546875 0.9791666671874999 0.3484375 0.9666666671874999 0.3484375 0.9416666671874999 0.3625 0.9104166671874999 0.3703125 0.9041666671874999 0.36875 0.8979166671875 0.3609375 0.8958333328125001 0.3546875 0.875 0.3484375 0.8708333328125001 0.34960354531250004 0.8529228859375 0.4578125 0.9375 0.4609375 0.9416666671874999 0.459375 0.9458333328125 0.4625 0.95625 0.4484375 0.9791666671874999 0.45 1 0.7984375 1