2 0.6006 0.71386 0.61392 0.69748 0.6262 0.64934 0.62416 0.5960799999999999 0.6088 0.55512 0.57808 0.52336 0.54222 0.53054 0.5289200000000001 0.5715 0.53506 0.6134999999999999 0.55144 0.64422 0.54018 0.65344 0.56066 0.6862199999999999 0.6006 0.71386
2 0.36297999999999997 0.36162 0.373 0.3516 0.38412 0.34602 0.39302000000000004 0.34158 0.39748 0.33936 0.42085999999999996 0.34158 0.43310000000000004 0.34268 0.44756 0.34714 0.45758 0.3438 0.46204 0.33155999999999997 0.46092000000000005 0.3093 0.45202 0.28592 0.43198 0.267 0.40526 0.26478 0.35408 0.28592 0.31288 0.35938 0.33738 0.3872 0.36297999999999997 0.36162
2 0.7293999999999999 0.1462 0.72466 0.1631 0.73278 0.19756 0.74156 0.2158 0.75912 0.23134000000000002 0.8003399999999999 0.25838 0.80576 0.25838 0.81792 0.24824000000000002 0.81792 0.24216000000000001 0.79562 0.2246 0.78278 0.20972 0.7672399999999999 0.1881 0.76318 0.1685 0.78008 0.14284 0.7672399999999999 0.13 0.73682 0.14079999999999998 0.7293999999999999 0.1462
2 0.9345399999999999 0.42042 0.9269999999999999 0.3903 0.89436 0.34762 0.9169600000000001 0.32752 0.9332800000000001 0.2723 0.91572 0.22835999999999998 0.88308 0.21454 0.8793 0.24216000000000001 0.86172 0.25722 0.8366199999999999 0.25848 0.8215600000000001 0.24844 0.8039799999999999 0.25598 0.79394 0.27982 0.7952 0.30870000000000003 0.8202999999999999 0.33882 0.84792 0.35264 0.84038 0.36016 0.8278399999999999 0.37524 0.8341200000000001 0.41414 0.8491799999999999 0.4267 0.85294 0.44930000000000003 0.8768 0.47942 0.91446 0.46938 0.9345399999999999 0.45056 0.9345399999999999 0.42042
2 0.5644199999999999 0.24333999999999997 0.5644199999999999 0.23058 0.54848 0.19338 0.53572 0.22952 0.5049 0.26778 0.48575999999999997 0.27204 0.44855999999999996 0.28586 0.49638 0.3103 0.51658 0.30924 0.54634 0.28692 0.5644199999999999 0.24333999999999997
2 0.69088 0.68798 0.6608799999999999 0.7780199999999999 0.67452 0.8107599999999999 0.68816 0.83396 0.7591 0.82304 0.7823 0.7930200000000001 0.80822 0.75074 0.8095800000000001 0.77666 0.8532400000000001 0.76574 0.8928 0.748 0.9350799999999999 0.6757 0.92418 0.63886 0.88324 0.58702 0.79594 0.60202 0.7782 0.61022 0.74 0.64296 0.69088 0.68798
2 0.5020800000000001 0.8157400000000001 0.51918 0.8256399999999999 0.5443800000000001 0.83104 0.56508 0.83104 0.5867 0.8193400000000001 0.5984 0.80134 0.6092 0.76444 0.5948 0.72034 0.5849 0.70234 0.54798 0.68972 0.53718 0.68792 0.52008 0.68882 0.5182800000000001 0.6915199999999999 0.48948 0.70954 0.48228 0.73204 0.48318000000000005 0.77614 0.5020800000000001 0.8157400000000001
2 0.45608000000000004 0.35998 0.41718 0.36374 0.38076 0.38384 0.33808 0.4328 0.32554 0.46041999999999994 0.34812 0.48426 0.37198000000000003 0.49054000000000003 0.4335 0.46418 0.45734 0.4441 0.47868000000000005 0.40266 0.45608000000000004 0.35998
2 0.44458000000000003 0.74014 0.46954 0.74882 0.48579999999999995 0.7293000000000001 0.51834 0.69676 0.5281 0.67508 0.51508 0.6436200000000001 0.47603999999999996 0.6121800000000001 0.45436 0.6121800000000001 0.44349999999999995 0.6154200000000001 0.42832 0.6306 0.43592000000000003 0.6815800000000001 0.42724 0.69026 0.43158 0.71846 0.44458000000000003 0.74014
2 0.49126000000000003 0.53068 0.51952 0.50858 0.54532 0.45328 0.5293599999999999 0.40659999999999996 0.47652 0.40781999999999996 0.46054000000000006 0.44714 0.42245999999999995 0.47416 0.43106 0.51472 0.45564 0.53438 0.49126000000000003 0.53068
2 0.7129800000000001 0.17242 0.7098 0.1661 0.7192999999999999 0.13448 0.69242 0.0823 0.6212799999999999 0.09812 0.5896600000000001 0.12974000000000002 0.5880799999999999 0.13764 0.55804 0.11868000000000001 0.50902 0.12183999999999999 0.49322 0.13132 0.528 0.14238 0.54064 0.174 0.54696 0.1993 0.55804 0.20404 0.55804 0.20878000000000002 0.56278 0.23408 0.5690999999999999 0.23092000000000001 0.58174 0.21354 0.59282 0.1914 0.61812 0.19297999999999998 0.64182 0.19456 0.6529 0.21669999999999998 0.65922 0.22776000000000002 0.68452 0.26728 0.71772 0.28942 0.7588199999999999 0.27836 0.7683 0.27044 0.7841199999999999 0.28152 0.79676 0.27993999999999997 0.8030799999999999 0.26095999999999997 0.75724 0.23092000000000001 0.73194 0.19772 0.72088 0.15978 0.7129800000000001 0.17242
2 0.38016 0.38214000000000004 0.41807999999999995 0.36360000000000003 0.45599999999999996 0.36198 0.43986000000000003 0.34666 0.40597500000000003 0.3406 0.408026665625 0.32568666562500004 0.44656 0.29100000000000004 0.46384 0.27904 0.5116799999999999 0.26842 0.5448999999999999 0.20996 0.5448999999999999 0.19666 0.5316 0.13954 0.4851 0.13024 0.43726000000000004 0.1568 0.41600000000000004 0.19268000000000002 0.40271999999999997 0.2259 0.41201999999999994 0.24982000000000001 0.43594 0.2764 0.40031999999999995 0.332624 0.38490666562500003 0.346498665625 0.378013334375 0.349873334375 0.3772 0.353436 0.36968 0.35552 0.369493334375 0.360373334375 0.361936 0.363428 0.361786665625 0.367310665625 0.354192 0.371336 0.35408 0.374248 0.346448 0.379244 0.346373334375 0.381185334375 0.33096000000000003 0.39506 0.3229 0.39990000000000003 0.32128 0.42006 0.33176 0.43538 0.34306000000000003 0.43054 0.38016 0.38214000000000004
2 0.85662 0.25858 0.8690599999999999 0.24616 0.8752800000000001 0.22749999999999998 0.87424 0.20886 0.85352 0.1726 0.81518 0.1467 0.79134 0.13944 0.7841 0.14565999999999998 0.76338 0.17052 0.77166 0.19332 0.8099999999999999 0.23889999999999997 0.83798 0.25444 0.85662 0.25858