2 0.6540468749999999 0.5339791671875 0.658640625 0.5070208328125 0.64209375 0.49108333281250005 0.61728125 0.4628958328125 0.6099375 0.4653541671875 0.6375 0.49474999999999997 0.627390625 0.5241666671874999 0.5842031249999999 0.6099583328125 0.590625 0.6136250000000001 0.6154531249999999 0.6234375 0.6540468749999999 0.5339791671875
2 0.838671875 0.3935833328125 0.8223593749999999 0.3471458328125 0.8343281250000001 0.303625 0.8299687499999999 0.2876666671875 0.821265625 0.3166875 0.809296875 0.2644375 0.78753125 0.2658958328125 0.80059375 0.392125 0.8125625 0.3877708328125 0.821265625 0.4066458328125 0.838671875 0.3935833328125
2 0.9061875 0.5481041671875 0.920234375 0.5449791671875001 0.9514374999999999 0.5512083328124999 0.953 0.5345625 0.904625 0.5252083328125 0.896046875 0.5325 0.88121875 0.5491458328125 0.9061875 0.5481041671875
2 0.9402968749999999 0.6424166671875 0.9331093750000001 0.6036666671875001 0.927484375 0.5820000000000001 0.920921875 0.5695 0.909359375 0.5565833328124999 0.9077968750000001 0.5578333328125 0.917796875 0.6074166671875 0.9221718750000001 0.6278333328125 0.925921875 0.6503333328124999 0.9402968749999999 0.6424166671875
2 0.8678125 0.7546458328125001 1 0.6639375000000001 0.998859375 0.6305208328125 0.9759375 0.6477083328125001 0.91578125 0.6877916671875 0.820546875 0.7565416671875 0.82484375 0.7594166671875 0.84059375 0.7727916671874999 0.8678125 0.7546458328125001
2 0.7047656250000001 0.7702291671875 0.698234375 0.7266874999999999 0.686265625 0.7252500000000001 0.587234375 0.6715416671875001 0.58396875 0.6875208328125 0.668859375 0.7426458328125001 0.612265625 0.7934375 0.579609375 0.8282708328125 0.525203125 0.8703333328125 0.525203125 0.8935625 0.588328125 0.8572916671874999 0.7047656250000001 0.7702291671875
2 0.7050625 0.7739791671875 0.649640625 0.9016249999999999 0.6445937500000001 0.9141041671875 0.6661875 0.9208125 0.734578125 0.7797291671875 0.7367343749999999 0.7653333328125 0.72090625 0.7528541671875 0.7050625 0.7739791671875
2 0.7850625 0.9548541671875 0.80740625 0.9287916671875 0.82975 0.843125 0.814390625 0.843125 0.792046875 0.897125 0.77109375 0.8878125000000001 0.748734375 0.8021666671875 0.731984375 0.8133333328125 0.757125 0.9008541671874999 0.6970625 0.8654791671875 0.6914687500000001 0.9176249999999999 0.6914687500000001 0.9306458328125 0.745953125 0.9548541671875 0.7850625 0.9548541671875
2 0.41476562499999997 0.7969999999999999 0.482984375 0.7453125 0.478671875 0.7290208328125 0.471484375 0.721375 0.41764062500000004 0.7644583328125 0.37671875 0.8180624999999999 0.382453125 0.8391249999999999 0.41476562499999997 0.7969999999999999
2 0.6488125 0.3553333328125 0.6930468750000001 0.38114583281250003 0.702265625 0.3762291671875 0.646046875 0.33199999999999996 0.6488125 0.3553333328125
2 0.8227968750000001 0.46693749999999995 0.8145 0.4534375 0.804359375 0.46079166718750003 0.8025156250000001 0.47062499999999996 0.8034375 0.46693749999999995 0.8605625 0.5505 0.8716250000000001 0.5308333328125 0.831078125 0.4866041671875 0.8227968750000001 0.46693749999999995
2 0.9260468749999999 0.8087500000000001 0.908 0.8151666671875001 0.914828125 0.8317500000000001 0.912421875 0.8317500000000001 0.898375 0.8226458328125 0.8979687500000001 0.8392291671875001 0.89396875 0.8477916671875001 0.8847343750000001 0.8536666671875001 0.8815312499999999 0.8584791671875 0.86909375 0.8616875 0.865484375 0.876125 0.87190625 0.8750625 0.8967656249999999 0.8590208328125 0.907609375 0.8558125000000001 0.93446875 0.8333541671875 0.9260468749999999 0.8087500000000001
2 0.518234375 0.8114166671874999 0.481609375 0.89375 0.49626562500000004 0.9049166671875 0.534984375 0.8197916671875 0.518234375 0.8114166671874999
2 0.5546875 0.7520833328125 0.5522135421875001 0.7532986109375 0.540625 0.7791666671875 0.5296875 0.7979166671875 0.5296875 0.80625 0.534375 0.81875 0.5421875 0.8166666671874999 0.540625 0.7979166671875 0.5390625 0.7958333328125 0.5421875 0.7916666671875 0.5484375 0.7916666671875 0.5546875 0.78125 0.5625 0.7645833328125 0.5625 0.7541666671875 0.598125 0.7508333328125001 0.6015683734375 0.7522713046875 0.5974999999999999 0.7613541671874999 0.60191494375 0.7633615296875 0.596875 0.771875 0.6022615124999999 0.7744517546874999 0.6026080828125 0.7855419796875001 0.5962500000000001 0.7823958328125 0.595625 0.7929166671875 0.6029546515625 0.79663220625 0.603301221875 0.80772243125 0.595 0.8034375 0.590625 0.8770833328125001 0.5984375 0.8895833328125 0.6046875 0.8895833328125 0.6109375 0.8833333328125 0.6171875 0.8833333328125 0.6203125 0.8770833328125001 0.6203125 0.86875 0.6171875 0.85625 0.625 0.85625 0.628125 0.8604166671875 0.640625 0.8604166671875 0.6421875 0.84375 0.632694575 0.8288915109375001 0.719516509375 0.6653301890625001 0.85625 0.46666666718750005 0.8609375 0.47291666718750003 0.8585365859375 0.4790650421875 0.883689025 0.7071138203125 0.8828125 0.7645833328125 0.8916920734374999 0.7796747953125001 0.8939786578125 0.8004065046875001 0.8963541671874999 0.7979166671875 0.89625 0.79125 0.8949999999999999 0.78 0.8921875 0.7708333328125 0.896875 0.7666666671875 0.896875 0.7583333328124999 0.8890625 0.7541666671875 0.8882621953125 0.7485772359375 0.8907327593750001 0.74375 0.887118903125 0.73821138125 0.8908405171875 0.7333333328125 0.8859756093750001 0.7278455296875 0.8909482765625001 0.7229166671875 0.8848323171875 0.717479675 0.8910560343749999 0.7125 0.892780171875 0.5458333328125 0.8890625 0.5416666671875 0.89288793125 0.5354166671875 0.9046875 0.5270833328125 0.903125 0.5166666671875 0.8953125 0.51875 0.8931034484374999 0.5145833328125 0.8921875 0.50625 0.8953125 0.5041666671875 0.8953125 0.49583333281249997 0.890625 0.4916666671875 0.8934267234375 0.48333333281249996 0.8953125 0.45416666718750004 0.90625 0.45416666718750004 0.9078125 0.44375 0.8984375 0.43541666718750005 0.8859375 0.3958333328125 0.884375 0.38333333281250004 0.88125 0.3791666671875 0.8703125 0.38125 0.8703125 0.3916666671875 0.8657429249999999 0.3898584890625 0.724086084375 0.6567216984375001 0.6185763890625 0.7859953703125 0.609027778125 0.7344907421875 0.6012218046875 0.7411810765625 0.59875 0.7403125 0.600875234375 0.7300908515625 0.599375 0.7297916671875 0.6 0.7192708328124999 0.6052083328125 0.7138888890625 0.6001820953125 0.7079104 0.6032986109375 0.7035879625 0.5998355265625 0.696820175 0.6013888890625 0.6932870375 0.5994791671875 0.6829861109375 0.6025 0.6771874999999999 0.6 0.6738541671875 0.603125 0.6666666671875 0.609375 0.6666666671875 0.621875 0.6520833328125 0.621875 0.64375 0.609375 0.6395833328125 0.59375 0.6520833328125 0.59375 0.6604166671875 0.5899739578125 0.6612847234375 0.5559895828125 0.7440972234375 0.5546875 0.7520833328125