0 0.027187499999999996 0.6772897203125 0.0384375 0.7297429906249999 0.071265625 0.7835514015625 0.119390625 0.82859813125 0.163921875 0.8467523359375001 0.164359375 0.80507009375 0.177859375 0.7741355140625 0.20709375 0.7263785046875 0.27725 0.70081775625 0.29075 0.6853504671875 0.29704687500000004 0.6463317749999999 0.29704687500000004 0.610700934375 0.293890625 0.5770794390625 0.26240625 0.5360514015625 0.23678125 0.5158644859375 0.20079687499999999 0.4761915890625 0.186859375 0.47350467343749997 0.148625 0.4829205609375 0.1144375 0.5003971968750001 0.08475 0.5266355140625001 0.062265625000000005 0.56161215 0.034828125 0.6234813078125 0.027187499999999996 0.6772897203125
0 0.899203125 0.9110280375 0.878109375 0.8232009343750001 0.8434687500000001 0.712827103125 0.769671875 0.6835514015624999 0.719953125 0.6970794390624999 0.67478125 0.7353504671875 0.6446562499999999 0.796168225 0.628078125 0.9042757015625 0.6491718750000001 0.9898598125 0.6536875 0.9898598125 0.8766093749999999 0.9898598125 0.899203125 0.9110280375
0 0.45395312499999996 0.5367056078125 0.454859375 0.49429906562500003 0.4448125 0.47242990625000003 0.42834374999999997 0.44371495312500003 0.39359375 0.427313084375 0.362515625 0.427313084375 0.33325 0.427313084375 0.30946875 0.46011682187499997 0.2985 0.47654205625 0.290265625 0.50934579375 0.290265625 0.5435280375 0.29209375 0.56404205625 0.30125 0.5941121500000001 0.32410937500000003 0.6255607484375 0.359765625 0.6474532703125 0.41371874999999997 0.6324065421875 0.4448125 0.5941121500000001 0.457609375 0.565397196875 0.45395312499999996 0.5367056078125
0 0.41234374999999995 0.4400467296875 0.426765625 0.4372196265625 0.439953125 0.42126168281250004 0.450609375 0.3753037390625 0.44120312500000003 0.3349532703125 0.426765625 0.29929906562499997 0.40229687500000005 0.2777102796875 0.379703125 0.26927570156249997 0.3445625 0.2805373828125 0.327625 0.30116822499999996 0.3106875 0.3565186921875 0.308171875 0.3959345796875 0.330765625 0.428785046875 0.3433125 0.42595794375 0.3728125 0.42971962656249996 0.41234374999999995 0.4400467296875
0 0.33475 0.2200934578125 0.354203125 0.2379205609375 0.3811875 0.2379205609375 0.41884375 0.2172897203125 0.439546875 0.17787383125 0.438296875 0.13565420625 0.43326562500000004 0.1112616828125 0.41695312500000004 0.0878037390625 0.396875 0.070911215625 0.37053125 0.0727803734375 0.33475 0.10563084062500001 0.3153125 0.1347196265625 0.31970312500000003 0.1685046734375 0.33475 0.2200934578125
0 0.5042500000000001 0.2979205609375 0.522734375 0.285911215625 0.542015625 0.296728971875 0.546046875 0.267897196875 0.5556875 0.2210280375 0.54925 0.201799065625 0.542828125 0.201799065625 0.5275624999999999 0.169369159375 0.51390625 0.156144859375 0.4881875 0.156144859375 0.456046875 0.183785046875 0.43996874999999996 0.24385514062500002 0.4488125 0.29191588749999997 0.458453125 0.296728971875 0.48496875 0.28831775625 0.5042500000000001 0.2979205609375
0 0.56584375 0.3227102796875 0.5835625 0.3371495328125 0.60046875 0.36245327031249996 0.606921875 0.3781074765625 0.619 0.38170560781249996 0.6383281249999999 0.3720794390625 0.656046875 0.35764018750000004 0.676171875 0.3479906546875 0.687453125 0.3323364484375 0.6963125 0.305841121875 0.6963125 0.2745327109375 0.694703125 0.232383178125 0.688265625 0.207102803125 0.670546875 0.18301401875 0.63590625 0.1649532703125 0.602890625 0.166168225 0.577125 0.18301401875 0.554578125 0.2082943921875 0.546515625 0.23962616875 0.54571875 0.2925934578125 0.544109375 0.3034345796875 0.554578125 0.3154906546875 0.56584375 0.3227102796875
0 0.638765625 0.5439485984375 0.6627500000000001 0.5663785046875 0.6972343750000001 0.5237616828125 0.730234375 0.492383178125 0.775203125 0.49911215000000003 0.7767031249999999 0.4632242984375 0.76771875 0.40941588749999996 0.73621875 0.3556074765625 0.703234375 0.34663551406250004 0.66125 0.3556074765625 0.614765625 0.389228971875 0.620765625 0.425116821875 0.623765625 0.48116822499999995 0.638765625 0.5439485984375
0 0.25396874999999997 0.52359813125 0.288546875 0.478644859375 0.288546875 0.37752336406250003 0.2705 0.3415654203125 0.20589062500000002 0.31911215 0.1653125 0.3415654203125 0.156296875 0.36628504687499996 0.138265625 0.4471962609375 0.144265625 0.4876401875 0.21189062500000003 0.485397196875 0.25396874999999997 0.52359813125
0 0.8302968749999999 0.3844158875 0.8459218749999999 0.3324766359375 0.84940625 0.2831074765625 0.84940625 0.22857476562499998 0.8389843750000001 0.1818224296875 0.8059687500000001 0.15843457968750002 0.779921875 0.1532476640625 0.753859375 0.16623831718749998 0.724328125 0.2 0.7069687499999999 0.259742990625 0.69828125 0.3013084109375 0.7069687499999999 0.3324766359375 0.774703125 0.394813084375 0.7972812499999999 0.3974065421875 0.8302968749999999 0.3844158875
0 0.53534375 0.1466355140625 0.544015625 0.0974065421875 0.544015625 0.0481775703125 0.47990625 0.006728971875000001 0.450453125 0.037827103125 0.443515625 0.1285046734375 0.474703125 0.149228971875 0.512828125 0.15182242968749998 0.53534375 0.1466355140625
0 0.780296875 0.41922897187499997 0.77403125 0.4223598125 0.77890625 0.4982943921875 0.798375 0.5097429906250001 0.820640625 0.523271028125 0.83246875 0.5149532703124999 0.847078125 0.46813084062500004 0.85334375 0.4535514015625 0.85125 0.45252336406250004 0.8248125 0.418200934375 0.80046875 0.4098598125 0.786546875 0.4171495328125 0.780296875 0.41922897187499997
0 0.395625 0.9467757015625 0.41382812500000005 0.8873831781250001 0.41382812500000005 0.8329205609375 0.41879687499999996 0.78588785 0.382375 0.7240186921875 0.301265625 0.6992523359375 0.26484375 0.70668224375 0.201953125 0.746285046875 0.16553125 0.79331775625 0.163875 0.8477803734375 0.163875 0.8873831781250001 0.10262500000000001 0.9220327109375 0.11256250000000001 0.9393457937499999 0.129109375 0.9245093453125 0.16553125 0.9071728968749999 0.16553125 0.9368925234375001 0.1671875 0.9863785046875 0.35754687500000004 0.988855140625 0.395625 0.9467757015625
0 0.175 0 0.1625 0.014018692187500001 0.15625 0 0.0671875 0.004672896875000001 0.0609375 0.0280373828125 0.0625 0.07009345781250001 0.046875 0.07943925156250001 0.0359375 0.0911214953125 0.028125 0.10514018750000001 0.0203125 0.1331775703125 0.021875 0.17523364531250002 0.034375 0.2056074765625 0.0484375 0.21962616875 0.05 0.2266355140625 0.0359375 0.266355140625 0.0328125 0.2850467296875 0.0234375 0.28037383125000004 0.0015625 0.28037383125000004 0.0015625 0.30607476562499997 0.0046875 0.3107476640625 0.0015625 0.3154205609375 0.015625 0.442757009375 0.0098958328125 0.45560747656249995 0.0015625 0.45560747656249995 0.00625 0.45794392500000003 0.0078125 0.4789719625 0.0078125 0.49299065468750003 0.003125 0.504672896875 0 0.53037383125 0.0048828125 0.54176401875 0 0.55140186875 0 0.5630841125 0.00625 0.6168224296875 0.00625 0.626168225 0.0015625 0.6425233640625 0.0015625 0.7009345796875001 0.0171875 0.7009345796875001 0.0296875 0.693925234375 0.0296875 0.6892523359375 0.042471590625 0.6858538671875001 0.0578125 0.8247663546874999 0.0328125 0.8364485984375 0.0265625 0.84345794375 0.0140625 0.8621495328125001 0.0125 0.873831775 0.0046875 0.88551401875 0.0078125 0.8925233640625001 0.0015625 0.9415887843749999 0.0015625 0.9929906546874999 0.0046875 1 0.1546875 0.9953271031250001 0.159375 0.9672897203125 0.165625 0.957943925 0.16484375 0.9252336453125001 0.1609375 0.9112149531249999 0.1640625 0.9088785046875 0.1578125 0.8925233640625001 0.1625 0.890186915625 0.1625 0.8574766359374999 0.15 0.8411214953125 0.121875 0.8317757015625 0.1125 0.82242990625 0.0921875 0.82242990625 0.0934895828125 0.8068535812500001 0.2828125 0.703271028125 0.2863095234375 0.7057187359375 0.2921875 0.703271028125 0.292931546875 0.712839340625 0.4121279765625 0.8410102359374999 0.41919642812499996 0.8414552734375 0.4203125 0.8457943921875 0.4140625 0.8574766359374999 0.4125 0.8925233640625001 0.4015625 0.92757009375 0.403125 0.9719626171875 0.4140625 1 0.6390625 1 0.6484375 0.9883177562500001 0.628125 0.90654205625 0.628125 0.8878504671874999 0.621875 0.8714953265625001 0.609375 0.8528037390625001 0.6734375 0.703271028125 0.690625 0.7149532703125 0.7015625 0.7149532703125 0.7234375 0.6962616828125 0.771875 0.6845794390625 0.8453125 0.7149532703125 0.85625 0.69859813125 0.8625 0.682242990625 0.86875 0.67757009375 0.884375 0.693925234375 0.9 0.69859813125 0.9 0.707943925 0.884375 0.724299065625 0.871875 0.754672896875 0.8703125 0.7990654203124999 0.890625 0.8714953265625001 0.903125 0.88551401875 0.9125 0.890186915625 0.9 0.9299065421874999 0.9 0.9742990656250001 0.90625 0.9976635515625001 0.9984375 1 0.9375 0.7056074765625 0.9984375 0.7289719625 0.990625 0.7219626171875 0.98125 0.71962616875 0.98125 0.7102803734375 0.9984375 0.693925234375 0.9984375 0.527647975 0.99375 0.525700934375 0.990625 0.5186915890625 0.9984375 0.515771028125 0.9965624999999999 0.5149532703124999 0.9984375 0.50389408125 0.9956250000000001 0.50257009375 0.9984375 0.4920171328125 0.9946875000000001 0.490186915625 0.9984375 0.4801401875 0.99375 0.4778037390625 0.9984375 0.46826324062499997 0.9984375 0.42075545156249994 0.99375 0.4135514015625 0.9984375 0.40887850468750003 0.984375 0.41588785 0.9851875 0.40485981249999997 0.860125 0.20495327031250002 0.86296875 0.191588784375 0.9209375 0.17523364531250002 0.9203125 0.182242990625 0.9375 0.18457943906250002 0.940625 0.17523364531250002 0.9359375 0.1682242984375 0.9984375 0.05140186875 0.996875 0.049065420312500004 0.9671875 0.046728971875000004 0.9546875 0.053738317187499995 0.9453125 0.06542056093750001 0.93125 0.042056075 0.9140625 0.03037383125 0.85625 0.0280373828125 0.84375 0.0350467296875 0.8328125 0.046728971875000004 0.821875 0.0607476640625 0.8125 0.0817757015625 0.803125 0.067757009375 0.8015625 0.03037383125 0.796875 0.014018692187500001 0.7890625 0 0.6515625 0 0.6390625 0.004672896875000001 0.634375 0.01168224375 0.628125 0.03037383125 0.6234375 0.0817757015625 0.61875 0.0957943921875 0.60625 0.077102803125 0.5890625 0.06542056093750001 0.5640625 0.06542056093750001 0.5515625 0.07242990625 0.5453125 0.07943925156250001 0.5359375 0.1448598125 0.5328125 0.1495327109375 0.525 0.1495327109375 0.528125 0.172897196875 0.540625 0.19859813125 0.54375 0.203271028125 0.5484375 0.203271028125 0.553125 0.21261682187500003 0.54375 0.3107476640625 0.5375 0.3107476640625 0.528125 0.3037383171875 0.521875 0.29205607499999997 0.5140625 0.29205607499999997 0.5046875 0.2990654203125 0.49375 0.2943925234375 0.459375 0.3200934578125 0.453125 0.3294392515625 0.4484375 0.359813084375 0.45 0.3785046734375 0.440625 0.4205607484375 0.43125 0.432242990625 0.43125 0.45093457968750006 0.453125 0.49065420625 0.4546875 0.5070093453125 0.2986742421875 0.5151279140625 0.2984375 0.3785046734375 0.309375 0.37383177500000003 0.3109375 0.3574766359375 0.328125 0.30140186875 0.340625 0.28738317812499997 0.3390625 0.2710280375 0.3296875 0.24065420624999997 0.3234375 0.224299065625 0.315625 0.21261682187500003 0.325 0.193925234375 0.315625 0.13551401875 0.3265625 0.11915887812499999 0.3265625 0.10747663593750001 0.33125 0.0957943921875 0.334375 0.077102803125 0.334375 0.053738317187499995 0.328125 0.025700934375 0.3125 0 0.253125 0 0.240625 0.0186915890625 0.2234375 0 0.175 0